0.0 3.796658 6.916655 9.853215 13.474235 15.754443 19.344339 20.970561 23.73895 24.892784 24.119849 25.432658 25.281779 23.46505 20.763444 20.668459 20.41663 21.212775 19.198438 19.754091 16.639098 17.061876 20.792612 21.487303 21.949662 19.862917 19.974233 16.944946 17.290964 15.553785 13.777488 15.736606 18.575335 22.197925 24.196285 27.964811 28.854966 30.939929 34.57513 33.384153 33.792882 31.288882 30.025013 31.158917 29.933119 26.347546 26.616455 28.150502 25.599192 22.620811 24.810413 25.860762 22.423585 21.148256 24.39297 24.884346 21.492427 21.57526 17.971922 15.874124 12.174839 10.278133 6.778199 6.936501 6.471222 7.470986 11.052521 13.414279 12.43528 15.988819 18.806001 22.429767 23.355344 21.053909 18.830717 15.099864 13.226614 10.652891 10.307035 12.49705 13.074408 16.617868 17.339825 14.47003 15.570962 13.688526 16.378851 15.554012 16.280157 19.266559 20.9239 20.934365 22.026469 24.766753 25.885167 25.459236 23.371822 22.94953 19.944614 20.073723 19.927575 16.73497 16.506914 15.896643 13.373773 11.14184 11.562979 8.7148 10.591062 13.992699 15.650214 14.888704 16.418156 19.200989 20.347828 20.47221 22.528621 24.848304 25.630557 26.377497 28.608953 30.375116 31.035925 32.212087 30.435515 31.19367 30.381822 31.216964 34.521294 
3.796658 0.0 3.793593 6.605696 10.192827 12.961109 16.60421 18.68511 21.616231 23.201495 22.848207 24.620937 24.863992 23.394597 20.984313 20.420523 19.479064 19.845759 17.312327 17.417027 14.361082 14.494839 18.171361 19.361821 20.099845 18.577064 19.1804 16.51218 17.583185 16.042185 15.130302 17.601468 19.932648 23.50534 25.003666 28.710512 29.385431 31.054573 34.891811 34.021549 34.41715 31.674824 30.276045 30.958908 29.761673 26.317248 26.19401 27.368919 24.932548 21.852536 23.57852 24.417086 20.996198 19.409811 22.326511 22.679675 19.115936 18.698573 15.022691 13.30927 9.612313 8.522023 6.04412 7.62577 8.897269 10.503393 13.770002 15.413229 13.569679 16.832553 19.971453 23.557796 23.946682 21.28524 18.948966 15.166294 14.033051 11.135413 10.5874 11.63595 11.594639 14.733071 15.040094 12.581582 14.452308 13.22245 15.961891 16.012307 16.936183 19.356943 21.2613 21.901915 22.804528 25.176617 26.716492 26.046543 24.375394 24.519775 21.895428 22.186094 22.518298 19.564524 19.1114 18.696169 16.601376 14.052419 14.721647 11.977097 13.0986 16.695442 18.332298 16.925289 18.273552 21.452386 22.340397 21.908937 24.17288 26.72703 27.072004 27.564726 30.144918 31.896233 32.130796 33.362893 31.242135 31.868478 31.398132 32.499297 35.582759 
6.916655 3.793593 0.0 3.790572 6.842267 9.550342 13.049338 15.104906 18.215296 19.862245 19.621968 21.722434 22.138371 20.901733 18.836845 18.027061 16.622846 16.920701 14.221897 14.444635 11.834707 12.502572 15.918116 17.110185 17.541034 16.306344 16.908223 14.406739 15.858744 14.342885 14.309101 17.118361 18.813791 22.244766 23.220228 26.812408 27.342236 28.647137 32.592272 31.970091 32.330804 29.419096 27.925236 28.247977 27.094269 23.792708 23.375884 24.292222 21.990524 18.85453 20.262762 21.008493 17.670095 15.875439 18.63983 19.01621 15.457877 15.048559 11.331072 9.53392 5.867578 5.556551 4.687002 7.746663 10.13885 12.690967 15.398675 16.411497 13.863782 16.524161 19.586656 23.163335 22.956347 20.278149 17.590144 13.966703 13.236406 10.004359 9.041121 8.917861 8.498457 11.333666 11.76681 9.877081 11.938521 11.002099 13.45369 14.225234 15.471227 17.319002 19.225692 20.461489 21.345725 23.265212 25.057854 24.086727 22.798482 23.504938 21.353786 21.817457 22.747019 20.226603 19.728909 19.876575 18.263862 15.202978 15.954298 13.556546 13.767372 17.3112 19.107903 17.151181 17.968217 21.485492 22.302587 21.229289 23.462953 26.329866 26.345041 26.408446 29.235658 31.104515 30.91896 32.032869 29.577928 29.968013 29.756065 31.161291 34.013168 
9.853215 6.605696 3.790572 0.0 3.805003 6.640009 10.350364 12.979545 15.801461 17.990133 18.43911 20.658683 21.715607 21.124589 19.099903 17.549461 15.548669 15.02611 11.846883 11.315761 8.573768 8.871992 12.216216 13.713455 14.544386 13.884825 15.200254 13.442361 15.727907 15.021907 15.674182 18.950181 20.347391 23.461815 24.141066 27.52022 27.551107 28.505005 32.60637 32.42127 33.075638 30.208706 28.336371 28.374549 27.622038 24.419132 23.407241 24.279827 22.468333 19.092858 19.840959 20.826244 17.880825 15.398392 17.631285 18.416295 14.987563 14.167971 10.396266 8.565014 5.300581 5.29595 6.364244 8.809145 12.053384 14.487513 16.705677 16.917888 13.815318 15.997602 19.295525 22.590855 21.9723 18.94173 16.514201 13.104655 13.442189 10.784007 10.689871 9.769115 9.719774 11.861929 12.459923 11.675639 13.903439 13.121938 14.842222 15.992553 17.83188 19.270802 20.829632 22.538175 23.677461 25.163153 26.944354 25.506039 24.338757 25.382891 23.485991 23.608444 24.638783 22.210617 21.165509 21.184592 20.132709 17.15734 18.53462 16.606111 16.904422 20.22308 22.361025 20.438965 20.822558 24.40288 25.435413 24.084017 26.069207 29.1739 29.166645 28.856267 31.711422 33.793302 33.385532 34.251777 31.54944 31.555762 31.356623 33.129282 35.839842 
13.474235 10.192827 6.842267 3.805003 0.0 3.789736 7.0691 10.138208 13.094452 15.642474 16.543814 19.217748 20.63131 20.481873 18.993365 17.09585 14.429224 13.502925 9.983564 9.107428 7.418289 8.097414 10.571815 12.338111 12.983983 13.132275 14.670847 13.531801 16.248604 15.764684 17.234974 20.593824 21.355853 24.182133 24.274683 27.397446 27.214611 27.664046 31.826394 31.981197 32.597962 29.591749 27.632431 27.176392 26.525386 23.6299 22.203163 22.64857 21.141178 17.838281 17.922785 18.699829 16.080625 13.259391 14.867723 15.654109 12.356218 11.146728 7.55997 6.21056 4.555506 6.383092 9.02617 11.728566 15.194372 17.928517 19.822965 19.624977 16.199394 17.705537 20.798222 23.889485 22.674748 19.671774 17.124739 14.215158 15.092559 12.555016 12.21397 10.108529 9.534594 10.477312 10.926901 11.336955 13.700072 13.539191 14.714825 16.626071 18.600773 19.310942 20.825853 23.089974 24.102225 25.055231 27.089455 25.388922 24.70186 26.27439 24.8727 25.148995 26.627078 24.582798 23.531992 23.911648 23.179435 20.004851 21.34936 19.602594 19.365243 22.557355 24.671074 22.391285 22.436444 26.156052 27.036135 25.203745 27.152126 30.417179 30.071404 29.408314 32.454735 34.55756 33.738972 34.518137 31.529583 31.306525 31.421854 33.458793 35.864367 
15.754443 12.961109 9.550342 6.640009 3.789736 0.0 3.787702 6.700224 9.375598 12.013288 13.256834 15.896624 17.707669 18.08611 16.748626 14.372752 11.322898 9.950642 6.324448 5.665483 5.10997 7.259501 8.866661 9.799225 9.699507 10.067263 11.600123 11.070183 14.168522 14.279401 16.437741 19.953916 20.228646 22.613146 22.358175 25.188517 24.613999 24.76989 28.974393 29.457192 30.313566 27.435322 25.172923 24.555472 24.314359 21.523808 19.637802 20.19372 19.211492 15.752725 15.357861 16.61729 14.550883 11.203432 12.501495 14.091173 11.408295 10.869434 7.818301 5.558634 5.429886 6.582218 10.095413 12.347345 16.020034 18.992718 20.228083 19.41834 15.733557 16.422105 19.195457 22.011553 20.300204 17.430292 14.830787 12.524122 13.990841 12.013384 12.117554 9.523686 9.762635 10.228273 11.65375 12.780061 14.36048 13.83853 14.004378 15.994326 18.523012 18.891594 19.806234 22.41322 23.788565 24.286795 26.10552 23.948379 23.359092 25.240158 24.217136 24.255744 25.988936 24.315631 23.02318 23.705346 23.539775 20.290323 21.915337 20.760836 20.272047 23.052179 25.492295 23.269135 22.689134 26.374085 27.538176 25.413079 26.928967 30.423966 30.147595 29.021137 31.966832 34.350466 33.364991 33.75886 30.597373 29.934371 29.973191 32.355862 34.609212 
19.344339 16.60421 13.049338 10.350364 7.0691 3.787702 0.0 3.789764 6.392016 9.406373 11.281377 14.312506 16.516377 17.47497 16.811537 14.185576 10.615283 8.841413 5.529902 5.033819 6.923802 9.324351 9.432105 9.963585 9.108466 10.342587 11.721656 11.989702 15.142223 15.512855 18.28707 21.682501 21.324914 23.262357 22.403578 24.820781 23.980651 23.560571 27.728761 28.599516 29.452325 26.542533 24.182933 23.052856 23.038413 20.674838 18.318356 18.448548 18.00324 14.766005 13.494021 14.671667 13.336304 9.695926 9.932003 11.9025 9.988971 9.588908 7.722549 6.197775 8.044108 9.634038 13.366089 15.605572 19.222343 22.355416 23.297365 22.204784 18.456548 18.511886 20.861913 23.358738 21.107805 18.519357 15.924098 14.390339 16.13547 14.462979 14.405642 11.25568 11.283814 10.551757 12.066319 14.151805 15.392762 15.252128 14.691536 17.14594 19.745997 19.425946 20.075834 23.119682 24.435974 24.346143 26.254691 23.816411 23.701182 26.043993 25.551803 25.682867 27.78811 26.539301 25.278748 26.298948 26.427043 23.087763 24.650272 23.726373 22.840097 25.377157 27.795545 25.382397 24.439263 28.112103 29.195378 26.689718 28.024501 31.618004 31.099595 29.591462 32.598713 35.029289 33.683311 33.887342 30.501888 29.529892 29.822809 32.47199 34.379602 
20.970561 18.68511 15.104906 12.979545 10.138208 6.700224 3.789764 0.0 3.798253 5.886387 7.605134 10.845526 13.09154 14.378193 14.211425 11.579087 7.858763 6.530391 4.707469 6.375764 9.032298 12.170715 12.016725 11.440446 9.287265 10.020591 10.328902 10.768469 13.540834 14.013863 17.285796 20.447531 19.487056 20.964292 19.656566 21.746785 20.769022 20.059482 24.183516 25.212539 26.085338 23.231789 20.777758 19.462782 19.667892 17.495986 14.853953 14.974433 14.958857 11.783338 10.077858 11.702244 11.009121 7.214622 7.220362 10.103005 9.190903 10.123926 9.09239 7.112896 9.583627 10.738748 14.475157 16.547676 19.92846 23.300619 23.821045 22.555283 18.90569 18.387961 20.119723 22.445826 19.864211 17.837965 14.986496 14.125875 15.72456 14.350622 14.179384 10.831562 11.280803 10.132507 12.453502 14.769965 15.101634 14.711347 13.235759 15.728838 18.529308 17.784482 17.895555 21.180934 22.67254 22.129328 23.852817 21.125134 21.253103 23.902043 23.883568 24.041656 26.486143 25.734787 24.601625 26.095571 26.525316 23.092039 24.53821 24.039296 22.736265 24.834828 27.319747 24.902223 23.445466 26.986463 28.167516 25.39798 26.356087 30.044267 29.507308 27.611903 30.511092 33.096293 31.582891 31.477286 27.990101 26.691455 27.004064 29.87404 31.579481 
23.73895 21.616231 18.215296 15.801461 13.094452 9.375598 6.392016 3.798253 0.0 3.786487 7.109729 9.640339 12.73373 14.925341 14.829112 11.646142 7.954498 5.423937 5.028252 6.390773 9.89356 12.971889 11.891483 10.454798 7.630092 9.002332 9.454984 11.164225 14.096389 15.439209 18.900484 22.082416 20.916431 21.837689 20.344179 21.939067 20.328967 19.220327 23.275258 24.819248 26.121519 23.63125 20.775366 19.340912 20.259603 18.34208 15.170957 15.543819 16.394855 13.362935 11.08715 13.301945 13.523279 9.883701 9.135919 12.545216 12.46748 13.444881 12.772664 10.873987 13.014358 13.540431 17.157173 18.636228 22.025265 25.221837 25.259495 23.468608 19.816783 18.615494 20.005256 21.755338 18.736529 16.891293 14.538075 14.57751 16.789488 16.2283 16.700202 13.705994 14.742114 13.740987 16.192722 18.518231 18.622927 17.936234 16.01658 18.129028 21.232375 20.456419 19.980317 23.282772 25.113776 24.285647 25.634586 22.542709 22.622358 25.334616 25.538282 25.284051 27.688438 27.143338 25.653132 27.120399 28.041683 24.814733 26.605715 26.529243 25.371665 27.156886 29.895617 27.721058 25.943014 29.310254 30.78118 28.000198 28.55185 32.317426 31.968037 29.788551 32.452198 35.261403 33.725949 33.24443 29.73098 28.002255 28.114544 31.262096 32.825863 
24.892784 23.201495 19.862245 17.990133 15.642474 12.013288 9.406373 5.886387 3.786487 0.0 3.798297 6.172733 9.325369 11.932458 12.391412 9.437486 6.19769 5.074256 6.922936 9.523014 12.6135 16.048957 15.281454 13.341104 9.938473 10.219103 9.231991 10.749879 12.871762 14.203171 17.915548 20.70686 18.992944 19.392296 17.488252 18.687382 16.947034 15.570053 19.569693 21.227861 22.567111 20.204035 17.247357 15.727251 16.948461 15.226108 11.812865 12.388467 13.759629 10.964423 8.477198 11.319635 12.209228 9.070197 8.472842 12.271272 12.944842 14.862247 14.513064 12.336429 14.552534 14.749917 18.129151 19.450689 22.476971 25.813489 25.515797 23.701407 20.301587 18.709911 19.417402 21.014866 17.834527 16.72896 14.146772 14.776937 16.571812 16.268966 16.586552 13.72854 15.081834 14.016714 16.957056 19.190599 18.534901 17.569328 14.966032 16.855126 20.016046 18.958028 17.902015 21.260582 23.266071 22.07103 23.117675 19.797238 20.054546 22.968377 23.622069 23.39346 26.072504 26.027756 24.7427 26.655667 27.789467 24.541313 26.138251 26.44186 24.940259 26.265205 29.003212 26.902379 24.694205 27.834514 29.394525 26.465212 26.615234 30.393688 30.085871 27.591178 30.063725 33.003025 31.387141 30.590958 27.067155 25.034355 25.088253 28.402892 29.792637 
24.119849 22.848207 19.621968 18.43911 16.543814 13.256834 11.281377 7.605134 7.109729 3.798297 0.0 3.807823 5.892995 8.234481 9.220078 7.013467 4.65138 6.130639 8.571502 11.940883 14.362633 18.056661 17.953008 15.992299 12.53025 11.741505 9.614036 10.02577 11.085715 11.842565 15.638009 17.98837 15.855562 16.070564 13.905459 15.128313 13.742196 12.560422 16.631329 17.917112 19.032254 16.536807 13.687449 12.345283 13.368571 11.449302 8.121029 9.102676 10.361169 7.540614 5.532149 9.035657 9.9464 7.53341 7.979968 11.61995 12.456757 15.170113 14.807969 12.331772 14.405357 14.372504 17.387841 18.729235 21.320344 24.814354 24.43153 22.899615 19.800632 18.261843 18.531121 20.353715 17.41054 16.854388 13.80787 14.411147 15.399773 14.965345 14.85228 12.171489 13.691965 12.754672 16.100933 18.005164 16.646606 15.394978 12.302194 13.977681 17.07177 15.853496 14.418713 17.776615 19.867916 18.537627 19.40818 16.028805 16.385955 19.434715 20.370232 20.374118 23.322233 23.635811 22.755649 25.090932 26.149878 22.813911 24.038932 24.525957 22.658356 23.650436 26.272089 24.184259 21.706333 24.68587 26.233517 23.217619 23.149234 26.911236 26.620085 23.989564 26.374459 29.360535 27.757037 26.850637 23.354858 21.278289 21.291552 24.609316 26.012599 
25.432658 24.620937 21.722434 20.658683 19.217748 15.896624 14.312506 10.845526 9.640339 6.172733 3.807823 0.0 3.797054 7.216717 7.935731 5.658828 5.216677 6.990878 10.447289 13.881513 16.040606 19.769637 19.656607 17.094887 13.372155 11.95221 9.059599 9.801135 10.106253 11.596226 15.268359 17.332507 14.999439 14.446992 12.276813 12.949487 10.845879 9.662242 13.78658 15.333145 17.068522 15.199722 11.830351 11.092057 12.987732 11.028893 7.645837 9.850951 11.634555 9.156252 8.003238 11.769397 12.859629 10.956658 11.67972 15.228292 16.105152 18.901991 18.305099 15.501429 17.021286 16.246807 18.824507 19.486476 21.735938 25.01623 24.060902 22.1989 19.428861 17.289693 16.83099 18.149335 15.048477 15.226545 12.488584 13.992726 14.986138 15.409365 15.866781 13.940794 16.144454 15.796475 19.35932 20.859858 19.166248 17.340221 14.003597 14.760659 18.078931 17.18949 14.997847 17.943841 20.554619 19.198199 19.321827 15.662507 15.59464 18.428926 19.546807 19.024706 21.880362 22.557744 21.47777 23.951027 25.489201 22.443201 23.862284 24.931146 23.197325 23.646089 26.507766 24.870321 22.019788 24.614061 26.578719 23.754923 23.092502 26.840051 26.976321 24.151565 26.062219 29.333656 27.969407 26.600065 23.307204 20.840208 20.292943 23.791715 25.237615 
25.281779 24.863992 22.138371 21.715607 20.63131 17.707669 16.516377 13.09154 12.73373 9.325369 5.892995 3.797054 0.0 3.771571 5.708036 5.532289 6.83286 9.859204 12.991286 16.669078 18.382986 22.181055 22.545639 20.152665 16.555453 14.656865 11.346775 10.918765 9.93575 10.483057 13.93666 15.274453 12.391896 11.454238 8.796747 9.391951 7.876565 7.116127 11.289563 12.192967 13.596314 11.565101 8.295871 8.060638 9.70807 7.456973 4.483825 7.663234 9.158483 7.213531 7.345196 10.949377 11.924351 11.083257 12.474873 15.502112 16.449188 19.699642 19.159902 16.336972 17.69889 16.849505 18.961477 19.667659 21.385618 24.742941 23.771958 22.312094 19.947095 18.033487 17.175839 18.727039 16.097319 16.773764 13.746178 14.997 15.041113 15.245223 15.168517 13.604107 15.754826 15.536204 19.201827 20.340089 18.036054 16.023642 12.378755 12.70724 15.738734 14.695354 12.001151 14.783394 17.472962 15.95237 15.752252 12.021569 12.078293 15.08676 16.638789 16.452607 19.637085 20.777769 20.254942 23.168789 24.547096 21.46745 22.38736 23.617039 21.494158 21.529365 24.174172 22.578333 19.456457 21.776476 23.688494 20.801263 19.838331 23.515648 23.670248 20.689117 22.447941 25.762528 24.419611 22.900712 19.675741 17.137916 16.497617 20.012384 21.466572 
23.46505 23.394597 20.901733 21.124589 20.481873 18.08611 17.47497 14.378193 14.925341 11.932458 8.234481 7.216717 3.771571 0.0 3.810635 6.047691 8.132391 11.80202 14.355976 18.128464 19.266083 23.0306 23.963403 21.868851 18.539382 16.250347 12.847938 11.266455 9.378153 8.619987 11.675587 12.409931 9.207873 8.534278 5.777627 7.439818 7.517126 8.12764 11.863964 11.559881 12.272559 9.786727 7.252445 7.990798 8.31479 4.980236 4.069276 7.526499 7.518149 5.724534 7.778853 10.765658 10.892108 10.90207 13.179392 15.559663 16.103299 19.552801 18.814225 15.941871 16.932315 15.990743 17.569426 18.381737 19.610943 23.031765 22.24412 21.323888 19.287987 17.885938 17.025927 19.065496 17.066928 17.768058 14.416032 15.016738 14.116025 13.853016 13.164288 12.03352 14.100789 14.250334 17.92521 18.521208 15.7673 13.495181 9.787879 9.591273 12.355921 11.425393 8.423056 11.026234 13.833796 12.549567 12.222917 8.588729 8.446696 11.570171 13.206503 13.528455 16.972119 18.261342 18.329823 21.518502 22.516453 19.340541 19.737908 20.932386 18.487904 18.319167 20.744565 19.125276 15.893717 18.129664 19.965295 17.075741 16.071057 19.757813 19.947759 17.045618 18.851529 22.161627 20.977952 19.610119 16.468014 14.265976 13.52178 16.819361 18.615128 
20.763444 20.984313 18.836845 19.099903 18.993365 16.748626 16.811537 14.211425 14.829112 12.391412 9.220078 7.935731 5.708036 3.810635 0.0 3.818313 7.022083 10.642368 13.050195 16.748774 17.273328 20.939543 22.21469 20.007037 16.894149 14.052545 10.512335 8.344378 5.776386 5.314449 8.370633 9.612245 7.070285 7.033041 6.042139 8.707752 8.513866 10.177472 13.937542 13.437008 14.661436 12.673768 10.098933 11.546815 11.958719 8.397485 7.820969 11.163376 10.699767 8.072095 10.274374 13.407736 12.728568 12.021448 14.773725 17.303552 17.082838 20.173519 18.726277 15.384802 15.570994 13.85888 15.013899 15.252211 16.350634 19.615574 18.596318 17.548631 15.619559 14.2037 13.339813 15.620537 13.950443 14.550061 11.124539 11.604563 10.473084 10.670445 10.676618 10.343443 13.225728 14.329289 18.119578 18.194751 15.739096 12.808969 9.587024 8.428019 11.834361 12.089705 9.398145 11.29132 14.580465 14.260602 13.711295 10.478173 8.924751 11.057028 11.678466 11.23747 14.287822 15.155426 14.817155 17.859223 19.008653 15.918579 16.728913 18.176118 16.20877 16.058695 18.957812 17.755117 14.632939 16.947944 19.290907 16.914537 15.962045 19.712824 20.454962 18.019488 19.651076 23.07316 22.454616 21.248226 18.452157 16.63402 15.29247 18.250141 20.616167 
20.668459 20.420523 18.027061 17.549461 17.09585 14.372752 14.185576 11.579087 11.646142 9.437486 7.013467 5.658828 5.532289 6.047691 3.818313 0.0 3.784066 7.020399 9.793321 13.449397 14.271029 17.990655 18.90609 16.471058 13.21173 10.475428 6.908884 5.567484 4.590385 6.157429 9.710966 12.032667 10.311124 10.533773 9.68026 11.762161 10.507858 11.33302 15.43643 15.775936 17.435738 15.537532 12.498714 13.218392 14.203092 11.002568 9.147816 12.151029 12.31002 9.082016 10.046864 13.582344 13.113409 11.321326 13.615451 16.681245 16.383584 19.095594 17.521128 14.058118 14.373891 12.61504 14.405601 14.565875 16.405754 19.623579 18.583051 16.963394 14.442678 12.630251 12.225038 14.314956 12.001275 12.042971 8.619505 9.492106 9.6423 10.236882 11.057997 10.149013 13.228981 14.187457 17.977794 18.481477 16.681322 13.989851 11.026719 10.668203 14.363849 14.588263 12.46306 14.733977 17.799125 17.43665 17.290418 13.988483 12.72008 14.801864 15.06139 14.212287 16.781806 17.080651 15.96835 18.448573 19.849978 16.795754 18.289582 19.534694 18.063959 18.447454 21.569242 20.297206 17.534977 20.141483 22.474454 20.129225 19.51946 23.299916 23.94465 21.602612 23.401665 26.759091 26.022538 24.910979 21.965778 20.057615 18.917436 21.988374 24.204196 
20.41663 19.479064 16.622846 15.548669 14.429224 11.322898 10.615283 7.858763 7.954498 6.19769 4.65138 5.216677 6.83286 8.132391 7.022083 3.784066 0.0 3.80764 6.404814 10.154206 11.560318 15.359361 15.938787 13.758332 10.46194 8.482125 5.769939 5.39024 6.775503 8.109789 11.804849 14.646438 13.231831 13.974142 12.859985 14.884484 13.599201 13.627875 17.849789 18.599428 20.034956 17.759962 14.810186 14.628823 15.463716 12.595158 10.104431 12.16049 12.418552 8.851511 8.710448 12.115444 11.657032 8.984741 10.832154 14.140605 13.754672 16.134166 14.654314 11.345039 12.211872 11.100708 13.74089 14.522854 17.081654 20.435335 19.891644 18.260986 15.160699 13.670445 14.160442 16.318736 13.712926 12.834957 9.484715 9.796208 10.819401 10.724487 11.344974 9.355946 11.928227 12.321768 15.936497 17.009153 15.803261 13.719031 11.035969 11.835583 15.425503 15.274659 13.884272 16.689276 19.256556 18.772433 19.321614 16.11023 15.415485 17.794461 17.95725 17.456538 19.968521 19.831903 18.605358 20.682794 21.802802 18.566662 20.160363 20.807504 19.409851 20.454343 23.432763 21.733076 19.383138 22.397747 24.364958 21.816548 21.76145 25.573975 25.803771 23.559223 25.779369 28.911573 27.871926 27.074473 23.872613 22.102267 21.498353 24.573515 26.592355 
21.212775 19.845759 16.920701 15.02611 13.502925 9.950642 8.841413 6.530391 5.423937 5.074256 6.130639 6.990878 9.859204 11.80202 10.642368 7.020399 3.80764 0.0 3.796122 7.099891 9.147493 12.8183 12.762188 10.32492 6.825595 5.62205 4.336074 6.109828 8.981199 11.027776 14.419824 17.642067 16.670943 17.470642 16.520796 18.34659 16.626065 16.30828 20.488703 21.679374 23.367756 21.228618 18.110182 17.632973 18.764202 16.168974 13.329295 14.989152 15.58926 12.088509 11.097475 14.260112 13.977246 10.657842 11.630122 15.131294 14.616831 16.269098 14.702859 11.614927 12.514019 11.543866 14.562373 15.203148 18.251334 21.345469 20.835757 18.809455 15.366706 13.726062 14.734864 16.534181 13.616952 12.030291 9.339831 9.809444 12.013665 12.215515 13.424883 11.319999 13.657169 13.908716 17.130114 18.509079 18.008715 16.243794 14.059293 15.112657 18.67915 18.613263 17.544349 20.372121 22.836301 22.400504 23.098172 19.894147 19.203426 21.471486 21.408114 20.637611 22.805595 22.30208 20.588725 22.129709 23.386743 20.335534 22.37706 22.860651 21.917203 23.272201 26.358508 24.692984 22.624508 25.742895 27.726351 25.278121 25.398538 29.203295 29.425268 27.280363 29.556184 32.655086 31.592885 30.855806 27.612609 25.814842 25.257895 28.371651 30.340519 
19.198438 17.312327 14.221897 11.846883 9.983564 6.324448 5.529902 4.707469 5.028252 6.922936 8.571502 10.447289 12.991286 14.355976 13.050195 9.793321 6.404814 3.796122 0.0 3.774944 5.834638 9.503772 9.697601 8.108244 5.574894 5.397654 6.225975 7.201822 10.66495 12.101836 15.115507 18.632007 18.199248 19.66419 19.012701 21.262252 19.935386 19.772753 23.9856 24.961607 26.371278 23.935416 21.096533 20.510647 21.143542 18.453652 15.890456 17.068427 17.096812 13.479015 12.561721 15.045012 14.104575 10.446102 11.432701 14.458985 13.179198 14.060769 12.048504 9.100518 9.815937 9.298982 12.689816 13.791379 17.256293 20.314625 20.392911 18.662191 14.945228 14.114728 16.007191 18.199043 15.707129 13.343252 10.750607 9.990469 12.290009 11.742361 12.7736 10.360791 12.157956 12.461514 15.185768 16.587943 16.839558 15.468165 14.079127 15.552188 18.871249 18.980036 18.658157 21.477015 23.582816 23.490439 24.639281 21.775079 21.102206 23.240911 22.764789 22.231127 24.199548 23.172363 21.481303 22.611232 23.405889 20.27086 22.308878 22.213674 21.509314 23.43842 26.3758 24.509758 22.973396 26.362413 28.094158 25.748692 26.399037 30.141847 30.193123 28.407161 30.96207 33.829016 32.784142 32.462221 29.20768 27.808627 27.476189 30.354148 32.444393 
19.754091 17.417027 14.444635 11.315761 9.107428 5.665483 5.033819 6.375764 6.390773 9.523014 11.940883 13.881513 16.669078 18.128464 16.748774 13.449397 10.154206 7.099891 3.774944 0.0 3.791423 6.61283 6.058447 5.182869 4.281313 6.116245 8.698129 10.10351 13.812363 15.330313 17.96969 21.639502 21.581585 23.222642 22.738138 25.01465 23.597312 23.35577 27.546861 28.655168 30.119132 27.67784 24.83019 24.121604 24.760581 22.156586 19.543527 20.476554 20.503243 16.959507 15.803056 17.906506 16.897603 13.138448 13.593693 16.271791 14.696434 14.61486 12.477185 10.210953 10.658271 10.507212 13.828213 14.884342 18.591942 21.291492 21.623257 19.826828 16.006443 15.483688 17.892293 19.908397 17.546456 14.638624 12.757913 11.736373 14.466029 13.913224 15.146781 12.86566 14.190017 14.445996 16.487394 17.970399 18.937349 17.924223 17.097073 18.692724 21.843759 22.073657 22.097526 24.867454 26.811934 26.866014 28.189609 25.436077 24.743584 26.765076 26.049241 25.436418 27.125624 25.739268 23.81259 24.438533 25.125556 22.186738 24.437864 24.047396 23.745848 25.992231 28.894938 27.035668 25.861217 29.333181 30.986507 28.777604 29.671897 33.359773 33.371232 31.775721 34.422377 37.189919 36.162449 36.005751 32.748294 31.462457 31.197365 34.015649 36.130334 
16.639098 14.361082 11.834707 8.573768 7.418289 5.10997 6.923802 9.032298 9.89356 12.6135 14.362633 16.040606 18.382986 19.266083 17.273328 14.271029 11.560318 9.147493 5.834638 3.791423 0.0 3.802236 5.477797 5.391351 6.106105 6.474933 9.259071 9.760063 13.392336 14.71453 16.669411 20.449319 21.048944 23.108268 23.224439 25.885685 24.740422 25.05139 29.254322 29.981855 31.430071 29.01038 26.281019 26.02551 26.418892 23.452088 21.286235 22.524185 22.04967 18.348132 17.909867 19.969887 18.336692 14.791794 15.994767 18.306158 16.087983 15.801314 12.919259 10.381488 9.453805 8.534988 11.286368 11.990105 15.748136 18.142764 18.707391 17.09688 13.295742 13.453093 16.428694 18.759208 17.039894 13.734437 11.980413 10.055891 12.664294 12.00369 13.600688 12.026005 13.557678 14.698292 16.579006 17.314564 18.556332 17.248291 17.056212 18.198835 21.251514 22.096411 22.367221 24.71653 26.69763 27.28283 28.533731 26.059236 24.934188 26.494806 25.253494 24.510811 25.772241 23.924208 21.888503 22.066907 22.500294 19.737544 22.142604 21.570991 21.757482 24.202624 27.134103 25.514284 24.6994 28.143286 29.880743 28.061076 29.117244 32.688825 32.932799 31.706717 34.287067 36.995832 36.306224 36.336915 33.293804 32.306532 31.819924 34.374865 36.805928 
17.061876 14.494839 12.502572 8.871992 8.097414 7.259501 9.324351 12.170715 12.971889 16.048957 18.056661 19.769637 22.181055 23.0306 20.939543 17.990655 15.359361 12.8183 9.503772 6.61283 3.802236 0.0 3.790511 5.783595 8.401931 9.421831 12.636719 13.207325 16.748835 18.014378 19.536806 23.313931 24.285924 26.519373 26.846671 29.588434 28.452059 28.81128 33.005 33.734987 35.20242 32.774322 30.07188 29.816352 30.155472 27.180295 25.062189 26.196952 25.62863 21.962728 21.494799 23.318451 21.551688 18.047681 19.056669 21.040495 18.570206 17.601144 14.62861 12.748323 11.440385 10.782753 12.924288 13.427644 17.090575 18.918249 19.787783 18.288334 14.683956 15.313088 18.640043 20.820286 19.436619 15.839164 14.724365 12.626862 15.224667 14.565495 16.225229 14.959235 16.099201 17.309933 18.58546 19.153191 20.945479 19.88616 20.196056 21.320399 24.155612 25.186392 25.741011 27.950995 29.792812 30.589554 31.946631 29.624775 28.41936 29.797429 28.291663 27.491991 28.432941 26.235292 24.060862 23.705621 23.939022 21.491211 24.008252 23.142976 23.781583 26.468292 29.302264 27.775029 27.35131 30.793847 32.454873 30.856955 32.128003 35.591072 35.851216 34.869111 37.489686 40.08602 39.493209 39.69889 36.715369 35.885522 35.408284 37.848254 40.36057 
20.792612 18.171361 15.918116 12.216216 10.571815 8.866661 9.432105 12.016725 11.891483 15.281454 17.953008 19.656607 22.545639 23.963403 22.21469 18.90609 15.938787 12.762188 9.697601 6.058447 5.477797 3.790511 0.0 3.810801 7.088809 9.536276 13.123863 14.638971 18.394924 20.067279 22.052915 25.848088 26.421466 28.294322 28.239394 30.638617 29.133025 29.046819 33.205849 34.347136 35.96833 33.616076 30.720741 30.132502 30.798482 28.110555 25.571268 26.521672 26.444802 22.881095 21.799406 23.677809 22.454589 18.74836 19.046416 21.28093 19.311244 18.247126 15.867489 14.33108 13.920663 13.684084 16.267917 16.826205 20.522534 22.428172 22.99248 21.125075 17.472833 17.427591 20.416057 22.124931 20.231477 16.744898 15.96351 14.655494 17.690593 17.362227 19.028901 17.339403 18.421616 19.024654 20.325318 21.483847 23.191967 22.333095 22.1989 23.593199 26.585529 27.22141 27.551483 30.065643 31.953739 32.361749 33.72833 31.134955 30.178916 31.858296 30.688875 29.820402 30.963693 29.034825 26.731321 26.529605 27.100136 24.648529 27.244857 26.580761 27.012993 29.554358 32.460382 30.829977 30.141564 33.603107 35.285852 33.436752 34.555127 38.13266 38.280061 37.011194 39.654086 42.343715 41.518689 41.541891 38.388992 37.273455 36.899135 39.586692 41.875163 
21.487303 19.361821 17.110185 13.713455 12.338111 9.799225 9.963585 11.440446 10.454798 13.341104 15.992299 17.094887 20.152665 21.868851 20.007037 16.471058 13.758332 10.32492 8.108244 5.182869 5.391351 5.783595 3.810801 0.0 3.820782 6.402951 10.148745 12.33836 16.094687 18.335462 20.51048 24.274941 24.644556 26.125711 26.037713 28.19134 26.375558 26.27864 30.363117 31.65463 33.556118 31.483271 28.364178 27.938834 28.977763 26.285333 23.593714 24.916934 25.185109 21.574211 20.480165 22.866806 21.974449 18.230706 18.628905 21.398164 19.833303 19.472697 17.185779 15.011 14.704395 13.804003 16.398619 16.456089 20.041027 22.013401 21.967916 19.630002 15.987913 15.177245 17.760719 19.10833 16.907789 13.569991 13.050189 12.482603 15.911724 16.269916 18.374397 16.867971 18.611931 19.352804 21.296324 22.439516 23.564954 22.238644 21.555956 22.613221 25.92837 26.577825 26.384971 28.872617 31.116864 31.363241 32.364978 29.519156 28.418397 30.087669 29.083798 27.899829 29.057645 27.396401 24.879684 24.851923 25.906126 23.53573 26.342754 26.204874 26.562369 28.698191 31.856164 30.441484 29.33259 32.628699 34.614668 32.731985 33.441865 37.106874 37.476536 35.956646 38.367414 41.287072 40.517771 40.210315 37.084182 35.676443 35.050386 37.903063 40.173828 
21.949662 20.099845 17.541034 14.544386 12.983983 9.699507 9.108466 9.287265 7.630092 9.938473 12.53025 13.372155 16.555453 18.539382 16.894149 13.21173 10.46194 6.825595 5.574894 4.281313 6.106105 8.401931 7.088809 3.820782 0.0 3.801389 7.076037 9.838078 13.524324 15.988626 18.612242 22.250781 22.147245 23.273724 22.881255 24.794455 22.827082 22.559028 26.624374 28.03472 29.992203 28.007023 24.794818 24.321786 25.562446 22.980426 20.130023 21.575547 22.133098 18.587592 17.366994 20.063896 19.529762 15.830301 16.213496 19.371025 18.27152 18.590802 16.599952 14.052627 14.248203 13.240618 16.111473 16.254561 19.737116 22.109014 21.735605 19.284751 15.622913 14.206404 16.195699 17.491934 14.800109 11.951807 10.930524 11.049237 14.449884 15.008281 17.015565 15.301707 17.348653 17.884869 20.327756 21.654577 22.212405 20.701629 19.431839 20.46306 23.949794 24.340426 23.757097 26.379242 28.77087 28.719335 29.551467 26.503185 25.526841 27.404465 26.758202 25.586738 27.062596 25.835472 23.449549 23.949468 25.251989 22.677147 25.351912 25.544526 25.481959 27.29338 30.513923 29.054142 27.534966 30.751831 32.813806 30.719335 31.143401 34.886997 35.245861 33.440617 35.758634 38.797367 37.914076 37.371443 34.192546 32.550459 31.902936 34.9122 37.041977 
19.862917 18.577064 16.306344 13.884825 13.132275 10.067263 10.342587 10.020591 9.002332 10.219103 11.741505 11.95221 14.656865 16.250347 14.052545 10.475428 8.482125 5.62205 5.397654 6.116245 6.474933 9.421831 9.536276 6.402951 3.801389 0.0 3.793175 6.446221 10.047734 12.803737 15.225048 18.83152 18.896304 20.019777 20.001138 22.086283 20.236532 20.493467 24.554926 25.629765 27.669511 25.835402 22.626946 22.680637 23.879086 20.974242 18.46418 20.451531 20.766699 17.095011 16.569965 19.58979 18.780421 15.343895 16.524289 19.730096 18.484827 19.339212 17.005703 13.843172 13.449709 11.570033 13.969974 13.586024 16.797398 19.177494 18.466587 15.918266 12.340097 10.637757 12.485989 14.026398 11.495594 8.650655 7.176442 7.411819 10.881519 11.929627 14.354542 13.245138 15.940034 17.099649 19.964528 20.768877 20.892582 18.82093 17.449238 17.876074 21.507627 22.276205 21.430987 23.726105 26.391911 26.57367 27.075636 24.072024 22.698429 24.274438 23.454504 22.050975 23.380736 22.171305 19.716547 20.314228 21.772573 19.253772 22.017789 22.541763 22.548122 24.0849 27.454123 26.277839 24.61094 27.654499 29.958243 28.063721 28.266928 31.981324 32.632317 30.883574 32.983942 36.128998 35.511161 34.870933 31.878184 30.274604 29.304048 32.21456 34.55903 
19.974233 19.1804 16.908223 15.200254 14.670847 11.600123 11.721656 10.328902 9.454984 9.231991 9.614036 9.059599 11.346775 12.847938 10.512335 6.908884 5.769939 4.336074 6.225975 8.698129 9.259071 12.636719 13.123863 10.148745 7.076037 3.793175 0.0 3.797841 6.844431 9.957 12.696395 16.042569 15.693549 16.468864 16.361056 18.350989 16.49214 16.951181 20.996012 21.923985 24.010596 22.31098 19.063446 19.404893 20.697844 17.71155 15.338716 17.743163 18.121508 14.532954 14.401351 17.752911 17.09518 14.056238 15.641429 18.98006 18.064266 19.635234 17.48522 14.013838 13.774077 11.628946 13.796481 13.334459 16.087955 18.746425 17.681873 15.202642 11.929398 9.732407 10.649034 12.329066 9.563662 7.724242 5.121472 6.307441 9.130844 10.526285 12.838335 11.940776 15.0612 16.29929 19.620947 20.280656 19.717191 17.281899 15.366911 15.402052 19.171909 19.887269 18.559834 20.763883 23.666279 23.712548 23.892211 20.766886 19.298371 20.90417 20.343691 18.884866 20.477058 19.727173 17.483439 18.683024 20.343808 17.695966 20.241394 21.181963 20.806035 21.885385 25.306198 24.223844 22.144781 24.996637 27.442368 25.473218 25.32052 29.059821 29.826684 27.879001 29.788275 33.062115 32.478775 31.609929 28.681738 26.925037 25.779428 28.753255 31.086089 
16.944946 16.51218 14.406739 13.442361 13.531801 11.070183 11.989702 10.768469 11.164225 10.749879 10.02577 9.801135 10.918765 11.266455 8.344378 5.567484 5.39024 6.109828 7.201822 10.10351 9.760063 13.207325 14.638971 12.33836 9.838078 6.446221 3.797841 0.0 3.797703 6.40204 9.02573 12.509161 12.461711 13.828294 14.178936 16.777782 15.641634 16.737198 20.781509 21.05801 22.779874 20.86497 17.984774 18.720365 19.425762 16.054925 14.375145 16.915564 16.556253 12.878049 13.686549 16.824008 15.515804 12.897826 15.317889 18.236788 16.912134 18.71127 16.253641 12.517537 11.713787 9.087806 10.75923 10.329367 12.829008 15.789547 14.939454 13.015015 9.833176 8.378679 9.479093 12.149484 10.271553 8.670676 4.994944 4.41548 5.951152 6.922513 9.185712 8.803173 12.294663 14.135118 17.571235 17.676178 16.862603 14.06534 12.364501 11.967974 15.722129 16.840717 15.682381 17.589836 20.495111 20.943222 21.13573 18.31977 16.56283 17.908076 17.012937 15.759598 17.389036 16.478816 14.585383 16.045283 17.308421 14.361536 16.651721 17.52349 17.019321 18.135618 21.527388 20.45682 18.455559 21.35757 23.791988 21.964954 21.944561 25.641332 26.482876 24.777859 26.72063 29.912462 29.524728 28.867337 26.082671 24.677193 23.473149 26.167598 28.754609 
17.290964 17.583185 15.858744 15.727907 16.248604 14.168522 15.142223 13.540834 14.096389 12.871762 11.085715 10.106253 9.93575 9.378153 5.776386 4.590385 6.775503 8.981199 10.66495 13.812363 13.392336 16.748835 18.394924 16.094687 13.524324 10.047734 6.844431 3.797703 0.0 3.812035 6.302755 9.290496 9.019905 10.185737 10.996835 13.777193 13.015529 14.81312 18.611653 18.37169 20.058262 18.371166 15.666037 17.069237 17.658198 14.08572 13.102712 16.139489 15.55698 12.210597 13.862558 17.039462 15.712961 13.884304 16.719163 19.442017 18.317536 20.6107 18.286187 14.530037 13.621939 10.842708 11.627314 10.863473 12.335619 15.295822 14.029251 12.412422 10.090759 8.553992 8.420038 11.273228 9.941192 9.58769 5.924615 5.893078 5.189738 6.644695 8.597548 9.182261 12.890425 14.993793 18.619581 18.294217 16.778072 13.509644 11.483288 10.069986 13.826604 15.225943 13.517198 14.905799 18.166587 18.741273 18.404737 15.660678 13.436144 14.442173 13.563444 12.095712 13.890567 13.446734 11.883989 14.03976 15.449347 12.519046 14.480374 15.943798 15.141773 15.568473 19.042938 18.297801 15.872554 18.414627 21.125343 19.441558 18.963365 22.614796 23.769002 22.006392 23.61756 26.950052 26.806712 25.945259 23.401658 21.989393 20.411585 22.998025 25.751071 
15.553785 16.042185 14.342885 15.021907 15.764684 14.279401 15.512855 14.013863 15.439209 14.203171 11.842565 11.596226 10.483057 8.619987 5.314449 6.157429 8.109789 11.027776 12.101836 15.330313 14.71453 18.014378 20.067279 18.335462 15.988626 12.803737 9.957 6.40204 3.812035 0.0 3.796744 6.663037 6.35713 8.660005 9.669371 13.106562 13.406356 15.444318 19.103062 18.261374 19.262774 17.150316 15.091859 16.567041 16.329829 12.560384 12.430547 15.165697 13.73922 10.58031 13.082924 15.703077 13.792225 12.654475 16.022656 18.146869 16.785588 19.274158 16.961726 13.341992 12.306486 9.808963 10.124363 10.077506 11.066119 14.441305 13.821339 13.240334 11.246623 10.881862 11.043122 14.277623 13.495181 13.121597 9.472698 8.296754 6.070542 5.514843 5.850675 6.859673 10.392274 12.773593 16.332787 15.569194 13.657189 10.162551 8.277497 6.340425 10.048043 11.732928 10.340861 11.529168 14.633656 15.572883 15.47902 13.185271 10.931171 11.897377 10.808505 10.227009 12.473492 12.040745 11.515248 14.079161 14.653054 11.249254 12.314743 13.411908 11.965834 12.517835 15.749945 14.680819 12.260458 15.057235 17.531683 15.759447 15.584539 19.253863 20.244971 18.697027 20.542721 23.696698 23.581799 23.056743 20.559782 19.611361 18.249972 20.50487 23.407131 
13.777488 15.130302 14.309101 15.674182 17.234974 16.437741 18.28707 17.285796 18.900484 17.915548 15.638009 15.268359 13.93666 11.675587 8.370633 9.710966 11.804849 14.419824 15.115507 17.96969 16.669411 19.536806 22.052915 20.51048 18.612242 15.225048 12.696395 9.02573 6.302755 3.796744 0.0 3.805409 5.707971 8.763852 11.044949 14.650336 15.44006 18.05499 21.34179 19.987547 20.866541 19.011706 17.367778 19.342473 18.833583 15.034789 15.580121 18.342193 16.539741 13.722766 16.581005 18.907102 16.645364 15.843474 19.397172 21.177117 19.464511 21.741476 19.124188 15.594444 13.797422 10.880789 9.796371 8.93378 8.619776 11.679984 10.963324 11.100994 10.041754 10.47253 10.579251 14.076812 14.31857 14.045948 10.854152 9.164042 5.670626 5.203839 5.713267 8.515597 11.814915 14.836492 18.030608 16.494387 14.627061 10.845183 9.992768 6.991264 9.890412 12.610069 11.54198 11.533974 14.641186 16.384386 15.962381 14.379051 11.47017 11.220174 9.002241 8.090914 9.577783 8.515195 8.339931 10.968683 11.132514 7.712114 8.595051 10.134257 9.078592 9.285376 12.822424 12.438511 10.284387 12.756449 15.596904 14.59908 14.413631 17.778442 19.291457 18.323147 19.836833 22.888101 23.362691 23.025522 21.034218 20.553959 18.837043 20.523015 23.807828 
