0.0 4.016628 6.339398 8.202437 6.311982 7.617285 10.958949 13.816557 15.336639 18.196842 21.516472 23.18717 26.94319 28.269009 29.936151 28.936013 27.367203 24.982189 22.81966 19.204222 15.986699 13.054544 9.957912 11.375418 8.772803 12.082213 13.295793 10.36325 12.209643 12.784641 15.984153 18.691409 19.603743 22.478727 22.093173 25.206463 25.480679 24.956009 22.580222 19.394595 16.030064 12.992381 11.525693 14.736336 15.3314 18.75034 17.850163 15.846037 15.362966 13.992151 11.440856 10.556385 10.503389 8.18038 5.739639 6.998074 5.600921 8.595542 
4.016628 0.0 3.697239 5.384019 5.49707 7.387158 9.622299 12.9709 14.311871 16.517362 19.972631 21.077902 24.721289 26.135365 28.210956 27.392239 26.31439 23.936742 22.323849 18.6424 15.975335 12.996105 10.797925 12.733652 10.770027 14.297895 15.883541 13.352575 14.593767 14.239423 17.083867 19.128917 19.433117 21.788321 20.747447 23.508157 23.463774 22.445953 19.747114 16.83459 13.306899 10.254739 9.899719 13.299972 14.404594 17.986576 17.869593 16.670416 16.185341 13.920375 11.761788 12.008792 11.347591 8.027586 6.867549 9.63688 8.806695 11.508172 
6.339398 3.697239 0.0 3.787243 5.413309 5.529341 7.147792 10.859076 12.872899 14.815198 18.492872 19.308178 22.841945 24.717736 26.93268 26.608983 25.710692 23.774339 22.409099 18.963196 16.576233 13.166281 11.23853 12.414036 10.402228 13.495223 15.831433 14.060901 15.53852 15.224967 17.486159 19.254879 18.924549 21.086714 19.999857 22.459098 22.7996 21.484382 18.517631 15.977705 12.2162 10.036053 9.703764 13.456605 15.458496 19.205122 19.556312 18.484907 18.64262 16.277874 13.718816 14.509679 14.448845 10.990555 9.316128 12.139046 11.76035 14.729118 
8.202437 5.384019 3.787243 0.0 3.890631 5.279475 5.203812 8.551825 9.777671 11.451488 15.038515 15.866411 19.46407 21.117905 23.327834 22.903949 22.11583 20.149418 19.014771 15.614091 13.629841 10.366439 9.388106 11.122737 10.303957 13.640477 15.572046 14.072974 14.63216 13.464009 15.296324 16.494244 15.861497 17.715537 16.36563 18.789693 19.023032 17.78221 14.954271 12.246086 8.526467 6.402286 6.185183 9.896097 12.268421 16.015051 16.846591 16.281652 16.812573 14.123315 11.624974 13.334268 13.520472 9.898147 8.657757 12.072547 12.767048 16.068225 
6.311982 5.49707 5.413309 3.890631 0.0 3.808187 5.600807 8.088288 9.149532 11.896176 15.218452 16.91643 20.692206 22.026681 23.685063 22.875197 21.465313 19.343208 17.525377 14.0417 11.324375 7.910097 5.912122 7.809778 6.977245 10.666769 12.062283 10.30156 10.798632 9.934225 12.157535 13.996357 14.094502 16.620718 16.018841 19.010248 19.517591 19.028153 16.783285 13.567751 10.281301 7.837187 5.621402 9.19189 10.885681 14.605719 14.67018 13.39618 14.127248 12.077155 8.954987 10.182705 11.122808 8.013708 5.607889 8.653384 9.982446 13.63675 
7.617285 7.387158 5.529341 5.279475 3.808187 0.0 3.852207 6.580667 9.101225 11.948835 15.453622 17.098835 20.759376 22.623112 24.223889 23.929617 22.47866 20.906878 19.099678 16.007922 13.383141 9.621787 7.419974 7.389377 5.70049 8.550168 11.032522 10.170727 11.544811 11.505262 13.150494 15.073678 14.735733 17.333078 17.093888 19.864017 20.98424 20.373448 17.983426 15.16205 11.783585 10.346701 8.041781 11.623489 13.884952 17.552982 17.672845 16.138927 17.320371 15.609267 12.211548 13.164318 14.542772 11.663158 8.739634 10.939825 11.957019 15.615292 
10.958949 9.622299 7.147792 5.203812 5.600807 3.852207 0.0 3.788435 6.465828 8.595256 12.263093 13.519119 17.093445 19.187752 20.995329 21.067581 19.998807 18.768495 17.524433 14.730848 12.911272 9.257989 8.587611 8.672966 8.472112 10.788974 13.209874 13.009391 13.598967 12.713406 13.483534 14.451757 13.184657 15.136495 14.4734 16.818495 18.082883 17.193274 14.70156 12.247186 8.96738 8.689683 6.833522 10.166274 13.260542 16.850251 17.761473 16.926978 18.512027 16.383074 13.209772 15.092902 16.455424 13.335661 11.088839 13.804183 15.252689 18.945632 
13.816557 12.9709 10.859076 8.551825 8.088288 6.580667 3.788435 0.0 3.729279 6.273178 9.523871 11.405586 14.927573 16.951943 18.27729 18.470223 17.13709 16.365435 15.087529 12.875694 11.476328 8.127042 8.444892 7.758961 8.976877 10.478102 12.472269 13.168884 13.097151 11.94 11.63846 12.024004 10.217186 12.097092 11.991185 14.342448 16.245635 15.892559 14.031668 11.671894 9.295082 9.988149 7.433032 9.65106 12.908395 16.094945 17.150353 16.412449 18.699348 16.914078 13.647699 15.851226 17.840582 15.161124 12.852025 15.186049 17.336255 21.159447 
15.336639 14.311871 12.872899 9.777671 9.149532 9.101225 6.465828 3.729279 0.0 3.769708 6.554229 9.080893 12.769562 14.149328 15.272522 15.037859 13.631016 12.660723 11.530856 9.426905 8.72301 6.123972 8.110149 8.417742 10.780308 12.603485 13.626725 14.166921 13.039025 10.901443 10.00686 9.417624 7.168252 8.687017 8.362175 11.029572 12.836179 12.971088 11.722357 9.055393 7.614511 8.727076 6.067212 6.84691 10.193258 13.001319 14.484393 14.345207 16.910831 15.051642 12.174502 15.001083 17.042962 14.639613 12.970811 15.420065 18.104812 21.888436 
18.196842 16.517362 14.815198 11.451488 11.896176 11.948835 8.595256 6.273178 3.769708 0.0 3.764873 5.38069 9.115413 10.767259 12.402142 12.724043 12.17949 11.707212 11.753129 10.288574 10.875405 9.128579 11.631106 12.186185 14.430189 16.18212 17.343811 17.926584 16.688612 14.253035 13.073889 11.599271 8.543041 8.368657 6.804517 8.377628 10.251285 9.845464 8.581655 6.770971 6.374196 9.028613 7.90082 7.82517 11.476278 13.838382 16.140904 16.781091 19.264693 17.016794 14.707588 17.922069 19.578417 16.986763 15.903914 18.689889 21.258283 24.968361 
21.516472 19.972631 18.492872 15.038515 15.218452 15.453622 12.263093 9.523871 6.554229 3.764873 0.0 3.788566 6.898732 7.79115 8.797004 9.21806 8.802691 9.105642 9.90974 9.675357 11.414854 10.829002 13.948071 14.434571 17.221133 18.665123 19.336304 20.220804 18.44684 15.719872 13.787803 11.34651 7.769717 6.006118 4.269465 5.005121 7.795172 8.321346 8.54487 7.507196 8.848183 11.713775 10.697542 9.346201 12.413213 13.832329 16.449806 17.552945 20.36207 18.363009 16.44324 19.829642 21.659346 19.461861 18.627204 21.190604 24.087683 27.760041 
23.18717 21.077902 19.308178 15.866411 16.91643 17.098835 13.519119 11.405586 9.080893 5.38069 3.788566 0.0 3.81036 5.847073 8.304852 9.729493 10.721848 11.280539 12.940819 12.667141 14.573953 13.811792 16.760231 17.432234 19.804032 21.399713 22.483938 23.206544 21.698361 18.968066 17.363485 15.01966 11.524335 9.454876 6.840639 5.570069 7.527403 6.461293 6.202416 6.900187 8.696233 12.270048 12.395768 11.339859 14.604178 16.047558 19.075608 20.52107 22.99113 20.562788 18.925063 22.435096 23.817514 21.272424 20.753691 23.682791 26.268437 29.88288 
26.94319 24.721289 22.841945 19.46407 20.692206 20.759376 17.093445 14.927573 12.769562 9.115413 6.898732 3.81036 0.0 3.808382 6.628655 9.311932 11.31658 12.7466 15.105868 15.545522 17.891455 17.458931 20.502046 21.042002 23.471302 24.854565 25.944109 26.86194 25.282992 22.524644 20.656223 17.990532 14.382179 11.667556 9.242645 6.437086 8.250106 7.052644 7.763201 9.770356 12.053477 15.736183 16.154565 14.880951 17.906012 18.892165 22.112855 23.819866 26.338788 23.929658 22.515443 26.085139 27.427348 24.928687 24.536586 27.465583 30.069839 33.668761 
28.269009 26.135365 24.717736 21.117905 22.026681 22.623112 19.187752 16.951943 14.149328 10.767259 7.79115 5.847073 3.808382 0.0 3.804465 6.051505 8.877968 10.396235 13.418462 14.433498 17.397921 17.774831 21.205311 22.114696 24.895065 26.454401 27.041375 27.807984 25.748512 22.65264 20.616825 17.52118 14.163084 10.869827 8.242721 4.584332 5.642849 5.669565 8.186092 10.001116 13.130853 16.509487 16.946939 14.854119 17.243847 17.474005 20.872744 23.027469 25.537504 23.263695 22.335117 26.019919 27.318025 25.184407 25.173464 27.987434 30.828008 34.312031 
29.936151 28.210956 26.93268 23.327834 23.685063 24.223889 20.995329 18.27729 15.272522 12.402142 8.797004 8.304852 6.628655 3.804465 0.0 3.879509 6.559918 9.230995 12.298688 14.270015 17.486748 18.377294 21.938205 22.571684 25.707323 26.928661 27.112022 28.187345 25.829678 22.766338 20.23148 16.792453 13.535544 9.863686 8.38778 4.888462 6.897261 8.6632 11.566586 12.643288 15.727711 18.822092 18.61255 16.172659 18.130089 17.845456 20.973878 23.052013 25.893667 24.097731 23.149667 26.72302 28.392425 26.646822 26.462892 28.916481 32.049327 35.556416 
28.936013 27.392239 26.608983 22.903949 22.875197 23.929617 21.067581 18.470223 15.037859 12.724043 9.21806 9.729493 9.311932 6.051505 3.879509 0.0 3.793495 5.908566 9.395168 11.699995 15.267555 16.855828 20.601069 21.650731 24.97927 26.462322 26.17291 26.948987 24.212491 20.89804 18.415661 14.801805 12.102796 8.394064 6.938976 4.438909 5.272205 8.492897 11.849303 12.084202 15.372659 17.90962 17.556638 14.543976 15.780308 14.868003 17.967856 20.330454 23.09612 21.498911 20.949106 24.505165 26.130024 24.774843 24.890344 27.163211 30.448248 33.793027 
27.367203 26.31439 25.710692 22.11583 21.465313 22.47866 19.998807 17.13709 13.631016 12.17949 8.802691 10.721848 11.31658 8.877968 6.559918 3.793495 0.0 3.762303 6.331499 9.312771 12.757463 14.664587 18.358265 19.182631 22.732264 23.994799 23.326009 24.256353 21.330296 18.12655 15.326305 11.580986 9.175855 5.586971 5.819687 5.45671 7.202467 10.729475 13.56125 12.779484 15.528137 17.581628 16.431239 13.360276 14.251404 13.246463 15.800177 17.764772 20.860791 19.757468 18.949287 22.274909 24.306696 23.283956 23.088544 24.963011 28.450156 31.802454 
24.982189 23.936742 23.774339 20.149418 19.343208 20.906878 18.768495 16.365435 12.660723 11.707212 9.105642 11.280539 12.7466 10.396235 9.230995 5.908566 3.762303 0.0 3.793477 6.294086 10.039348 12.43671 16.211088 17.668579 21.147549 22.889384 22.016561 22.406666 19.30515 15.809268 13.48363 9.892408 8.245075 5.513786 4.968194 6.30965 6.544652 10.162936 12.727736 11.165736 13.812262 15.239985 14.160609 10.69344 10.93816 9.566379 12.277949 14.59417 17.448698 16.256462 15.8206 19.206771 21.009226 20.169002 20.343669 22.229083 25.70029 28.886068 
22.81966 22.323849 22.409099 19.014771 17.525377 19.099678 17.524433 15.087529 11.530856 11.753129 9.90974 12.940819 15.105868 13.418462 12.298688 9.395168 6.331499 3.793477 0.0 3.826167 7.098679 9.955871 13.535563 14.875729 18.489963 20.112384 18.825957 19.215185 15.915463 12.500093 9.986993 6.378432 5.795733 4.809071 6.118449 8.930235 9.704563 12.900168 14.742972 12.369836 14.134516 14.849276 12.907815 9.630646 9.327581 8.103956 9.848056 11.517332 14.753503 14.134686 13.326268 16.38954 18.632968 18.160262 17.980835 19.406456 23.050037 26.215919 
19.204222 18.6424 18.963196 15.614091 14.0417 16.007922 14.730848 12.875694 9.426905 10.288574 9.675357 12.667141 15.545522 14.433498 14.270015 11.699995 9.312771 6.294086 3.826167 0.0 3.807397 6.72024 10.348237 12.352404 15.694814 17.856193 16.75031 16.572202 13.427548 9.757649 8.152598 5.478638 5.542417 6.223917 6.421379 9.96853 10.242647 12.613239 13.57489 10.494663 11.526202 11.54754 9.455918 6.156176 5.629089 5.385524 7.215136 8.783432 11.813365 10.724036 9.697374 12.990633 15.064318 14.372585 14.295126 15.964257 19.498063 22.673846 
15.986699 15.975335 16.576233 13.629841 11.324375 13.383141 12.911272 11.476328 8.72301 10.875405 11.414854 14.573953 17.891455 17.397921 17.486748 15.267555 12.757463 10.039348 7.098679 3.807397 0.0 3.798165 6.893358 9.176165 12.378445 14.719722 13.420279 12.890765 9.750171 6.017446 5.227847 4.450854 6.097949 8.572649 9.254682 13.011461 13.525656 15.326087 15.494252 11.992339 11.806551 10.879608 7.888151 5.76381 4.880148 6.219998 6.281833 6.212288 9.441553 8.700653 6.669929 9.636813 12.182704 11.623493 10.997101 12.330318 15.961827 19.198086 
13.054544 12.996105 13.166281 10.366439 7.910097 9.621787 9.257989 8.127042 6.123972 9.128579 10.829002 13.811792 17.458931 17.774831 18.377294 16.855828 14.664587 12.43671 9.955871 6.72024 3.798165 0.0 3.80675 6.182957 9.108026 11.728468 11.22051 10.678857 8.437852 5.351408 5.545431 6.243331 6.811982 9.719439 10.107056 13.750885 14.640261 15.649978 14.960666 11.404112 10.11424 9.012467 5.2697 5.141124 6.186039 9.040637 9.217493 8.352171 10.980982 9.732088 6.581966 9.315101 11.841786 10.382804 8.864479 10.67659 14.019269 17.604128 
9.957912 10.797925 11.23853 9.388106 5.912122 7.419974 8.587611 8.444892 8.110149 11.631106 13.948071 16.760231 20.502046 21.205311 21.938205 20.601069 18.358265 16.211088 13.535563 10.348237 6.893358 3.80675 0.0 3.788123 5.750858 8.864781 8.465508 7.230555 5.867929 4.240568 6.335337 8.781288 9.937644 13.206896 13.78883 17.351753 18.299893 18.987424 17.818981 14.270278 12.159445 10.32871 6.52883 8.09757 8.773175 11.841419 11.100499 9.078381 11.042845 10.22771 6.444486 7.746354 10.505265 9.058857 6.346015 7.643204 10.832674 14.552957 
11.375418 12.733652 12.414036 11.122737 7.809778 7.389377 8.672966 7.758961 8.417742 12.186185 14.434571 17.432234 21.042002 22.114696 22.571684 21.650731 19.182631 17.668579 14.875729 12.352404 9.176165 6.182957 3.788123 0.0 3.817259 5.583241 5.492272 5.876617 5.49683 5.761157 6.550971 9.292847 10.151078 13.67544 14.954813 18.36098 19.998566 20.757091 19.6099 16.355612 14.227866 13.075865 9.214415 10.917804 12.096977 14.920711 14.147477 11.826606 14.175522 13.854472 10.073858 10.771266 13.810686 12.512104 9.273878 9.751214 12.595954 16.315749 
8.772803 10.770027 10.402228 10.303957 6.977245 5.70049 8.472112 8.976877 10.780308 14.430189 17.221133 19.804032 23.471302 24.895065 25.707323 24.97927 22.732264 21.147549 18.489963 15.694814 12.378445 9.108026 5.750858 3.817259 0.0 3.885146 5.445336 4.77648 6.802823 8.298452 10.079832 13.045507 13.842744 17.236521 18.149314 21.425795 22.904705 23.201029 21.54022 18.351445 15.604656 14.00903 10.59268 13.198122 14.433523 17.591954 16.658059 14.109472 15.692122 15.253604 11.488305 11.367809 13.888595 12.332176 8.612587 8.823293 10.645212 14.299982 
12.082213 14.297895 13.495223 13.640477 10.666769 8.550168 10.788974 10.478102 12.603485 16.18212 18.665123 21.399713 24.854565 26.454401 26.928661 26.462322 23.994799 22.889384 20.112384 17.856193 14.719722 11.728468 8.864781 5.583241 3.885146 0.0 3.870676 5.686362 8.141185 10.443211 11.317116 14.258668 14.963455 18.410109 19.903619 23.040861 25.018766 25.501601 24.010621 21.036611 18.484419 17.386471 13.86585 16.199704 17.547841 20.451125 19.416105 16.669303 18.622773 18.620047 14.837063 14.52951 17.358351 16.116664 12.369517 11.975661 13.643207 17.002972 
13.295793 15.883541 15.831433 15.572046 12.062283 11.032522 13.209874 12.472269 13.626725 17.343811 19.336304 22.483938 25.944109 27.041375 27.112022 26.17291 23.326009 22.016561 18.825957 16.75031 13.420279 11.22051 8.465508 5.492272 5.445336 3.870676 0.0 3.787208 5.336815 8.356143 9.18397 12.570769 14.163682 17.865781 19.798895 23.203912 25.078417 26.086563 25.056611 21.832471 19.689557 18.361827 14.56333 16.198205 16.779133 19.185944 17.582196 14.459509 16.570193 17.28595 13.669385 12.941302 16.22991 15.800091 12.231945 10.999972 13.302708 16.454538 
10.36325 13.352575 14.060901 14.072974 10.30156 10.170727 13.009391 13.168884 14.166921 17.926584 20.220804 23.206544 26.86194 27.807984 28.187345 26.948987 24.256353 22.406666 19.215185 16.572202 12.890765 10.678857 7.230555 5.876617 4.77648 5.686362 3.787208 0.0 3.898456 7.216938 9.547438 13.235369 15.19974 18.903785 20.331894 23.901595 25.243091 26.081913 24.857349 21.406478 19.029831 17.027313 13.462498 15.310173 15.4086 17.958505 16.042549 12.733306 14.10594 14.816131 11.338292 9.928371 12.95119 12.735357 9.170532 7.397488 9.587126 12.69773 
12.209643 14.593767 15.53852 14.63216 10.798632 11.544811 13.598967 13.097151 13.039025 16.688612 18.44684 21.698361 25.282992 25.748512 25.829678 24.212491 21.330296 19.30515 15.915463 13.427548 9.750171 8.437852 5.867929 5.49683 6.802823 8.141185 5.336815 3.898456 0.0 3.807054 6.162422 9.9596 12.514393 16.229617 17.861948 21.56412 22.774865 24.060088 23.325279 19.765805 17.960565 16.068882 12.337905 13.256851 12.78496 14.831915 12.697409 9.315921 11.292131 12.38516 9.056415 8.0967 11.704123 11.982512 9.043816 7.507497 10.829986 13.934829 
12.784641 14.239423 15.224967 13.464009 9.934225 11.505262 12.713406 11.94 10.901443 14.253035 15.719872 18.968066 22.524644 22.65264 22.766338 20.89804 18.12655 15.809268 12.500093 9.757649 6.017446 5.351408 4.240568 5.761157 8.298452 10.443211 8.356143 7.216938 3.807054 0.0 3.775202 7.095711 9.76183 13.273084 14.610036 18.373615 19.290687 20.719226 20.237831 16.618204 15.238096 13.450692 9.783987 9.920315 9.145823 11.078083 9.228638 6.303696 8.945758 9.561834 6.263912 6.764987 10.371522 10.441694 8.308944 8.022333 11.807254 15.053673 
15.984153 17.083867 17.486159 15.296324 12.157535 13.150494 13.483534 11.63846 10.00686 13.073889 13.787803 17.363485 20.656223 20.616825 20.23148 18.415661 15.326305 13.48363 9.986993 8.152598 5.227847 5.545431 6.335337 6.550971 10.079832 11.317116 9.18397 9.547438 6.162422 3.775202 0.0 3.812975 6.792925 10.426815 12.533521 16.218818 17.641906 19.524274 19.5518 16.190197 15.444294 14.535651 10.798135 10.132525 9.808625 11.111434 9.870563 7.768532 11.264256 11.860531 8.972724 10.257828 13.761133 13.671525 11.725064 11.77546 15.521263 18.814178 
18.691409 19.128917 19.254879 16.494244 13.996357 15.073678 14.451757 12.024004 9.417624 11.599271 11.34651 15.01966 17.990532 17.52118 16.792453 14.801805 11.580986 9.892408 6.378432 5.478638 4.450854 6.243331 8.781288 9.292847 13.045507 14.258668 12.570769 13.235369 9.9596 7.095711 3.812975 0.0 3.78378 6.978619 9.448283 13.01727 14.558109 16.881727 17.507516 14.440946 14.561833 14.409292 11.102401 9.330795 9.220434 9.756877 9.554601 8.889468 12.635156 12.770978 10.540193 12.74062 15.85764 15.542335 14.206236 14.894279 18.649586 21.968455 
19.603743 19.433117 18.924549 15.861497 14.094502 14.735733 13.184657 10.217186 7.168252 8.543041 7.769717 11.524335 14.382179 14.163084 13.535544 12.102796 9.175855 8.245075 5.795733 5.542417 6.097949 6.811982 9.937644 10.151078 13.842744 14.963455 14.163682 15.19974 12.514393 9.76183 6.792925 3.78378 0.0 3.776529 6.461609 9.820553 11.977625 14.125751 14.788362 12.154229 12.614001 13.412604 10.474366 8.666463 9.904391 10.793918 11.812589 11.885628 15.415095 14.754382 12.47806 15.220765 18.004913 16.965679 15.642564 17.023232 20.561584 24.10823 
22.478727 21.788321 21.086714 17.715537 16.620718 17.333078 15.136495 12.097092 8.687017 8.368657 6.006118 9.454876 11.667556 10.869827 9.863686 8.394064 5.586971 5.513786 4.809071 6.223917 8.572649 9.719439 13.206896 13.67544 17.236521 18.410109 17.865781 18.903785 16.229617 13.273084 10.426815 6.978619 3.776529 0.0 3.834089 6.501651 9.023506 11.604943 13.026739 11.11428 12.632242 14.25326 12.173095 9.737623 11.19134 11.419413 13.362045 14.364724 17.73016 16.702671 15.003583 18.132801 20.547833 19.342833 18.499563 20.247621 23.718007 27.239309 
22.093173 20.747447 19.999857 16.36563 16.018841 17.093888 14.4734 11.991185 8.362175 6.804517 4.269465 6.840639 9.242645 8.242721 8.38778 6.938976 5.819687 4.968194 6.118449 6.421379 9.254682 10.107056 13.78883 14.954813 18.149314 19.903619 19.798895 20.331894 17.861948 14.610036 12.533521 9.448283 6.461609 3.834089 0.0 3.781763 5.605056 7.856583 9.342449 7.636564 9.856629 11.954927 10.871594 8.148646 10.114028 10.530571 13.361559 15.045149 17.894112 16.114985 14.825608 18.360207 20.162822 18.528497 18.225789 20.566368 23.774651 27.248932 
25.206463 23.508157 22.459098 18.789693 19.010248 19.864017 16.818495 14.342448 11.029572 8.377628 5.005121 5.570069 6.437086 4.584332 4.888462 4.438909 5.45671 6.30965 8.930235 9.96853 13.011461 13.750885 17.351753 18.36098 21.425795 23.040861 23.203912 23.901595 21.56412 18.373615 16.218818 13.01727 9.820553 6.501651 3.781763 0.0 3.835878 6.022013 8.445026 8.367633 11.325947 14.144022 13.80698 11.28542 13.384313 13.518304 16.677784 18.669197 21.387292 19.4208 18.374706 21.990371 23.576201 21.762331 21.624059 24.158115 27.240062 30.717463 
25.480679 23.463774 22.7996 19.023032 19.517591 20.98424 18.082883 16.245635 12.836179 10.251285 7.795172 7.527403 8.250106 5.642849 6.897261 5.272205 7.202467 6.544652 9.704563 10.242647 13.525656 14.640261 18.299893 19.998566 22.904705 25.018766 25.078417 25.243091 22.774865 19.290687 17.641906 14.558109 11.977625 9.023506 5.605056 3.835878 0.0 3.832903 7.175104 7.322497 10.955468 13.47871 13.975594 11.046731 12.601464 12.275295 15.8722 18.483504 20.690908 18.395728 18.056912 21.81191 22.859305 21.100012 21.636727 24.369118 27.315224 30.561302 
24.956009 22.445953 21.484382 17.78221 19.028153 20.373448 17.193274 15.892559 12.971088 9.845464 8.321346 6.461293 7.052644 5.669565 8.6632 8.492897 10.729475 10.162936 12.900168 12.613239 15.326087 15.649978 18.987424 20.757091 23.201029 25.501601 26.086563 26.081913 24.060088 20.719226 19.524274 16.881727 14.125751 11.604943 7.856583 6.022013 3.832903 0.0 3.793428 5.61211 9.280372 12.299862 13.690116 11.496939 13.695702 14.136712 17.819222 20.314444 22.168104 19.386316 18.958007 22.738162 23.392993 21.122182 21.751294 24.870744 27.429398 30.668556 
22.580222 19.747114 18.517631 14.954271 16.783285 17.983426 14.70156 14.031668 11.722357 8.581655 8.54487 6.202416 7.763201 8.186092 11.566586 11.849303 13.56125 12.727736 14.742972 13.57489 15.494252 14.960666 17.818981 19.6099 21.54022 24.010621 25.056611 24.857349 23.325279 20.237831 19.5518 17.507516 14.788362 13.026739 9.342449 8.445026 7.175104 3.793428 0.0 3.764316 6.556432 9.90065 11.902044 10.680092 13.489056 14.853343 18.335456 20.448626 22.028775 18.926442 18.190336 21.858631 22.26657 19.530961 20.057184 23.44279 25.619538 28.864462 
19.394595 16.83459 15.977705 12.246086 13.567751 15.16205 12.247186 11.671894 9.055393 6.770971 7.507196 6.900187 9.770356 10.001116 12.643288 12.084202 12.779484 11.165736 12.369836 10.494663 11.992339 11.404112 14.270278 16.355612 18.351445 21.036611 21.832471 21.406478 19.765805 16.618204 16.190197 14.440946 12.154229 11.11428 7.636564 8.367633 7.322497 5.61211 3.764316 0.0 3.806172 6.730648 8.368859 6.936184 9.850149 11.617615 14.892133 16.807939 18.379533 15.317584 14.43461 18.105077 18.628508 15.986405 16.468618 19.779849 22.092684 25.3565 
16.030064 13.306899 12.2162 8.526467 10.281301 11.783585 8.96738 9.295082 7.614511 6.374196 8.848183 8.696233 12.053477 13.130853 15.727711 15.372659 15.528137 13.812262 14.134516 11.526202 11.806551 10.11424 12.159445 14.227866 15.604656 18.484419 19.689557 19.029831 17.960565 15.238096 15.444294 14.561833 12.614001 12.632242 9.856629 11.325947 10.955468 9.280372 6.556432 3.806172 0.0 3.805945 5.823704 6.27838 9.700203 12.497356 15.124749 16.322835 17.642712 14.476266 13.02246 16.383031 16.804558 13.707988 13.823548 17.324231 19.268882 22.589869 
12.992381 10.254739 10.036053 6.402286 7.837187 10.346701 8.689683 9.988149 8.727076 9.028613 11.713775 12.270048 15.736183 16.509487 18.822092 17.90962 17.581628 15.239985 14.849276 11.54754 10.879608 9.012467 10.32871 13.075865 14.00903 17.386471 18.361827 17.027313 16.068882 13.450692 14.535651 14.409292 13.412604 14.25326 11.954927 14.144022 13.47871 12.299862 9.90065 6.730648 3.805945 0.0 3.957053 5.433428 8.008731 11.305199 13.309532 14.186689 14.896724 11.55552 10.194782 13.311255 13.30039 10.050212 10.548475 14.189315 15.907436 19.054998 
11.525693 9.899719 9.703764 6.185183 5.621402 8.041781 6.833522 7.433032 6.067212 7.90082 10.697542 12.395768 16.154565 16.946939 18.61255 17.556638 16.431239 14.160609 12.907815 9.455918 7.888151 5.2697 6.52883 9.214415 10.59268 13.86585 14.56333 13.462498 12.337905 9.783987 10.798135 11.102401 10.474366 12.173095 10.871594 13.80698 13.975594 13.690116 11.902044 8.368859 5.823704 3.957053 0.0 3.812086 6.623781 10.294848 11.580005 11.654213 13.034483 10.362413 7.905679 10.954915 11.985376 9.117819 8.440464 11.69356 14.02711 17.536032 
14.736336 13.299972 13.456605 9.896097 9.19189 11.623489 10.166274 9.65106 6.84691 7.82517 9.346201 11.339859 14.880951 14.854119 16.172659 14.543976 13.360276 10.69344 9.630646 6.156176 5.76381 5.141124 8.09757 10.917804 13.198122 16.199704 16.198205 15.310173 13.256851 9.920315 10.132525 9.330795 8.666463 9.737623 8.148646 11.28542 11.046731 11.496939 10.680092 6.936184 6.27838 5.433428 3.812086 0.0 3.846212 6.99882 9.093126 10.178029 11.965675 9.333807 7.739864 11.418939 12.582855 10.488187 10.594017 13.438071 16.275922 19.597583 
15.3314 14.404594 15.458496 12.268421 10.885681 13.884952 13.260542 12.908395 10.193258 11.476278 12.413213 14.604178 17.906012 17.243847 18.130089 15.780308 14.251404 10.93816 9.327581 5.629089 4.880148 6.186039 8.773175 12.096977 14.433523 17.547841 16.779133 15.4086 12.78496 9.145823 9.808625 9.220434 9.904391 11.19134 10.114028 13.384313 12.601464 13.695702 13.489056 9.850149 9.700203 8.008731 6.623781 3.846212 0.0 3.771288 5.440558 7.154462 8.612155 6.084467 5.61003 9.358503 10.379104 9.307594 10.214245 12.484541 15.549434 18.473372 
18.75034 17.986576 19.205122 16.015051 14.605719 17.552982 16.850251 16.094945 13.001319 13.838382 13.832329 16.047558 18.892165 17.474005 17.845456 14.868003 13.246463 9.566379 8.103956 5.385524 6.219998 9.040637 11.841419 14.920711 17.591954 20.451125 19.185944 17.958505 14.831915 11.078083 11.111434 9.756877 10.793918 11.419413 10.530571 13.518304 12.275295 14.136712 14.853343 11.617615 12.497356 11.305199 10.294848 6.99882 3.771288 0.0 3.834801 7.201787 8.681384 7.010476 7.974519 11.239375 12.187691 12.044495 13.343088 15.064758 18.265885 20.85527 
17.850163 17.869593 19.556312 16.846591 14.67018 17.672845 17.761473 17.150353 14.484393 16.140904 16.449806 19.075608 22.112855 20.872744 20.973878 17.967856 15.800177 12.277949 9.848056 7.215136 6.281833 9.217493 11.100499 14.147477 16.658059 19.416105 17.582196 16.042549 12.697409 9.228638 9.870563 9.554601 11.812589 13.362045 13.361559 16.677784 15.8722 17.819222 18.335456 14.892133 15.124749 13.309532 11.580005 9.093126 5.440558 3.834801 0.0 3.822788 5.333728 5.242577 6.41243 8.729411 10.108583 11.038245 12.141049 12.960491 16.311783 18.622098 
15.846037 16.670416 18.484907 16.281652 13.39618 16.138927 16.926978 16.412449 14.345207 16.781091 17.552945 20.52107 23.819866 23.027469 23.052013 20.330454 17.764772 14.59417 11.517332 8.783432 6.212288 8.352171 9.078381 11.826606 14.109472 16.669303 14.459509 12.733306 9.315921 6.303696 7.768532 8.889468 11.885628 14.364724 15.045149 18.669197 18.483504 20.314444 20.448626 16.807939 16.322835 14.186689 11.654213 10.178029 7.154462 7.201787 3.822788 0.0 3.821159 5.495182 5.036474 6.067081 8.571337 10.017866 10.206323 10.120611 13.706134 16.062841 
15.362966 16.185341 18.64262 16.812573 14.127248 17.320371 18.512027 18.699348 16.910831 19.264693 20.36207 22.99113 26.338788 25.537504 25.893667 23.09612 20.860791 17.448698 14.753503 11.813365 9.441553 10.980982 11.042845 14.175522 15.692122 18.622773 16.570193 14.10594 11.292131 8.945758 11.264256 12.635156 15.415095 17.73016 17.894112 21.387292 20.690908 22.168104 22.028775 18.379533 17.642712 14.896724 13.034483 11.965675 8.612155 8.681384 5.333728 3.821159 0.0 3.791341 5.336963 5.063037 6.04134 8.546519 9.809423 9.506941 12.447043 14.089028 
13.992151 13.920375 16.277874 14.123315 12.077155 15.609267 16.383074 16.914078 15.051642 17.016794 18.363009 20.562788 23.929658 23.263695 24.097731 21.498911 19.757468 16.256462 14.134686 10.724036 8.700653 9.732088 10.22771 13.854472 15.253604 18.620047 17.28595 14.816131 12.38516 9.561834 11.860531 12.770978 14.754382 16.702671 16.114985 19.4208 18.395728 19.386316 18.926442 15.317584 14.476266 11.55552 10.362413 9.333807 6.084467 7.010476 5.242577 5.495182 3.791341 0.0 3.812676 5.567967 5.320791 6.29747 8.454472 9.619089 12.271405 14.282089 
11.440856 11.761788 13.718816 11.624974 8.954987 12.211548 13.209772 13.647699 12.174502 14.707588 16.44324 18.925063 22.515443 22.335117 23.149667 20.949106 18.949287 15.8206 13.326268 9.697374 6.669929 6.581966 6.444486 10.073858 11.488305 14.837063 13.669385 11.338292 9.056415 6.263912 8.972724 10.540193 12.47806 15.003583 14.825608 18.374706 18.056912 18.958007 18.190336 14.43461 13.02246 10.194782 7.905679 7.739864 5.61003 7.974519 6.41243 5.036474 5.336963 3.812676 0.0 3.795211 5.557239 5.379452 5.730969 7.112488 10.340883 13.157954 
10.556385 12.008792 14.509679 13.334268 10.182705 13.164318 15.092902 15.851226 15.001083 17.922069 19.829642 22.435096 26.085139 26.019919 26.72302 24.505165 22.274909 19.206771 16.38954 12.990633 9.636813 9.315101 7.746354 10.771266 11.367809 14.52951 12.941302 9.928371 8.0967 6.764987 10.257828 12.74062 15.220765 18.132801 18.360207 21.990371 21.81191 22.738162 21.858631 18.105077 16.383031 13.311255 10.954915 11.418939 9.358503 11.239375 8.729411 6.067081 5.063037 5.567967 3.795211 0.0 3.782281 5.497626 5.245366 4.48529 7.723669 10.10447 
10.503389 11.347591 14.448845 13.520472 11.122808 14.542772 16.455424 17.840582 17.042962 19.578417 21.659346 23.817514 27.427348 27.318025 28.392425 26.130024 24.306696 21.009226 18.632968 15.064318 12.182704 11.841786 10.505265 13.810686 13.888595 17.358351 16.22991 12.95119 11.704123 10.371522 13.761133 15.85764 18.004913 20.547833 20.162822 23.576201 22.859305 23.392993 22.26657 18.628508 16.804558 13.30039 11.985376 12.582855 10.379104 12.187691 10.108583 8.571337 6.04134 5.320791 5.557239 3.782281 0.0 3.788818 5.87803 6.022919 7.568183 9.038824 
8.18038 8.027586 10.990555 9.898147 8.013708 11.663158 13.335661 15.161124 14.639613 16.986763 19.461861 21.272424 24.928687 25.184407 26.646822 24.774843 23.283956 20.169002 18.160262 14.372585 11.623493 10.382804 9.058857 12.512104 12.332176 16.116664 15.800091 12.735357 11.982512 10.441694 13.671525 15.542335 16.965679 19.342833 18.528497 21.762331 21.100012 21.122182 19.530961 15.986405 13.707988 10.050212 9.117819 10.488187 9.307594 12.044495 11.038245 10.017866 8.546519 6.29747 5.379452 5.497626 3.788818 0.0 3.821457 6.269573 7.492707 9.862975 
5.739639 6.867549 9.316128 8.657757 5.607889 8.739634 11.088839 12.852025 12.970811 15.903914 18.627204 20.753691 24.536586 25.173464 26.462892 24.890344 23.088544 20.343669 17.980835 14.295126 10.997101 8.864479 6.346015 9.273878 8.612587 12.369517 12.231945 9.170532 9.043816 8.308944 11.725064 14.206236 15.642564 18.499563 18.225789 21.624059 21.636727 21.751294 20.057184 16.468618 13.823548 10.548475 8.440464 10.594017 10.214245 13.343088 12.141049 10.206323 9.809423 8.454472 5.730969 5.245366 5.87803 3.821457 0.0 3.772858 5.69829 9.167887 
6.998074 9.63688 12.139046 12.072547 8.653384 10.939825 13.804183 15.186049 15.420065 18.689889 21.190604 23.682791 27.465583 27.987434 28.916481 27.163211 24.963011 22.229083 19.406456 15.964257 12.330318 10.67659 7.643204 9.751214 8.823293 11.975661 10.999972 7.397488 7.507497 8.022333 11.77546 14.894279 17.023232 20.247621 20.566368 24.158115 24.369118 24.870744 23.44279 19.779849 17.324231 14.189315 11.69356 13.438071 12.484541 15.064758 12.960491 10.120611 9.506941 9.619089 7.112488 4.48529 6.022919 6.269573 3.772858 0.0 3.858522 7.120908 
5.600921 8.806695 11.76035 12.767048 9.982446 11.957019 15.252689 17.336255 18.104812 21.258283 24.087683 26.268437 30.069839 30.828008 32.049327 30.448248 28.450156 25.70029 23.050037 19.498063 15.961827 14.019269 10.832674 12.595954 10.645212 13.643207 13.302708 9.587126 10.829986 11.807254 15.521263 18.649586 20.561584 23.718007 23.774651 27.240062 27.315224 27.429398 25.619538 22.092684 19.268882 15.907436 14.02711 16.275922 15.549434 18.265885 16.311783 13.706134 12.447043 12.271405 10.340883 7.723669 7.568183 7.492707 5.69829 3.858522 0.0 3.847849 
8.595542 11.508172 14.729118 16.068225 13.63675 15.615292 18.945632 21.159447 21.888436 24.968361 27.760041 29.88288 33.668761 34.312031 35.556416 33.793027 31.802454 28.886068 26.215919 22.673846 19.198086 17.604128 14.552957 16.315749 14.299982 17.002972 16.454538 12.69773 13.934829 15.053673 18.814178 21.968455 24.10823 27.239309 27.248932 30.717463 30.561302 30.668556 28.864462 25.3565 22.589869 19.054998 17.536032 19.597583 18.473372 20.85527 18.622098 16.062841 14.089028 14.282089 13.157954 10.10447 9.038824 9.862975 9.167887 7.120908 3.847849 0.0 

