0.0 3.813242 6.445161 9.270538 11.598758 9.99712 9.734131 13.311519 14.435904 13.468828 14.961054 17.948207 19.123447 21.89438 24.157081 25.649926 27.907622 30.361034 30.410574 29.422864 30.908623 32.814283 32.449317 30.04722 27.639592 25.288136 25.433001 24.498889 21.792252 20.031317 19.87122 18.900608 16.055285 14.794605 15.775912 18.116176 16.239296 16.724554 18.675686 20.364273 18.83361 22.206601 22.258911 20.625997 22.171774 21.949714 23.555644 25.91553 26.186013 24.866087 21.494854 23.752448 25.833114 23.011458 21.524108 25.151416 25.285258 23.60211 26.982437 29.169557 30.462353 28.87101 29.146612 28.047298 25.072993 25.972901 24.45132 26.663703 24.209421 25.844289 23.108382 23.862852 25.774446 28.042264 28.793327 32.442823 32.929938 32.228844 29.729038 29.711053 27.231208 26.854508 26.052672 24.962595 25.984752 26.444796 30.150328 32.088213 32.405965 28.689732 27.464191 24.373847 24.037838 26.559973 25.014962 27.542973 27.198349 29.786282 29.440877 30.782917 31.127262 32.163391 32.568534 31.504219 30.055258 26.35424 24.977998 21.46366 19.843021 18.960264 17.342967 16.392107 18.163697 18.654689 19.44404 17.863685 17.365543 14.456196 16.427884 19.398382 22.071648 25.058977 27.639382 31.314181 
3.813242 0.0 3.82204 6.481194 8.219636 6.244863 6.138262 9.714761 10.633927 9.927314 11.634551 14.382838 15.388576 18.25832 20.446691 22.113271 24.347662 26.688857 26.839017 26.054868 27.676289 29.777505 29.608281 27.393404 24.72003 22.515407 23.066277 21.995975 18.986296 17.550894 17.833643 16.581412 13.402742 12.897225 13.810949 16.72779 15.517001 16.608007 18.056736 19.060328 17.118306 20.390251 19.905084 17.817469 18.953762 18.465145 19.867744 22.178355 22.376758 21.084796 17.737453 20.109394 22.109665 19.298646 17.976992 21.676348 21.848886 20.450964 23.887698 25.951471 27.380282 26.091815 26.482946 25.709668 22.774647 23.843098 22.784491 24.978896 22.455578 23.797601 20.817969 21.176994 22.74532 24.808177 25.316663 28.950958 29.293132 28.578831 26.009787 26.015842 23.662225 23.49532 22.959081 22.168853 23.571679 24.452949 28.194767 30.466021 30.857132 27.250478 26.503316 23.671914 23.409271 25.478988 23.539765 25.67019 24.913931 27.230214 26.537728 27.687101 27.77135 28.704651 28.974425 27.984227 26.566584 22.91882 21.786031 18.322102 17.087129 16.206427 15.073331 14.451287 16.203645 16.218415 16.817584 14.763998 14.077354 11.43996 13.521716 16.301168 19.284242 22.090218 24.4178 28.082518 
6.445161 3.82204 0.0 3.810795 5.385915 5.135279 6.133449 8.619599 9.915719 10.611958 12.147661 14.065572 14.959462 18.257957 20.036362 22.234496 24.470133 26.39375 26.772923 26.446782 28.442348 30.778863 30.745281 28.907868 25.95252 23.805272 24.902746 23.894793 20.551665 19.351056 20.23618 18.889956 15.418905 15.573211 16.026694 19.301032 18.617116 19.648265 20.605505 21.218279 18.736969 21.596876 20.557734 18.243735 18.832475 18.346289 19.131368 21.555419 21.215985 19.735903 16.127595 17.951846 19.968594 17.163076 15.309222 18.83771 19.065845 17.266115 20.57736 22.875668 24.390016 22.982059 23.675125 23.098096 20.491747 22.069805 20.99549 22.737761 19.86505 20.826654 17.672959 18.352571 19.903509 22.296322 22.90161 26.442304 27.158464 26.864022 24.595375 25.138005 23.077788 23.473162 23.073652 22.893464 24.455101 25.823165 29.602244 31.990684 32.72702 29.270307 28.850186 26.311696 26.309569 28.136193 25.840903 27.616155 26.395123 28.299645 27.314338 27.954291 27.720817 28.154567 27.963625 26.623776 24.767275 21.127735 19.67346 16.009202 14.380125 12.95739 11.467885 10.637168 12.448945 12.598431 13.138212 11.427105 11.246016 8.814901 11.645339 14.832637 17.689452 20.729111 23.050677 26.544026 
9.270538 6.481194 3.810795 0.0 3.803185 5.500797 5.095536 6.204103 8.719809 10.003663 10.466346 11.885906 13.399024 17.015734 18.956413 21.582953 23.348592 24.856287 24.954586 24.669868 27.056491 29.283502 29.054673 27.599077 24.610008 22.250758 23.745651 23.159432 19.636681 18.275649 19.830161 18.895001 15.165123 15.581121 15.193229 18.658306 18.666384 19.52702 19.776501 19.929553 16.969791 19.357576 17.953413 15.696478 16.145336 16.123134 16.855814 19.696016 19.44096 18.464605 14.950792 16.751614 18.129407 14.92132 13.333844 16.750948 16.347605 14.564074 18.109113 20.045192 21.197153 19.685791 20.101213 19.423852 16.727696 18.301633 17.38843 19.164204 16.390912 17.427509 14.356067 14.780462 16.514498 18.892391 19.819509 23.450573 24.301638 23.952849 21.960117 22.723221 20.548248 21.064864 20.426651 20.586114 22.039009 23.720188 27.487993 29.884968 30.980378 27.707878 27.609562 25.467132 25.844709 27.381551 24.712841 26.156241 24.573985 26.154525 25.165918 25.442269 25.263725 25.402851 25.152176 23.516513 21.534987 17.828723 16.113192 12.440364 10.741333 9.826121 8.979471 9.383945 11.99331 12.050136 11.464509 9.37025 8.28758 5.242726 7.910821 11.281265 13.953386 17.113043 19.593981 23.046632 
11.598758 8.219636 5.385915 3.803185 0.0 3.809946 5.44127 5.162998 6.379715 8.843731 10.026074 10.533196 11.097862 14.707592 16.081175 18.863565 20.859684 22.256046 22.817062 23.017538 25.394361 27.993533 28.224725 26.914692 23.618 21.74258 23.593089 22.590502 18.909324 18.279465 19.982328 18.489519 14.837331 16.132836 16.12059 19.832212 20.137445 21.594218 21.771894 21.440107 18.43211 20.710042 18.773377 15.913171 15.517253 14.730576 14.745112 17.179943 16.437115 15.057635 11.415513 13.065176 14.745711 11.841303 10.017956 13.594763 13.769762 12.311385 15.719054 17.819229 19.53293 18.59215 19.555249 19.605101 17.294284 19.287902 18.997221 20.453738 17.511312 17.800798 14.306951 14.329344 15.215962 17.37714 17.664088 21.152338 21.840636 21.721584 19.572294 20.481933 18.795367 19.82008 19.848567 20.452086 22.486111 24.561863 28.23762 30.983718 31.960961 28.829282 29.111745 27.104633 27.318634 28.479957 25.67942 26.74061 24.843239 26.105109 24.582355 24.643996 23.917305 23.895123 23.269236 21.827065 19.792534 16.278806 15.058705 11.47104 10.468089 8.868077 8.562095 8.745822 10.493622 9.692826 9.403182 6.680199 6.181471 4.942253 8.266498 11.031085 14.153515 16.875314 18.727955 22.042117 
9.99712 6.244863 5.135279 5.500797 3.809946 0.0 3.7977 5.415574 5.08626 6.283155 8.617087 10.005231 10.14206 13.294768 14.939758 17.115253 19.417409 21.402673 21.987792 21.877063 23.791782 26.387294 26.737077 25.00397 21.785604 20.081516 21.521791 20.136359 16.620927 16.148935 17.304399 15.456615 11.982383 13.265634 13.980911 17.605268 17.576342 19.450457 20.060368 19.874354 17.326374 20.087066 18.494403 15.519026 15.428425 14.174734 14.692734 16.747822 16.448652 14.954512 11.51784 13.909505 15.916619 13.291366 12.078204 15.858584 16.349845 15.490253 18.838144 20.7928 22.641085 22.003498 22.83353 22.853878 20.281974 21.856025 21.665931 23.523702 20.826843 21.365337 17.954085 17.661445 18.353193 20.064188 19.962814 23.456005 23.607748 23.086763 20.437253 20.695088 18.857431 19.416004 19.622897 19.685087 21.87472 23.617585 27.278021 30.09741 30.639308 27.363607 27.477441 25.19805 25.052977 26.286476 23.763687 25.04264 23.481917 25.102195 23.620598 24.220524 23.591422 24.1423 23.911834 23.019586 21.514698 18.072545 17.450072 14.14043 13.722504 12.537328 12.354829 12.187737 13.468943 12.471516 12.841324 9.988954 9.322066 8.068038 10.576744 12.783879 16.267886 18.624872 20.277369 23.771755 
9.734131 6.138262 6.133449 5.095536 5.44127 3.7977 0.0 3.804296 5.368394 5.150424 6.018476 8.33457 9.796196 13.013697 15.473746 17.619536 19.334378 21.291272 21.211649 20.55645 22.603886 24.777672 24.637131 22.903095 19.942352 17.72068 19.029869 18.186701 14.710938 13.525774 14.935347 13.82174 10.089808 10.845203 10.820283 14.466978 14.705865 16.294039 16.566964 16.347037 13.672072 16.447896 15.08822 12.435128 13.027396 12.511413 13.880456 16.487374 16.930667 16.26241 13.18427 15.967603 17.24225 14.107976 13.615948 17.347257 17.039354 16.365453 20.018248 21.457493 22.73579 21.906039 22.094575 21.645416 18.641486 19.635065 19.420887 21.749585 19.49603 20.604809 17.574059 16.963714 18.073459 19.567517 19.893398 23.591533 23.638403 22.644749 20.052942 20.020855 17.589029 17.579853 17.17146 16.869121 18.674474 20.227766 23.953604 26.612824 27.277255 23.965657 24.015937 21.827058 21.923557 23.195948 20.566125 21.95067 20.478417 22.267328 21.197495 21.959694 21.856768 22.612773 22.855135 21.895083 20.655901 17.055644 16.324285 13.177881 12.897167 12.756463 13.06981 13.76597 15.833536 15.113723 14.677972 11.611998 9.7199 7.443962 8.725369 10.753553 14.127684 16.498395 18.516665 22.199836 
13.311519 9.714761 8.619599 6.204103 5.162998 5.415574 3.804296 0.0 3.807043 5.560227 5.204984 5.716455 7.455473 11.123379 13.39094 16.127671 17.454902 18.856885 18.771392 18.50874 21.010965 23.325215 23.288097 22.091868 18.889838 16.786215 18.801137 18.151705 14.426125 13.63175 15.85381 14.836276 11.098678 12.687656 12.011237 15.809471 16.868049 18.510012 18.080801 17.128113 13.978017 16.039949 13.871351 10.81682 10.507368 9.977924 10.786657 13.6933 13.950442 13.653301 10.709837 13.391957 14.080265 10.686707 10.607666 14.196837 13.530311 13.234743 16.931075 18.017999 19.23297 18.682964 18.8934 18.794925 15.973238 17.189795 17.549575 19.668127 17.469922 18.192024 15.112633 13.941771 14.650869 15.885062 16.120998 19.832772 19.883359 18.936414 16.503417 16.799688 14.519541 15.029916 14.824832 15.289847 17.392305 19.580639 23.201466 26.07156 27.048487 24.054687 24.663554 22.989806 23.366211 24.121669 21.080305 21.8406 19.765022 20.945431 19.48897 19.665775 19.231098 19.537188 19.461355 18.29648 16.899975 13.307035 12.700373 9.691678 10.066074 10.270489 11.56544 13.033729 15.137411 14.052221 12.90192 9.412913 6.755676 5.32417 6.086972 7.529348 11.151405 13.291372 15.049293 18.649868 
14.435904 10.633927 9.915719 8.719809 6.379715 5.08626 5.368394 3.807043 0.0 3.80548 5.569475 5.480341 5.080944 8.470951 10.350407 12.87091 14.725159 16.486396 16.955452 17.005881 19.141437 21.861662 22.396845 21.040237 17.588006 16.167665 18.206022 16.838128 13.10247 13.266124 15.160545 13.32203 9.909119 12.357459 12.603687 16.382517 17.370715 19.673309 19.550501 18.414976 15.680228 17.92151 15.67168 12.181967 11.240246 9.38463 9.675093 11.713252 11.767851 10.927966 8.043811 11.239103 12.457492 9.723336 9.9117 13.619903 13.795388 14.10649 17.462118 18.654619 20.445015 20.498481 21.145294 21.579335 19.04409 20.402035 21.086243 23.057392 20.780196 21.078587 17.776463 16.425511 16.375063 17.197569 16.580022 20.041705 19.603492 18.660252 15.734635 15.692979 13.895388 14.616634 15.295765 15.794381 18.495978 20.72735 24.182793 27.339006 27.907538 24.968073 25.73662 23.986635 23.970987 24.483983 21.592161 22.173139 20.09887 21.219099 19.286289 19.638871 18.699361 19.251308 19.054079 18.501792 17.428831 14.22407 14.475443 11.874235 12.849009 12.4908 13.76322 14.638939 15.912096 14.269714 13.814057 10.169056 8.379859 8.34593 9.52289 10.198767 13.976908 15.462478 16.435401 19.875669 
13.468828 9.927314 10.611958 10.003663 8.843731 6.283155 5.150424 5.560227 3.80548 0.0 3.816414 5.882046 6.153678 8.495494 11.253565 12.858516 14.600116 16.974197 16.979563 16.255966 17.920951 20.309714 20.609952 18.742257 15.567383 13.950886 15.384379 13.914458 10.345686 10.202358 11.617948 9.785655 6.247874 8.605291 9.300028 12.9686 13.79427 16.375356 16.495239 15.497559 13.255056 15.971224 14.313408 11.052876 11.022585 9.316788 10.86904 12.765053 13.76212 13.338763 11.056966 14.573429 15.692566 13.068379 13.664845 17.316289 17.309917 17.729072 21.167113 22.170908 23.711011 23.677295 23.923859 23.982339 21.074443 21.8519 22.417186 24.852403 22.895257 23.691677 20.620864 19.21467 19.464695 20.071931 19.575246 23.073967 22.308223 20.856289 17.700655 16.90618 14.603834 14.363966 14.737068 14.330794 16.876253 18.573293 22.039612 25.126241 25.327489 22.205978 22.728113 20.744049 20.494626 21.120653 18.470472 19.382023 17.766514 19.423736 17.866919 18.935719 18.516338 19.777844 20.276706 20.132247 19.626374 16.461493 16.894128 14.515522 15.501213 15.6207 16.725136 17.543397 19.024742 17.61432 17.311562 13.755058 11.729253 10.816625 11.35087 11.808127 15.503561 16.807402 17.917996 21.525166 
14.961054 11.634551 12.147661 10.466346 10.026074 8.617087 6.018476 5.204984 5.569475 3.816414 0.0 3.790652 6.316931 8.807043 12.139447 14.053534 14.851894 16.743361 15.983238 14.854422 16.998149 18.940501 18.674382 17.156419 14.158515 11.861407 13.628987 13.071642 9.422915 8.435641 10.854849 10.224399 6.610285 8.522563 7.586716 11.352541 13.016576 15.16228 14.461149 12.960901 10.20774 12.504845 10.581463 7.327209 7.732314 7.090349 9.517012 12.222325 13.823257 14.356391 12.435072 15.879974 16.139762 13.042487 14.209262 17.616053 16.787225 17.377124 20.974724 21.443932 22.407854 22.262492 21.952385 21.71621 18.583806 18.882226 19.663217 22.361332 20.861519 21.965868 19.293601 17.501065 17.977372 18.301006 18.230163 21.846519 21.078991 19.25227 16.348731 15.481719 12.579642 11.906352 11.558638 11.118098 13.414588 15.314864 18.862364 21.904282 22.46997 19.464701 20.236987 18.663392 18.89527 19.292405 16.237948 16.903914 14.980493 16.493488 15.214127 16.125197 16.175312 17.396363 18.243698 17.871847 17.547679 14.300602 14.661839 12.660993 13.964511 14.998965 16.650447 18.223571 20.263622 19.027852 17.966451 14.333218 11.440816 10.182199 9.412919 9.13892 12.592395 13.679313 15.025807 18.742742 
17.948207 14.382838 14.065572 11.885906 10.533196 10.005231 8.33457 5.716455 5.480341 5.882046 3.790652 0.0 3.788081 6.689367 9.677846 12.270611 12.671858 13.916133 13.298555 12.835082 15.512602 17.793698 17.875466 17.034248 13.674319 11.869131 14.519558 13.967088 10.208016 10.18786 13.164134 12.356323 9.22248 11.842553 10.779089 14.331903 16.452169 18.618277 17.50611 15.461259 12.482673 13.878972 11.05382 7.316159 5.790366 4.294194 5.88651 8.937898 10.415738 11.431787 9.954045 13.277921 12.915633 9.846858 11.716015 14.766103 13.77813 14.991269 18.382161 18.471047 19.497994 19.834098 19.678919 19.97007 17.207709 17.796587 19.196911 21.540281 20.065111 20.641951 17.943009 15.63645 15.439256 15.271367 14.800928 18.30774 17.349564 15.514949 12.582248 11.945063 9.28745 9.465048 9.824946 10.612268 13.466803 16.129794 19.40612 22.696228 23.51387 20.939503 22.294088 21.230506 21.629771 21.503915 18.181391 18.095508 15.502835 16.154997 14.184795 14.307456 13.680648 14.378358 14.781759 14.379115 14.031406 10.965201 11.910928 10.444076 12.600246 13.752206 16.083808 18.01118 19.826522 18.245515 16.818405 13.050803 9.998157 9.946794 8.888126 7.528503 11.051928 11.502766 12.152353 15.713942 
19.123447 15.388576 14.959462 13.399024 11.097862 10.14206 9.796196 7.455473 5.080944 6.153678 6.316931 3.788081 0.0 3.8121 6.173684 8.967792 10.036719 11.550801 11.881431 12.178859 14.50015 17.412682 18.291034 17.40301 13.717969 12.918448 15.605941 14.203804 10.516753 11.715636 14.194982 12.450463 9.805433 13.131894 13.038924 16.509467 18.370883 21.011641 20.287223 18.274229 15.68016 17.230515 14.446786 10.650597 8.527924 5.426317 5.181963 6.793671 7.735926 8.157782 7.007225 10.673813 10.732338 8.486006 10.526969 13.523145 13.425659 15.054788 18.05391 18.355079 20.024719 20.874146 21.312537 22.169499 19.811146 20.828231 22.348059 24.36242 22.593524 22.663141 19.649218 17.398849 16.533951 16.203265 14.876079 18.04124 16.728535 15.16142 11.786317 11.035392 9.386965 10.292516 11.879101 12.905689 16.221396 18.888333 21.925426 25.410732 25.890407 23.416666 24.869839 23.708583 23.744526 23.456945 20.343521 20.091457 17.526124 17.991275 15.44694 15.54571 14.109146 14.802215 14.731772 14.888297 14.625541 12.066987 13.609735 12.262025 14.554941 14.93763 17.143964 18.577113 19.702055 17.689256 16.791473 13.0128 10.785598 11.689956 11.576247 10.462586 14.000338 14.190479 14.085804 17.259419 
21.89438 18.25832 18.257957 17.015734 14.707592 13.294768 13.013697 11.123379 8.470951 8.495494 8.807043 6.689367 3.8121 0.0 3.78836 5.618353 6.365799 8.488256 8.990744 9.368146 11.187386 14.41471 15.86692 14.99657 11.200061 11.394867 14.118014 12.231228 8.989756 11.337307 13.557698 11.552633 10.004445 13.715376 13.987597 16.967447 19.037046 22.048171 21.297452 18.961163 16.901336 18.280007 15.598728 11.93926 9.631463 5.868054 5.569765 5.090194 7.100482 8.090384 8.534423 12.122616 11.948267 10.694406 13.246648 15.762713 15.899578 18.064197 20.712766 20.701456 22.42506 23.717619 24.124637 25.17342 22.906245 23.679438 25.490937 27.576509 26.03104 26.038337 23.131848 20.635607 19.41091 18.510648 16.680979 19.402929 17.398231 15.432179 11.711379 9.933006 8.748718 9.319957 11.789476 12.671489 16.332525 18.905699 21.516817 25.183487 25.264934 23.069465 24.814875 23.862553 23.659183 22.890526 19.943616 19.265107 16.709676 16.933947 13.980425 14.343803 12.537101 13.802102 14.056429 15.173367 15.734862 13.904365 16.167489 15.451571 18.085927 18.569891 20.868993 22.217734 23.090336 20.897731 20.193662 16.478002 14.445635 15.497301 15.176705 13.599078 16.871097 16.374907 15.590151 18.408273 
24.157081 20.446691 20.036362 18.956413 16.081175 14.939758 15.473746 13.39094 10.350407 11.253565 12.139447 9.677846 6.173684 3.78836 0.0 3.811206 5.393864 6.944265 9.013401 10.725783 12.268974 15.907483 17.994168 17.472735 13.705708 14.590597 17.362039 15.210114 12.346836 15.018586 17.008723 14.652028 13.37707 17.14466 17.692205 20.676124 22.598448 25.693804 25.059837 22.746416 20.657355 21.926827 19.067485 15.391758 12.644078 8.889788 6.983189 4.666184 4.979047 5.280659 7.070663 10.089832 9.992826 9.985225 12.557389 14.500108 15.315044 17.820745 19.904076 19.936718 22.109717 23.860972 24.75687 26.319797 24.502159 25.68366 27.647233 29.347414 27.597595 27.101621 24.054933 21.58189 19.78746 18.730655 16.253807 18.453186 16.241448 14.763172 11.04767 9.663254 9.954622 11.523976 14.539694 15.936703 19.671212 22.408871 24.831894 28.554058 28.626981 26.613243 28.479861 27.576968 27.288167 26.423504 23.552277 22.687322 20.042593 19.889567 16.601419 16.493697 13.962644 14.67272 14.132997 15.483647 15.909502 14.651829 17.196581 16.682015 19.405721 19.408781 21.708311 22.810419 23.120148 20.626734 20.177981 16.709103 15.346763 17.155307 17.28321 15.775385 18.934828 18.306397 17.014709 19.346483 
25.649926 22.113271 22.234496 21.582953 18.863565 17.115253 17.619536 16.127671 12.87091 12.858516 14.053534 12.270611 8.967792 5.618353 3.811206 0.0 3.794514 6.862034 9.08509 10.409211 10.72187 14.465657 17.051581 16.190768 12.657877 14.355868 16.624289 13.91179 11.781859 15.077287 16.415056 13.755866 13.471137 17.243611 18.310292 20.83784 22.628674 26.01813 25.605653 23.29696 21.769664 23.188139 20.692083 17.203548 14.844655 11.075454 10.017965 7.303093 8.325494 8.48127 10.397711 13.271978 13.48574 13.774744 16.187699 18.124356 19.101711 21.590121 23.620899 23.671295 25.855284 27.658877 28.482265 29.964008 28.013356 28.970376 30.915863 32.811656 31.144454 30.799175 27.754799 25.295879 23.570354 22.417127 19.888581 21.900979 19.400494 17.693299 13.958224 11.860836 12.173786 12.962664 16.121718 16.943064 20.696385 23.049107 25.183852 28.927867 28.513618 26.596082 28.448455 27.509432 26.882917 25.813018 23.309799 22.388143 20.101583 20.099599 16.822819 17.302732 14.884919 16.288155 16.262828 18.216701 19.148033 18.102908 20.776916 20.306053 22.990834 23.009694 25.140624 26.031278 26.229087 23.732429 23.60582 20.151716 18.86247 20.373026 20.496424 19.002339 22.193729 21.427156 20.065832 22.332339 
27.907622 24.347662 24.470133 23.348592 20.859684 19.417409 19.334378 17.454902 14.725159 14.600116 14.851894 12.671858 10.036719 6.365799 5.393864 3.794514 0.0 3.799035 5.474759 7.085943 7.549288 11.359335 14.108224 13.908378 10.479943 12.612883 15.26392 13.073881 11.341714 14.723388 16.506795 14.552261 14.516037 18.194508 18.655408 20.890118 23.211336 26.457957 25.549942 22.804624 21.32788 22.164941 19.523489 16.307507 13.700313 10.205776 9.228396 6.085413 8.298445 9.971928 12.400659 15.131054 14.387893 14.562699 17.594774 19.174226 19.561443 22.434917 24.415707 23.876081 25.644232 27.648124 28.112033 29.592293 27.681932 28.298157 30.592707 32.551695 31.281176 30.994714 28.265986 25.422981 23.569626 21.874962 19.340192 21.138406 18.229187 15.974164 12.325101 9.493713 9.968524 10.53263 14.017252 15.097317 18.856663 21.364993 23.095445 26.880192 26.54607 25.050004 27.321795 26.883413 26.485109 24.943279 22.28559 20.786743 18.205773 17.623507 14.096676 14.307621 11.661189 13.254556 13.590286 16.072392 17.667592 17.130138 20.214317 20.393177 23.476877 24.036853 26.581969 27.935791 28.436286 25.982926 25.363117 21.826793 20.062737 21.575123 21.05027 18.926409 21.713691 20.330576 18.521174 20.456325 
30.361034 26.688857 26.39375 24.856287 22.256046 21.402673 21.291272 18.856885 16.486396 16.974197 16.743361 13.916133 11.550801 8.488256 6.944265 6.862034 3.799035 0.0 3.79376 7.180237 8.518123 12.024165 14.731672 15.477265 12.258853 14.285704 17.390823 15.813477 14.072854 17.139291 19.40452 17.842334 17.495141 21.126261 21.087338 23.39355 26.010793 29.036883 27.761111 24.771915 23.002188 23.30387 20.293126 17.207367 14.068445 10.948871 9.070109 5.487926 7.320677 9.906491 12.965339 15.034927 13.43324 14.032539 17.436262 18.316967 18.451025 21.730374 23.314561 22.280869 23.878351 26.257237 26.713326 28.500068 26.964497 27.632219 30.272643 31.95281 30.860895 30.279986 27.775106 24.677835 22.421851 20.24587 17.437272 18.717759 15.474528 13.149037 9.799276 6.937875 8.675671 10.130948 13.893119 15.783528 19.465313 22.365164 23.855136 27.626952 27.654322 26.514903 29.112641 29.051613 28.952414 27.204414 24.307864 22.404175 19.416113 18.125478 14.354251 13.596053 10.269461 11.023181 10.767611 13.581739 15.455779 15.677391 19.118726 19.932348 23.319679 24.051467 26.933416 28.57996 29.064129 26.549583 25.565513 22.187138 20.396964 22.332999 21.545115 19.017492 21.350501 19.490368 17.08479 18.403145 
30.410574 26.839017 26.772923 24.954586 22.817062 21.987792 21.211649 18.771392 16.955452 16.979563 15.983238 13.298555 11.881431 8.990744 9.013401 9.08509 5.474759 3.79376 0.0 3.807277 6.127285 9.104396 11.364091 12.582606 9.593305 11.494338 14.79126 13.893133 12.441783 15.209855 17.769152 16.917817 16.698047 20.041325 19.485719 21.457179 24.43121 27.243937 25.594553 22.346707 20.70695 20.578509 17.639317 14.96242 12.011248 9.532222 8.640859 6.194897 9.279106 12.440563 14.952843 17.365254 15.459411 15.264015 18.866495 19.939873 19.387983 22.604661 24.502099 23.158282 24.205437 26.365829 26.275327 27.705293 25.934394 26.096656 28.851481 30.793138 30.101628 29.877386 27.681331 24.384713 22.439251 20.064672 17.744884 19.259409 16.016827 12.99908 9.847747 6.177866 6.762662 7.185761 10.900866 12.73294 16.265736 19.156125 20.376777 24.119291 24.227989 23.335647 26.157969 26.450653 26.56693 24.558195 21.559327 19.325227 16.180067 14.555987 10.746952 9.92096 6.70906 8.243252 9.172852 12.254351 14.749327 14.96361 18.434102 19.554685 23.058236 24.359884 27.417436 29.416302 30.359767 28.047221 26.705003 23.184814 20.841976 22.339796 20.951892 18.047306 20.054092 17.830227 15.416524 16.763593 
29.422864 26.054868 26.446782 24.669868 23.017538 21.877063 20.55645 18.50874 17.005881 16.255966 14.854422 12.835082 12.178859 9.368146 10.725783 10.409211 7.085943 7.180237 3.807277 0.0 3.790558 6.112713 7.84555 8.887104 5.987704 7.970602 11.181634 10.697505 9.74043 12.345162 14.857678 14.586183 14.760846 17.744989 16.987069 18.493434 21.637451 24.375064 22.595237 19.235163 17.990737 17.789044 15.248208 12.975653 10.75699 8.833426 9.528084 8.270916 11.905537 14.895851 16.780941 19.675834 18.031289 17.165584 20.637858 22.190729 21.347508 24.254204 26.567973 25.306511 26.068598 27.829026 27.335964 28.277792 26.095347 25.788562 28.382959 30.716297 30.252043 30.504432 28.434908 25.178014 23.739731 21.551321 19.772094 21.702747 18.702594 15.416238 12.35379 8.658412 7.496402 5.859477 8.982262 9.899407 13.321026 15.860652 16.938367 20.692252 20.571348 19.692777 22.550729 22.965798 23.086118 20.902913 17.968186 15.610077 12.578628 11.121928 7.402278 7.642679 5.69319 8.745024 10.954933 13.744203 16.370885 16.090364 19.250826 20.18626 23.531518 25.157138 28.11471 30.192936 31.483072 29.370612 27.986998 24.312592 21.607381 22.478299 20.773646 17.865476 19.846404 17.680731 15.757079 17.504345 
30.908623 27.676289 28.442348 27.056491 25.394361 23.791782 22.603886 21.010965 19.141437 17.920951 16.998149 15.512602 14.50015 11.187386 12.268974 10.72187 7.549288 8.518123 6.127285 3.790558 0.0 3.819939 6.992793 7.454587 5.30529 8.712327 10.887406 9.772044 10.006089 13.123925 14.78316 14.329586 15.437429 18.31101 18.104863 19.111621 22.031676 25.020001 23.530894 20.290585 19.687678 19.758316 17.746149 15.676328 13.97846 11.888703 12.758729 11.005452 14.41335 16.949261 18.980231 21.966128 20.701936 20.132056 23.462304 25.131653 24.631545 27.510048 29.804158 28.712088 29.667076 31.466887 31.068622 31.993102 29.72653 29.370994 31.845626 34.296496 33.779216 34.100808 31.916316 28.75783 27.340082 25.232942 23.314135 25.144151 22.01905 18.840126 15.723586 12.000751 11.232576 9.482093 12.198608 12.248992 15.400959 17.27279 17.956217 21.609381 20.832374 20.094961 22.864318 23.224085 22.949513 20.529705 18.122552 15.745999 13.378773 12.298989 9.059426 10.304281 8.952545 12.166209 14.378495 17.394921 20.070695 19.80887 22.942125 23.678957 26.910868 28.357817 31.131428 32.964152 34.099526 31.924224 30.857978 27.146963 24.616375 25.376196 23.893844 21.213289 23.376756 21.350581 19.533703 21.252325 
32.814283 29.777505 30.778863 29.283502 27.993533 26.387294 24.777672 23.325215 21.861662 20.309714 18.940501 17.793698 17.412682 14.41471 15.907483 14.465657 11.359335 12.024165 9.104396 6.112713 3.819939 0.0 3.796907 5.270498 5.316326 8.537908 10.020337 9.942532 11.213478 13.697429 15.18322 15.578899 17.05381 19.363198 18.792122 19.110796 22.236411 24.949351 23.165081 19.766848 19.655708 19.265364 17.708974 16.405063 15.290013 14.028094 15.462092 14.249103 17.809869 20.542375 22.4225 25.464423 24.033628 23.202213 26.583286 28.268974 27.429624 30.259039 32.657976 31.35806 31.953855 33.626097 32.848284 33.496605 31.107739 30.299973 32.808168 35.448329 35.29534 35.892086 33.986662 30.74409 29.547851 27.320205 25.716929 27.53702 24.42171 20.987714 18.222242 14.472975 13.294483 10.792691 12.644585 12.093031 14.534965 15.8858 15.818709 19.258169 18.231877 18.049457 21.07392 21.941408 21.788267 18.909073 16.733237 13.859963 11.779134 10.372058 7.818411 9.66278 9.490016 13.071238 15.951312 18.951233 21.94074 21.785229 24.81537 25.76487 28.980453 30.780631 33.615427 35.639541 37.038047 34.99642 33.744395 30.006991 27.208938 27.651786 25.794579 22.958392 24.758722 22.515662 20.790605 22.34221 
32.449317 29.608281 30.745281 29.054673 28.224725 26.737077 24.637131 23.288097 22.396845 20.609952 18.674382 17.875466 18.291034 15.86692 17.994168 17.051581 14.108224 14.731672 11.364091 7.84555 6.992793 3.796907 0.0 3.807553 5.493993 7.195992 8.31148 9.675263 11.181766 12.668722 14.33922 15.647389 16.982007 18.710701 17.549727 17.407514 20.786741 23.078207 20.909575 17.365947 17.495971 16.640822 15.480935 14.933444 14.493308 14.16468 16.262075 15.900209 19.630461 22.518482 23.98602 27.149609 25.605702 24.271447 27.600973 29.424843 28.167168 30.783861 33.401672 31.99971 32.207827 33.567779 32.386091 32.641089 30.062065 28.824176 31.250164 34.092635 34.262491 35.202204 33.579491 30.343831 29.524738 27.361984 26.254542 28.286598 25.415258 21.812944 19.313264 15.736706 13.815346 10.6126 11.31021 10.086175 11.75248 12.698267 12.195878 15.540077 14.578186 14.674121 17.925649 19.224592 19.404117 16.311459 14.02702 10.758636 8.664308 7.001958 5.444938 8.096294 9.439003 13.163218 16.562158 19.135142 22.136057 21.782438 24.5038 25.509946 28.591053 30.756517 33.599832 35.840112 37.592773 35.770558 34.274072 30.535433 27.427457 27.455873 25.213897 22.31431 23.762376 21.487497 20.114936 21.745914 
30.04722 27.393404 28.907868 27.599077 26.914692 25.00397 22.903095 22.091868 21.040237 18.742257 17.156419 17.034248 17.40301 14.99657 17.472735 16.190768 13.908378 15.477265 12.582606 8.887104 7.454587 5.270498 3.807553 0.0 3.810154 5.566572 5.297781 6.252594 8.609027 10.161378 11.101053 12.445663 14.311214 15.787165 15.090004 14.65601 17.755815 20.302838 18.555973 15.296511 15.888869 15.779012 15.121223 14.40777 14.537665 13.921357 16.473833 16.24106 19.952041 22.371613 23.464701 26.901706 25.866579 24.372566 27.410837 29.644137 28.641698 30.977807 33.826478 32.828043 33.282337 34.406298 33.362946 33.455089 30.619025 29.478897 31.54053 34.561181 34.47891 35.595928 33.736104 30.757813 30.191393 28.433261 27.384803 29.750569 27.053618 23.616432 20.73553 17.213508 14.988022 11.682282 12.223661 10.128631 11.875845 12.193694 12.267751 15.589648 14.053035 13.396749 16.127036 16.84658 16.583822 13.660025 11.684459 9.034834 7.815245 7.940498 7.039314 10.477865 11.800377 15.588314 18.77502 21.117839 23.733673 22.833364 25.295262 25.745488 28.540354 30.48113 33.01134 34.972523 36.700346 34.946191 33.752543 29.960309 26.951291 26.664756 24.711632 22.242541 24.114947 22.367512 21.486249 23.635401 
27.639592 24.72003 25.95252 24.610008 23.618 21.785604 19.942352 18.889838 17.588006 15.567383 14.158515 13.674319 13.717969 11.200061 13.705708 12.657877 10.479943 12.258853 9.593305 5.987704 5.30529 5.316326 5.493993 3.810154 0.0 3.807196 5.609016 5.228561 5.990213 8.422288 10.071205 10.59056 11.868008 14.074703 13.531522 14.060103 17.134315 19.958492 18.378361 15.148563 14.95055 15.22453 13.854985 12.259815 11.780453 10.520955 12.896368 12.581932 16.258279 18.589553 19.661077 23.098058 22.137605 20.692126 23.711215 25.961755 25.123633 27.481674 30.292049 29.431563 30.116443 31.312631 30.541041 30.852603 28.107464 27.353328 29.436655 32.290872 31.907848 32.790559 30.712887 27.765434 27.037893 25.373839 24.145108 26.585397 23.942499 20.672284 17.544976 14.097452 11.886093 8.893655 10.144677 8.66426 11.457883 12.704617 13.734522 17.373235 16.419402 15.184374 17.720829 17.929635 17.695099 15.369302 12.862379 10.75475 8.684088 8.759142 6.514071 9.399245 9.847204 13.47504 16.255038 18.511863 20.863407 19.807154 22.340856 22.636666 25.485664 27.203694 29.742385 31.623933 33.199704 31.351733 30.220726 26.424151 23.542405 23.505531 21.778124 19.354016 21.537044 19.932756 18.981004 21.329908 
25.288136 22.515407 23.805272 22.250758 21.74258 20.081516 17.72068 16.786215 16.167665 13.950886 11.861407 11.869131 12.918448 11.394867 14.590597 14.355868 12.612883 14.285704 11.494338 7.970602 8.712327 8.537908 7.195992 5.566572 3.807196 0.0 3.800328 5.271303 4.963941 5.640414 8.182815 9.67426 10.20167 11.855604 10.507942 11.046692 14.460249 16.92715 15.004742 11.620975 11.218331 11.435009 10.234265 8.984642 9.391772 9.134253 12.330682 13.14574 16.781588 19.09411 19.530497 23.061664 22.108283 20.059479 22.869198 25.343974 24.143408 26.143604 29.224364 28.423097 28.824842 29.607466 28.552212 28.466803 25.481107 24.477247 26.344508 29.388571 29.13924 30.348588 28.436812 25.609694 25.337469 23.947078 23.258191 26.038757 23.804497 20.551482 17.606547 14.575321 11.562179 8.127897 8.007439 5.510457 8.103382 9.323952 11.040064 14.71396 14.174244 12.438555 14.860907 15.010548 15.164433 13.146254 10.077591 8.263088 5.788359 6.766114 5.489325 8.688774 10.123164 13.493365 16.391517 17.960472 19.981826 18.448853 20.499843 20.601382 23.195393 25.180334 27.641316 29.682842 31.609332 30.019658 28.679621 24.912318 21.755784 21.237438 19.215012 16.885731 18.91419 17.573933 17.229899 19.929908 
25.433001 23.066277 24.902746 23.745651 23.593089 21.521791 19.029869 18.801137 18.206022 15.384379 13.628987 14.519558 15.605941 14.118014 17.362039 16.624289 15.26392 17.390823 14.79126 11.181634 10.887406 10.020337 8.31148 5.297781 5.609016 3.800328 0.0 3.810114 5.728194 5.564609 6.356933 8.754198 10.332821 11.018398 10.069543 9.35865 12.535059 15.038941 13.397721 10.315231 11.169056 11.82683 11.839156 11.304648 12.58786 12.470379 15.80784 16.554992 20.109668 22.101936 22.327873 25.997359 25.382278 23.283452 25.848052 28.559317 27.478911 29.249388 32.46652 31.863956 32.288983 32.867393 31.742822 31.396356 28.212925 27.015741 28.55644 31.811328 31.597846 33.091124 31.182715 28.571196 28.582904 27.417819 26.864649 29.743057 27.570428 24.346061 21.363794 18.313239 15.346647 11.92028 11.42279 8.255695 9.596513 9.274773 10.641408 13.885345 12.482118 10.46354 12.451569 12.383259 12.099031 9.85541 7.389076 6.058691 5.535614 7.98634 8.20933 11.858354 13.672078 17.156393 20.157247 21.723599 23.694578 22.000182 23.804025 23.618496 25.901065 27.820408 29.986017 31.825331 33.808647 32.348881 31.231828 27.479935 24.388196 23.45933 21.576626 19.642848 21.705423 20.67825 20.688885 23.469975 
24.498889 21.995975 23.894793 23.159432 22.590502 20.136359 18.186701 18.151705 16.838128 13.914458 13.071642 13.967088 14.203804 12.231228 15.210114 13.91179 13.073881 15.813477 13.893133 10.697505 9.772044 9.942532 9.675263 6.252594 5.228561 5.271303 3.810114 0.0 3.807211 5.738901 5.50092 6.232976 8.630603 10.081602 10.405218 10.353615 12.819645 15.996547 15.153896 12.598425 13.193109 14.591191 14.211885 12.75458 13.433334 12.237529 15.177547 15.339213 18.682715 20.227099 20.53379 24.260517 24.046636 22.284256 24.717186 27.527134 26.946785 28.757468 31.886789 31.574035 32.447795 33.196606 32.500036 32.454676 29.366239 28.628755 30.116761 33.218406 32.591271 33.81771 31.541551 29.04509 28.816778 27.775485 26.826443 29.673126 27.402463 24.403011 21.073036 17.977819 15.439827 12.552216 13.025777 10.502057 12.675914 12.830465 14.432692 17.68782 16.164872 14.028132 15.561971 14.820448 13.937318 12.219759 10.33642 9.722902 9.228015 11.220436 10.375319 13.689472 14.561774 17.997782 20.568795 22.351395 24.157009 22.410537 24.374003 23.896443 26.169858 27.6165 29.614178 31.095655 32.719875 31.085594 30.362539 26.586123 23.853778 23.185297 21.858017 20.198089 22.770289 21.964223 21.812164 24.690706 
21.792252 18.986296 20.551665 19.636681 18.909324 16.620927 14.710938 14.426125 13.10247 10.345686 9.422915 10.208016 10.516753 8.989756 12.346836 11.781859 11.341714 14.072854 12.441783 9.74043 10.006089 11.213478 11.181766 8.609027 5.990213 4.963941 5.728194 3.807211 0.0 3.808921 5.362071 5.13981 5.885469 8.322245 8.44112 9.770418 12.314794 15.509972 14.637885 12.098874 11.637754 13.328533 12.275819 10.036203 10.405986 8.883618 11.903721 12.504846 15.667448 17.078652 17.056482 20.81319 20.661345 18.696994 21.010952 23.912725 23.33743 25.026027 28.205217 28.027029 28.990878 29.660243 29.114721 29.146589 26.100409 25.654822 27.10106 30.07018 29.219607 30.315041 27.910327 25.485447 25.261658 24.413401 23.510841 26.513225 24.478647 21.694382 18.303732 15.570861 12.868377 10.402013 10.98759 8.987938 11.772829 12.759131 15.129991 18.57147 17.759737 15.299969 16.768553 15.764997 15.234115 14.142483 11.594192 11.272284 9.877327 11.641296 10.220284 12.869928 13.315481 16.299343 18.449172 19.841619 21.235242 19.198755 21.009298 20.308042 22.529424 23.85727 25.857665 27.353904 28.977189 27.339595 26.560056 22.78208 20.057459 19.469146 18.265958 16.713698 19.522616 18.974248 18.978685 22.082198 
20.031317 17.550894 19.351056 18.275649 18.279465 16.148935 13.525774 13.63175 13.266124 10.202358 8.435641 10.18786 11.715636 11.337307 15.018586 15.077287 14.723388 17.139291 15.209855 12.345162 13.123925 13.697429 12.668722 10.161378 8.422288 5.640414 5.564609 5.738901 3.808921 0.0 3.801007 5.726776 5.431002 6.284133 5.11875 6.29226 9.317653 12.119523 10.927211 8.37023 7.963921 10.033135 9.663368 8.115943 9.847973 9.624819 13.220346 14.754763 17.812835 19.230822 18.630483 22.370945 22.204445 19.695373 21.730113 24.80837 23.84812 25.118148 28.550317 28.416007 29.038096 29.248737 28.361113 27.907039 24.590937 23.802681 24.920693 28.136209 27.47837 29.002908 26.831671 24.595241 24.921534 24.370344 24.058625 27.319979 25.668225 22.889778 19.788107 17.407642 14.17005 11.422893 10.720341 7.930859 9.783351 10.213667 13.108662 16.253385 15.692267 12.747553 13.803745 12.570816 12.375628 11.764086 8.892197 9.371378 8.375593 10.979052 10.655986 13.397484 14.662211 17.458872 19.77752 20.610934 21.748232 19.337203 20.576113 19.6622 21.496242 23.124649 24.962936 26.605684 28.64223 27.341477 26.35793 22.66955 19.674014 18.417323 16.891384 15.589082 18.142234 17.954972 18.640953 21.969716 
19.87122 17.833643 20.23618 19.830161 19.982328 17.304399 14.935347 15.85381 15.160545 11.617948 10.854849 13.164134 14.194982 13.557698 17.008723 16.415056 16.506795 19.40452 17.769152 14.857678 14.78316 15.18322 14.33922 11.101053 10.071205 8.182815 6.356933 5.50092 5.362071 3.801007 0.0 3.800137 5.532946 5.080645 5.816386 5.500641 7.424271 10.819834 10.620454 8.992809 9.874863 12.464103 12.929154 11.749016 13.597071 13.036281 16.413258 17.53853 20.463352 21.464318 20.777779 24.588069 24.857372 22.520173 24.288418 27.545512 26.910734 28.02114 31.478028 31.613565 32.43469 32.574398 31.813413 31.290122 27.901624 27.144371 27.973308 31.257234 30.470181 32.097925 29.801078 27.812545 28.240015 27.881485 27.485673 30.759081 29.076091 26.372843 23.119732 20.626037 17.614683 14.914992 14.432746 11.469251 12.876994 12.412816 14.934155 17.689 16.414131 13.278705 13.591794 11.67669 10.61654 10.40431 8.655771 10.059953 10.401315 13.481183 13.511005 16.638676 17.896004 20.908606 23.247185 24.262358 25.394585 22.94164 24.109926 22.920556 24.483311 25.81655 27.285084 28.542961 30.432131 29.18835 28.609479 24.985739 22.280564 20.825996 19.726118 18.879641 21.573144 21.635281 22.412503 25.758886 
18.900608 16.581412 18.889956 18.895001 18.489519 15.456615 13.82174 14.836276 13.32203 9.785655 10.224399 12.356323 12.450463 11.552633 14.652028 13.755866 14.552261 17.842334 16.917817 14.586183 14.329586 15.578899 15.647389 12.445663 10.59056 9.67426 8.754198 6.232976 5.13981 5.726776 3.800137 0.0 3.803469 5.199382 7.558157 8.569113 9.526418 13.244156 13.66465 12.373709 12.584377 15.368739 15.16912 13.126215 14.173522 12.640386 15.457029 16.099593 18.650856 19.132521 18.43497 22.242168 22.923882 20.925865 22.51008 25.825229 25.689604 26.829228 30.151332 30.567163 31.821064 32.146701 31.831253 31.657614 28.444647 28.187073 29.036572 32.080119 30.882247 32.161405 29.512314 27.630164 27.770781 27.524428 26.748808 29.954778 28.23205 25.805815 22.310056 19.915026 17.350541 15.261128 15.593046 13.318734 15.477879 15.65879 18.251944 21.23066 20.012725 17.003089 17.386774 15.333178 14.061828 14.018812 12.435617 13.52566 13.360023 15.938412 15.130234 17.924194 18.410419 21.250372 23.129489 24.263802 25.191355 22.729639 24.041758 22.612597 24.181552 25.005052 26.325231 27.222165 28.70411 27.262801 27.07388 23.458123 21.17076 20.086132 19.596474 18.995216 22.127356 22.343809 22.902703 26.272748 
16.055285 13.402742 15.418905 15.165123 14.837331 11.982383 10.089808 11.098678 9.909119 6.247874 6.610285 9.22248 9.805433 10.004445 13.37707 13.471137 14.516037 17.495141 16.698047 14.760846 15.437429 17.05381 16.982007 14.311214 11.868008 10.20167 10.332821 8.630603 5.885469 5.431002 5.532946 3.803469 0.0 3.800179 5.649424 8.274936 9.340764 12.691833 12.924617 11.723474 10.882086 13.893362 13.266921 10.803682 11.865101 10.499044 13.317055 14.643315 16.863708 17.199774 15.945154 19.719898 20.446154 18.082197 19.399727 22.847182 22.587673 23.445033 26.882046 27.436911 28.65425 28.758186 28.488096 28.248235 25.030816 24.974829 25.675467 28.627046 27.267449 28.533379 25.836882 24.10603 24.426147 24.473642 23.941062 27.326335 25.965597 23.778883 20.412466 18.52617 15.788831 14.123481 14.1986 12.362514 14.603382 15.315398 18.442527 21.455533 20.884824 17.690221 18.059995 15.953187 15.215039 15.592956 13.395804 14.578074 13.80162 16.20145 15.253495 17.487436 17.847634 20.184802 21.713103 22.32218 22.779688 19.987346 20.929008 19.198135 20.54282 21.313134 22.570375 23.536519 25.172385 23.839177 23.508472 19.919994 17.564026 16.3155 15.923496 15.616894 18.879296 19.490141 20.389994 23.939946 
