0.0 3.776803 7.034047 9.7893 13.35048 15.462193 19.061822 20.749528 23.443018 24.485791 23.541945 25.130734 24.983336 23.031742 20.098167 20.529696 20.315826 21.076949 18.953128 19.484211 16.337843 16.925329 20.530169 20.661311 21.655351 19.514612 19.793462 16.677567 16.950126 15.222605 13.30908 15.219084 18.053449 21.459605 23.546407 27.194983 28.43014 30.608996 31.008297 31.659509 35.335684 34.830016 33.023107 34.796486 33.819018 32.538876 32.9104 30.333634 29.326312 30.680198 29.40959 25.780993 26.081399 27.77959 25.168513 22.189624 24.534658 25.595097 22.25324 20.941624 24.239569 24.683545 21.267308 21.371221 17.706397 15.696557 11.975244 10.158881 6.642228 6.683308 6.259723 7.036154 10.590736 12.752238 11.836177 15.451954 18.089686 21.660673 22.632388 20.331377 18.361903 14.680386 12.801535 10.285109 10.043537 12.231192 13.00367 16.552174 17.155119 14.162703 15.466583 13.548976 16.219423 15.405451 16.28139 19.002532 20.768025 20.601806 21.80167 24.679438 25.792169 25.02899 22.666187 22.52498 19.575511 20.143749 19.017833 16.838629 16.287763 14.657517 12.153133 10.643447 11.57687 8.749864 10.514281 13.892048 15.703304 14.798876 16.133967 18.893843 20.038979 20.303125 22.125675 24.483319 25.137326 25.952902 28.187953 29.610323 30.584586 31.735891 29.927461 30.499994 29.576622 30.543809 33.700394 
3.776803 0.0 3.758219 6.557304 10.055146 12.676127 16.264784 18.363705 21.252194 22.677956 22.125062 24.17164 24.369295 22.619322 19.995915 20.109075 19.226663 19.627427 17.015268 17.165154 14.140377 14.522756 18.028501 18.703827 19.860877 18.261825 18.959333 16.113063 17.067245 15.492964 14.470646 16.872926 19.15882 22.39528 23.960696 27.64829 28.770771 30.541929 30.972032 32.01248 35.763811 35.655328 33.798366 35.212978 33.955428 32.936998 33.230941 30.39421 29.299383 30.199936 28.890206 25.405342 25.335421 26.671298 24.130231 21.068335 23.002536 23.829177 20.47668 18.89351 21.906894 22.193679 18.605002 18.257402 14.550482 12.908882 9.213324 8.263765 5.690888 7.320682 8.654863 10.178608 13.333081 14.727809 12.899376 16.304819 19.29083 22.860262 23.266447 20.664636 18.463399 14.672671 13.47657 10.526815 10.052642 11.06429 11.182466 14.338789 14.537222 11.911488 13.952343 12.716624 15.419045 15.495617 16.540145 18.63557 20.698715 21.171385 22.138925 24.706818 26.258269 25.231029 23.29133 23.744342 21.213361 21.967061 21.083654 19.356448 19.051451 17.895027 15.538192 13.514149 14.510184 11.789554 12.699595 16.283974 18.060346 16.459546 17.581237 20.769946 21.633687 21.317514 23.375421 25.970251 26.149132 26.727774 29.333279 30.735976 31.269374 32.497052 30.342286 30.801517 30.25858 31.480581 34.387617 
7.034047 3.758219 0.0 3.777947 6.675085 9.31311 12.738173 14.848323 17.919129 19.421465 19.030911 21.406645 21.794905 20.21422 17.93019 17.849208 16.491603 16.800796 13.993543 14.228931 11.659204 12.524703 15.679462 16.511641 17.346469 16.057984 16.770705 14.088507 15.453759 13.965002 13.875784 16.630933 18.258445 21.214657 22.249585 25.900445 26.921036 28.322907 28.835445 30.236129 34.004734 34.255533 32.311895 33.371087 31.858451 31.068512 31.307123 28.295521 27.108725 27.635073 26.347504 23.008741 22.622974 23.701183 21.292147 18.166334 19.776819 20.508966 17.240866 15.429667 18.284108 18.60246 15.002152 14.644764 10.895991 9.180296 5.525726 5.44298 4.538091 7.60919 10.082306 12.531782 15.118895 15.768957 13.194766 16.068147 19.041496 22.609384 22.398939 19.79787 17.202331 13.543832 12.786273 9.51669 8.731575 8.488847 8.20928 11.021524 11.340183 9.294724 11.56252 10.686018 13.044074 13.870405 15.247845 16.707158 18.793499 19.891816 20.819617 22.950942 24.763984 23.406144 21.85077 22.876843 20.846966 21.717765 21.148148 19.982364 20.066082 19.582601 17.574689 14.895552 15.847662 13.525451 13.580661 17.076746 19.021312 16.886409 17.43968 20.967067 21.77532 20.802323 22.829903 25.736793 25.574372 25.726864 28.580759 30.120053 30.217168 31.333348 28.839549 29.060183 28.804259 30.33617 32.998308 
9.7893 6.557304 3.777947 0.0 3.766835 6.502399 10.139701 12.824562 15.574034 17.649762 17.95579 20.393252 21.429934 20.480703 18.241884 17.386733 15.423959 14.915047 11.670415 11.135297 8.414738 8.885264 11.993733 13.149583 14.364635 13.643188 15.06899 13.101359 15.31693 14.687463 15.221792 18.462245 19.821245 22.35271 23.142714 26.597315 27.135683 28.175784 28.324369 29.817176 33.608785 34.15062 32.480158 33.364895 31.916543 31.571713 32.102991 29.134933 27.543037 27.806168 26.911077 23.662376 22.668367 23.747107 21.824984 18.437007 19.397259 20.40713 17.549758 15.040446 17.397006 18.163446 14.65724 13.915684 10.165191 8.316978 5.124177 5.22805 6.27881 8.606244 11.891954 14.213961 16.219496 16.074948 12.969391 15.439923 18.728369 22.002017 21.405919 18.452497 16.094397 12.580192 12.919787 10.258915 10.471273 9.433702 9.576266 11.669497 12.205885 11.257376 13.647666 12.920126 14.501094 15.671813 17.651251 18.698391 20.430085 22.004118 23.191029 24.886498 26.663532 24.838608 23.388043 24.725153 22.95436 23.425411 22.586028 21.903249 21.682003 21.527562 19.554605 16.777453 18.32489 16.472255 16.699022 19.965776 22.256499 20.185703 20.302808 23.879704 24.931803 23.68925 25.447292 28.590922 28.428232 28.203487 31.061712 32.847437 32.727388 33.587028 30.854394 30.682303 30.44261 32.343644 34.893305 
13.35048 10.055146 6.675085 3.766835 0.0 3.774793 6.861681 9.948061 12.850018 15.246062 16.016446 18.86527 20.234496 19.622445 17.935773 16.791711 14.182238 13.314911 9.760785 8.94994 7.336601 8.211192 10.345625 11.959691 12.821583 12.868703 14.443739 13.045577 15.686063 15.298583 16.689902 20.004667 20.711412 22.844553 23.030512 26.313025 26.69459 27.242274 27.447878 29.333712 33.071197 34.020997 32.309851 32.772822 31.061574 31.013231 31.474185 28.368421 26.700281 26.467464 25.637714 22.696231 21.282304 21.946497 20.313321 16.993704 17.310577 18.126714 15.582971 12.730267 14.509273 15.311815 11.921227 10.858736 7.332079 5.834151 4.338018 6.220588 8.83642 11.447873 14.941121 17.600132 19.287695 18.694145 15.258131 17.067755 20.176948 23.269322 22.065998 19.195726 16.626397 13.591659 14.454683 11.916612 11.890631 9.658261 9.249846 10.132298 10.604689 10.867228 13.312528 13.217699 14.195392 16.127304 18.239434 18.532614 20.218162 22.373222 23.417722 24.599939 26.625542 24.523534 23.561114 25.42132 24.170346 24.747619 24.211793 23.981725 24.065026 24.349621 22.625352 19.552656 20.965199 19.332145 19.01959 22.135781 24.408782 21.990063 21.738226 25.453472 26.368523 24.627654 26.348891 29.652641 29.1512 28.571597 31.616254 33.450012 32.905319 33.677595 30.661829 30.264489 30.361365 32.521446 34.757261 
15.462193 12.676127 9.31311 6.502399 3.774793 0.0 3.774159 6.623329 9.203573 11.682358 12.777274 15.522897 17.289559 17.214765 15.652594 13.962566 10.984953 9.692161 6.05083 5.511883 4.942219 7.262132 8.515673 9.394911 9.476604 9.669016 11.217454 10.404754 13.454687 13.728377 15.783654 19.272206 19.516481 21.118696 21.018466 24.02374 24.016755 24.278976 24.262431 26.240028 29.934522 31.112506 29.551906 29.837742 28.181018 28.464909 29.180607 26.214349 24.205772 23.848649 23.438836 20.579334 18.708675 19.553979 18.446757 14.939003 14.806941 16.175693 14.206573 10.847631 12.389107 14.049508 11.251796 10.9466 7.985036 5.455263 5.394927 6.324648 9.830323 11.910346 15.587284 18.505503 19.508275 18.255603 14.568366 15.565323 18.403154 21.226566 19.532474 16.815617 14.149264 11.695851 13.169952 11.26172 11.768484 9.104865 9.586635 10.046938 11.582331 12.465604 14.070897 13.556463 13.508697 15.446588 18.124858 18.12832 19.177065 21.665474 23.094637 23.802471 25.576093 23.040468 22.150877 24.268271 23.392357 23.641934 23.08192 23.433668 23.561648 24.410956 23.03036 19.697802 21.302543 20.295823 19.823662 22.506516 25.121179 22.80541 21.922356 25.581036 26.828685 24.803757 26.061374 29.593327 29.204885 28.151891 31.058105 33.223611 32.521381 32.892187 29.719721 28.875067 28.884907 31.389277 33.521723 
19.061822 16.264784 12.738173 10.139701 6.861681 3.774159 0.0 3.778371 6.338466 9.202217 11.002747 14.094374 16.243456 16.671295 15.84664 13.900099 10.385096 8.707473 5.384417 4.976825 6.873928 9.278292 8.964433 9.835305 9.014918 10.119157 11.472242 11.48161 14.587044 15.122038 17.818317 21.172913 20.782091 21.865038 21.129766 23.79382 23.566888 23.245958 23.270424 25.641907 29.183949 30.791418 29.227787 29.040822 27.144658 27.783091 28.453029 25.447542 23.351462 22.448881 22.219611 19.809133 17.453216 17.843255 17.262165 13.992268 12.947494 14.214009 12.965964 9.314349 9.798906 11.84632 9.768125 9.585002 7.825732 6.047663 7.989775 9.448467 13.149611 15.269024 18.880126 21.965688 22.727261 21.195781 17.457844 17.837833 20.28634 22.807839 20.567876 18.163211 15.440842 13.764664 15.497271 13.885623 14.173433 10.963073 11.101288 10.308014 11.929158 13.812979 15.069164 15.002743 14.235512 16.666197 19.370374 18.670053 19.472973 22.435413 23.756761 23.87583 25.763866 22.965434 22.593116 25.157415 24.830524 25.131232 24.869889 25.646297 26.045538 27.267782 26.135143 22.64223 24.090439 23.306988 22.445825 24.892461 27.463391 24.954044 23.725388 27.373779 28.528479 26.105051 27.213075 30.830871 30.184733 28.758452 31.733663 33.961688 32.868871 33.070328 29.674433 28.542987 28.854813 31.609184 33.388134 
20.749528 18.363705 14.848323 12.824562 9.948061 6.623329 3.778371 0.0 3.767828 5.653342 7.374743 10.648711 12.846085 13.599944 13.303855 11.297593 7.639063 6.429381 4.59069 6.338718 8.993429 12.109986 11.498283 11.309245 9.184957 9.805703 10.051146 10.296032 13.021393 13.701812 16.937255 20.051324 19.04576 19.597989 18.398288 20.760249 20.404045 19.787481 19.941903 22.559499 25.995622 27.801828 26.144317 25.687433 23.649322 24.443108 25.129266 22.188066 19.98176 18.880161 18.873424 16.666735 14.007596 14.401519 14.272591 11.067885 9.557032 11.307864 10.74576 6.990376 7.255754 10.211691 9.139585 10.271663 9.302308 7.149222 9.637192 10.62779 14.337637 16.2867 19.653969 23.001945 23.38627 21.645811 18.00711 17.774523 19.594195 21.95081 19.349085 17.540673 14.536749 13.597769 15.174284 13.906838 14.064845 10.699088 11.219669 10.011384 12.451889 14.557785 14.876965 14.560938 12.875683 15.321104 18.206185 17.107961 17.337157 20.563854 22.05143 21.673739 23.372367 20.30753 20.205422 23.049261 23.215523 23.471389 23.511696 24.738902 25.475977 27.167087 26.432822 22.755128 23.984722 23.652965 22.414553 24.40386 27.03821 24.548613 22.806913 26.308368 27.5813 24.876916 25.601888 29.308575 28.658073 26.827117 29.677247 32.097821 30.814874 30.699639 27.204658 25.743318 26.095969 29.070595 30.658959 
23.443018 21.252194 17.919129 15.574034 12.850018 9.203573 6.338466 3.767828 0.0 3.776464 7.081571 9.499973 12.56138 14.317569 14.137992 11.379604 7.685613 5.224492 4.906616 6.293801 9.786148 12.785401 11.282605 10.37549 7.469826 8.770895 9.142179 10.729698 13.640976 15.200545 18.577599 21.725553 20.541868 20.515791 19.183538 21.008579 19.988122 18.928639 18.51449 21.112692 24.388018 26.497459 25.248713 24.598615 22.812115 24.157867 25.278465 22.70164 20.043306 18.823242 19.541025 17.60067 14.414143 15.077536 15.825456 12.778536 10.664 13.010775 13.358766 9.800206 9.302698 12.75215 12.451319 13.580614 12.945811 10.866355 13.016486 13.383183 17.009732 18.356686 21.716061 24.900768 24.77577 22.53394 18.927646 18.005041 19.536714 21.308918 18.278947 16.655001 14.112975 14.065072 16.269963 15.830219 16.617874 13.60378 14.687713 13.633018 16.182808 18.284701 18.406828 17.793475 15.713521 17.76159 20.929928 19.843069 19.480412 22.724847 24.54231 23.839229 25.15394 21.780402 21.649119 24.50533 24.8922 24.678246 24.484202 26.149957 26.668082 28.666127 28.10672 24.480278 26.013845 26.094743 25.048705 26.737109 29.614502 27.375894 25.33887 28.659727 30.230325 27.513564 27.832378 31.610261 31.163461 29.042595 31.638657 34.31386 32.999014 32.506892 28.994067 27.108826 27.275533 30.518433 32.010244 
24.485791 22.677956 19.421465 17.649762 15.246062 11.682358 9.202217 5.653342 3.776464 0.0 3.765007 6.070406 9.120502 11.264161 11.696975 9.114678 5.872517 4.984431 6.790184 9.43972 12.48109 15.866302 14.723346 13.276805 9.895104 10.080282 8.961132 10.34137 12.404298 13.906576 17.576913 20.318612 18.577344 18.025602 16.260159 17.729427 16.632522 15.322832 15.146538 18.015573 21.191716 23.42601 21.990964 21.103924 19.151889 20.571767 21.690923 19.220231 16.474193 15.148729 16.128928 14.388738 10.9761 11.829489 13.076798 10.28643 7.93872 10.903613 11.904571 8.904799 8.553463 12.337973 12.777334 14.829715 14.480076 12.180495 14.399023 14.468813 17.86618 19.105956 22.096845 25.46033 25.090176 22.842441 19.484901 18.172562 19.008334 20.680099 17.484398 16.616549 13.801021 14.356422 16.074412 15.863072 16.406044 13.532494 14.858846 13.726499 16.759427 18.779122 18.124957 17.249144 14.516431 16.35013 19.529403 18.19397 17.244416 20.569784 22.528178 21.414694 22.451421 18.90579 19.00176 22.031778 22.879459 22.659345 22.815044 24.833988 25.721053 28.087369 27.906868 24.190394 25.412514 25.86898 24.486524 25.715356 28.565547 26.402723 23.959201 27.049037 28.701307 25.813321 25.753379 29.532495 29.124306 26.683002 29.08965 31.914119 30.490502 29.700033 26.17742 24.012245 24.160042 27.55188 28.885874 
23.541945 22.125062 19.030911 17.95579 16.016446 12.777274 11.002747 7.374743 7.081571 3.765007 0.0 3.808146 5.728906 7.521101 8.374359 6.52275 4.250671 6.010389 8.302394 11.720887 14.042386 17.722409 17.262021 15.637431 12.315782 11.388615 9.143653 9.429329 10.407046 11.369251 15.16974 17.482151 15.345448 14.61937 12.61107 14.180762 13.47759 12.477819 12.936043 15.904048 19.163307 21.147103 19.27164 18.476641 16.302615 17.300379 18.223916 15.632479 12.99821 11.93762 12.715414 10.692427 7.411718 8.812109 9.873123 7.006082 5.329391 8.937341 9.857058 7.616848 8.349861 11.901126 12.447753 15.234073 14.757761 12.169278 14.1457 13.932173 16.939761 18.181279 20.740448 24.263512 23.869053 21.877331 18.806237 17.510058 17.863742 19.781199 16.809706 16.475967 13.233679 13.818656 14.713812 14.409528 14.519784 11.892648 13.412626 12.501633 15.941901 17.588715 16.236973 15.015823 11.837679 13.389778 16.514395 15.122359 13.761956 17.063683 19.140184 17.910708 18.756255 15.169034 15.311191 18.434794 19.528292 19.483699 20.037571 22.140997 23.439225 25.971823 26.060195 22.289479 23.10185 23.764765 22.05811 22.945482 25.696956 23.58645 20.887586 23.809245 25.484973 22.527491 22.248021 26.012663 25.662032 23.09613 25.400891 28.293906 26.909797 26.012259 22.532575 20.336316 20.404951 23.792523 25.178708 
25.130734 24.17164 21.406645 20.393252 18.86527 15.522897 14.094374 10.648711 9.499973 6.070406 3.808146 0.0 3.78097 7.080685 7.768651 5.42494 5.057844 6.934696 10.299803 13.716126 15.834034 19.526584 19.038187 16.749854 13.171808 11.715741 8.735386 9.560084 9.817706 11.534815 15.179099 17.203731 14.866291 13.346222 11.376888 12.18369 10.646145 9.474364 9.317173 12.208333 15.468411 17.539699 15.934573 15.169154 13.417284 14.828167 16.415246 14.476385 11.228342 10.71215 12.481932 10.531717 7.219917 9.728027 11.42206 9.022985 7.996166 11.767008 12.95859 11.205595 12.020224 15.51654 16.179415 19.01987 18.364527 15.511234 16.981294 16.068163 18.695489 19.261092 21.475252 24.805537 23.84159 21.529915 18.812878 16.841664 16.45868 17.819156 14.634873 15.055087 12.166569 13.74528 14.683051 15.269829 15.904651 14.003334 16.152829 15.769752 19.371015 20.656513 19.014449 17.252725 13.892236 14.542465 17.841842 16.809945 14.677375 17.569509 20.140522 18.759056 18.844997 15.068107 14.865772 17.716407 19.026134 18.373971 18.745359 21.362895 22.553856 25.475266 25.917595 22.284732 23.229485 24.471746 22.947534 23.295981 26.262702 24.609914 21.572493 24.086248 26.176123 23.389008 22.503473 26.23878 26.321608 23.521834 25.321882 28.531771 27.344187 25.959044 22.68092 20.067433 19.605716 23.18606 24.635587 
24.983336 24.369295 21.794905 21.429934 20.234496 17.289559 16.243456 12.846085 12.56138 9.120502 5.728906 3.78097 0.0 3.777944 5.618913 5.328148 6.768582 9.834228 12.809757 16.474377 18.14534 21.935377 21.91417 19.727793 16.342646 14.406222 11.050602 10.70756 9.663206 10.415035 13.917298 15.210679 12.321091 10.424341 7.893097 8.656639 7.799377 7.135866 8.29509 11.241762 14.426881 16.121693 13.829666 13.123808 10.955903 11.678066 12.934266 10.834833 7.703166 7.714063 9.254753 7.013108 4.22757 7.656669 9.062264 7.266411 7.475237 11.002515 12.057294 11.34902 12.758968 15.730945 16.5059 19.773128 19.145996 16.319883 17.616937 16.647 18.798821 19.434913 21.131184 24.550753 23.657576 21.742072 19.402812 17.626882 16.788754 18.400659 15.668685 16.56937 13.43866 14.803996 14.78136 15.145672 15.1892 13.67199 15.736858 15.496353 19.185278 20.133067 17.87626 15.921704 12.299828 12.510475 15.487469 14.375349 11.70879 14.439253 17.078428 15.489391 15.259411 11.451206 11.403078 14.397451 16.148089 15.789692 16.784431 19.454763 21.186187 24.227521 24.96077 21.35052 21.739137 23.150702 21.243585 21.171395 23.912516 22.320111 19.033724 21.261454 23.30517 20.44262 19.267555 22.923459 23.034976 20.069948 21.712139 24.980021 23.799648 22.266635 19.056928 16.374237 15.826972 19.423994 20.880038 
23.031742 22.619322 20.21422 20.480703 19.622445 17.214765 16.671295 13.599944 14.317569 11.264161 7.521101 7.080685 3.777944 0.0 3.793879 6.017198 7.927559 11.583378 13.826725 17.579082 18.726062 22.51251 23.031705 21.147205 18.118797 15.881807 12.567935 11.044144 9.262645 8.587765 11.863462 12.645305 9.476955 8.057991 5.298381 7.364089 8.22181 8.799139 10.826308 13.305024 16.442922 17.501869 14.666634 14.403648 12.028905 11.538602 11.969515 9.237369 7.093189 7.788431 7.813285 4.430011 3.694926 7.093756 6.925898 5.230968 7.305125 10.151216 10.345386 10.474491 12.708682 15.000454 15.446499 18.908021 18.119205 15.351697 16.371718 15.468254 17.164495 18.068016 19.384002 22.916569 22.381395 21.024784 18.892695 17.693604 16.934886 19.113134 16.973945 17.741584 14.286922 14.908534 13.984778 13.721429 13.001941 11.759976 13.59478 13.609936 17.269349 17.784018 15.101223 12.993238 9.315801 9.245167 11.90942 10.810461 7.957949 10.689551 13.318254 11.927421 11.815086 8.09563 8.008618 11.264385 13.065518 13.380707 14.964187 17.240225 19.453187 22.302139 23.060314 19.436271 19.27529 20.529085 18.244942 18.091129 20.567481 18.838747 15.514987 17.760908 19.625142 16.685486 15.615291 19.295944 19.313997 16.451175 18.286567 21.45586 20.363492 19.087948 15.876053 13.590512 13.098656 16.467541 18.179286 
20.098167 19.995915 17.93019 18.241884 17.935773 15.652594 15.84664 13.303855 14.137992 11.696975 8.374359 7.768651 5.618913 3.793879 0.0 3.792561 6.694448 10.359877 12.401005 16.091652 16.592297 20.306981 21.247442 19.155323 16.43558 13.646769 10.251616 8.072474 5.6482 5.080951 8.395982 9.693358 7.149413 6.414104 5.610265 8.49526 9.046491 10.605908 11.685802 13.352589 16.874553 17.401773 14.929595 15.545505 13.974433 13.357485 14.32379 12.042164 9.801274 11.284127 11.431336 7.800736 7.399607 10.707046 10.013972 7.370378 9.706926 12.697587 12.019611 11.409817 14.207963 16.605602 16.216333 19.320942 17.797765 14.544389 14.740025 13.076267 14.391026 14.772908 15.964643 19.388996 18.664696 17.241586 15.212538 14.045006 13.328158 15.784595 13.984509 14.575288 11.051456 11.487026 10.290056 10.388165 10.255751 9.7433 12.433943 13.439453 17.192383 17.124261 14.779609 11.968769 8.789254 7.748444 11.128692 11.214844 8.752522 10.724088 13.873431 13.495773 13.169703 9.864366 8.256283 10.615326 11.387349 11.116126 12.00228 14.214471 16.058216 18.88366 19.556657 15.922315 16.137321 17.57422 15.757916 15.684269 18.616703 17.240471 14.038386 16.412396 18.749958 16.324238 15.314875 19.089362 19.634708 17.255056 18.952865 22.182802 21.689743 20.598324 17.721979 15.838816 14.699228 17.740594 20.064804 
20.529696 20.109075 17.849208 17.386733 16.791711 13.962566 13.900099 11.297593 11.379604 9.114678 6.52275 5.42494 5.328148 6.017198 3.792561 0.0 3.761912 7.0196 9.641348 13.278511 14.096614 17.835977 18.386542 15.983948 13.030048 10.293219 6.742693 5.563384 4.526188 6.336112 9.8315 12.070134 10.280024 9.497831 8.898022 10.957717 10.224679 11.024656 11.004324 12.724028 16.445419 17.398063 15.598457 16.071517 14.842646 15.131451 16.690521 14.680981 11.792438 12.734372 13.644175 10.442958 8.678653 11.899553 12.003576 8.861874 9.908567 13.424686 13.123816 11.46259 13.757705 16.761837 16.330908 19.087501 17.482461 14.047848 14.363942 12.540493 14.443819 14.546487 16.361618 19.649608 18.64243 16.571075 14.098996 12.404181 11.994482 14.097365 11.647351 11.919083 8.449456 9.498627 9.595778 10.367242 11.285696 10.32922 13.305182 14.165903 17.93284 18.249858 16.548276 13.948178 10.98915 10.581521 14.242578 14.275016 12.238133 14.434568 17.466257 17.032268 16.875781 13.430571 12.005212 14.198525 14.677653 13.809275 13.811867 16.173598 17.259319 20.078929 20.503573 16.875411 17.875616 19.264479 18.001547 18.301055 21.506546 20.1829 17.241203 19.769218 22.196023 19.876174 19.024029 22.803212 23.36006 21.023824 22.735532 25.974203 25.421194 24.28905 21.331008 19.243968 18.161331 21.357232 23.548517 
20.315826 19.226663 16.491603 15.423959 14.182238 10.984953 10.385096 7.639063 7.685613 5.872517 4.250671 5.057844 6.768582 7.927559 6.694448 3.761912 0.0 3.763496 6.239093 9.95914 11.379175 15.169831 15.329921 13.263966 10.199671 8.199582 5.46835 5.188118 6.565645 8.229953 11.850711 14.640981 13.186936 12.93577 12.023183 14.141592 13.391306 13.418217 13.299156 15.46078 19.093734 20.490789 18.858982 18.899555 17.374817 18.030552 19.349094 16.983155 14.201087 14.233918 14.962928 12.088228 9.603773 11.942766 12.148275 8.619505 8.595279 12.043234 11.77572 9.229843 11.098774 14.371111 13.830252 16.256269 14.766946 11.450431 12.31689 11.09902 13.818494 14.483745 17.025366 20.400856 19.797476 17.669644 14.599932 13.272903 13.817336 15.971864 13.257849 12.602604 9.163699 9.585386 10.614032 10.733205 11.608339 9.611606 12.129458 12.43151 16.038796 16.913694 15.806403 13.819397 11.082101 11.810532 15.417902 15.015736 13.725759 16.454775 19.006435 18.537219 19.06343 15.626891 14.735224 17.250743 17.612118 17.111571 17.031135 19.000384 19.859865 22.300521 22.280084 18.569225 19.793477 20.598816 19.389752 20.341597 23.440179 21.692139 19.123947 22.07156 24.14467 21.646342 21.343205 25.162153 25.303013 23.086173 25.224495 28.227235 27.392453 26.572579 23.36185 21.408144 20.853325 24.050277 26.014553 
21.076949 19.627427 16.800796 14.915047 13.314911 9.692161 8.707473 6.429381 5.224492 4.984431 6.010389 6.934696 9.834228 11.583378 10.359877 7.0196 3.763496 0.0 3.772074 6.976709 9.040302 12.646079 12.188699 9.952684 6.611347 5.42112 4.142615 5.962425 8.823698 11.110358 14.368896 17.551523 16.555996 16.413545 15.688245 17.589229 16.385392 16.041225 15.270025 17.298291 20.846208 22.473264 21.343261 21.309856 20.033257 21.138765 22.693457 20.455311 17.498083 17.234044 18.231903 15.633252 12.797576 14.730306 15.252559 11.765333 10.905189 14.133893 14.021606 10.815133 11.896174 15.369427 14.664506 16.394982 14.861198 11.713883 12.636967 11.556908 14.650942 15.160669 18.167966 21.272194 20.616498 18.133331 14.755161 13.328116 14.462692 16.240096 13.26459 11.899246 9.087294 9.565946 11.783749 12.158607 13.639872 11.492342 13.820696 13.97644 17.206449 18.367084 17.962128 16.292498 14.019623 15.018341 18.62183 18.268198 17.321762 20.074922 22.523236 22.129394 22.799771 19.365379 18.478561 20.884341 21.011674 20.27617 19.717702 21.591975 21.919382 24.159095 23.847582 20.273042 22.005301 22.625476 21.849772 23.12431 26.328063 24.594588 22.30138 25.364041 27.440646 25.049112 24.924247 28.739191 28.86403 26.755622 28.955278 31.916025 31.065929 30.310478 27.059871 25.086471 24.581515 27.808472 29.731384 
18.953128 17.015268 13.993543 11.670415 9.760785 6.05083 5.384417 4.59069 4.906616 6.790184 8.302394 10.299803 12.809757 13.826725 12.401005 9.641348 6.239093 3.772074 0.0 3.760521 5.806721 9.434626 9.245878 7.877325 5.558899 5.298578 6.117918 6.867331 10.304962 11.920817 14.810529 18.28626 17.817924 18.403853 17.944432 20.329804 19.572588 19.440344 18.923917 20.920483 24.525687 25.999146 24.754748 24.84358 23.426589 24.254463 25.501493 22.947382 20.325906 19.965811 20.416029 17.692799 15.144883 16.589357 16.493121 12.854502 12.134872 14.689881 13.881501 10.297868 11.474109 14.489101 13.021281 14.036902 12.085595 9.030715 9.809871 9.189885 12.633158 13.613463 17.038377 20.094851 19.996135 17.833688 14.159607 13.61858 15.63214 17.834973 15.333514 13.170771 10.435584 9.566104 11.855528 11.41531 12.748031 10.258292 12.104397 12.313244 15.067639 16.242802 16.571844 15.29075 13.764313 15.206811 18.593873 18.358713 18.188893 20.92435 23.022419 23.040258 24.174299 21.026374 20.126068 22.457057 22.160738 21.763567 21.119721 22.417404 22.583064 24.300324 23.538516 20.009742 21.8244 21.848541 21.241237 23.093765 26.15427 24.190753 22.404484 25.757087 27.560298 25.281251 25.693663 29.455473 29.385881 27.656929 30.162903 32.848479 32.037457 31.710194 28.442891 26.878139 26.584067 29.572423 31.585881 
19.484211 17.165154 14.228931 11.135297 8.94994 5.511883 4.976825 6.338718 6.293801 9.43972 11.720887 13.716126 16.474377 17.579082 16.091652 13.278511 9.95914 6.976709 3.760521 0.0 3.794798 6.512387 5.581779 5.057973 4.255367 6.012728 8.59239 9.769314 13.448974 15.117993 17.595354 21.234339 21.1565 21.953398 21.663822 24.062573 23.19741 22.978506 22.216959 24.094076 27.646182 29.163047 28.162907 28.274651 26.970596 27.936628 29.238263 26.680041 24.046842 23.566292 24.019396 21.383493 18.778203 19.972306 19.873986 16.307881 15.343004 17.521727 16.633092 12.913488 13.570051 16.265619 14.497116 14.559045 12.519895 10.094052 10.632205 10.388944 13.755233 14.675706 18.340961 21.01234 21.090584 18.904112 15.147729 14.940569 17.502203 19.507403 17.17032 14.433906 12.424906 11.234959 13.9851 13.513832 15.069316 12.694595 14.105604 14.272549 16.346684 17.607943 18.659542 17.732515 16.757237 18.33109 21.566169 21.43147 21.618348 24.298559 26.241823 26.433103 27.73582 24.679167 23.749765 25.972498 25.427903 24.981407 24.048144 25.097405 24.875947 26.245148 25.149788 21.853486 23.97441 23.686237 23.458297 25.638987 28.669367 26.700506 25.272782 28.71553 30.431069 28.300236 28.956584 32.66721 32.552513 31.022207 33.624992 36.196952 35.415204 35.252343 31.982046 30.528744 30.29263 33.221441 35.254239 
16.337843 14.140377 11.659204 8.414738 7.336601 4.942219 6.873928 8.993429 9.786148 12.48109 14.042386 15.834034 18.14534 18.726062 16.592297 14.096614 11.379175 9.040302 5.806721 3.794798 0.0 3.804558 5.288606 4.979008 6.081956 6.347955 9.182845 9.425949 13.008654 14.448675 16.198449 19.951838 20.539735 21.845539 22.17697 24.896749 24.272106 24.615659 23.854443 25.333941 29.013845 30.088226 29.095507 29.670705 28.583682 29.19105 30.50141 27.962015 25.454582 25.44663 25.675342 22.664025 20.526048 22.023932 21.418801 17.692315 17.470744 19.592802 18.071511 14.560692 15.95778 18.265249 15.872428 15.71965 12.915197 10.242146 9.395257 8.399139 11.209686 11.751482 15.458861 17.811917 18.073656 16.099831 12.363884 12.848143 15.956794 18.25834 16.583509 13.400576 11.597631 9.476162 12.122884 11.539391 13.469514 11.789493 13.456467 14.52634 16.407475 16.903388 18.262636 17.017565 16.698743 17.817341 20.968195 21.453605 21.895104 24.124234 26.125323 26.853982 28.080539 25.298749 23.912131 25.689991 24.599754 24.084832 22.806526 23.404609 22.823613 23.769724 22.384487 19.323667 21.686473 21.192776 21.441545 23.832231 26.890831 25.15105 24.0902 27.506963 29.296246 27.570487 28.380369 31.978902 32.096483 30.938996 33.480102 35.964095 35.542569 35.564067 32.507062 31.346677 30.858591 33.529708 35.880202 
16.925329 14.522756 12.524703 8.885264 8.211192 7.262132 9.278292 12.109986 12.785401 15.866302 17.722409 19.526584 21.935377 22.51251 20.306981 17.835977 15.169831 12.646079 9.434626 6.512387 3.804558 0.0 3.767379 5.328488 8.257913 9.275444 12.560555 12.943041 16.443039 17.822989 19.140699 22.89408 23.844913 25.349595 25.866293 28.630793 27.97976 28.344523 27.439743 28.783588 32.432725 33.454583 32.631135 33.295614 32.313094 32.951215 34.291844 31.747107 29.255903 29.232731 29.424451 26.418981 24.301061 25.682722 25.009237 21.321801 21.03453 22.924514 21.288541 17.787162 18.953124 20.956133 18.339875 17.491137 14.640562 12.630231 11.458509 10.779772 12.993784 13.339068 16.948235 18.705024 19.189607 17.382069 13.88431 14.799509 18.243469 20.345462 19.010194 15.504741 14.394826 12.133979 14.795032 14.206763 16.1844 14.787297 16.074432 17.18968 18.459235 18.833413 20.746829 19.755631 19.914359 21.038114 23.990204 24.630027 25.348885 27.449812 29.320745 30.25789 31.588317 28.930142 27.471141 29.092656 27.747426 27.202814 25.682084 25.982726 25.038101 25.559345 23.849263 21.170694 23.748671 22.949341 23.612603 26.249792 29.214209 27.550712 26.871418 30.293406 31.995208 30.487915 31.506567 35.005692 35.128632 34.205509 36.794142 39.154513 38.82815 39.014179 36.006335 34.985938 34.502408 37.072737 39.487634 
20.530169 18.028501 15.679462 11.993733 10.345625 8.515673 8.964433 11.498283 11.282605 14.723346 17.262021 19.038187 21.91417 23.031705 21.247442 18.386542 15.329921 12.188699 9.245878 5.581779 5.288606 3.767379 0.0 3.800053 6.750234 9.237313 12.781455 14.094773 17.819155 19.584057 21.427666 25.191125 25.693879 26.763858 26.856477 29.30904 28.322734 28.201498 27.105991 28.659778 32.163333 33.565116 32.908269 33.223673 32.188518 33.22835 34.676554 32.186869 29.504809 29.111119 29.595739 26.903998 24.350865 25.521753 25.34059 21.770384 20.835482 22.775046 21.697243 18.000679 18.451509 20.729041 18.61348 17.712251 15.503813 13.794819 13.597503 13.371871 16.095555 16.588757 20.248901 22.175334 22.38101 20.224742 16.66462 16.893291 20.004295 21.686338 19.799356 16.479334 15.525499 14.044651 17.098393 16.786557 18.707128 16.826588 18.002868 18.45317 19.793348 20.804105 22.581634 21.825227 21.495873 22.928589 26.022568 26.220641 26.713756 29.166168 31.050593 31.564919 32.921053 29.99752 28.842097 30.782323 29.824768 29.203474 27.803017 28.505723 27.6875 28.554229 27.046971 24.220964 26.771164 26.182987 26.588717 29.072248 32.09459 30.297694 29.326655 32.777483 34.488371 32.685027 33.556506 37.173102 37.156755 35.925475 38.543884 41.01609 40.41651 40.421805 37.234125 35.929805 35.599403 38.417309 40.595589 
20.661311 18.703827 16.511641 13.149583 11.959691 9.394911 9.835305 11.309245 10.37549 13.276805 15.637431 16.749854 19.727793 21.147205 19.155323 15.983948 13.263966 9.952684 7.877325 5.057973 4.979008 5.328488 3.800053 0.0 3.780669 6.032062 9.771731 11.67071 15.377877 17.707187 19.599223 23.344037 23.758233 24.493646 24.707159 26.918811 25.624749 25.573828 24.156563 25.443513 28.906371 30.232972 29.809249 30.25959 29.523633 30.686047 32.439524 30.238831 27.314414 27.185922 28.031223 25.262675 22.646309 24.276883 24.363056 20.708916 19.886382 22.362273 21.525994 17.848237 18.551434 21.317123 19.490808 19.302477 17.031942 14.622761 14.293187 13.224417 15.856707 15.726633 19.22479 21.168586 20.767455 18.145356 14.648259 14.162741 16.973884 18.322671 16.244931 13.009878 12.348081 11.510902 14.958521 15.398707 17.818696 16.265348 18.159219 18.903327 20.887923 21.717659 22.937932 21.630454 20.860474 21.83997 25.236938 25.593471 25.571374 27.913062 30.177535 30.57493 31.526926 28.436908 27.060012 28.871037 27.989617 26.975698 25.376941 26.420233 25.481212 26.695656 25.472052 22.620466 25.349214 25.282961 25.757526 27.844837 31.12113 29.61353 28.286328 31.541043 33.595189 31.827807 32.289859 35.969142 36.245992 34.809676 37.154116 39.876267 39.394735 39.084668 35.970992 34.417083 33.782959 36.721739 38.97956 
21.655351 19.860877 17.346469 14.364635 12.821583 9.476604 9.014918 9.184957 7.469826 9.895104 12.315782 13.171808 16.342646 18.118797 16.43558 13.030048 10.199671 6.611347 5.558899 4.255367 6.081956 8.257913 6.750234 3.780669 0.0 3.78384 6.994265 9.597977 13.248581 15.841029 18.264568 21.873928 21.754623 22.040403 21.892312 23.835661 22.359395 22.049812 20.621892 22.115268 25.533765 27.084007 26.599792 26.812975 25.993404 27.332124 29.141636 27.031452 23.985614 23.736889 24.816166 22.217506 19.386317 21.090331 21.53344 17.978091 16.918354 19.688011 19.289906 15.661088 16.230612 19.389046 18.078798 18.529501 16.6223 13.933737 14.204919 13.110963 16.077301 16.093059 19.501428 21.879957 21.220627 18.42524 14.893488 13.746187 15.921649 17.182673 14.522087 11.867923 10.680689 10.653353 14.063489 14.717253 16.986328 15.167233 17.273798 17.711908 20.176871 21.268996 21.924173 20.497002 19.111685 20.115399 23.664413 23.720098 23.289965 25.826165 28.209121 28.230461 29.033841 25.741998 24.559617 26.600808 26.135303 25.089395 23.768454 25.247036 24.680387 26.375679 25.528113 22.389058 24.871671 25.154117 25.20801 26.961346 30.28937 28.722861 26.973059 30.150787 32.277323 30.249274 30.426996 34.188946 34.432496 32.673313 34.929341 37.797951 37.145506 36.589682 33.400779 31.588768 30.983256 34.101577 36.193048 
19.514612 18.261825 16.057984 13.643188 12.868703 9.669016 10.119157 9.805703 8.770895 10.080282 11.388615 11.715741 14.406222 15.881807 13.646769 10.293219 8.199582 5.42112 5.298578 6.012728 6.347955 9.275444 9.237313 6.032062 3.78384 0.0 3.773455 6.232934 9.788925 12.644269 14.853082 18.430135 18.471874 18.802819 19.060315 21.114176 19.735905 19.949761 18.53965 19.693538 23.271254 24.427643 23.867304 24.478036 23.864903 24.895356 26.801705 24.828194 21.786141 22.071933 23.123358 20.194666 17.732003 19.965637 20.156198 16.478024 16.124252 19.190462 18.512093 15.163161 16.512786 19.681197 18.22849 19.196544 16.909826 13.652607 13.316214 11.364473 13.901564 13.412505 16.541758 18.964663 18.007661 15.113741 11.667063 10.212135 12.232197 13.747903 11.229586 8.586594 6.946696 7.055808 10.516109 11.666869 14.299588 13.068187 15.805331 16.866892 19.725489 20.283516 20.528567 18.536112 17.088306 17.490857 21.170427 21.630239 20.944455 23.142311 25.798733 26.02208 26.505244 23.292054 21.715753 23.451913 22.806135 21.546548 20.063356 21.586908 20.975731 22.809103 22.134257 18.976917 21.497956 22.095026 22.238033 23.727735 27.18861 25.900272 24.024003 27.027486 29.388566 27.55541 27.514414 31.245929 31.781542 30.0734 32.113663 35.081294 34.693199 34.044192 31.039031 29.269087 28.335563 31.356466 33.678478 
19.793462 18.959333 16.770705 15.06899 14.443739 11.217454 11.472242 10.051146 9.142179 8.961132 9.143653 8.735386 11.050602 12.567935 10.251616 6.742693 5.46835 4.142615 6.117918 8.59239 9.182845 12.560555 12.781455 9.771731 6.994265 3.773455 0.0 3.789513 6.723826 9.953822 12.533335 15.824574 15.407944 15.330072 15.492769 17.399068 15.983521 16.3635 15.064014 16.223717 19.890716 20.970412 20.207153 20.861869 20.251906 21.174203 23.144963 21.312563 18.206455 18.761832 19.946452 16.958315 14.628458 17.266619 17.558305 13.990125 13.984696 17.374067 16.884394 13.957777 15.648445 18.943854 17.858238 19.532486 17.422378 13.909358 13.737801 11.545811 13.873497 13.343403 16.018294 18.750477 17.532868 14.677473 11.536833 9.524815 10.535175 12.178197 9.339663 7.781044 5.040723 6.277586 9.006828 10.524231 12.96201 11.933006 15.034946 16.145065 19.457116 19.898584 19.443227 17.098697 15.113501 15.129368 18.922502 19.346804 18.147436 20.27451 23.159108 23.180512 23.34217 20.033899 18.398514 20.15613 19.803055 18.440674 17.205926 19.13509 18.929755 21.229388 20.996968 17.651055 19.833183 20.869649 20.649494 21.665655 25.165999 23.981019 21.694833 24.493266 27.003548 25.069151 24.664257 28.417819 29.072587 27.137954 28.976225 32.097717 31.71615 30.826491 27.880053 25.943096 24.848716 27.945316 30.257303 
16.677567 16.113063 14.088507 13.101359 13.045577 10.404754 11.48161 10.296032 10.729698 10.34137 9.429329 9.560084 10.70756 11.044144 8.072474 5.563384 5.188118 5.962425 6.867331 9.769314 9.425949 12.943041 14.094773 11.67071 9.597977 6.232934 3.789513 0.0 3.762106 6.441107 8.933244 12.375079 12.251053 12.844882 13.453742 15.997087 15.348833 16.401082 15.784315 16.888075 20.681253 21.306745 20.036631 21.006993 20.198543 20.439093 22.033574 19.955016 17.270351 18.198632 18.773584 15.383143 13.760271 16.480058 16.005702 12.32981 13.274614 16.399921 15.224222 12.680635 15.178767 18.026008 16.531921 18.39079 15.928883 12.197254 11.444557 8.807519 10.700966 10.265083 12.749301 15.795029 14.904716 12.576239 9.444874 8.22071 9.398513 12.071575 10.104729 8.654713 4.954499 4.419302 5.866157 6.916482 9.257506 8.67115 12.117979 13.830279 17.216449 17.11942 16.466203 13.777675 12.055989 11.696322 15.472976 16.295456 15.319744 17.15144 20.024798 20.469714 20.697894 17.689536 15.754025 17.302405 16.59172 15.532821 14.4533 15.995491 16.064562 18.207953 17.929377 14.388211 16.305544 17.224437 16.871957 17.97009 21.431961 20.224562 18.043038 20.921943 23.392105 21.597271 21.361183 25.078728 25.778223 24.105761 26.018547 29.013642 28.830841 28.182739 25.362794 23.794647 22.645869 25.464744 28.007525 
16.950126 17.067245 15.453759 15.31693 15.686063 13.454687 14.587044 13.021393 13.640976 12.404298 10.407046 9.817706 9.663206 9.262645 5.6482 4.526188 6.565645 8.823698 10.304962 13.448974 13.008654 16.443039 17.819155 15.377877 13.248581 9.788925 6.723826 3.762106 0.0 3.796063 6.248117 9.185116 8.803808 9.250618 10.385218 13.029839 12.73033 14.490952 14.216148 14.971823 18.74424 18.903669 17.335558 18.676478 18.004391 17.749063 19.328151 17.468669 14.958735 16.551251 17.035449 13.440486 12.565828 15.733482 15.038777 11.71986 13.489051 16.616869 15.404354 13.664414 16.546081 19.175538 17.900864 20.23595 17.869642 14.157145 13.258308 10.466139 11.452322 10.720225 12.197478 15.29186 14.123323 12.120328 9.83925 8.451934 8.318874 11.210707 9.740423 9.498829 5.854735 5.976852 5.182043 6.686956 8.573612 8.981751 12.621496 14.627635 18.192028 17.668128 16.304949 13.116408 11.129582 9.73912 13.494306 14.679976 13.140661 14.448074 17.674467 18.193801 17.907928 15.035844 12.644474 13.831125 13.129078 11.85233 10.946474 12.818374 13.346543 15.927469 16.168388 12.588798 14.04584 15.553724 14.938985 15.36214 18.889408 18.01252 15.443097 17.959949 20.706984 19.039003 18.355729 22.026687 23.0468 21.305822 22.887452 26.03099 26.081987 25.23606 22.654437 21.090171 19.563789 22.274888 25.007307 
15.222605 15.492964 13.965002 14.687463 15.298583 13.728377 15.122038 13.701812 15.200545 13.906576 11.369251 11.534815 10.415035 8.587765 5.080951 6.336112 8.229953 11.110358 11.920817 15.117993 14.448675 17.822989 19.584057 17.707187 15.841029 12.644269 9.953822 6.441107 3.796063 0.0 3.81154 6.529811 6.110842 7.788301 9.123647 12.504022 13.30824 15.398237 15.994559 16.970225 20.618033 20.565509 18.418885 19.743002 18.641907 17.698521 18.592504 16.341617 14.561095 16.242643 15.895481 12.097383 12.128121 14.962731 13.416336 10.326277 12.967 15.497002 13.671397 12.628373 16.01524 18.022964 16.540883 19.044702 16.647795 13.122085 12.036194 9.525384 9.930877 9.898853 10.884994 14.349782 13.905258 12.895833 10.916696 10.684621 10.746096 14.046658 13.184352 12.91902 9.352116 8.324369 5.995766 5.570297 5.830578 6.772411 10.214488 12.555384 16.021944 15.04537 13.277507 9.824977 8.052264 6.067913 9.759156 11.295363 10.087784 11.111448 14.202347 15.155062 15.117723 12.688043 10.184609 11.332219 10.364303 10.039059 9.984875 11.171354 12.521625 14.782148 14.99769 11.232784 11.795795 12.972045 11.711259 12.230428 15.54175 14.369761 11.795574 14.555724 17.085764 15.366172 14.981951 18.664221 19.535567 18.044131 19.862759 22.791886 22.914166 22.416484 19.899767 18.82133 17.468268 19.828397 22.684257 
