0.0 3.754688 6.19722 9.596666 12.525092 14.401358 11.610426 10.999762 14.83677 15.517659 13.387922 15.205313 18.460153 18.458761 18.127399 21.201845 20.272493 22.457701 25.522807 24.794689 27.610669 28.437917 25.167651 24.151936 20.623234 20.231022 20.690246 17.533136 15.462653 17.339799 16.872235 13.056474 13.386768 15.900441 14.624717 11.111119 10.697859 8.091301 5.728608 5.465084 6.836043 9.607784 13.032065 16.480853 19.755883 22.640922 26.309641 27.384724 25.458139 22.750007 19.046571 16.649293 13.370764 10.091889 9.549084 13.350268 14.509056 16.734121 19.334509 20.916309 24.475091 24.729882 21.865031 20.253759 21.670755 20.018611 23.293757 24.0484 24.972364 28.722889 29.596176 26.234437 27.437182 24.339132 25.247982 22.184741 23.142002 19.821425 18.629312 16.253676 13.896143 13.395988 11.81057 8.857852 7.775705 5.651893 9.202766 10.329329 13.995682 14.974717 13.665144 15.703433 18.61971 18.902262 18.577671 21.519428 23.536339 23.137582 23.930277 27.041901 28.472188 31.384805 29.437008 26.663162 23.751131 25.650848 24.062269 21.109981 22.953881 20.429024 21.085837 24.737524 24.998567 23.011184 22.810056 25.76668 28.729027 27.268232 26.891639 23.465167 24.06562 23.078388 19.345733 19.680637 22.171413 21.726112 19.291515 21.084574 20.782276 
3.754688 0.0 3.733775 6.684061 9.431489 11.919103 9.891148 9.216717 12.863885 14.24524 12.85139 14.275558 17.416633 18.14441 18.068684 20.699428 19.243629 20.979495 23.960286 23.635563 26.36447 26.759829 23.273352 22.049203 18.555485 17.598322 18.230051 15.461916 12.88343 14.384365 14.431176 10.729325 10.272007 13.021907 12.469694 9.017906 7.58016 5.158499 4.104374 6.122103 8.035966 9.429639 13.209552 16.166331 19.758581 22.359273 25.94648 27.39154 25.91269 23.212848 19.457774 16.652923 13.871544 10.435586 8.722676 12.347032 13.898105 16.660383 19.491251 21.674435 24.961145 25.141629 22.482207 21.45006 23.268515 21.80771 25.277301 25.670845 26.15571 29.904313 30.671027 27.285856 28.365133 25.489081 26.079378 23.16319 24.669969 21.616952 20.719562 17.963437 16.227304 15.704528 13.364543 10.918188 10.530199 8.313202 11.194844 11.268804 15.101194 16.301242 14.254856 15.736215 19.118482 19.33006 18.250242 21.173507 23.483454 22.707518 23.020644 26.404678 27.756704 30.351084 28.056737 25.300586 22.09687 23.861046 22.731158 19.46244 20.969545 18.057206 18.626078 22.315067 22.278624 19.969588 19.832579 23.016107 25.799939 24.080343 23.689611 20.420167 21.108504 19.800778 16.15462 16.852052 19.147955 18.891774 16.847797 19.134523 19.125724 
6.19722 3.733775 0.0 3.786255 6.37633 8.338754 6.201904 5.753447 9.367886 10.628827 9.688943 11.315557 14.124635 15.016557 15.42015 17.910039 16.555064 17.935509 21.113701 21.146531 24.124504 24.292819 20.853547 19.223943 15.577324 14.836329 16.024939 13.331968 10.500069 12.66316 13.322709 9.840119 9.615257 13.04688 12.984031 10.259612 8.443449 5.196672 6.462949 7.851834 10.825129 11.999534 15.668626 18.498572 22.09852 24.321838 27.933447 29.226975 28.018474 25.035841 21.412745 18.231621 15.471174 11.769595 9.172769 12.33032 14.78021 17.269479 20.53949 22.954881 26.096795 25.748959 22.896026 22.244493 24.504066 23.575301 27.191997 27.842614 28.017118 31.651184 32.008068 28.449466 29.050395 26.062107 26.124679 23.022637 24.802194 22.04184 21.782854 19.277327 17.864142 16.581996 14.190044 12.554269 11.589968 8.692234 10.508694 10.194367 13.779085 15.708019 13.715316 14.307684 17.833524 18.636977 17.249567 19.685814 22.455509 21.972647 21.759732 25.068345 26.815713 29.329234 27.093146 24.036051 20.902261 23.091465 22.363288 19.215574 21.003285 18.083207 17.875785 21.647185 21.923623 19.352567 18.549209 21.611493 24.125523 22.274402 21.40304 18.057636 18.239079 17.134754 13.468088 13.601146 15.977388 15.623171 13.291532 15.47241 15.393333 
9.596666 6.684061 3.786255 0.0 3.874801 5.787341 5.017505 6.097189 8.626418 10.065066 10.531962 12.139087 14.18227 15.568828 16.685672 18.72677 17.224142 17.802598 21.003282 21.703655 24.71959 24.331838 20.821029 18.641602 15.026056 13.78297 15.712167 13.733093 10.289658 12.203826 13.925806 11.062961 9.891205 13.539741 14.478217 12.218451 9.451358 7.150133 9.442601 11.465585 14.294145 14.999299 18.692037 21.165837 24.865086 26.894873 30.379707 31.913464 30.981066 28.051176 24.457962 21.13839 18.705891 15.078896 12.063848 14.716297 17.421218 20.070916 23.430546 26.123016 29.068431 28.602005 25.85818 25.538181 27.980651 27.161598 30.819935 31.346258 31.350466 34.954835 35.229793 31.669503 32.12649 29.241422 29.029806 25.978553 28.006585 25.438973 25.389475 22.848851 21.601346 20.236783 17.745354 16.292454 15.325415 12.256468 13.700073 13.214717 16.490606 18.770222 16.668254 16.613749 20.246235 21.27221 19.431119 21.519011 24.597751 24.033554 23.273141 26.639952 28.480359 30.674113 28.228913 25.126039 21.870394 24.042408 23.889212 20.621205 22.088821 18.875161 18.321824 22.010115 22.004355 18.971261 17.996713 21.217242 23.242651 20.909188 19.607752 16.584197 16.300336 14.696498 11.365257 11.328234 13.034606 12.303272 10.441283 12.962483 13.64348 
12.525092 9.431489 6.37633 3.874801 0.0 3.805844 5.428801 5.305597 6.227906 8.775263 10.046831 10.59595 12.245338 14.466125 15.568542 16.889462 14.902402 14.959622 17.926126 18.990188 21.850984 21.092759 17.533089 15.184376 11.731203 10.087463 12.30474 10.878256 7.202723 9.061381 11.446857 9.40036 8.16812 11.871099 13.371758 12.109306 9.419198 7.578735 10.950809 12.94935 16.051655 16.062669 19.478666 21.517158 25.159344 26.696046 30.053425 31.579854 31.083168 28.048543 24.662403 21.085475 19.092556 15.635444 12.111559 13.855466 16.952774 19.499935 22.999858 26.031315 28.621238 27.848903 25.267145 25.517929 28.330277 27.926397 31.696617 32.128361 31.66843 35.115376 35.078862 31.502103 31.631688 28.947344 28.307604 25.435944 27.89563 25.735381 26.12045 23.520553 22.878767 21.326379 18.4803 17.725417 17.132159 14.397151 15.125488 13.723332 16.614928 18.899329 16.429951 15.669862 19.386924 20.410597 18.012175 19.762696 23.035842 22.320839 21.035026 24.426522 26.286294 28.166584 25.603499 22.480991 19.212212 21.435807 21.778331 18.596109 20.005696 16.835922 15.689536 19.256591 19.396598 16.23738 14.793583 17.886448 19.667596 17.283255 15.809289 12.773861 12.440555 10.958439 7.523532 7.675598 9.720385 9.863705 8.187817 11.319675 11.707187 
14.401358 11.919103 8.338754 5.787341 3.805844 0.0 3.811781 5.360467 4.842465 6.125113 8.549495 9.668825 10.282394 12.298353 14.233358 15.476978 14.11004 13.663354 16.948515 18.405721 21.606605 20.733545 17.499676 14.624715 11.075942 10.285797 13.253535 11.947347 8.75114 11.342524 13.851624 12.114939 11.580261 15.257404 16.600757 15.501104 13.109 10.803195 13.912526 15.260864 18.660654 19.122639 22.511765 24.75611 28.323719 29.810462 33.228177 34.50994 33.971869 30.758795 27.456269 23.837364 21.614558 18.046129 14.596171 16.19077 19.594907 21.702404 25.364898 28.255387 30.864568 29.728206 26.911343 27.173603 30.098267 29.974183 33.735795 34.511928 34.06883 37.437883 37.156754 33.474188 33.281271 30.410276 29.473587 26.39192 28.771388 26.768808 27.524568 25.322508 24.606225 22.551301 20.073432 19.606007 18.393074 15.307276 15.360792 14.229129 16.533053 19.395724 17.466022 16.116463 19.553478 21.235643 19.00858 20.138895 23.684912 23.505087 21.938817 24.996834 27.306092 29.220132 26.946252 23.565241 20.638813 23.291125 23.786186 20.952903 22.699964 19.792338 18.117473 21.568907 22.092695 18.9656 16.940758 19.613638 21.016337 18.633321 16.490289 13.55813 12.142668 11.187297 8.282496 6.561864 8.395403 7.70359 4.984407 7.644331 8.155798 
11.610426 9.891148 6.201904 5.017505 5.428801 3.811781 0.0 3.856538 5.580652 5.423841 6.399826 8.769818 10.087659 11.036239 12.824334 14.942829 14.172894 14.596976 18.152136 18.975853 22.390785 22.122234 19.000533 16.512205 12.741192 12.699076 15.100076 12.905751 10.101324 13.179259 14.83869 12.318473 12.434227 16.205647 16.767399 15.064351 13.109976 10.021692 12.341517 13.040737 16.505671 17.64664 21.094476 23.78789 27.298325 29.100484 32.685275 33.740316 32.815524 29.546023 26.16313 22.71143 20.021829 16.30128 13.269765 15.449778 18.72217 20.628619 24.26688 26.790998 29.702414 28.639876 25.564735 25.355036 28.050082 27.792115 31.467172 32.510255 32.393487 35.824385 35.646959 31.923557 31.851187 28.727007 28.052289 24.735246 26.720495 24.452583 25.049143 23.082626 21.970522 19.787741 17.710774 17.022086 15.313154 11.972463 12.053296 11.578962 14.020923 17.031828 15.577953 14.684711 17.979107 19.829162 18.210041 19.552608 22.943379 23.08893 22.051732 24.995147 27.405986 29.74059 27.735239 24.273743 21.47974 24.283881 24.198846 21.449836 23.556624 20.807236 19.4665 23.104849 23.835017 20.985868 19.155189 21.800486 23.647364 21.590052 19.743069 16.516474 15.407713 14.777897 11.552028 9.984124 12.15303 11.178562 8.046715 9.504214 9.429829 
10.999762 9.216717 5.753447 6.097189 5.305597 5.360467 3.856538 0.0 3.842773 5.423411 5.047366 6.049573 8.477754 9.958704 10.691526 12.670091 11.331396 12.352007 15.711365 16.062106 19.309534 19.317173 16.089086 14.126943 10.354896 10.470576 12.143779 9.460669 7.044586 10.429886 11.4599 8.907617 9.852233 13.462963 13.60895 12.326819 11.077514 7.78526 10.404998 10.760796 14.451333 15.180158 18.344885 20.87859 24.270856 25.823074 29.387313 30.302317 29.532339 26.173791 22.926507 19.366084 16.853305 13.253734 10.019297 11.784695 15.222282 16.982142 20.677012 23.320324 26.08693 24.929769 21.931201 21.967762 24.845899 24.808109 28.55606 29.518007 29.1246 32.467031 32.149351 28.426389 28.263253 25.25794 24.491282 21.305024 23.536952 21.431069 22.1799 20.074932 19.432215 17.25652 14.7958 14.618517 13.460314 10.748149 10.491311 8.939146 11.492234 14.136303 12.2056 11.233974 14.753018 16.296899 14.465611 16.004935 19.323131 19.291317 18.337943 21.387461 23.66588 26.05234 24.056235 20.62889 17.8302 20.657395 20.41447 17.760758 20.076119 17.577643 16.175083 19.832036 20.865128 18.353675 16.461088 18.923103 21.140895 19.528898 18.145937 14.591089 14.173212 14.055648 10.419381 9.532779 12.634999 12.826728 9.783547 11.65545 10.553648 
14.83677 12.863885 9.367886 8.626418 6.227906 4.842465 5.580652 3.842773 0.0 3.79399 5.539441 5.123215 6.033744 8.65245 9.930906 10.866456 9.29611 9.29282 12.696235 13.745515 17.060267 16.575708 13.472896 10.9535 7.169736 7.675302 10.109671 8.196128 6.124521 9.695119 11.384836 10.025702 10.983898 14.379689 15.037633 14.626669 13.341723 10.633529 13.745815 14.181647 17.887688 18.205423 21.13092 23.30752 26.600087 27.72349 31.140296 31.998962 31.601601 28.163483 25.159541 21.455979 19.330976 15.982486 12.55618 13.349618 17.062 18.53963 22.307617 25.154728 27.558312 26.006709 23.129846 23.70303 26.886043 27.278695 31.053119 32.02242 31.265326 34.413909 33.752745 30.025949 29.446772 26.601335 25.311534 22.267523 24.833623 23.217014 24.466602 22.501334 22.315671 19.906424 17.392089 17.799625 16.763058 14.250304 13.343624 11.327924 12.978661 15.778794 13.851364 11.856372 15.153804 17.000678 14.705351 15.460458 19.099488 19.181556 17.506744 20.370252 22.891429 24.937386 22.970166 19.415281 16.820401 19.877603 20.241922 17.884265 20.197955 17.886285 15.730381 19.109419 20.403517 17.827514 15.280906 17.331048 19.064051 17.440565 15.57401 12.118895 11.055162 11.556543 8.330907 6.535922 9.951627 10.670572 7.540681 9.350252 7.672837 
15.517659 14.24524 10.628827 10.065066 8.775263 6.125113 5.423841 5.423411 3.79399 0.0 3.818781 5.369144 5.01373 6.226072 8.697135 10.204075 10.018679 10.050096 13.776012 14.781372 18.436148 18.212429 15.626126 12.993657 9.421985 10.874601 13.389919 11.348019 9.824104 13.471842 14.916701 13.296642 14.477858 17.957494 18.298761 17.52698 16.328465 13.187376 15.745718 15.6186 19.396895 20.357154 23.330208 25.861891 29.089602 30.395142 33.918222 34.535824 33.879491 30.343402 27.348658 23.772917 21.258812 17.806251 14.771926 15.885524 19.557054 20.66752 24.444101 26.934444 29.515927 27.793046 24.631402 24.892918 27.956631 28.437148 32.109466 33.466277 32.949426 36.069816 35.32419 31.533193 30.8101 27.695972 26.36237 23.042205 25.234925 23.597188 25.011297 23.523126 23.006193 20.194898 18.291317 18.703574 16.935688 14.093436 12.651924 11.407598 12.443098 15.825586 14.778061 12.670398 15.438741 17.958491 16.298496 16.616029 20.280883 21.012069 19.488316 21.914408 24.809419 27.078073 25.510916 21.81395 19.61547 22.92577 23.085259 21.009001 23.593499 21.45298 19.293763 22.629424 24.105943 21.606113 18.978132 20.816102 22.416672 20.859576 18.696668 15.411905 13.749652 14.457116 11.646227 9.024629 11.809447 11.560302 7.821667 8.052371 5.83901 
13.387922 12.85139 9.688943 10.531962 10.046831 8.549495 6.399826 5.047366 5.539441 3.818781 0.0 3.822853 5.535549 5.341084 6.52646 9.211669 9.376588 10.819375 14.447009 14.456444 18.1021 18.621444 16.097866 14.243933 10.701048 12.470325 14.051447 11.157406 10.226319 14.020989 14.502773 12.361304 14.273744 17.592098 17.148599 16.139026 15.637647 12.103209 13.968483 13.034405 16.8135 18.115425 20.879977 23.651104 26.705802 28.138301 31.74891 32.102184 31.19014 27.598708 24.647739 21.234447 18.449606 15.054055 12.494192 13.789014 17.284148 18.058834 21.769635 23.941225 26.698862 25.012134 21.668037 21.605807 24.535504 25.023644 28.628493 30.179632 29.814351 32.924201 32.209432 28.401808 27.751419 24.471117 23.348896 19.871019 21.801816 20.00089 21.373295 20.079142 19.472612 16.510427 14.860994 15.44091 13.503502 10.930087 9.018546 7.772314 8.740756 12.199631 11.50383 9.768608 12.440365 15.009902 13.924708 14.556877 17.969754 18.924039 18.013232 20.366253 23.226571 25.898889 24.573467 20.899162 18.83626 22.186418 21.735171 19.81057 22.721482 20.852944 19.037238 22.46683 24.161255 22.043649 19.669812 21.449144 23.576227 22.429421 20.787431 17.213927 16.249258 17.076359 13.83293 11.930084 15.111761 15.08661 11.420923 11.777209 9.476552 
15.205313 14.275558 11.315557 12.139087 10.59595 9.668825 8.769818 6.049573 5.123215 5.369144 3.822853 0.0 3.780295 5.42567 5.105029 6.652735 5.775597 7.624221 11.032729 10.826743 14.38339 14.949172 12.406553 10.930723 7.608466 9.875405 10.874045 7.955776 8.08228 11.824641 11.951629 10.587977 13.054255 15.937502 15.448221 15.282538 15.248731 12.123866 14.4002 13.501325 17.262425 17.876427 20.24023 22.579931 25.463764 26.426414 29.889897 30.149334 29.617942 25.962347 23.281887 19.728632 17.435074 14.405849 11.643186 11.877993 15.568047 16.060343 19.813638 22.247664 24.619228 22.655414 19.512543 20.06262 23.333493 24.221739 27.889808 29.270156 28.434902 31.356687 30.358974 26.577342 25.637647 22.619686 21.100916 17.888043 20.337322 19.010527 20.760883 19.334067 19.465064 16.564982 14.451753 15.75194 14.592264 12.788927 10.708666 8.128597 8.581631 11.458858 10.120354 7.483521 10.330923 12.710873 10.999618 11.314032 14.932928 15.734633 14.439593 16.834861 19.708304 22.229186 20.89898 17.185485 15.248823 18.729996 18.476889 16.834757 19.877509 18.366288 16.159891 19.368767 21.418181 19.607852 16.957546 18.303248 20.481705 19.752581 18.359758 14.715329 14.142122 15.578617 12.437487 10.929828 14.575523 15.508333 12.161546 12.981146 10.153444 
18.460153 17.416633 14.124635 14.18227 12.245338 10.282394 10.087659 8.477754 6.033744 5.01373 5.535549 3.780295 0.0 3.778735 5.328903 5.419714 5.558581 5.729626 9.440147 10.146978 13.921805 14.02704 12.025142 9.878393 6.979435 10.001339 11.724853 9.791964 10.047142 13.635587 14.379012 13.65328 15.764318 18.657491 18.607401 18.695451 18.331833 15.368542 17.913847 17.202117 20.986465 21.596178 23.977021 26.212227 29.06911 29.854587 33.228096 33.436485 33.074689 29.391902 26.852499 23.283373 21.126231 18.170611 15.353826 15.345882 19.076381 19.407768 23.122119 25.553502 27.71034 25.458508 22.381945 23.171693 26.523773 27.66371 31.272166 32.765693 31.812498 34.584772 33.347398 29.589273 28.317731 25.37062 23.466293 20.339662 22.805448 21.851704 23.935599 22.78188 22.983146 19.889693 18.025582 19.433513 18.037647 16.024679 13.698723 11.538675 11.260198 14.347914 13.468131 10.359594 12.451734 15.263068 13.529817 12.870427 16.631162 17.784634 15.908462 17.820384 21.028096 23.241167 22.115158 18.323334 16.785426 20.423512 20.670607 19.333504 22.297779 20.88349 18.206396 21.12002 23.290002 21.37214 18.288703 19.260268 20.847606 20.059953 18.104252 14.795229 13.354568 15.286966 12.822795 10.410262 13.685043 14.52628 11.161396 11.152965 7.690388 
18.458761 18.14441 15.016557 15.568828 14.466125 12.298353 11.036239 9.958704 8.65245 6.226072 5.341084 5.42567 3.778735 0.0 3.819798 5.611744 7.698749 8.7283 12.132064 12.172869 15.976028 16.677157 15.124994 13.361199 10.689696 13.72721 15.234876 12.87781 13.154414 16.88631 17.252816 16.007228 18.342824 21.3363 20.838634 20.495859 20.343401 16.99101 18.931709 17.617965 21.34182 22.536014 24.870454 27.455347 30.192537 31.20502 34.685471 34.620833 33.921788 30.183273 27.670215 24.318741 21.773971 18.813244 16.515954 16.897954 20.429269 20.407506 24.02575 25.992166 28.368256 26.059182 22.707825 23.04266 26.162098 27.344495 30.789717 32.67176 32.013684 34.747809 33.49087 29.710165 28.392602 25.167264 23.379876 19.982654 21.917107 20.886863 23.059687 22.42561 22.301878 18.883457 17.710439 19.139811 17.16125 15.141635 12.279607 10.886853 9.831348 13.315698 13.455345 10.63246 11.987218 15.345967 14.536454 13.748875 17.227683 18.997182 17.657723 19.142201 22.536395 25.104145 24.395421 20.605248 19.382164 23.092718 22.87942 21.736216 24.944447 23.663457 21.243358 24.223161 26.486342 24.690835 21.762086 22.742645 24.489751 23.798497 21.880979 18.551402 17.079499 18.872164 16.290977 13.7598 16.815593 17.041823 13.39409 12.630003 9.223785 
18.127399 18.068684 15.42015 16.685672 15.568542 14.233358 12.824334 10.691526 9.930906 8.697135 6.52646 5.105029 5.328903 3.819798 0.0 3.806892 5.974723 8.55177 11.408521 10.291339 13.894128 15.3302 13.90371 13.09713 10.763013 13.944324 14.463483 11.690309 12.842108 16.394884 15.91451 14.783801 17.734299 20.292905 19.233836 19.178154 19.733236 16.470067 18.076576 16.274543 19.830921 20.853298 22.726328 25.185756 27.630043 28.447314 31.862639 31.524795 30.854124 27.073782 24.811828 21.588291 19.188444 16.62659 14.74514 14.617099 17.930002 17.392628 20.87468 22.672523 24.91793 22.463412 19.102974 19.551519 22.749054 24.211071 27.601225 29.527233 28.702893 31.283359 29.873282 26.116531 24.662243 21.469395 19.586627 16.219841 18.249952 17.446833 19.871467 19.375222 19.673021 16.211759 15.050962 17.072489 15.506168 14.280421 11.093751 8.989925 7.125036 10.142443 10.408106 7.324958 8.211696 11.665259 11.171223 10.271197 13.576859 15.563114 14.59261 15.920367 19.286871 22.112942 21.650401 17.930888 16.99063 20.709813 20.095243 19.315861 22.775263 21.943576 19.655425 22.491562 25.050485 23.732014 20.939405 21.64269 23.78065 23.59588 22.226605 18.732465 17.986706 19.995511 17.183514 15.336171 18.817302 19.588379 16.063931 15.902288 12.501691 
21.201845 20.699428 17.910039 18.72677 16.889462 15.476978 14.942829 12.670091 10.866456 10.204075 9.211669 6.652735 5.419714 5.611744 3.806892 0.0 3.802872 5.802884 8.043008 7.029243 10.69739 11.997305 11.148161 10.543259 9.150764 12.826353 13.149525 11.147676 13.010659 16.207936 15.842423 15.62351 18.563239 20.796725 20.029785 20.649292 21.220496 18.348769 20.406244 18.924887 22.467184 22.980547 24.645418 26.688096 29.010688 29.375812 32.582364 32.204677 31.960075 28.183591 26.206036 22.899254 21.012187 18.744875 16.632468 15.73818 19.109929 18.39609 21.799136 23.826876 25.584532 22.804786 19.775548 20.897136 24.342943 26.166248 29.542649 31.305242 30.05319 32.391686 30.660004 26.998536 25.156792 22.330234 19.911307 16.982592 19.458856 19.281949 22.041279 21.492287 22.326405 19.002201 17.550696 19.89404 18.77937 17.727623 14.692333 12.145924 10.29891 12.636341 12.436878 8.764398 9.24425 12.411131 11.276732 9.333802 12.815167 14.81569 13.063942 14.000305 17.586034 20.007618 19.69431 15.952808 15.468632 19.29669 19.200079 18.854016 22.253598 21.746369 18.963974 21.365499 24.202812 23.075533 19.923941 20.040667 21.822615 21.964072 20.54237 17.321977 16.490382 19.094232 16.806394 14.943754 18.355455 19.664906 16.475985 16.314934 12.629694 
20.272493 19.243629 16.555064 17.224142 14.902402 14.11004 14.172894 11.331396 9.29611 10.018679 9.376588 5.775597 5.558581 7.698749 5.974723 3.802872 0.0 3.818322 6.016847 5.0842 8.758621 9.649499 7.929166 7.529644 6.097119 9.584384 9.423046 7.549058 9.879633 12.737955 12.318152 12.611294 15.511502 17.470502 16.924046 17.975881 18.560084 16.115557 18.52308 17.504785 20.993985 20.946324 22.572644 24.271513 26.675772 26.851284 29.968529 29.865391 29.902688 26.20057 24.176674 20.689156 19.190778 16.998343 14.521805 13.173761 16.652428 16.281833 19.762308 22.253966 23.84688 21.234013 18.488377 19.995468 23.615955 25.28991 28.822708 30.158883 28.664873 31.087691 29.474094 25.838202 24.183928 21.633152 19.270637 16.625728 19.61131 19.340956 21.839268 20.69733 21.807738 18.896733 16.7561 19.026367 18.520762 17.564731 15.087097 11.926064 11.018231 12.871532 11.535229 7.819452 9.353449 11.599666 9.369053 7.920171 11.715018 12.809163 10.582816 12.312919 15.562163 17.743069 16.86186 13.060189 12.083623 15.885326 16.0913 15.506648 18.745136 18.173016 15.246085 17.633339 20.434301 19.325175 16.154926 16.269678 18.181982 18.379152 17.241471 13.928611 13.634543 16.251554 13.927141 12.699678 16.326572 18.211523 15.387268 16.053395 12.667971 
22.457701 20.979495 17.935509 17.802598 14.959622 13.663354 14.596976 12.352007 9.29282 10.050096 10.819375 7.624221 5.729626 8.7283 8.55177 5.802884 3.818322 0.0 3.753924 5.540202 8.96686 8.422599 6.84913 4.992245 4.296495 8.127273 8.933063 8.471028 10.276414 12.828277 13.385555 14.209823 16.439992 18.480425 18.672812 19.893381 19.896084 17.717081 20.618723 20.150008 23.73209 23.519116 25.377432 26.912344 29.471766 29.543527 32.554012 32.68991 32.960927 29.335689 27.270032 23.669409 22.340413 20.003171 17.131895 15.855336 19.442678 19.441775 22.925824 25.649729 27.085174 24.48754 21.961957 23.653213 27.308691 28.924563 32.499041 33.694261 32.107639 34.524112 32.890787 29.312337 27.611064 25.237791 22.750632 20.294726 23.356505 23.155025 25.617264 24.343517 25.383554 22.529663 20.263754 22.263267 21.674409 20.293263 18.020218 15.069914 14.467862 16.602247 15.151962 11.534465 13.149227 15.308695 12.779879 11.191084 14.875293 15.683703 12.832809 14.436781 17.595449 19.133709 18.038325 14.342518 13.341356 16.985308 17.976807 17.288072 20.095395 19.301745 15.972305 18.113631 20.733469 19.304157 15.764023 15.701585 16.865211 16.788998 15.058623 12.150401 11.081938 14.122492 12.537621 10.833313 14.044416 16.150303 13.721859 14.22584 10.867059 
25.522807 23.960286 21.113701 21.003282 17.926126 16.948515 18.152136 15.711365 12.696235 13.776012 14.447009 11.032729 9.440147 12.132064 11.408521 8.043008 6.016847 3.753924 0.0 3.785179 6.053509 4.869029 4.610754 4.281053 6.305695 9.492382 9.296919 9.843929 12.384521 14.110512 14.344945 15.984838 18.259837 19.67828 19.886526 21.706277 22.007237 20.248829 23.16086 22.706866 26.101371 25.502767 26.968999 28.08262 30.355193 29.962276 32.685374 32.68673 33.341236 29.795554 28.118739 24.624688 23.804242 21.927411 19.222409 17.289336 20.585031 20.255473 23.441524 26.198677 27.120872 24.296416 22.18917 24.391479 28.136342 30.073112 33.538521 34.595195 32.637385 34.749786 32.832886 29.437232 27.426938 25.471402 22.630233 20.695054 23.98857 24.306629 26.993798 25.771169 27.284518 24.570654 22.232079 24.566537 24.363489 23.359156 21.052032 17.850678 16.986055 18.5572 17.003258 13.351713 14.407435 16.092075 13.381888 11.17755 14.415681 15.060679 11.688118 12.735572 15.776516 16.74546 15.865176 12.405972 12.140798 15.617961 17.061589 17.022931 19.67391 19.458099 15.862808 17.268025 20.210937 19.288726 15.620745 14.658862 15.461491 16.099449 14.720782 12.366577 11.756208 15.267687 14.314937 13.160489 16.077304 18.672302 16.728635 17.338646 14.112565 
24.794689 23.635563 21.146531 21.703655 18.990188 18.405721 18.975853 16.062106 13.745515 14.781372 14.456444 10.826743 10.146978 12.172869 10.291339 7.029243 5.0842 5.540202 3.785179 0.0 3.821703 5.299275 5.420102 6.992937 8.194479 11.370971 10.170221 9.748074 12.955481 14.765695 14.005524 15.462564 18.347952 19.496384 18.999846 20.880389 21.817175 19.947802 22.401897 21.440939 24.647055 24.082143 25.147061 26.248702 28.218439 27.719507 30.423838 30.076644 30.655506 27.059628 25.636041 22.334394 21.581607 20.083611 17.870182 15.603503 18.614434 17.706007 20.705302 23.193643 24.004396 20.987739 18.860458 21.152061 24.888426 27.077307 30.414279 31.588304 29.555971 31.502156 29.428276 26.061055 23.880673 21.948321 18.981178 17.149333 20.458606 21.048197 23.919557 22.930728 24.726309 22.018532 19.858914 22.589242 22.588318 22.120156 19.610514 16.249279 14.93799 15.937222 14.574018 10.946358 11.355407 12.83962 10.420644 7.690275 10.74961 11.76325 8.627812 9.313286 12.656738 14.162591 13.761329 10.171772 10.478338 14.151989 14.925565 15.398063 18.475096 18.759715 15.451698 16.820393 20.114355 19.705264 16.347925 15.272239 16.772347 17.891104 17.160798 14.490583 14.604102 17.859448 16.329697 15.546096 18.861273 21.35039 19.059177 19.747312 16.352174 
27.610669 26.36447 24.124504 24.71959 21.850984 21.606605 22.390785 19.309534 17.060267 18.436148 18.1021 14.38339 13.921805 15.976028 13.894128 10.69739 8.758621 8.96686 6.053509 3.821703 0.0 3.68992 5.652802 8.673343 10.90517 13.410692 11.427887 11.74237 15.272746 16.305374 15.180857 17.284119 20.11638 20.607342 20.073975 22.484108 23.722538 22.306935 24.701675 23.806265 26.729735 25.755835 26.374377 26.987539 28.5955 27.595615 29.932299 29.440268 30.438266 27.00859 26.046789 22.957642 22.803005 21.848467 19.876523 17.060983 19.591545 18.385806 20.911739 23.383934 23.58022 20.419918 18.899433 21.712486 25.436587 27.883487 31.047137 31.99456 29.576213 31.166157 28.838985 25.748639 23.313768 21.95483 18.724136 17.634413 21.12168 22.212635 25.160995 24.171729 26.431396 24.014745 21.777233 24.722428 25.167692 25.074522 22.681142 19.16335 17.83592 18.206512 16.683385 13.387682 13.366926 14.025793 11.556426 8.660732 10.62584 11.164019 7.650158 7.440116 10.361905 11.11802 11.073064 7.968002 9.436961 12.619914 13.755091 15.032795 17.834587 18.799911 15.464822 15.975134 19.529613 19.757965 16.533841 14.639531 15.940289 17.81546 17.65821 15.50019 16.17687 19.551907 18.420945 18.155403 21.290776 24.139648 22.196134 23.09005 19.820892 
28.437917 26.759829 24.292819 24.331838 21.092759 20.733545 22.122234 19.317173 16.575708 18.212429 18.621444 14.949172 14.02704 16.677157 15.3302 11.997305 9.649499 8.422599 4.869029 5.299275 3.68992 0.0 3.802441 6.461198 9.659874 11.708539 10.126832 11.532178 14.666853 15.319295 14.966366 17.462352 19.733601 20.260207 20.40667 22.928385 23.661936 22.508001 25.330472 24.952805 27.99673 26.846661 27.765216 28.266527 30.130989 29.142358 31.432613 31.327773 32.493005 29.150613 27.978264 24.698025 24.606238 23.375695 20.943305 18.277299 21.028591 20.400413 23.08129 25.892531 26.132244 23.210849 21.78715 24.587568 28.347713 30.540579 33.843117 34.583244 32.167721 33.909147 31.75534 28.66728 26.444124 25.131278 22.053811 20.903525 24.462709 25.283582 28.027383 26.719726 28.800754 26.452026 23.935087 26.54736 26.951394 26.456183 24.304638 20.798274 19.930261 20.713785 18.853713 15.501677 16.162559 16.915137 13.993042 11.638416 13.952223 13.956956 10.180852 10.683762 13.04837 13.08024 12.289938 9.432639 10.144722 13.031187 15.021762 15.798644 18.083297 18.661624 14.996938 15.341318 18.609854 18.497317 14.990614 12.918131 13.48148 15.206061 14.7438 13.068635 13.517355 17.082581 16.579596 16.345064 19.071573 22.165035 20.690828 21.704736 18.713324 
25.167651 23.273352 20.853547 20.821029 17.533089 17.499676 19.000533 16.089086 13.472896 15.626126 16.097866 12.406553 12.025142 15.124994 13.90371 11.148161 7.929166 6.84913 4.610754 5.420102 5.652802 3.802441 0.0 3.819376 6.589852 8.177623 6.342334 7.910189 10.953728 11.528022 11.359051 13.86847 15.976158 16.634239 16.98388 19.416395 19.952915 18.900237 21.862437 21.780949 24.841762 23.608923 24.775693 25.354528 27.507615 26.785822 29.266588 29.499141 30.513068 27.163697 25.621327 22.147946 21.936616 20.450235 17.739825 15.248132 18.200018 18.100227 21.046369 24.138811 24.73107 22.164369 20.5594 23.128296 26.891503 28.690375 32.171914 32.754407 30.524324 32.604344 30.813651 27.576501 25.793128 24.263904 21.585305 20.124209 23.746629 24.03952 26.416418 24.718514 26.564385 24.37665 21.561684 23.838825 24.322152 23.657331 21.865617 18.311456 18.059689 18.978855 16.654169 13.493383 14.989106 15.602873 12.234086 10.787674 13.606466 13.084936 9.413052 11.246946 13.425875 13.924336 12.257875 8.990973 8.23145 11.377426 13.34998 13.282022 15.54688 15.561911 11.844809 12.815549 15.857319 15.305179 11.724878 10.29348 11.409369 12.602873 12.145419 9.857281 10.691496 13.985972 13.087017 13.210099 16.180046 19.34154 17.883901 19.364457 16.629216 
24.151936 22.049203 19.223943 18.641602 15.184376 14.624715 16.512205 14.126943 10.9535 12.993657 14.243933 10.930723 9.878393 13.361199 13.09713 10.543259 7.529644 4.992245 4.281053 6.992937 8.673343 6.461198 3.819376 0.0 3.801376 5.683726 5.882466 7.623911 9.555991 10.659191 11.659803 13.672789 15.266616 16.631911 17.507341 19.433022 19.270129 17.987914 21.275678 21.502171 24.831749 23.887716 25.599397 26.519249 29.059778 28.743479 31.44388 31.937088 32.705154 29.3083 27.358887 23.704245 23.047385 20.994443 17.870665 16.078514 19.435963 19.844301 23.11923 26.282002 27.299915 24.910288 22.962326 25.130722 28.857687 30.363388 33.983242 34.662309 32.737726 35.096294 33.528839 30.134432 28.561095 26.687926 24.209478 22.292447 25.739821 25.62451 27.851332 26.078062 27.438827 25.080575 22.279498 24.136624 24.182282 22.929058 21.236502 17.97708 18.031562 19.648558 17.408638 14.154684 16.153536 17.360036 14.072801 12.92425 16.247788 15.992315 12.583617 14.619212 17.031319 17.723449 15.932674 12.626494 11.250649 14.345512 16.272413 15.469065 17.578388 16.79209 13.102272 14.68072 17.136335 15.737607 11.965232 11.42501 12.06205 12.127193 10.578455 8.09643 7.702983 11.183004 10.455868 9.888158 12.706331 15.76441 14.375467 15.762976 13.188959 
20.623234 18.555485 15.577324 15.026056 11.731203 11.075942 12.741192 10.354896 7.169736 9.421985 10.701048 7.608466 6.979435 10.689696 10.763013 9.150764 6.097119 4.296495 6.305695 8.194479 10.90517 9.659874 6.589852 3.801376 0.0 3.854768 5.426248 5.604883 6.638934 8.842287 10.142644 11.215097 12.814323 14.878622 15.671959 16.970147 16.538214 14.828441 18.133097 18.383565 21.87182 21.265316 23.353416 24.688271 27.506449 27.663993 30.656938 31.267056 31.637483 28.17132 25.841156 22.093435 20.949117 18.46108 15.156097 14.01869 17.65378 18.41207 21.959668 25.082479 26.601125 24.459297 22.128118 23.799575 27.418689 28.58989 32.30578 33.090688 31.528455 34.181328 32.906622 29.348811 28.100973 25.849448 23.745031 21.37685 24.607026 23.98761 25.943034 24.076451 24.999143 22.586296 19.802629 21.304901 21.072218 19.510209 17.977001 14.916171 15.397738 17.398277 15.145275 12.083389 14.665923 16.14231 13.016732 12.554926 16.199566 16.064052 13.234095 15.749192 18.285607 19.607043 17.707261 14.172034 12.153285 15.411203 16.712648 15.253968 17.576465 16.195745 12.899607 15.342881 17.458077 15.567239 12.070118 12.656335 13.913497 13.250749 11.5264 8.247753 7.557776 10.230902 8.391484 7.383195 10.854015 13.447934 11.494675 13.071581 10.522166 
20.231022 17.598322 14.836329 13.78297 10.087463 10.285797 12.699076 10.470576 7.675302 10.874601 12.470325 9.875405 10.001339 13.72721 13.944324 12.826353 9.584384 8.127273 9.492382 11.370971 13.410692 11.708539 8.177623 5.683726 3.854768 0.0 3.862823 5.475496 5.04786 5.944735 8.391794 9.887312 10.449505 12.344948 13.94194 15.380336 14.440925 13.469531 17.098958 18.117702 21.366906 20.321255 22.548634 23.58143 26.577124 26.749749 29.632054 30.694814 31.217774 27.973316 25.484658 21.696653 20.841645 18.353306 14.788492 13.784742 17.223323 18.659896 22.102233 25.523197 27.013803 25.294927 23.247116 24.925856 28.450977 29.24947 33.021823 33.407681 31.840452 34.633529 33.65781 30.19379 29.316022 27.260702 25.46293 23.278948 26.599198 25.72142 27.248954 24.920399 25.768777 23.808899 20.659422 21.69394 21.823666 20.175196 19.337547 16.325389 17.581862 19.362225 16.580351 14.129552 17.175783 18.064373 14.629894 14.930879 18.332019 17.457805 14.726758 17.729775 19.664493 20.660642 18.146254 14.990151 12.278135 14.85964 16.51835 14.427403 16.039622 14.086614 10.913871 13.460422 14.898828 12.487974 9.085154 10.409869 11.566527 10.174773 8.486004 4.879267 5.002856 6.950397 5.021429 5.572086 8.820864 11.962747 10.869683 13.384789 11.82974 
20.690246 18.230051 16.024939 15.712167 12.30474 13.253535 15.100076 12.143779 10.109671 13.389919 14.051447 10.874045 11.724853 15.234876 14.463483 13.149525 9.423046 8.933063 9.296919 10.170221 11.427887 10.126832 6.342334 5.882466 5.426248 3.862823 0.0 3.774955 5.544865 5.21603 6.027014 8.668523 9.948173 10.825854 11.936159 14.166498 14.101936 13.542384 16.851543 17.619947 20.565312 19.058813 20.727878 21.341933 24.031475 23.808185 26.515793 27.453828 28.237855 25.042112 22.858442 19.150447 18.813803 16.887832 13.633152 11.730249 14.844413 16.007622 19.211674 22.724424 23.862163 22.115573 20.406504 22.451965 26.027751 27.00847 30.705283 30.899686 29.028499 31.637625 30.549567 27.215254 26.282558 24.549511 22.696817 20.913907 24.442427 23.828808 25.390725 22.972828 24.316045 22.614114 19.293504 20.712873 21.423532 20.429277 19.568424 16.144838 17.249789 18.30261 15.205619 12.926092 15.770664 15.959834 12.24383 12.720891 15.715308 14.32001 11.549969 14.770255 16.26896 17.152708 14.445577 11.432855 8.5058 11.000007 12.744483 10.859274 12.569126 11.163658 7.656846 10.01788 12.038197 10.372615 6.882811 7.579778 9.642804 9.368064 9.118072 5.658721 7.748356 9.694127 7.876501 9.341243 12.500972 15.711935 14.571337 17.069364 15.218585 
17.533136 15.461916 13.331968 13.733093 10.878256 11.947347 12.905751 9.460669 8.196128 11.348019 11.157406 7.955776 9.791964 12.87781 11.690309 11.147676 7.549058 8.471028 9.843929 9.748074 11.74237 11.532178 7.910189 7.623911 5.604883 5.475496 3.774955 0.0 3.799873 5.455409 4.958923 6.19227 8.620399 10.136793 10.29025 11.94979 12.301601 10.994852 14.006376 14.277645 17.391756 16.27015 18.050607 19.159538 21.936522 22.097085 25.131926 25.861723 26.202493 22.81854 20.418385 16.651042 15.792853 13.60553 10.375572 8.706802 12.203797 13.27876 16.778347 20.110864 21.686251 19.969952 17.818728 19.464054 22.996733 23.888963 27.635797 28.076186 26.474113 29.24929 28.26613 24.760066 23.959233 21.852072 20.231812 18.060213 21.40042 20.494245 21.978535 19.629136 20.777948 18.937932 15.686081 17.144683 17.722391 16.824763 15.874661 12.39632 13.622711 14.678617 11.568954 9.439304 12.616841 12.921146 9.413106 10.467976 13.640966 12.563173 10.486876 13.906707 15.69086 17.379776 15.015815 11.685202 8.718475 11.683728 12.290633 10.201647 12.696604 11.223294 8.420491 11.505862 13.610258 12.077538 9.303062 10.512471 13.142187 12.863513 12.604421 8.915151 10.382941 11.891627 9.03117 9.95636 13.641169 16.205765 14.302956 16.624105 14.518301 
15.462653 12.88343 10.500069 10.289658 7.202723 8.75114 10.101324 7.044586 6.124521 9.824104 10.226319 8.08228 10.047142 13.154414 12.842108 13.010659 9.879633 10.276414 12.384521 12.955481 15.272746 14.666853 10.953728 9.555991 6.638934 5.04786 5.544865 3.799873 0.0 3.822425 5.423023 5.226838 6.26648 8.900401 9.895192 10.671547 9.906402 8.549984 12.085313 13.132528 16.335753 15.39106 17.831803 19.2065 22.402676 23.04939 26.212472 27.350217 27.445293 24.198839 21.367669 17.565547 16.346322 13.599139 9.924716 9.551207 13.055367 14.954854 18.510508 21.864428 23.819136 22.535437 20.269905 21.421324 24.720901 25.086068 28.899773 29.245555 28.015414 31.079334 30.487334 26.954904 26.56311 24.276838 23.06422 20.650209 23.721491 22.302813 23.332138 20.746874 21.284385 19.601837 16.307127 16.9404 17.246848 15.720968 15.399977 12.440811 14.488625 16.01936 12.926953 11.370564 14.968705 15.481419 12.312303 13.794532 17.003032 15.932492 14.186253 17.659404 19.365391 21.03535 18.465107 15.315302 12.088405 14.557161 15.162035 12.397092 14.284474 11.858322 9.678798 13.152697 14.317777 11.903515 9.550949 11.880185 14.209814 12.911361 12.197957 8.463825 9.509524 9.888917 6.35232 7.57929 11.134202 13.346859 11.602056 14.403237 13.031967 
17.339799 14.384365 12.66316 12.203826 9.061381 11.342524 13.179259 10.429886 9.695119 13.471842 14.020989 11.824641 13.635587 16.88631 16.394884 16.207936 12.737955 12.828277 14.110512 14.765695 16.305374 15.319295 11.528022 10.659191 8.842287 5.944735 5.21603 5.455409 3.822425 0.0 3.853524 5.512261 5.083932 6.415842 8.484556 10.161819 9.32589 9.506783 13.010085 14.692683 17.323119 15.587429 17.719852 18.388745 21.517491 21.836433 24.69518 26.206964 26.700545 23.744594 21.048538 17.329424 16.853888 14.624925 11.110028 10.190731 13.036209 15.326798 18.494237 22.131265 23.714426 22.734078 21.014073 22.47862 25.713535 25.944564 29.701853 29.569682 28.093094 31.085769 30.621102 27.308906 27.10378 25.260401 24.148209 22.209863 25.469873 24.160841 24.960309 22.035181 22.860416 21.700938 18.12819 18.635254 19.568576 18.376941 18.489392 15.465578 17.661519 18.663678 15.207378 14.026072 17.512056 17.335171 13.861732 15.571377 18.355724 16.551044 14.722616 18.386735 19.433406 20.587235 17.522769 14.91607 11.33466 12.918097 14.023399 10.905824 11.869062 9.056483 6.93543 10.29556 10.857513 8.147351 6.082082 9.045666 11.494254 10.064082 10.198993 6.854549 9.28056 9.090729 6.231346 9.061096 11.893248 14.633687 13.803267 17.003593 16.057561 
16.872235 14.431176 13.322709 13.925806 11.446857 13.851624 14.83869 11.4599 11.384836 14.916701 14.502773 11.951629 14.379012 17.252816 15.91451 15.842423 12.318152 13.385555 14.344945 14.005524 15.180857 14.966366 11.359051 11.659803 10.142644 8.391794 6.027014 4.958923 5.423023 3.853524 0.0 3.817892 5.47194 5.498282 5.910878 8.451485 9.16302 9.327724 12.103859 13.158435 15.498435 13.45129 14.984064 15.455401 18.325686 18.429976 21.330448 22.598543 23.120987 20.085048 17.564932 13.849333 13.697275 11.992559 8.912669 6.995319 9.595753 11.673054 14.738671 18.416967 19.881216 18.929796 17.350564 18.955479 22.196104 22.556183 26.264307 26.067424 24.414381 27.3199 26.799513 23.526123 23.35654 21.654758 20.649759 18.945147 22.258612 21.06371 21.832331 18.851329 20.087427 19.14469 15.468141 16.381944 17.843419 17.380047 17.391039 14.063105 16.095203 16.373719 12.690089 11.938493 15.223976 14.384944 10.911767 13.124003 15.423299 13.253668 11.949152 15.769017 16.459374 17.893274 14.887967 12.416886 8.720545 10.202071 10.596065 7.336699 8.904126 6.595781 4.764687 8.499163 9.764597 8.258639 6.833755 9.042774 12.359705 12.023978 12.951543 9.702092 12.425529 12.801009 9.971403 12.357279 15.525356 18.149291 16.859381 19.792641 18.360347 
