0.0 3.822909 6.129642 9.099864 12.463709 12.815982 9.529168 10.05165 13.788837 13.870892 11.894733 14.365804 17.380117 16.749779 15.70585 17.30642 14.712227 11.491023 8.350264 8.383379 6.49759 9.583033 13.010413 16.324625 18.489571 20.901874 18.484669 17.286272 20.983024 21.966854 19.650538 21.295079 19.60306 22.418085 21.785137 24.551039 23.249568 19.784749 18.48842 15.345522 13.265247 16.258337 16.803175 13.44459 11.171268 7.424671 8.629532 9.665585 13.043958 13.594484 15.996404 19.292923 22.329975 23.321445 27.127681 27.941997 31.110779 31.971028 31.822345 29.885567 27.735881 29.809422 31.244756 32.54687 34.040235 31.446531 28.452189 25.923024 23.223318 19.936328 17.483873 13.916939 12.780142 11.186876 10.307024 10.333335 9.705214 13.053885 16.604517 18.21585 16.570903 17.019756 18.925499 16.402486 16.074766 15.789538 18.831556 19.176098 22.417116 23.561553 24.723233 21.571358 22.540929 19.715105 20.58039 19.10134 20.464188 20.016053 23.074183 22.537911 23.798661 26.961575 26.469342 24.413818 24.134641 23.299886 20.438598 20.854509 
3.822909 0.0 3.793431 6.170844 9.068515 9.198787 5.840637 6.325968 10.000688 10.214383 8.619917 11.094546 13.952442 13.729149 13.208743 14.608476 12.449278 9.341351 6.899968 8.639211 7.418744 9.346938 13.120495 15.920707 18.266862 20.966632 19.035664 18.130152 21.787023 23.083258 21.287845 22.929414 20.852674 23.445231 22.315986 25.202613 24.446139 20.866242 20.12767 16.847938 15.421639 18.768464 19.101519 15.681833 14.009022 10.232577 10.225699 9.91005 12.609911 12.245379 14.326612 17.708598 20.32043 21.052194 24.824299 25.291627 28.639274 29.331974 28.891729 26.837267 24.515346 26.426167 28.008301 29.305268 30.989636 28.56781 25.441734 23.165254 20.41371 17.41216 15.065176 11.768475 11.103019 9.122906 9.090771 10.244904 10.953057 14.560378 17.767714 18.707278 16.383399 16.237598 17.410885 14.371741 13.627108 12.737201 15.739999 15.930054 19.226586 20.559416 21.416983 18.10503 18.91495 16.075113 17.09282 15.873052 17.672911 17.662933 20.939025 20.59719 21.412686 24.501247 23.640425 21.282534 20.737464 19.659774 16.723781 17.037212 
6.129642 3.793431 0.0 3.820592 6.866706 8.513437 6.441576 6.074985 9.530925 11.047891 10.17531 11.702952 14.676267 15.397741 15.075517 15.624078 13.371786 9.918412 8.675978 10.449476 8.288411 8.995212 12.477473 14.698884 16.450654 19.602528 18.206733 16.848543 20.254548 22.118934 20.534033 21.667917 19.093821 21.24043 19.643234 22.373739 21.915523 18.245357 18.088715 14.998207 14.02319 17.67636 18.214196 15.135691 13.788892 10.246225 9.602471 8.052164 10.50708 10.449491 13.114515 16.020672 18.5495 18.748224 22.472728 22.771505 25.960878 26.433308 26.289224 24.095559 22.13162 24.435405 26.19814 27.918498 29.825894 27.668135 24.336209 21.882999 18.735486 15.688374 12.778037 9.314619 7.858904 5.417322 5.50354 7.065189 8.762107 12.324252 15.125701 15.631273 13.048879 12.562754 13.631628 10.643468 10.253727 10.052624 13.458799 14.481324 18.083207 20.002555 21.036206 17.726451 17.899593 14.625019 14.871657 13.058594 14.362187 14.069005 17.255979 16.942155 18.004115 21.032195 20.371395 18.33168 18.160225 17.663524 15.10103 16.120979 
9.099864 6.170844 3.820592 0.0 3.786579 5.508359 5.047618 5.887111 8.168035 9.843493 10.36803 11.930212 14.151198 15.323745 15.928953 16.430223 14.941367 11.97668 11.321256 13.760894 12.009765 12.397484 15.790207 17.544573 19.109415 22.47701 21.471531 20.101245 23.319346 25.452239 24.046049 24.957782 22.120779 23.887264 21.843337 24.309818 24.125661 20.386205 20.780549 17.984921 17.100208 20.832385 21.64217 18.749285 17.327602 13.831628 13.30296 11.330523 13.257029 12.765892 15.13662 17.794419 19.744253 19.33622 22.868085 22.524563 25.788926 25.751516 25.392641 22.787091 20.868528 23.098319 25.319342 27.216593 29.527319 27.755262 24.225158 22.184703 18.894936 16.389922 13.482821 10.603501 9.162462 5.696484 5.630655 8.814482 10.955379 14.50957 16.996598 17.205031 14.425027 12.91392 13.18261 9.768304 9.785162 9.281764 12.883716 14.118275 17.812051 20.151332 20.592722 17.037391 16.585104 13.081599 12.990468 10.969498 12.599097 12.238527 15.818305 16.283249 17.141085 19.714131 18.492258 16.279424 15.548906 15.082924 12.256481 13.758641 
12.463709 9.068515 6.866706 3.786579 0.0 3.801345 5.622991 5.589644 5.959774 8.498511 10.034809 10.732609 12.346388 14.318449 15.48137 15.409139 14.575307 12.203658 12.61853 15.626027 14.363373 13.94241 17.079697 18.166335 19.702739 23.134321 22.636572 21.579592 24.582378 26.889973 25.964297 26.863211 23.849366 25.363054 22.985074 25.473518 25.826567 22.199796 22.997329 20.208034 19.886165 23.66134 24.202971 21.345005 20.389518 17.008099 15.873865 13.318444 14.30162 13.021305 14.788469 17.123753 18.389748 17.544286 20.835624 20.007675 23.376942 23.086347 22.407393 19.651645 17.610782 19.689062 22.129663 24.105361 26.662555 25.205014 21.566005 19.878536 16.570341 14.654938 12.040087 10.080198 9.439989 6.416948 7.823481 11.160726 13.978055 17.23805 19.219048 18.752502 15.535356 13.558512 12.732892 8.973928 8.340147 6.953436 10.278817 11.552981 15.188138 17.867968 17.939859 14.36115 13.357145 9.73875 9.462414 7.704167 10.027286 10.49283 14.162043 14.875585 15.026424 17.376786 15.66066 13.054587 11.973479 11.304478 8.516431 10.288398 
12.815982 9.198787 8.513437 5.508359 3.801345 0.0 3.806631 5.631802 5.175412 6.011501 8.449211 10.013014 10.800098 12.248264 14.087896 14.714426 14.540313 12.763457 12.784663 16.106825 15.523128 15.677418 19.116304 20.541123 22.537815 25.747361 24.946201 24.197285 27.416132 29.411249 28.368595 29.596618 26.814392 28.61096 26.44166 29.031329 29.199714 25.526955 26.023008 23.076798 22.402024 26.114284 26.623809 23.506516 22.268116 18.640301 17.882647 15.867875 17.130009 15.541241 16.828435 19.548755 20.692879 20.156046 23.400753 22.479525 26.023775 25.748249 24.621914 21.878956 19.453786 20.938586 23.392309 24.946246 27.482098 25.974436 22.461359 21.227733 18.315424 16.710134 14.684922 12.918697 12.807097 9.886239 10.834447 14.155131 16.459222 19.997592 22.352737 22.21796 19.116736 17.250641 16.510849 12.759883 11.940404 9.861508 12.554879 12.829889 16.08176 18.322402 17.780722 14.022698 13.399681 10.335853 11.076986 10.310231 13.206987 13.916568 17.624199 18.522608 18.367512 20.549571 18.415483 15.431918 13.564116 12.001769 8.459467 9.313934 
9.529168 5.840637 6.441576 5.047618 5.622991 3.806631 0.0 3.780229 5.604262 5.436983 6.152479 8.709201 10.339878 10.835903 11.935518 13.16164 12.430008 10.362989 9.555628 12.735751 12.39167 13.125252 16.792349 18.759718 21.120324 24.072417 22.791494 22.185934 25.643951 27.269584 25.997658 27.537502 25.085196 27.290194 25.558068 28.371918 28.200673 24.54258 24.496831 21.314384 20.368008 23.941607 24.27538 20.938889 19.578154 15.851332 15.300064 13.901698 15.610888 14.162418 15.506356 18.692944 20.37005 20.494442 24.00844 23.67545 27.25997 27.468397 26.459831 24.059728 21.478946 22.965949 24.983469 26.253761 28.380554 26.404162 23.082469 21.517016 18.78374 16.639379 14.667959 12.326156 12.33053 9.718552 10.512672 13.191825 14.97519 18.646986 21.407007 21.67884 18.767958 17.587799 17.554058 13.90303 12.835931 10.84733 13.592594 13.447809 16.672004 18.356918 18.269875 14.602915 14.896443 12.096715 13.396841 12.734426 15.418051 16.027432 19.64367 19.979437 20.063792 22.707286 21.01041 18.11384 16.708749 15.068777 11.701302 11.838996 
10.05165 6.325968 6.074985 5.887111 5.589644 5.631802 3.780229 0.0 3.823603 5.445567 4.98095 6.069482 8.661127 9.861774 10.247762 10.560174 9.424995 7.177768 7.47924 10.937458 10.751685 10.513012 13.928574 15.490607 17.956645 20.84219 19.823716 19.521071 22.867253 24.515328 23.643883 25.276378 22.808564 25.009678 23.277936 26.322233 26.479643 22.989063 22.977097 19.617112 19.279597 22.842103 22.691281 19.338851 18.643325 15.139679 13.714554 11.844056 12.824276 10.818224 11.830618 15.004087 16.635932 16.952906 20.516636 20.45557 24.055796 24.593234 23.617399 21.547201 18.865789 20.42807 22.110609 23.352685 25.279808 23.147909 19.850133 18.012705 15.277682 12.955271 11.142565 8.998246 9.819061 8.185832 10.23756 12.362274 14.687567 18.046308 20.475758 20.274227 17.069657 16.254701 16.021742 12.418763 10.485461 8.089692 10.489063 10.175539 13.461375 15.132104 15.562507 12.074433 12.611494 9.838291 11.355346 11.054768 13.726823 14.91911 18.223742 17.950846 17.721842 20.700873 19.301463 16.386409 15.548261 13.912757 11.145298 11.015825 
13.788837 10.000688 9.530925 8.168035 5.959774 5.175412 5.604262 3.823603 0.0 3.784899 5.519121 5.311477 6.391844 8.724432 10.225218 9.975672 10.138265 9.122497 10.428436 14.117044 14.333262 13.607962 16.673137 17.614021 20.005105 22.880686 22.31225 22.269047 25.393665 27.163489 26.666122 28.256206 25.655728 27.615298 25.602574 28.592936 29.138567 25.709573 26.042388 22.762963 22.724869 26.332355 26.102269 22.824219 22.33871 18.899687 17.263861 15.041688 15.373549 12.811504 13.074514 15.834432 16.615979 16.522916 19.736781 19.114646 22.841798 23.110852 21.651433 19.469273 16.5165 17.636138 19.538849 20.690729 22.894678 21.103513 17.715429 16.492887 13.927096 12.503435 11.332798 10.375199 11.781233 10.285471 12.705108 15.249894 17.95284 21.221279 23.346843 22.732164 19.27753 18.004379 16.97235 13.249021 10.971547 7.712556 9.222708 8.34324 11.336973 13.248791 12.923064 9.212379 9.314689 6.716558 8.848424 9.535956 12.888303 14.78388 18.04249 18.077106 17.148279 19.777896 17.828064 14.48847 13.091259 10.813758 7.98357 7.254858 
13.870892 10.214383 11.047891 9.843493 8.498511 6.011501 5.436983 5.445567 3.784899 0.0 3.829077 5.486059 5.364288 6.259246 8.584258 9.611767 10.432591 10.084719 10.567188 14.297898 15.16405 15.188719 18.493897 19.91078 22.671418 25.285494 24.299074 24.467487 27.806959 29.21782 28.5024 30.395771 28.071904 30.331321 28.585472 31.649186 31.908861 28.419878 28.406725 25.010176 24.561109 28.064559 27.84068 24.352714 23.547315 19.941811 18.771183 17.189926 17.980286 15.482274 15.527119 18.635795 19.520336 19.830751 23.013072 22.478055 26.253391 26.602548 24.903636 22.800032 19.658257 20.296982 22.068466 22.738194 24.750211 22.808712 19.709655 18.851676 16.786769 15.493021 14.710078 13.583284 14.948199 13.220305 15.063625 17.613077 19.801771 23.304137 25.816538 25.606847 22.33139 21.183696 20.444066 16.685975 14.633337 11.475823 12.811772 11.294256 13.657544 14.797807 13.966417 10.342597 11.217172 9.558205 12.178564 13.097282 16.5258 18.233708 21.629763 21.801544 20.922372 23.476789 21.359133 17.916986 16.085877 13.383914 10.17758 8.58308 
11.894733 8.619917 10.17531 10.36803 10.034809 8.449211 6.152479 4.98095 5.519121 3.829077 0.0 3.816678 5.645244 5.238119 5.803046 7.372202 7.3581 6.971919 7.097166 10.791794 12.215549 12.397816 15.664384 17.401621 20.502643 22.779783 21.447333 21.899128 25.354202 26.398749 25.640343 27.836905 25.846717 28.42448 27.083141 30.359167 30.437636 27.073688 26.623431 23.039173 22.591361 25.886461 25.325182 21.702936 21.076558 17.593507 16.306058 15.199821 16.04878 13.545979 13.41001 16.882024 18.240058 19.232282 22.617171 22.722721 26.458824 27.31604 25.822543 24.114852 20.940448 21.704511 22.962207 23.415088 24.937851 22.501195 19.64496 18.3252 16.466047 14.612199 13.981348 12.513011 14.173757 13.063249 15.014105 16.841708 18.718163 22.099456 24.756073 24.721238 21.586095 21.089481 20.846991 17.266639 14.947691 11.992086 13.261491 11.481875 13.743696 14.265821 14.229263 10.980129 12.751662 11.288611 14.024331 14.825031 17.92929 19.577774 22.811427 22.40894 21.712145 24.691389 23.064349 19.799431 18.567103 16.086936 13.240952 11.645505 
14.365804 11.094546 11.702952 11.930212 10.732609 10.013014 8.709201 6.069482 5.311477 5.486059 3.816678 0.0 3.78303 5.367574 5.435827 4.743066 5.293058 5.950153 8.040546 11.674315 13.173412 12.23053 14.894829 15.847674 18.923151 21.087169 20.2686 21.086721 24.256067 25.395024 25.184709 27.362475 25.295884 27.689647 26.22144 29.596434 30.117589 26.954005 26.727952 23.129068 23.306468 26.585025 25.656457 22.159235 22.16119 18.961547 16.952376 15.307488 15.217307 12.066847 11.09073 14.246539 15.077007 16.131354 19.32875 19.479011 23.228049 24.289911 22.635405 21.257 17.931267 18.516266 19.457508 19.786959 21.189374 18.710091 15.857285 14.554987 12.907253 11.384861 11.463578 10.926828 13.447269 13.169303 15.909581 17.526572 19.911607 22.974314 25.193878 24.618036 21.227322 20.81486 20.126945 16.690871 13.738579 10.387518 10.646739 8.199372 10.066965 10.467065 10.701701 7.634514 9.799503 8.866648 11.973812 13.45381 16.574429 18.832183 21.695614 20.937218 19.72632 22.763408 21.232864 17.920544 17.029916 14.451082 12.334919 10.370095 
17.380117 13.952442 14.676267 14.151198 12.346388 10.800098 10.339878 8.661127 6.391844 5.364288 5.645244 3.78303 0.0 3.802835 6.086985 5.639832 8.108614 9.646366 11.512614 15.133131 16.820075 16.012944 18.61702 19.368408 22.384722 24.495641 23.846686 24.78462 27.870033 29.01006 28.915041 31.102857 28.997788 31.294424 29.680792 32.992084 33.646332 30.449213 30.377281 26.821952 26.961361 30.292505 29.430716 25.925403 25.824772 22.529895 20.673833 18.981736 18.835067 15.581724 14.324049 17.128999 17.306138 18.068888 20.860643 20.519898 24.313172 25.120614 22.969859 21.536102 17.977273 17.871183 18.92424 18.868747 20.421229 18.25575 15.548935 15.164136 14.015182 13.46126 14.040694 14.085605 16.601391 16.010419 18.665304 20.709114 23.178212 26.362745 28.57042 27.910594 24.424548 23.649885 22.561492 19.011939 16.10945 12.455741 12.19362 9.276855 10.265204 10.375486 9.273023 6.148393 8.51218 8.658664 12.276345 14.451231 17.94864 20.488358 23.388955 22.994838 21.377986 24.035992 22.018583 18.427046 16.926788 13.747256 11.634028 8.724991 
16.749779 13.729149 15.397741 15.323745 14.318449 12.248264 10.835903 9.861774 8.724432 6.259246 5.238119 5.367574 3.802835 0.0 3.822708 5.788845 8.198801 10.037433 10.901242 14.238797 16.505418 16.407284 19.17085 20.486934 23.819157 25.648111 24.484044 25.574817 28.872999 29.606793 29.237847 31.725313 29.955682 32.586622 31.323661 34.72695 35.030587 31.807103 31.316601 27.65043 27.417422 30.575252 29.666782 25.998189 25.656405 22.324173 20.868918 19.842157 20.173077 17.162482 15.980672 19.171684 19.794456 21.032871 23.962737 23.951421 27.721819 28.719173 26.63593 25.287959 21.733978 21.584125 22.440222 22.086521 23.278994 20.823156 18.495284 18.044562 17.166758 16.248297 16.755341 16.260806 18.585336 17.847622 20.084146 21.938286 23.905249 27.212855 29.773594 29.53386 26.262769 25.760184 25.123945 21.540244 18.826218 15.387565 15.536089 12.690663 13.604271 13.050174 12.143358 9.584129 12.263491 12.37828 15.887083 17.727378 21.162485 23.388547 26.455697 26.02104 24.693355 27.493447 25.568075 22.018266 20.458735 17.303301 14.831638 12.009842 
15.70585 13.208743 15.075517 15.928953 15.48137 14.087896 11.935518 10.247762 10.225218 8.584258 5.803046 5.435827 6.086985 3.822708 0.0 3.820411 5.345808 7.773896 8.637217 11.483182 14.267413 14.087553 16.513863 17.945464 21.504272 22.938347 21.543356 22.960636 26.248709 26.634548 26.330563 29.059017 27.613629 30.456421 29.555402 33.105704 33.311364 30.27717 29.454347 25.6967 25.586524 28.492016 27.226981 23.541542 23.50414 20.44734 18.794368 18.138874 18.340228 15.369885 13.911329 17.255715 18.260394 20.109597 23.156258 23.752444 27.414238 28.866185 27.049967 26.062197 22.579273 22.661722 23.05757 22.613455 23.32736 20.412793 18.340268 17.348726 16.662064 15.249263 15.926677 15.27724 17.822059 17.688259 20.030559 21.246934 22.996955 26.06279 28.613278 28.438409 25.316031 25.367371 25.097358 21.742404 18.851306 15.687985 15.764013 12.900837 13.731465 12.655819 12.794911 10.757611 13.873808 13.883634 17.254563 18.886631 21.988536 24.151266 27.025297 26.092931 24.928374 28.063247 26.606478 23.269762 22.273374 19.425833 17.206537 14.685789 
17.30642 14.608476 15.624078 16.430223 15.409139 14.714426 13.16164 10.560174 9.975672 9.611767 7.372202 4.743066 5.639832 5.788845 3.820411 0.0 3.783595 7.122177 9.552925 12.391992 14.8556 13.666991 15.535918 16.177832 19.596078 20.980132 20.143353 21.783645 24.764227 25.339055 25.538398 28.135202 26.543849 29.141435 28.074113 31.654734 32.268485 29.409997 28.86088 25.149878 25.598128 28.532303 27.029463 23.518474 24.006266 21.173525 18.906396 17.688217 17.099897 13.685659 11.544217 14.468236 14.965177 16.860829 19.691759 20.359688 23.965492 25.592712 23.716857 23.041981 19.535586 19.532589 19.608799 19.109469 19.697333 16.71269 14.630834 13.571085 13.137323 12.046623 13.364521 13.509368 16.607627 17.095158 19.994329 21.07438 23.279419 26.072021 28.205807 27.546333 24.2319 24.320859 23.693782 20.529235 17.24244 13.967809 13.253263 10.02832 10.304545 8.938831 9.592224 8.027388 11.404138 11.854415 15.244499 17.260322 20.222697 22.783355 25.299862 24.078356 22.545604 25.687769 24.386266 21.126591 20.50786 17.754955 16.196866 13.644852 
14.712227 12.449278 13.371786 14.941367 14.575307 14.540313 12.430008 9.424995 10.138265 10.432591 7.3581 5.293058 8.108614 8.198801 5.345808 3.783595 0.0 3.788249 6.524263 8.995858 11.384583 10.024294 11.826397 12.773641 16.32577 17.699726 16.584034 18.144437 21.239579 21.759625 21.808168 24.435113 22.935228 25.669538 24.813881 28.447431 28.883585 26.090346 25.332315 21.588987 22.066958 24.887284 23.284688 19.782585 20.411819 17.757095 15.334601 14.309894 13.77964 10.586657 8.707735 12.063908 13.414781 15.637667 18.838261 19.99153 23.476962 25.295991 23.946101 23.27607 20.075218 20.723217 20.804097 20.753207 21.289578 18.150524 15.931961 13.9854 13.009968 10.897071 11.629248 11.116844 14.087324 14.953236 17.770904 18.310308 20.312632 22.904497 25.037242 24.5063 21.375742 21.886762 21.718275 18.776997 15.599236 12.866072 12.683256 10.1921 11.274362 10.451376 12.10403 10.379377 13.221399 12.767119 15.577472 16.897778 19.410888 21.602124 24.033398 22.499149 21.429362 24.859235 24.021192 21.082418 20.947571 18.727017 17.118102 15.279348 
11.491023 9.341351 9.918412 11.97668 12.203658 12.763457 10.362989 7.177768 9.122497 10.084719 6.971919 5.950153 9.646366 10.037433 7.773896 7.122177 3.788249 0.0 3.799537 6.559169 8.05508 6.654321 9.161138 10.681743 14.076489 15.974834 14.646454 15.538674 18.868058 19.719404 19.360717 21.737226 19.995915 22.72735 21.791149 25.352769 25.583162 22.635339 21.892635 18.156519 18.476782 21.451988 20.132723 16.612511 17.032846 14.250069 11.81419 10.662572 10.575834 7.796512 7.209346 10.965743 13.119043 15.002164 18.578654 19.748388 23.172395 24.795413 23.91356 22.906868 20.050824 21.352616 21.837626 22.408472 23.298302 20.362445 17.748971 15.308453 13.462571 10.557454 10.041528 8.428482 10.856047 11.642342 14.267764 14.595348 16.527284 19.136904 21.350894 20.988862 17.957286 18.548558 18.756829 15.881108 13.04277 10.875141 11.659511 10.249518 12.416456 12.627009 14.429123 12.136898 14.171355 12.676869 14.795421 15.273724 17.424534 19.110038 21.628367 20.110765 19.600062 23.145875 22.543016 19.869541 19.957377 18.252695 16.438067 15.401472 
8.350264 6.899968 8.675978 11.321256 12.61853 12.784663 9.555628 7.47924 10.428436 10.567188 7.097166 8.040546 11.512614 10.901242 8.637217 9.552925 6.524263 3.799537 0.0 3.790654 5.663745 6.275273 9.521899 12.17043 15.498648 17.342002 15.29061 15.776781 19.421556 20.011159 18.95383 21.436005 19.938617 22.962522 22.335471 25.797975 25.463286 22.37648 21.209196 17.458615 17.032256 19.913531 18.884536 15.162478 14.905352 11.848189 10.24304 10.145536 11.339974 9.677892 10.146426 13.922711 16.519499 18.345045 22.022603 23.193671 26.571893 28.064347 27.342778 26.099795 23.351186 24.779624 25.481304 26.105178 27.049258 24.095945 21.508026 19.107149 17.166313 14.122394 13.042014 10.581604 11.933273 12.012292 13.72177 13.887764 15.038653 17.879389 20.606539 20.921807 18.300929 19.023522 19.84542 16.963463 14.784669 13.075269 14.654859 13.627156 16.044332 16.278462 17.786469 15.232091 17.190995 15.379083 17.344104 17.30399 19.372395 20.460901 23.243947 21.967262 21.991132 25.509095 24.90409 22.307037 22.176126 20.549609 18.218655 17.396237 
8.383379 8.639211 10.449476 13.760894 15.626027 16.106825 12.735751 10.937458 14.117044 14.297898 10.791794 11.674315 15.133131 14.238797 11.483182 12.391992 8.995858 6.559169 3.790654 0.0 3.786607 5.460467 7.997552 11.327364 14.624139 15.933841 13.241705 13.7923 17.503224 17.571322 16.178253 18.945763 17.987137 21.340573 21.31399 24.797294 24.093406 21.264049 19.518545 15.772965 15.193628 17.582209 16.229629 12.46192 12.367793 9.840847 8.404929 9.581591 11.07698 10.349859 11.083029 14.615947 17.702117 19.905327 23.553514 25.195311 28.325546 30.089608 29.690765 28.672095 26.123033 27.721136 28.173485 28.775922 29.417301 26.270597 23.931367 21.22523 19.42908 16.101699 14.969139 12.298895 13.245532 13.802057 15.05599 14.298591 14.698628 17.055643 19.828615 20.499341 18.396172 19.792894 21.200406 18.784728 16.876256 15.793052 17.39371 16.620686 18.893604 18.889311 20.817531 18.580612 20.630034 18.829093 20.558178 20.244911 21.876225 22.645576 25.181607 23.584577 23.968172 27.614568 27.431577 25.138382 25.348589 23.986523 21.776027 21.114615 
6.49759 7.418744 8.288411 12.009765 14.363373 15.523128 12.39167 10.751685 14.333262 15.16405 12.215549 13.173412 16.820075 16.505418 14.267413 14.8556 11.384583 8.05508 5.663745 3.786607 0.0 3.817298 6.823773 10.415239 13.034435 14.911 12.303111 11.809917 15.607686 16.225165 14.422965 16.660588 15.298409 18.513281 18.332363 21.647577 20.758732 17.766778 16.104882 12.404873 11.625928 14.317403 13.413677 9.670381 9.256797 6.441009 4.847297 6.258291 8.64419 9.055263 11.041003 14.252224 17.639566 19.37084 23.107092 24.669896 27.633314 29.171345 29.176164 27.934142 25.766148 27.825585 28.555905 29.634354 30.561047 27.64246 25.016886 22.055014 19.73123 16.135254 14.194782 10.928474 10.867649 11.357319 12.120266 10.842808 11.005203 13.26916 16.090632 16.94437 15.065866 16.592952 18.418701 16.314674 14.976228 14.687591 16.856976 16.928936 19.695305 20.346062 22.366262 19.889649 21.341486 18.974214 20.031386 19.045765 20.160254 20.391935 22.82488 21.264447 22.172604 25.770007 25.852539 23.929064 24.399405 23.569483 21.424837 21.434292 
9.583033 9.346938 8.995212 12.397484 13.94241 15.677418 13.125252 10.513012 13.607962 15.188719 12.397816 12.23053 16.012944 16.407284 14.087553 13.666991 10.024294 6.654321 6.275273 5.460467 3.817298 0.0 3.80641 6.883932 9.711734 11.826596 9.821748 9.65824 13.311259 14.3251 13.319199 15.453417 13.731963 16.718928 16.245292 19.792844 19.529099 16.708105 15.495024 11.70568 12.114334 14.899289 13.501189 10.054012 10.862226 8.729349 5.539615 4.959891 5.62526 5.431123 7.40478 10.456097 13.913694 15.730189 19.420403 21.179709 24.038964 25.765555 25.860323 24.881725 22.809257 24.947151 25.451342 26.608407 27.442297 24.56712 21.965465 18.785014 16.443992 12.739955 10.906149 7.952183 8.625722 10.266186 12.045791 10.650012 11.837922 13.6659 15.771362 15.779142 13.438461 15.120273 16.523741 14.605709 12.713896 12.481546 14.141716 14.344742 16.957396 17.704493 20.115212 17.955156 19.285674 17.045134 17.931351 17.13274 18.034 18.669735 20.732141 18.743072 19.358416 23.077303 23.398216 21.599343 22.486555 21.811067 20.193988 20.223985 
13.010413 13.120495 12.477473 15.790207 17.079697 19.116304 16.792349 13.928574 16.673137 18.493897 15.664384 14.894829 18.61702 19.17085 16.513863 15.535918 11.826397 9.161138 9.521899 7.997552 6.823773 3.80641 0.0 3.808458 6.708951 8.179816 6.039602 6.461531 9.954785 10.757078 10.315795 12.642084 11.255829 14.344158 14.347591 18.058137 18.007696 15.766684 14.35734 10.702217 12.059731 14.21064 12.00149 9.042931 11.145406 10.26863 6.651086 6.297688 5.193286 5.661471 7.025641 9.047637 12.774199 15.0185 18.424052 20.765488 23.218344 25.353582 25.766607 25.269287 23.454405 25.663158 25.721593 26.834347 27.28438 24.317421 22.050618 18.573025 16.545531 12.820528 11.413385 9.206446 10.12026 12.709871 14.624234 12.571097 13.650123 14.534912 15.952638 15.587773 13.573253 15.950692 17.430606 16.190265 14.207275 14.394536 15.432363 15.736486 17.876776 18.371743 21.295173 19.689677 21.066262 19.111382 19.804266 19.097935 19.534957 20.253969 21.725462 19.181238 19.782423 23.565 24.405118 22.968644 24.364204 23.92766 22.78694 22.813633 
16.324625 15.920707 14.698884 17.544573 18.166335 20.541123 18.759718 15.490607 17.614021 19.91078 17.401621 15.847674 19.368408 20.486934 17.945464 16.177832 12.773641 10.681743 12.17043 11.327364 10.415239 6.883932 3.808458 0.0 3.808629 5.408119 5.141052 6.257395 8.666139 10.005899 10.851747 12.708893 11.060051 13.509681 13.207972 16.981477 17.696424 15.874542 15.058678 11.807017 14.097621 16.097649 13.684603 11.491283 14.117851 13.58609 9.822098 8.408004 5.456612 5.222292 5.599924 6.043618 9.756443 12.130529 15.241553 17.934475 20.076308 22.483319 23.0883 22.995787 21.424987 23.687121 23.422132 24.617227 24.89915 22.058861 19.944781 16.265263 14.380348 10.814105 9.850829 8.77416 10.281976 13.615723 16.075674 14.099875 15.783636 16.246939 16.886859 15.689809 13.454375 15.865684 16.81809 16.003525 13.685429 14.041446 14.313326 14.806164 16.519239 17.076897 20.346624 19.229401 20.376383 18.684248 19.095164 18.60137 18.690371 19.758078 20.67242 17.695308 17.949412 21.714179 22.891864 21.729192 23.578289 23.371204 22.835042 22.910632 
18.489571 18.266862 16.450654 19.109415 19.702739 22.537815 21.120324 17.956645 20.005105 22.671418 20.502643 18.923151 22.384722 23.819157 21.504272 19.596078 16.32577 14.076489 15.498648 14.624139 13.034435 9.711734 6.708951 3.808629 0.0 3.83762 5.458047 5.112022 6.150167 8.661102 9.98391 10.77887 8.638182 10.35775 9.892773 13.610298 14.749605 13.401459 13.028432 10.419411 13.495305 15.185258 12.854133 11.639566 14.618632 14.73886 11.092803 9.361405 6.009358 7.217729 8.311733 7.200019 10.484142 12.12401 14.803489 17.617305 19.169016 21.518283 22.736259 22.747531 21.787501 24.421796 24.183186 25.766821 26.129767 23.618431 21.501032 17.711056 15.628423 12.278625 10.911161 10.100415 10.756731 14.390518 16.598202 14.181913 15.861563 15.51248 15.301375 13.587566 11.75368 14.575434 15.658771 15.72337 13.927127 15.169164 15.465734 16.700202 18.455939 19.434854 22.756039 21.723283 22.368438 20.475906 20.22374 19.301841 18.637962 19.3355 19.614518 16.321401 16.980768 20.575287 22.340092 21.808304 24.142206 24.513464 24.341512 24.887932 
20.901874 20.966632 19.602528 22.47701 23.134321 25.747361 24.072417 20.84219 22.880686 25.285494 22.779783 21.087169 24.495641 25.648111 22.938347 20.980132 17.699726 15.974834 17.342002 15.933841 14.911 11.826596 8.179816 5.408119 3.83762 0.0 3.77566 5.459866 5.155098 6.254347 8.778788 10.099578 9.278868 11.16165 11.785431 15.294993 16.313683 15.668003 14.743299 12.426131 15.492532 16.429325 13.421095 12.577026 16.036275 16.704368 13.217708 12.353694 9.417368 10.246302 10.341116 9.012303 11.900119 14.201956 16.377047 19.642618 20.884676 23.658027 24.84836 25.332599 24.322038 26.673538 25.955278 27.158355 26.99466 24.266128 22.678305 18.90759 17.509702 14.441464 13.878062 13.441178 14.46438 18.039659 20.199211 17.651566 18.930275 18.356169 18.113682 16.628632 15.26865 18.288073 19.430578 19.547435 17.613404 18.550304 18.4617 19.204089 20.428569 20.797816 24.353008 23.756212 24.78988 23.30481 23.368942 22.779054 22.245962 23.107875 23.265316 19.854888 20.298589 23.825285 25.685725 25.13853 27.496342 27.677254 27.562886 27.781684 
18.484669 19.035664 18.206733 21.471531 22.636572 24.946201 22.791494 19.823716 22.31225 24.299074 21.447333 20.2686 23.846686 24.484044 21.543356 20.143353 16.584034 14.646454 15.29061 13.241705 12.303111 9.821748 6.039602 5.141052 5.458047 3.77566 0.0 3.831787 5.501535 5.211507 6.468412 8.97579 8.804629 11.751797 12.912348 16.494351 16.665493 15.673774 13.955114 11.185095 13.604774 14.396699 11.139321 9.762927 13.219223 14.002526 10.757606 10.88797 8.925395 10.097073 10.572097 10.59256 13.974912 16.515864 19.151927 22.216913 23.87154 26.50551 27.439209 27.614436 26.270008 28.534995 28.009427 29.046965 28.935754 25.953852 24.274939 20.58417 19.119229 15.734914 14.93051 13.686553 14.499109 17.6652 19.457429 16.76905 17.480404 17.125523 17.534564 16.81973 15.655069 18.78175 20.401659 20.114457 18.29977 19.017832 19.433101 19.893322 21.399414 21.567326 24.968095 24.049388 25.417192 23.795879 24.205889 23.535777 23.360586 24.024748 24.69348 21.571638 22.248795 25.912362 27.461434 26.592736 28.576362 28.481339 27.863346 27.937807 
17.286272 18.130152 16.848543 20.101245 21.579592 24.197285 22.185934 19.521071 22.269047 24.467487 21.899128 21.086721 24.78462 25.574817 22.960636 21.783645 18.144437 15.538674 15.776781 13.7923 11.809917 9.65824 6.461531 6.257395 5.112022 5.459866 3.831787 0.0 3.800091 5.420603 5.162037 6.507081 5.314822 8.529793 9.673144 13.219969 13.051892 11.903258 10.145603 7.45027 10.214739 11.059183 8.135356 7.239529 10.756021 11.919538 8.855964 8.908721 7.415771 9.947763 11.686246 11.753526 15.299306 17.12044 19.909895 22.657432 24.240232 26.47467 27.738264 27.533461 26.499075 29.144993 29.042584 30.509507 30.810504 28.073937 26.014338 22.270729 20.230883 16.665496 15.010191 13.177128 12.970848 15.978904 17.242372 14.133294 14.559172 13.699278 13.844642 13.270567 12.569875 15.975479 18.076222 18.184625 17.028951 18.415509 19.42681 20.530475 22.569091 23.319444 26.535286 25.201541 26.138523 24.01861 23.950689 22.693972 22.107133 22.194313 22.778612 19.784563 21.076334 24.629846 26.356075 25.798447 27.871295 28.171661 27.469138 28.038377 
20.983024 21.787023 20.254548 23.319346 24.582378 27.416132 25.643951 22.867253 25.393665 27.806959 25.354202 24.256067 27.870033 28.872999 26.248709 24.764227 21.239579 18.868058 19.421556 17.503224 15.607686 13.311259 9.954785 8.666139 6.150167 5.155098 5.501535 3.800091 0.0 3.803492 5.390911 5.200383 4.619304 6.676257 8.551308 11.728478 12.030632 11.985094 10.56584 9.102824 12.405686 12.492867 9.499555 9.979241 13.631407 15.305229 12.46419 12.264649 10.309428 12.712156 14.085365 13.185991 16.279199 17.927687 20.15324 23.145134 24.154723 26.536219 28.186498 28.323638 27.685529 30.417552 30.074014 31.62289 31.733195 29.151482 27.330781 23.529226 21.68466 18.404823 16.983632 15.724524 15.51064 18.760278 20.048912 16.829316 17.295976 15.79843 15.092329 14.046852 13.864328 17.441522 19.420654 20.15075 19.129356 20.824067 21.489278 22.795635 24.554079 25.310968 28.70802 27.69133 28.463217 26.468336 26.122201 24.848459 23.840604 23.887262 23.895195 20.62391 21.952858 25.298346 27.47041 27.339676 29.782911 30.372837 30.044785 30.735919 
21.966854 23.083258 22.118934 25.452239 26.889973 29.411249 27.269584 24.515328 27.163489 29.21782 26.398749 25.395024 29.01006 29.606793 26.634548 25.339055 21.759625 19.719404 20.011159 17.571322 16.225165 14.3251 10.757078 10.005899 8.661102 6.254347 5.211507 5.420603 3.803492 0.0 3.81025 5.442269 7.138235 9.630488 12.13285 15.050734 14.86951 15.025584 12.905108 11.372682 14.040831 13.511606 9.918566 10.356339 14.1613 16.156005 13.599607 14.253455 12.694419 14.710009 15.55995 15.009257 18.114095 20.328803 22.519954 25.731267 26.817417 29.460879 30.889183 31.217174 30.313338 32.785022 32.183346 33.367267 33.132654 30.278212 28.777296 25.033834 23.607427 20.350108 19.363981 18.094397 18.246558 21.37331 22.636009 19.425691 19.510093 18.176858 17.911851 17.373783 17.28446 20.861262 22.915735 23.338421 22.083642 23.374979 23.923626 24.744919 26.253686 26.507609 29.987302 29.144622 30.344992 28.600421 28.668645 27.664591 26.989788 27.204848 27.430454 24.183982 25.319399 28.762939 30.785857 30.403886 32.679158 32.951621 32.449425 32.797785 
19.650538 21.287845 20.534033 24.046049 25.964297 28.368595 25.997658 23.643883 26.666122 28.5024 25.640343 25.184709 28.915041 29.237847 26.330563 25.538398 21.808168 19.360717 18.95383 16.178253 14.422965 13.319199 10.315795 10.851747 9.98391 8.778788 6.468412 5.162037 5.390911 3.81025 0.0 3.782586 6.038078 9.369033 12.084428 14.878549 13.783529 13.560783 10.724656 9.099021 11.077823 10.163321 6.406797 7.057855 10.784947 13.242809 11.315136 12.772504 12.252315 14.830626 16.348823 16.540476 20.003913 22.065785 24.661685 27.593492 28.97733 31.338588 32.709058 32.629718 31.621587 34.206253 33.954711 35.244678 35.280876 32.377762 30.590627 26.867369 25.107784 21.582107 20.105141 18.148623 17.744992 20.397624 21.09596 17.694208 17.129875 15.715379 15.868374 16.096234 16.396828 20.021978 22.562839 22.850799 21.985351 23.38499 24.508043 25.426618 27.357964 27.777753 31.043019 29.778273 30.976557 28.917547 28.997596 27.690304 27.096551 26.925533 27.486367 24.553198 26.073725 29.544443 31.388257 30.907211 32.935792 33.192263 32.304291 32.786132 
21.295079 22.929414 21.667917 24.957782 26.863211 29.596618 27.537502 25.276378 28.256206 30.395771 27.836905 27.362475 31.102857 31.725313 29.059017 28.135202 24.435113 21.737226 21.436005 18.945763 16.660588 15.453417 12.642084 12.708893 10.77887 10.099578 8.97579 6.507081 5.200383 5.442269 3.782586 0.0 3.813827 6.266143 9.58231 11.783787 10.5123 11.032176 8.374823 8.04862 10.555791 9.133481 6.031747 8.273015 11.696751 14.479592 12.779807 13.748024 13.155955 16.229708 18.170888 17.893866 21.205575 22.74299 25.131403 27.942338 28.986121 31.127741 32.893317 32.743885 32.154296 35.015547 34.914475 36.533621 36.754947 34.107788 32.183353 28.39722 26.379926 22.914895 21.091949 19.165883 18.210069 20.861793 21.265189 17.634232 16.981963 14.815282 14.144936 14.209305 15.214445 18.989001 21.708493 22.603182 22.233514 24.183758 25.441438 26.859858 28.952982 29.760027 33.016159 31.674566 32.482086 30.192721 29.804203 28.139438 27.052577 26.498443 26.662888 23.723348 25.627668 28.854142 31.029585 30.9921 33.273242 33.953636 33.257342 34.131447 
19.60306 20.852674 19.093821 22.120779 23.849366 26.814392 25.085196 22.808564 25.655728 28.071904 25.846717 25.295884 28.997788 29.955682 27.613629 26.543849 22.935228 19.995915 19.938617 17.987137 15.298409 13.731963 11.255829 11.060051 8.638182 9.278868 8.804629 5.314822 4.619304 7.138235 6.038078 3.813827 0.0 3.78689 6.186227 8.960078 8.126414 7.912258 6.004127 5.346432 8.741752 8.515634 6.355121 7.902474 11.037009 13.188756 11.10829 11.193627 10.381299 13.73731 16.115933 15.734651 19.009784 20.075627 22.56538 25.093129 26.194696 28.061457 29.898979 29.519059 29.070775 32.10092 32.258044 34.142896 34.680076 32.248354 30.040311 26.266791 23.90592 20.440924 18.247122 16.26798 14.970458 17.659309 18.108636 14.507218 14.307222 12.114156 11.109511 10.657711 11.472352 15.253953 17.932657 18.98666 18.812489 21.046505 22.444422 24.21842 26.531023 27.738976 30.863964 29.352538 29.818167 27.329832 26.639757 24.769167 23.478883 22.798461 22.886415 19.995398 22.051742 25.217692 27.40706 27.492999 29.834831 30.724515 30.133498 31.265401 
22.418085 23.445231 21.24043 23.887264 25.363054 28.61096 27.290194 25.009678 27.615298 30.331321 28.42448 27.689647 31.294424 32.586622 30.456421 29.141435 25.669538 22.72735 22.962522 21.340573 18.513281 16.718928 14.344158 13.509681 10.35775 11.16165 11.751797 8.529793 6.676257 9.630488 9.369033 6.266143 3.78689 0.0 3.780644 5.602649 5.525615 6.708747 6.349018 7.438552 10.916426 10.57253 9.350991 11.386677 14.110888 16.187462 14.20869 13.664238 12.498579 15.801443 18.201433 17.204179 20.060363 20.572724 22.640371 25.037604 25.660588 27.322596 29.5763 29.24936 29.29004 32.521177 32.727757 34.889324 35.532882 33.406287 31.177382 27.417409 24.955602 21.745102 19.450739 17.835995 16.270803 18.997426 19.371929 15.838836 15.884013 13.183467 11.087664 9.882781 11.312331 14.9956 17.528621 19.301202 19.516941 22.197186 23.48291 25.668594 27.948056 29.449677 32.571689 31.143906 31.229035 28.670615 27.523585 25.440231 23.626003 22.698261 22.192965 19.237634 21.539202 24.344575 26.933043 27.538066 30.194586 31.51192 31.263619 32.712632 
21.785137 22.315986 19.643234 21.843337 22.985074 26.44166 25.558068 23.277936 25.602574 28.585472 27.083141 26.22144 29.680792 31.323661 29.555402 28.074113 24.813881 21.791149 22.335471 21.31399 18.332363 16.245292 14.347591 13.207972 9.892773 11.785431 12.912348 9.673144 8.551308 12.13285 12.084428 9.58231 6.186227 3.780644 0.0 3.778359 5.470112 5.457743 7.066204 7.787693 11.316446 12.072789 11.537526 12.801978 15.064976 16.38507 14.182881 12.694084 11.238571 14.409916 17.031235 15.852442 18.4254 18.317049 20.356212 22.370665 22.981829 24.296756 26.651322 26.099736 26.359015 29.746866 30.209997 32.640537 33.596595 31.747476 29.280961 25.615426 22.863058 19.810376 17.225961 15.768949 13.92276 16.622559 17.123143 13.885307 14.612168 12.123542 9.606398 7.285232 8.324728 11.783828 14.05387 16.156675 16.617426 19.602885 20.929314 23.487335 25.902613 27.798362 30.738077 29.206208 28.901507 26.204429 24.698324 22.430947 20.326448 19.281604 18.545176 15.613317 18.081849 20.736567 23.396499 24.213582 26.975578 28.554555 28.502981 30.217176 
24.551039 25.202613 22.373739 24.309818 25.473518 29.031329 28.371918 26.322233 28.592936 31.649186 30.359167 29.596434 32.992084 34.72695 33.105704 31.654734 28.447431 25.352769 25.797975 24.797294 21.647577 19.792844 18.058137 16.981477 13.610298 15.294993 16.494351 13.219969 11.728478 15.050734 14.878549 11.783787 8.960078 5.602649 3.778359 0.0 3.832336 5.669764 8.155935 10.250775 13.273432 13.511799 13.649771 15.539566 17.445756 19.012253 17.280373 15.905811 14.780634 17.969077 20.660853 19.347527 21.665451 21.178085 22.891201 24.665193 24.891282 25.878111 28.563617 27.937527 28.615191 32.144743 32.742315 35.382238 36.45737 34.833726 32.341905 28.746567 25.923833 23.058969 20.37601 18.990818 16.813018 19.145904 19.19885 16.032827 16.458159 13.458362 10.19029 7.935064 10.07885 13.045797 15.336898 18.026045 19.066845 22.351783 23.773858 26.594605 29.05532 31.143601 33.997889 32.427498 31.858023 29.045616 27.204404 24.672821 22.174644 20.679074 19.49748 16.853585 19.679176 21.816079 24.73635 26.026233 28.906516 30.846464 30.925128 32.936512 
23.249568 24.446139 21.915523 24.125661 25.826567 29.199714 28.200673 26.479643 29.138567 31.908861 30.437636 30.117589 33.646332 35.030587 33.311364 32.268485 28.883585 25.583162 25.463286 24.093406 20.758732 19.529099 18.007696 17.696424 14.749605 16.313683 16.665493 13.051892 12.030632 14.86951 13.783529 10.5123 8.126414 5.525615 5.470112 3.832336 0.0 3.811161 5.365001 8.512259 10.880303 10.465933 11.209971 13.605198 15.11521 17.137548 16.065091 15.438105 15.169892 18.749001 21.735885 21.010283 23.760755 23.603766 25.702239 27.506611 28.071705 29.072633 31.552797 30.717456 31.114025 34.611774 35.329025 37.864117 38.952686 37.101475 34.536338 30.895242 28.00974 24.850118 21.989425 20.018646 17.536098 19.458514 18.914214 15.430814 14.967749 11.5244 8.380067 7.608818 10.628446 13.803712 16.781568 19.124132 20.386386 23.5867 25.438749 28.110861 30.802923 32.780966 35.583308 33.763792 33.405141 30.43266 28.807075 26.136355 23.899631 22.129009 21.461867 19.145933 22.167491 24.457742 27.087093 28.10527 30.680127 32.440634 32.091705 34.071188 
19.784749 20.866242 18.245357 20.386205 22.199796 25.526955 24.54258 22.989063 25.709573 28.419878 27.073688 26.954005 30.449213 31.807103 30.27717 29.409997 26.090346 22.635339 22.37648 21.264049 17.766778 16.708105 15.766684 15.874542 13.401459 15.668003 15.673774 11.903258 11.985094 15.025584 13.560783 11.032176 7.912258 6.708747 5.457743 5.669764 3.811161 0.0 3.800473 6.075895 8.170548 8.963798 10.201174 11.720051 12.712909 14.144536 13.131976 12.24836 12.449074 16.094033 19.396265 19.140648 22.035186 21.805287 24.288743 25.838459 26.849976 27.687981 29.87423 28.711886 28.851074 32.331805 33.300093 35.843734 37.147037 35.265134 32.479699 28.91843 25.822897 22.548064 19.413263 17.079212 14.278834 15.878987 15.142512 11.649192 11.257542 7.94774 4.82551 4.212945 7.329969 10.558927 13.867096 15.865663 17.273723 20.449079 22.634194 25.321424 28.25699 30.361936 32.956557 30.88171 30.48819 27.35963 25.788238 23.007466 20.970915 19.10135 18.906832 16.835989 19.941242 22.410296 24.677362 25.400907 27.712798 29.34924 28.759093 30.77398 
