0.0 3.781613 7.085537 8.088118 6.124663 6.630588 10.100481 10.744498 10.486769 12.749723 15.209242 15.638018 17.416014 21.213356 23.537434 26.543609 27.478385 26.755635 27.241516 24.517272 24.742256 27.342276 29.30692 28.422573 28.19069 24.62954 23.29758 20.094967 16.894423 18.586302 20.940009 23.98727 27.109303 29.907439 31.026896 34.313575 35.635419 36.660683 34.892381 36.955023 35.691105 32.16221 32.946885 34.499678 31.517178 29.460993 31.853086 31.979357 28.198287 28.044303 31.382728 33.065661 34.793997 32.118361 34.015539 31.026673 28.780952 26.19538 24.422763 20.673712 20.967699 22.619168 20.014675 17.292195 19.71934 20.202738 16.476497 16.231592 19.278043 18.245162 15.055549 17.332386 20.154909 18.220571 17.220081 20.905196 22.160133 20.752233 22.121002 25.558175 25.922834 27.996453 26.727531 23.039383 22.951449 24.038213 21.621251 18.702348 20.337558 20.735855 17.142389 14.51712 11.241179 9.339527 12.512521 12.857948 9.903032 11.978608 15.106336 14.003177 13.161058 16.629484 18.358089 17.066052 18.522572 21.61546 22.626905 23.416024 26.622932 25.328894 22.875822 25.472612 27.664294 25.712657 27.900419 28.132821 24.431907 23.752398 26.362506 24.976901 21.498111 23.323757 25.338655 22.432351 23.94962 20.923208 22.788002 25.318418 23.048591 21.210809 24.731767 25.834855 22.91809 23.913272 27.373857 26.605169 27.327355 23.580711 22.901066 26.045406 25.278623 21.699481 21.314978 18.387312 16.098359 17.793708 17.321396 13.575325 13.568147 16.276594 14.630848 11.850236 14.913971 16.992108 14.864496 12.530744 9.896449 7.108997 9.984667 11.091625 8.332826 8.494556 11.689309 11.111171 
3.781613 0.0 3.854462 5.480273 5.488252 5.955485 8.543772 9.931213 10.799189 12.390667 14.313636 15.269531 16.742374 20.425789 22.544421 25.482346 26.097391 25.628496 26.066752 23.330191 23.856742 26.067767 28.029031 26.740209 26.439702 22.864458 21.631848 18.520722 15.246729 16.767694 18.640978 21.693726 24.748016 27.547982 28.81752 32.14299 33.778495 34.736017 33.127563 34.961995 33.434432 30.04487 30.884827 32.114817 28.959713 27.123096 29.450139 29.234155 25.436608 25.526951 28.757179 30.75093 32.699001 30.248987 32.345384 29.445436 27.395847 24.669045 23.141218 19.553767 19.38061 20.627382 18.147264 15.259177 17.178264 17.517759 13.810449 13.154869 15.968139 14.999649 11.595281 13.643853 16.534667 14.737757 13.560844 17.184246 18.60054 17.362097 18.61373 22.007421 22.592987 24.830897 23.85415 20.117827 19.86025 21.304881 19.185349 15.995344 17.705133 18.642085 15.299582 13.112305 9.498287 8.340364 11.140225 10.430687 7.365118 10.234621 12.714365 11.029028 10.859285 14.481269 15.604691 14.28972 16.343673 19.294854 19.811437 20.402765 23.776252 22.868033 20.473145 22.862415 25.393509 23.785231 25.866142 26.529421 22.994211 21.852435 24.618767 23.735313 20.139806 21.619953 24.0566 21.575696 23.400823 20.702991 22.950604 25.042848 22.382601 21.005052 24.607552 25.148712 22.077177 23.525323 26.724931 25.619005 26.29052 22.487865 22.381319 25.6762 24.704976 21.350753 21.456925 18.986774 16.105328 17.47399 17.737553 14.150776 13.185385 16.122907 15.274476 12.036247 14.453055 17.212294 15.666912 12.824223 11.209666 8.970401 12.42424 12.994545 10.474043 11.66006 14.631956 13.534063 
7.085537 3.854462 0.0 3.836389 5.647301 4.88434 5.957502 8.411348 9.858723 10.404756 11.906339 13.585154 15.117423 18.570251 20.777339 23.397142 23.538362 23.022998 23.202049 20.369177 20.983235 22.86877 24.892783 23.431252 23.273836 19.816437 18.957757 16.20536 12.744222 13.702455 15.401438 18.239057 21.385247 24.024583 25.211355 28.605401 30.3932 31.450492 30.070052 31.882376 30.145894 26.877561 27.977746 29.065573 25.769646 24.222296 26.744646 26.328944 22.57387 23.098998 26.383526 28.531255 30.406487 28.017565 30.035415 27.039237 25.359929 22.81119 21.825278 18.53106 18.370879 18.924036 16.230468 13.702263 15.323175 14.954448 11.220129 10.943184 13.210691 11.671208 8.290727 10.808903 13.237011 11.145122 10.505187 14.265056 15.254374 14.257085 15.97155 19.080308 19.491726 21.988431 20.982653 17.280729 17.414808 19.280201 17.150109 14.039128 16.355871 17.594122 14.47395 13.222462 9.892462 8.691515 10.252297 8.847339 5.282984 7.995766 9.865584 7.583423 7.371074 11.076444 11.89533 10.44753 12.690133 15.579271 15.985991 16.725546 20.100374 19.239748 17.066878 19.544788 22.10143 20.804191 23.049987 24.082108 20.694409 19.460829 22.54441 22.060114 18.577483 20.093958 22.887961 20.832718 22.523861 19.987657 22.222886 23.819871 20.809082 19.595059 23.072349 23.122639 19.822425 21.420805 24.342275 22.861224 23.334796 19.521157 19.905895 23.195963 22.002863 18.887736 19.472468 17.476965 14.154017 15.296441 16.319235 13.06026 11.418363 14.625531 14.70847 11.522167 13.441207 16.719069 16.042548 13.307706 12.523878 10.390181 13.788538 13.412651 11.190786 13.430004 15.902209 14.306807 
8.088118 5.480273 3.836389 0.0 3.777551 5.310472 5.186596 6.025716 8.649296 9.92151 10.469119 11.330874 12.142762 15.613636 17.493058 20.375813 20.915675 20.775559 21.511098 19.109818 20.298864 22.393545 23.889678 22.228013 21.511211 17.825883 16.360475 13.214424 10.066457 11.929189 13.495019 16.814193 19.630143 22.658942 24.276472 27.393119 29.021718 29.699801 27.950312 29.648822 28.206688 24.775035 25.462588 26.714937 23.649062 21.682357 24.011947 23.940047 20.151294 20.202271 23.548467 25.441164 27.284686 24.821206 26.922022 24.057427 22.089553 19.37346 18.137432 14.761115 14.637369 15.4386 12.793683 10.121172 12.16171 12.204139 8.446726 8.477376 11.430593 10.422566 7.724018 10.51277 13.167639 11.931631 11.976322 15.37046 16.504158 16.346467 18.040716 20.806186 21.535598 24.403696 23.6592 20.029024 20.194666 22.443353 20.53045 17.364694 19.66815 21.205976 18.221094 16.947982 13.472545 12.399282 14.061089 12.543642 9.018751 11.35949 12.977251 10.111717 9.365204 13.077516 13.516507 11.056705 13.173958 16.45416 16.872978 18.231039 21.600859 20.795157 19.209039 21.845661 24.341243 23.399678 25.886631 27.156343 23.846668 22.696225 25.948792 25.597891 22.203546 23.745306 26.626181 24.62941 26.214872 23.58706 25.608957 27.19054 24.145724 22.688697 26.000886 26.033942 22.544258 23.797091 26.641994 24.833566 24.768498 20.92435 21.532846 24.465225 22.744546 19.567073 20.613066 18.376064 15.121013 16.9901 18.247014 14.964117 13.894483 17.395672 17.523577 14.679124 16.908763 20.098345 19.384594 16.851309 15.598548 12.8917 15.903822 15.218592 12.337527 14.332654 16.417603 14.075205 
6.124663 5.488252 5.647301 3.777551 0.0 3.749891 5.382936 4.909319 6.216217 8.679356 10.008199 10.136286 11.493152 15.258321 17.511841 20.492892 21.433233 20.929426 21.725112 19.314475 20.153481 22.770216 24.265365 23.113179 22.493719 18.824044 17.247461 13.9779 10.869225 12.963434 15.288789 18.548473 21.467094 24.462617 25.863954 28.929882 30.152085 30.924425 28.977859 30.98479 29.880402 26.274744 26.91754 28.600823 25.771842 23.542122 25.984582 26.368034 22.640533 22.403177 25.8904 27.36128 28.879793 26.107368 27.917398 24.902294 22.701689 20.204216 18.691763 15.064008 15.674846 16.98816 14.106086 11.760816 14.555996 14.73758 11.056533 11.722764 14.845238 13.701696 11.31438 14.275477 16.77968 15.258736 15.413877 18.963719 19.876604 19.430031 21.304567 24.171605 24.608704 27.313232 26.203955 22.575223 22.964981 24.867046 22.567728 19.608535 21.944435 22.975372 19.634095 17.94893 14.551223 12.713357 14.76586 14.192458 10.452679 12.192506 14.665576 12.473324 10.857462 14.501507 15.764901 13.401418 14.67347 18.172153 19.259633 20.86892 24.039515 22.737228 21.079686 24.013667 26.12203 24.801327 27.47736 28.326167 24.80087 24.144341 27.327237 26.481332 23.160868 25.116943 27.661943 25.251634 26.518831 23.524445 25.163598 27.125743 24.379411 22.403027 25.642747 26.203699 22.771801 23.522619 26.655018 25.12425 25.043052 21.204524 21.220352 23.986271 22.390953 18.894981 19.516018 16.72792 13.968951 16.370914 17.003234 13.482141 13.370724 16.855679 16.364734 13.920152 16.830462 19.533206 18.442372 16.344819 14.337933 11.057648 13.520642 12.830165 9.507 11.099464 13.011941 10.582299 
6.630588 5.955485 4.88434 5.310472 3.749891 0.0 3.761184 5.474844 5.318958 6.46911 8.854033 10.145319 12.475036 16.093496 18.864928 21.379795 21.763557 20.721406 20.861158 17.98843 18.227747 20.737585 22.713831 21.865796 21.856466 18.448825 17.611064 14.896582 11.344549 12.356425 15.071425 17.80718 21.122148 23.698333 24.593763 27.90391 29.14475 30.350597 28.770174 31.019389 29.691071 26.200981 27.359614 29.027605 26.019196 24.191169 27.011014 27.203488 23.537089 23.858006 27.435373 29.037174 30.378478 27.560956 29.110599 25.827828 24.065056 21.944166 20.984912 17.596988 18.421976 19.156784 15.942511 14.078435 16.627897 16.014341 12.247439 13.290884 15.760561 13.796752 11.297517 14.555682 16.484065 14.184622 14.52268 18.299622 18.646883 17.761273 20.041565 22.876989 22.7898 25.290675 23.765489 20.226548 21.043099 22.711835 20.057753 17.472029 20.1626 20.812474 17.380971 16.068685 13.124102 10.638054 12.052713 11.983212 8.169003 8.996804 11.788206 10.227914 8.000607 11.448132 13.336917 11.512633 12.31841 15.667559 17.148054 18.682839 21.647437 20.000824 18.143579 21.221909 23.057121 21.488375 24.243375 24.896988 21.32045 20.94214 24.143295 23.152204 19.9796 22.227119 24.678321 22.272355 23.255685 20.200454 21.682799 23.540755 20.789959 18.722118 21.915865 22.486611 19.065422 19.797036 22.969142 21.571166 21.705079 17.87631 17.70295 20.637719 19.343004 15.848709 16.221407 13.630918 10.69539 12.778347 13.415679 9.937786 9.623472 13.135898 12.878303 10.564304 13.441073 16.173256 15.493324 13.681765 12.050437 8.865869 11.298165 10.050804 7.289004 9.940852 11.732469 9.66672 
10.100481 8.543772 5.957502 5.186596 5.382936 3.761184 0.0 3.742572 5.266486 4.975972 5.95922 7.945935 10.042817 13.367625 16.116336 18.374869 18.412471 17.470516 17.591758 14.787635 15.467676 17.749936 19.526901 18.373985 18.245074 14.818578 14.13421 11.682246 7.988301 8.669631 11.332284 14.057681 17.362476 19.960523 20.974337 24.237723 25.559469 26.692628 25.164205 27.353244 25.949842 22.490717 23.74246 25.358746 22.323632 20.601074 23.547723 23.714893 20.116817 20.668857 24.297245 25.907972 27.139187 24.355465 25.843293 22.513756 21.022995 19.054306 18.583219 15.547666 16.426655 16.534852 13.143463 11.8037 14.175825 12.952725 9.333121 11.11633 13.128943 10.796581 9.033057 12.67302 14.062014 11.944601 13.176511 16.701216 16.677805 16.438173 19.02447 21.37859 21.285765 24.13531 22.755102 19.364615 20.484998 22.638281 20.181023 17.682596 20.707203 21.7544 18.667065 18.007241 15.165415 13.056158 13.697151 12.9422 9.216072 9.705879 11.513683 9.260743 6.628325 9.898105 11.227797 8.659933 9.359131 12.932131 14.376168 16.428586 19.321846 17.752732 16.490007 19.68063 21.485532 20.445607 23.416978 24.545707 21.227078 20.760944 24.247838 23.730111 20.740565 22.90222 25.670517 23.714998 24.611564 21.777572 23.206246 24.559853 21.517001 19.613704 22.550897 22.592555 18.930921 19.663145 22.438424 20.483622 20.106545 16.273385 16.810925 19.508732 17.658195 14.43347 15.669868 13.590653 10.242083 12.407873 14.046647 11.159023 10.375824 14.06064 14.752103 12.691505 14.990707 18.054068 18.057106 16.307658 15.247536 12.305302 14.586215 12.706869 10.266863 13.257909 14.461038 11.794753 
10.744498 9.931213 8.411348 6.025716 4.909319 5.474844 3.742572 0.0 3.863672 5.544425 5.445761 5.42864 7.060541 10.735837 13.409101 16.040546 16.772239 16.057893 16.869071 14.612246 15.740898 18.463483 19.637705 18.54697 17.84951 14.228273 12.764264 9.778713 6.554045 8.601493 11.401516 14.521401 17.412159 20.352439 21.697828 24.602294 25.56434 26.333657 24.32957 26.529706 25.599964 21.923255 22.695853 24.671565 22.015651 19.751742 22.50842 23.224109 19.673412 19.593358 23.290114 24.440535 25.485326 22.486829 23.911771 20.650436 18.717124 16.701005 15.835922 12.609134 14.005582 14.600181 11.155344 10.015804 13.114588 12.410146 9.058159 11.276953 13.831215 12.129671 10.995812 14.521449 16.15514 14.709276 16.069664 19.377658 19.586094 19.747758 22.180746 24.445528 24.592995 27.592826 26.356534 22.980449 23.995596 26.248427 23.872919 21.260093 24.137422 25.262331 22.100208 21.106483 18.015994 15.91988 17.047219 16.384235 12.579972 13.301516 15.253389 12.870072 10.324159 13.408954 14.58413 11.575211 11.945857 15.646089 17.174286 19.583618 22.400222 20.818088 19.912947 23.16307 24.85066 23.922368 27.007216 28.121736 24.797028 24.466264 27.956363 27.342895 24.368267 26.582342 29.283063 27.178029 28.011107 25.015269 26.24075 27.78377 24.882978 22.696626 25.505296 25.777131 22.108715 22.424424 25.229549 23.221696 22.457117 18.72365 19.13774 21.393161 19.204591 15.875873 17.242713 14.717369 11.914167 14.812282 16.183781 13.251225 13.332243 16.997073 17.304225 15.525271 18.231802 21.018317 20.692106 19.085297 17.432907 14.051386 15.903572 14.034002 10.995865 13.367196 14.139341 10.833892 
10.486769 10.799189 9.858723 8.649296 6.216217 5.318958 5.266486 3.863672 0.0 3.790525 5.806097 5.778681 8.781962 12.265021 15.468662 17.765684 18.475419 17.066261 17.433709 14.899969 15.164123 18.300747 19.79479 19.436542 19.275619 15.992998 15.011897 12.499203 9.423389 10.634834 14.027829 16.604426 19.725252 22.287422 23.095293 26.070598 26.690983 27.817832 25.922065 28.492739 27.702987 24.038036 25.075361 27.317303 24.76708 22.610574 25.579796 26.457351 23.028438 23.05508 26.801374 27.75303 28.487873 25.306312 26.339077 22.882375 21.066798 19.495526 18.704024 15.532789 17.389973 18.107382 14.580871 13.750123 16.94813 16.103199 12.813167 15.041323 17.4714 15.419117 14.079282 17.694124 19.155687 17.148221 18.418266 21.965081 21.87294 21.535907 24.186152 26.578024 26.294994 29.014954 27.325258 24.015858 25.320016 27.160898 24.37694 22.101422 25.079129 25.654165 22.250284 21.137532 18.370458 15.614397 16.678477 16.891115 13.120924 13.048245 15.632247 14.093587 10.956304 13.675484 15.738879 13.298276 12.828946 16.422842 18.608946 21.010458 23.549337 21.441549 20.337154 23.800448 25.03206 23.652492 26.858684 27.493111 24.017951 24.228746 27.59545 26.513124 23.727794 26.352383 28.69499 26.29827 26.719422 23.455215 24.23006 26.013076 23.429398 20.78417 23.422103 24.172557 20.640679 20.453117 23.499922 21.865945 21.230476 17.586742 17.282114 19.411668 17.564831 13.938702 14.682559 11.664577 9.43581 12.746083 13.465319 10.515464 11.566065 15.022117 14.919707 13.771393 16.867733 19.132849 18.742592 17.736146 15.761695 12.189115 13.250799 10.953093 8.015583 10.528444 10.700023 7.3164 
12.749723 12.390667 10.404756 9.92151 8.679356 6.46911 4.975972 5.544425 3.790525 0.0 3.812878 6.050316 9.511604 12.393746 15.864446 17.520612 17.434692 15.59197 15.223532 12.21374 12.058538 14.973403 16.872731 16.648778 17.056862 14.100473 13.999671 12.290464 8.983217 8.750371 12.356403 14.279507 17.694123 19.815164 20.187093 23.352503 24.05446 25.550812 24.066778 26.782474 25.718405 22.231743 23.789581 25.917203 23.207251 21.523441 24.819306 25.456517 22.168572 22.79151 26.550587 27.663018 28.246405 25.133471 25.947166 22.301221 21.077565 19.888718 19.814226 17.081161 18.883081 18.845215 15.149934 14.824843 17.570017 15.922187 12.80954 15.391843 17.080392 14.38066 13.395295 17.141353 17.889488 15.491089 17.260667 20.701193 20.005583 19.673939 22.695081 24.758177 24.071563 26.756966 24.848732 21.7773 23.541357 25.419194 22.541804 20.661632 23.981228 24.487493 21.29462 20.819251 18.469832 15.635459 15.810842 16.006381 12.494313 11.543858 13.651593 12.412442 8.786462 10.77083 13.036744 10.831119 9.58325 13.037324 15.604338 18.198914 20.420719 18.054714 17.189444 20.783421 21.704793 20.445823 23.816225 24.560254 21.252864 21.657459 25.145013 24.24778 21.747052 24.490402 26.906517 24.825845 24.982726 21.875764 22.495646 23.835215 21.095373 18.523727 20.910838 21.306851 17.662634 17.427293 20.225021 18.336475 17.536837 13.889498 13.874891 15.999155 14.021401 10.505152 11.703092 9.316344 6.472898 9.665677 11.192842 8.895215 9.45549 12.88834 13.670901 12.86182 15.411963 17.83423 18.213148 17.443445 16.186115 13.053799 14.101211 11.168143 9.254022 12.561069 12.516519 9.588943 
15.209242 14.313636 11.906339 10.469119 10.008199 8.854033 5.95922 5.445761 5.806097 3.812878 0.0 3.778063 6.639617 9.043855 12.458324 13.918187 13.688056 12.070903 12.061572 9.40275 10.295987 13.099224 14.366826 13.683797 13.591963 10.439962 10.193862 8.730896 5.694016 5.31083 9.041092 11.075182 14.251631 16.591987 17.326755 20.266403 20.942302 22.144382 20.471658 23.100549 22.14437 18.574097 20.007996 22.215366 19.63961 17.836843 21.160007 21.980485 18.821233 19.415945 23.187773 24.134271 24.556427 21.428507 22.177096 18.519481 17.426815 16.403069 16.733727 14.426997 16.371152 15.857586 12.11718 12.517788 15.144473 13.153644 10.598795 13.801141 15.158474 12.55162 12.548345 16.269933 16.672673 14.874701 17.253322 20.283067 19.492888 19.89634 22.934466 24.570059 24.098812 27.121318 25.536234 22.597266 24.387842 26.709555 24.157591 22.183511 25.563412 26.510295 23.580335 23.348091 20.825773 18.41531 18.488673 18.035298 14.55603 13.960128 15.315911 13.402442 10.067648 11.809857 13.16671 10.20852 8.870383 12.402049 14.724063 17.825619 19.967175 17.86901 17.718476 21.245138 22.226248 21.584687 25.030594 26.251224 23.22814 23.403302 27.056518 26.603155 24.163941 26.675615 29.36585 27.611143 27.875524 24.978352 25.692032 26.701939 23.763043 21.441775 23.648523 23.597912 19.848809 19.668101 22.011458 19.602761 18.190274 14.706332 15.500812 17.165755 14.476898 11.487667 13.672349 11.883637 9.163308 12.128134 14.317984 12.470396 12.597739 16.002345 17.229066 16.295658 18.51301 21.193954 21.770979 20.78157 19.691396 16.567507 17.835805 14.974492 12.883337 15.962753 15.826448 12.493312 
15.638018 15.269531 13.585154 11.330874 10.136286 10.145319 7.945935 5.42864 5.778681 6.050316 3.778063 0.0 3.749816 6.641649 10.136336 12.073377 12.851842 11.549425 12.52629 10.770851 12.104218 15.274198 15.806927 15.239765 14.44655 11.182468 9.872328 7.790163 5.796363 7.223734 10.543093 12.970519 15.525494 18.204646 19.315011 21.798665 22.077616 22.828065 20.604696 23.201924 22.804185 19.044003 19.858267 22.436297 20.312275 17.919273 20.936976 22.32462 19.237872 19.112574 22.886756 23.339358 23.574413 20.223465 20.894035 17.348511 15.68066 14.642517 14.496873 12.064681 14.606818 14.655057 11.010769 11.649585 14.841265 13.510767 11.255229 14.50512 16.399395 14.469657 14.599036 18.190755 19.01817 17.720168 19.918926 22.907101 22.490743 23.072294 25.892859 27.626033 27.438687 30.55134 29.113859 26.073723 27.63513 29.99424 27.490941 25.290135 28.49254 29.499515 26.418278 25.777115 22.963194 20.556656 21.181548 20.785519 17.096549 16.942759 18.631271 16.526694 13.381209 15.476195 16.744488 13.571608 12.547973 16.057686 18.216591 21.356587 23.570846 21.574335 21.478575 24.976397 25.999578 25.339704 28.781966 29.923895 26.816813 27.012699 30.627568 30.026046 27.479118 30.004494 32.63169 30.657676 30.967773 27.900225 28.535812 29.826437 27.035505 24.499992 26.715989 26.962418 23.266827 22.833148 25.294544 23.004349 21.448631 18.10518 18.61045 19.949919 17.176214 14.137269 16.098239 13.783765 11.744076 15.158236 16.815998 14.72985 15.497096 18.916184 19.608188 18.714012 21.356996 23.838288 23.976282 22.994743 21.359734 17.890568 18.895957 16.235455 13.627162 16.045577 15.595378 11.842636 
17.416014 16.742374 15.117423 12.142762 11.493152 12.475036 10.042817 7.060541 8.781962 9.511604 6.639617 3.749816 0.0 3.804666 6.686729 9.260486 10.745193 10.466405 12.482494 11.67567 13.94866 16.754221 16.554553 15.414762 13.715781 10.254759 7.801431 5.076353 4.788337 7.503681 9.753362 12.573656 14.375174 17.480231 19.229615 21.286749 21.575709 21.71462 19.073367 21.30724 21.184744 17.341869 17.515085 20.142379 18.315566 15.468561 18.121511 19.83699 16.841822 16.175426 19.88481 20.05687 20.290066 16.911073 17.779292 14.462789 12.356153 11.054955 10.767623 8.542292 11.359257 11.388306 7.941967 9.220312 12.449173 11.473697 9.997281 13.337013 15.244079 14.007257 14.745594 17.986893 18.887882 18.34858 20.634789 23.247325 23.103337 24.206964 26.781044 28.320682 28.527944 31.865634 30.815869 27.780826 29.101716 31.757028 29.573686 27.140363 30.198903 31.580351 28.644645 27.965309 24.907128 22.905255 23.721481 22.853876 19.181763 19.546981 20.909456 18.306695 15.640464 17.86581 18.473782 14.928968 14.418307 17.82346 19.451239 22.663397 24.971174 23.39241 23.586499 26.897253 28.167986 27.87171 31.237642 32.686688 29.69444 29.584392 33.257694 32.924419 30.266962 32.54016 35.362348 33.518479 34.067378 31.107366 31.954532 33.178415 30.252611 27.911077 30.195431 30.234879 26.485569 26.239214 28.539805 26.028721 24.27591 21.010448 21.905581 23.138944 20.111078 17.375784 19.634 17.485393 15.373703 18.643202 20.484536 18.328027 18.820812 22.333747 23.075098 21.885835 24.453409 27.140595 27.173973 25.888568 24.229282 20.73386 22.018397 19.638483 16.762646 18.867167 18.612763 14.771175 
21.213356 20.425789 18.570251 15.613636 15.258321 16.093496 13.367625 10.735837 12.265021 12.393746 9.043855 6.641649 3.804666 0.0 3.790653 5.55572 7.361167 7.453216 10.244711 10.560838 13.413298 15.920175 14.887437 13.70196 11.454429 8.489129 5.781131 4.690391 6.629544 8.368241 9.791878 11.891884 12.862331 15.803898 17.674648 19.155565 19.051505 18.831949 15.899322 18.154851 18.488292 14.667739 14.575334 17.564663 16.290083 13.320266 15.939043 18.162523 15.697911 14.940872 18.499018 18.117579 17.737618 14.195704 14.530015 11.099934 9.224921 8.888751 9.607463 8.783112 11.910936 11.195292 8.269012 10.833382 13.474479 12.154589 11.809542 15.352622 16.634336 15.515685 17.036208 20.056373 20.448364 20.249597 22.940802 25.173023 24.758149 26.265372 28.918001 30.036948 30.200556 33.644301 32.675786 29.882659 31.389788 34.213993 32.139434 29.863785 33.03021 34.519218 31.745264 31.318309 28.346059 26.3896 26.944776 25.963341 22.411455 22.563977 23.578178 20.956809 18.307669 20.049588 20.359528 16.782837 15.887019 18.900685 20.497192 23.992262 25.946427 24.415732 25.171124 28.424915 29.452526 29.514558 32.959527 34.595891 31.840677 31.818096 35.552181 35.413579 32.955093 35.224158 38.113651 36.472228 36.880232 34.007836 34.703068 35.680019 32.723786 30.405743 32.407855 32.238225 28.498931 28.059294 30.008954 27.249721 25.042061 22.127982 23.334619 24.056885 20.694156 18.47641 21.15086 19.422766 17.579341 20.744002 22.86563 21.142524 21.624424 25.007122 26.057496 25.092815 27.473847 30.161137 30.466058 29.30388 27.789562 24.334625 25.483768 22.871539 20.198807 22.369133 21.80559 17.940342 
23.537434 22.544421 20.777339 17.493058 17.511841 18.864928 16.116336 13.409101 15.468662 15.864446 12.458324 10.136336 6.686729 3.790653 0.0 3.753693 6.828876 8.622618 12.085716 13.193787 16.450024 18.499052 16.947328 15.286401 12.301756 9.667238 6.223922 5.447212 8.716388 10.77532 10.984553 13.089561 13.056984 16.205033 18.647382 19.573637 19.496685 18.547158 15.231308 16.861152 17.572199 13.87581 12.825476 15.785071 15.05036 11.622433 13.531614 16.213082 14.093898 12.614398 15.888649 15.004915 14.501342 10.921862 11.477898 8.540386 5.859148 5.405179 6.429614 6.954053 10.023555 9.059394 7.245415 10.444364 12.547315 11.72453 12.414677 15.623833 16.726272 16.352261 18.301385 20.838945 21.25118 21.71975 24.379202 26.211867 26.044013 27.953841 30.33605 31.25838 31.767693 35.349278 34.730755 31.977027 33.254942 36.289604 34.502919 32.063011 35.070365 36.85192 34.219593 33.76668 30.63884 29.00948 29.702719 28.38242 24.899252 25.422011 26.205946 23.277628 21.03269 22.8595 22.696723 18.991487 18.537343 21.372483 22.477247 25.902416 27.897771 26.760405 27.701614 30.744298 31.978474 32.320869 35.659886 37.531158 34.875442 34.597798 38.349136 38.425887 35.880841 37.930321 40.964097 39.43227 40.040557 37.260097 38.135563 39.068353 36.009665 33.853109 35.930077 35.606181 31.840501 31.573876 33.417915 30.525763 28.23825 25.391564 26.844077 27.549282 24.090151 22.064711 24.857887 23.198131 21.252195 24.320408 26.535869 24.711995 25.001892 28.455359 29.521182 28.326386 30.651815 33.491757 33.709128 32.312434 30.792369 27.339791 28.700745 26.294327 23.44142 25.421818 25.035334 21.148358 
26.543609 25.482346 23.397142 20.375813 20.492892 21.379795 18.374869 16.040546 17.765684 17.520612 13.918187 12.073377 9.260486 5.55572 3.753693 0.0 3.873073 6.124854 9.877452 11.932311 15.345331 16.977789 14.789296 13.26575 10.081251 8.5104 6.041404 7.467476 10.772598 11.674087 11.559442 12.577855 11.901702 14.467552 16.703767 17.076236 16.532581 15.394126 11.925345 13.773091 14.925939 11.382631 10.393552 13.795476 13.632252 10.546062 12.650607 15.630184 14.214108 13.222454 16.204644 14.931809 13.587823 9.972961 9.40754 5.994006 4.740078 6.636544 9.099028 10.511552 13.261457 11.582042 10.067485 13.584628 15.166583 13.697666 14.81241 18.209387 18.689245 18.002936 20.382323 22.89735 22.734349 23.164541 26.190831 27.803779 27.204746 29.288467 31.861822 32.411964 32.679578 36.253016 35.559964 33.085407 34.663186 37.743171 35.952153 33.788593 36.971888 38.712342 36.210833 36.066947 33.13581 31.402621 31.728889 30.451489 27.093039 27.219849 27.739863 24.98731 22.614967 23.908457 23.662616 20.117482 19.143979 21.546247 22.772585 26.407697 27.962687 26.744756 28.157508 31.16613 32.044291 32.645507 36.055902 38.016712 35.603386 35.511311 39.283414 39.48979 37.210087 39.327298 42.358284 41.02171 41.401424 38.709801 39.374965 40.03708 36.992 34.847085 36.602632 36.091394 32.388241 31.911336 33.400602 30.341167 27.692164 25.236233 26.908181 27.146888 23.499944 21.995473 25.07729 23.874394 22.164133 25.053661 27.504786 26.143753 26.42364 29.691147 31.08466 30.181345 32.295463 35.083498 35.646281 34.461105 33.14921 29.770438 30.965381 28.246473 25.693494 27.914198 27.245417 23.383252 
27.478385 26.097391 23.538362 20.915675 21.433233 21.763557 18.412471 16.772239 18.475419 17.434692 13.688056 12.851842 10.745193 7.361167 6.828876 3.873073 0.0 3.707994 7.035878 9.491084 13.144306 14.067875 11.634988 9.729831 6.340838 5.624696 4.781334 7.982986 10.872728 10.504191 9.880165 9.805662 8.752896 10.838338 12.931662 13.213903 12.759175 11.818645 8.618372 10.861762 11.595024 7.971406 7.968506 11.394074 10.997683 8.654138 11.50354 14.056366 12.919802 12.967735 15.903159 15.069034 13.630884 10.38801 9.513468 5.646926 6.643235 8.701855 11.844216 13.168903 15.396798 12.977439 11.261674 14.808837 15.863299 13.548634 14.850041 18.379846 18.158566 17.014484 19.757751 22.213494 21.425724 21.75383 25.106555 26.47688 25.430382 27.647995 30.379778 30.563796 30.586609 34.118614 33.393269 31.208824 33.037925 36.157408 34.438917 32.562029 35.88041 37.620944 35.351818 35.614543 32.942679 31.242935 31.108595 29.746928 26.641306 26.436253 26.522852 23.923833 21.615417 22.351287 21.863254 18.550899 17.262261 19.159703 20.331393 24.060567 25.244726 24.067477 25.873651 28.751533 29.41155 30.308551 33.689985 35.814087 33.681304 33.619709 37.382261 37.823473 35.783129 37.842302 40.91366 39.87187 40.133724 37.652599 38.273227 38.586427 35.477578 33.541373 35.080931 34.236653 30.597702 30.181756 31.303602 28.049795 25.218621 23.039436 25.099467 25.170347 21.426271 20.427061 23.820799 23.196571 21.374943 23.838675 26.661759 25.694976 25.633655 28.714216 30.54687 29.751682 31.477395 34.334068 35.300755 34.188764 33.279981 30.124457 31.397256 28.465602 26.255362 28.883567 28.253082 24.500722 
26.755635 25.628496 23.022998 20.775559 20.929426 20.721406 17.470516 16.057893 17.066261 15.59197 12.070903 11.549425 10.466405 7.453216 8.622618 6.124854 3.707994 0.0 3.769542 6.424607 9.792964 11.076362 8.702632 7.75159 5.520421 5.254439 6.020452 9.011772 10.875813 9.74145 10.212462 9.654696 9.669474 11.087413 12.161703 12.90157 12.025411 12.11055 9.542264 12.627801 13.115324 9.697546 10.82559 14.115111 13.361184 11.631779 14.852787 17.015754 15.661833 16.14981 19.258883 18.687953 17.300286 14.094131 13.013733 9.208974 10.072045 11.888134 14.547913 15.144448 17.689781 15.607171 13.203954 16.380302 17.887976 15.319757 15.838065 19.581716 19.505222 17.720073 20.099753 22.947635 22.075637 21.755379 25.174333 26.874511 25.507158 27.339899 30.366327 30.664894 30.271516 33.636616 32.515471 30.385622 32.525871 35.416928 33.39934 31.779615 35.276207 36.689882 34.311174 34.650167 32.190972 30.151682 29.808085 28.835622 25.726268 25.037436 25.295433 23.109509 20.385435 20.808581 20.818537 17.762759 15.782912 17.634723 19.432956 23.290972 24.24727 22.572484 24.362662 27.456219 27.719917 28.390385 31.918887 33.789838 31.640751 31.952279 35.68333 35.911144 34.069224 36.387635 39.275908 38.162547 38.120713 35.566064 35.886218 36.167462 33.21327 31.085077 32.383591 31.670111 28.110468 27.359739 28.436717 25.271581 22.316153 20.294113 22.147459 21.926585 18.166786 17.283344 20.674084 20.222788 18.744226 21.194592 23.956127 23.335405 23.525456 26.39719 28.287866 27.878377 29.595312 32.214205 33.354186 32.58277 31.707443 28.595764 29.539219 26.354145 24.467401 27.229594 26.29539 22.672995 
27.241516 26.066752 23.202049 21.511098 21.725112 20.861158 17.591758 16.869071 17.433709 15.223532 12.061572 12.52629 12.482494 10.244711 12.085716 9.877452 7.035878 3.769542 0.0 3.705981 6.71118 7.447861 4.97167 4.849296 4.644608 5.729939 8.278528 11.289212 12.173689 9.915274 10.690528 9.083883 9.715855 10.06519 9.984093 11.14546 10.171193 11.389684 9.929091 13.389218 13.2764 10.346471 12.581318 15.434332 14.311763 13.473065 17.003581 18.594432 17.287973 18.480337 21.562136 21.388289 20.093505 17.15601 16.026815 12.328415 13.644838 15.30612 17.966481 18.235108 20.602917 18.400579 15.728823 18.577541 19.97204 16.977785 17.143494 20.877742 20.487591 18.139047 20.401004 23.335591 22.056961 21.263408 24.824813 26.53316 24.705322 26.325 29.583214 29.716085 28.89414 32.068064 30.677255 28.811652 31.288866 34.018249 31.886791 30.65048 34.2952 35.488618 33.23419 33.893102 31.776156 29.601509 28.81768 28.041298 25.181123 23.980805 24.026223 22.278187 19.434203 19.214228 19.385712 16.815026 14.208793 15.525676 17.686536 21.581279 22.091812 20.116959 22.147141 25.240456 25.071112 25.790233 29.356815 31.16055 29.22343 29.792815 33.455913 33.713477 32.184853 34.596222 37.370787 36.431478 36.125123 33.705229 33.814185 33.81712 30.937479 28.87475 29.852464 28.973093 25.549944 24.648697 25.401798 22.169628 19.017074 17.355943 19.366254 18.828463 15.027413 14.706474 18.281488 18.451736 17.135397 19.130575 22.088995 22.004119 22.070021 24.599474 26.824083 26.727674 28.11722 30.603695 32.123899 31.611562 31.060324 28.197428 29.000488 25.596086 24.193948 27.247962 26.219855 22.860126 
24.517272 23.330191 20.369177 19.109818 19.314475 17.98843 14.787635 14.612246 14.899969 12.21374 9.40275 10.770851 11.67567 10.560838 13.193787 11.932311 9.491084 6.424607 3.705981 0.0 3.817102 5.367663 5.080781 5.164174 6.39449 6.082826 8.837208 11.047231 10.744999 7.855505 9.493097 8.086138 10.106588 10.62813 10.157044 12.432895 12.220736 14.022347 13.04466 16.306916 15.533013 12.558995 15.063923 17.527236 15.671322 14.948971 18.692944 19.776331 17.918938 19.374752 22.703685 23.065095 22.303648 19.365616 18.784802 14.988106 15.811896 16.725014 18.936033 18.486944 20.693552 18.71479 15.598205 17.85835 19.41921 16.310224 15.757847 19.420535 19.1503 16.35235 18.152737 21.299045 20.075482 18.750876 22.212395 24.201897 22.274961 23.510852 26.90148 27.258562 26.23102 29.280008 27.658541 25.703491 28.27244 30.831251 28.531275 27.387029 31.08679 32.100475 29.798069 30.507795 28.545646 26.267571 25.330725 24.720492 21.936941 20.495826 20.596139 19.10069 16.093035 15.723019 16.221824 13.862843 10.915202 12.384124 14.96003 18.814996 19.444315 17.170491 18.897999 22.163374 21.994583 22.437491 26.062296 27.726058 25.655994 26.295897 29.954753 30.094262 28.558174 31.05261 33.762621 32.772741 32.430713 30.001084 30.125617 30.148716 27.258197 25.190499 26.250531 25.40492 21.928999 21.112512 22.037159 18.851762 15.913162 13.90464 15.884605 15.709151 11.95065 11.321648 14.952337 15.206311 13.644255 15.484601 18.548644 18.515929 18.444384 20.921031 23.233775 23.168828 24.463068 26.934357 28.540879 28.086036 27.679462 24.966442 25.791589 22.357958 21.177352 24.428164 23.539898 20.375998 
24.742256 23.856742 20.983235 20.298864 20.153481 18.227747 15.467676 15.740898 15.164123 12.058538 10.295987 12.104218 13.94866 13.413298 16.450024 15.345331 13.144306 9.792964 6.71118 3.817102 0.0 3.850748 5.53983 7.439217 9.804776 9.825575 12.495208 14.246145 13.263395 10.27723 12.486111 11.035341 13.431619 13.403618 12.020329 14.486141 14.064204 16.50082 16.037753 19.441209 18.59302 15.960325 18.689355 21.057913 19.145039 18.675421 22.445849 23.362026 21.457804 23.048966 26.404392 26.865827 26.109185 23.163719 22.474935 18.68277 19.459331 20.348396 22.322679 21.532113 23.829143 22.110226 18.798815 20.682803 22.448236 19.37322 18.30704 21.833551 21.689925 18.563576 19.837858 23.129825 21.895156 19.972832 23.261212 25.491517 23.313636 24.019752 27.593612 28.064336 26.591896 29.315486 27.25568 25.450366 28.310925 30.502302 27.903933 27.142918 30.937942 31.524897 29.174565 29.995733 28.386081 25.79587 24.571169 24.475815 21.873381 19.837841 20.11175 19.301797 16.014517 15.125771 16.31087 14.637994 11.090013 12.174499 15.396905 19.043708 19.326354 16.483866 18.044732 21.43983 20.716581 20.793374 24.512751 25.780793 23.74349 24.888702 28.407201 28.270901 27.053007 29.81966 32.238897 31.201459 30.465001 28.009687 27.733501 27.669666 25.028606 22.764244 23.442809 22.756155 19.467933 18.174146 18.991633 15.983287 12.918195 11.231828 12.826974 12.173267 8.39244 8.143752 11.779483 12.585089 11.638482 13.1308 16.069881 16.686935 16.89122 18.883068 21.292623 21.779905 22.934632 25.018681 26.881248 26.884859 26.608107 24.108999 24.514457 20.866109 20.270945 23.607912 22.438099 19.679263 
27.342276 26.067767 22.86877 22.393545 22.770216 20.737585 17.749936 18.463483 18.300747 14.973403 13.099224 15.274198 16.754221 15.920175 18.499052 16.977789 14.067875 11.076362 7.447861 5.367663 3.850748 0.0 3.767271 5.712366 9.151697 10.286604 13.680371 16.034843 15.281156 11.81722 13.064485 10.568791 12.545256 11.489777 9.236006 11.743971 11.558105 14.516448 14.907705 18.139324 16.848714 14.841985 18.086369 19.991421 18.054603 18.349006 22.116258 22.635077 21.133231 23.25181 26.324877 26.965543 26.155185 23.571649 22.7854 19.194937 20.603177 21.683422 24.096477 23.670023 25.63311 23.438055 20.392523 22.416054 23.626457 20.214329 19.589827 22.968569 22.185164 18.983486 20.644427 23.579534 21.749789 19.955999 23.462697 25.217081 22.637862 23.584744 27.171788 27.123148 25.449895 28.094398 26.122591 24.774025 27.829347 30.099496 27.754708 27.314664 31.127943 31.824401 29.866962 31.134515 29.773262 27.450525 25.80985 25.450311 23.258719 21.111631 20.708746 20.007199 17.168457 15.605711 16.192752 14.976055 11.410303 11.349169 14.245757 17.840367 17.491479 14.817257 17.082424 20.115003 19.0763 19.742565 23.320836 24.915775 23.388523 24.445263 27.892169 28.185536 27.280916 29.812179 32.308989 31.724668 30.952962 28.878546 28.659158 28.095713 25.370187 23.569392 23.963662 22.697818 19.598313 18.568523 18.666609 15.311942 11.905206 10.978361 13.415145 12.494578 8.824647 9.932744 13.653586 15.261549 14.129178 14.753411 18.053284 19.029846 18.63949 20.31768 23.189525 23.623915 24.2214 26.416203 28.660762 28.604446 28.7829 26.587584 27.214589 23.621662 23.242525 26.745603 25.789571 23.15518 
29.30692 28.029031 24.892783 23.889678 24.265365 22.713831 19.526901 19.637705 19.79479 16.872731 14.366826 15.806927 16.554553 14.887437 16.947328 14.789296 11.634988 8.702632 4.97167 5.080781 5.53983 3.767271 0.0 3.820308 6.848397 9.033854 12.428809 15.393116 15.535796 12.427054 13.142765 10.469562 11.409096 10.191424 8.261402 9.724819 8.685057 11.382653 11.560518 14.983622 14.204723 12.279267 15.396691 17.590184 16.251383 16.47108 20.086478 21.031575 19.973902 21.876864 24.766219 24.959817 23.712105 21.150268 19.93514 16.47576 18.268442 19.89545 22.65522 22.784354 24.899893 22.511367 19.774586 22.320094 23.437972 20.082789 20.050727 23.60229 22.755471 19.931339 22.074094 24.904994 23.077256 21.830076 25.486315 27.028885 24.616938 26.00649 29.462841 29.25293 27.879599 30.733446 29.054628 27.684217 30.57811 33.082773 30.909251 30.24865 34.012591 34.947548 32.971804 34.107065 32.484657 30.249707 28.864808 28.286518 25.885113 24.079847 23.714703 22.587632 19.815251 18.64761 18.885806 17.166972 13.966298 14.181532 16.606416 20.349916 20.073864 17.809764 20.287252 23.191979 22.339759 23.263569 26.778004 28.538962 27.049593 27.942118 31.437118 31.830855 30.812644 33.254306 35.863193 35.262688 34.606278 32.476529 32.310883 31.832529 29.08124 27.236516 27.684921 26.464852 23.345703 22.286092 22.382346 19.041346 15.563319 14.74103 17.074488 15.963462 12.260759 13.163268 16.847995 18.055058 17.016854 18.125716 21.30752 22.014041 21.813322 23.746473 26.44259 26.743378 27.574501 29.859441 31.915706 31.725201 31.667399 29.216047 29.872657 26.290385 25.547083 28.887111 27.806327 24.859474 
28.422573 26.740209 23.431252 22.228013 23.113179 21.865796 18.373985 18.54697 19.436542 16.648778 13.683797 15.239765 15.414762 13.70196 15.286401 13.26575 9.729831 7.75159 4.849296 5.164174 7.439217 5.712366 3.820308 0.0 3.773741 6.248229 9.961314 13.192938 13.602306 10.439679 10.205306 7.108843 7.645093 6.492804 5.333994 7.295142 7.444878 9.593268 9.63777 12.65399 11.30769 9.129901 12.442942 14.304708 12.606434 13.019478 16.689062 17.358933 16.300998 18.435865 21.241653 21.693331 20.718904 18.367938 17.553516 14.179248 16.101511 17.445462 20.387344 20.700081 22.402938 19.684747 17.201438 19.807942 20.473467 16.980288 17.381547 20.810632 19.614865 16.991154 19.538661 22.079791 20.088003 19.297492 23.064988 24.287516 21.995677 23.80781 27.083659 26.701526 25.664653 28.750374 27.472141 26.034867 28.68371 31.481448 29.626328 28.718006 32.37248 33.67767 31.858399 33.030234 31.236035 29.366558 28.068858 27.002848 24.645095 23.274116 22.575251 20.981414 18.628519 17.681658 17.236488 15.204275 12.586761 12.829652 14.556351 18.357378 18.35145 16.668711 19.260996 21.969286 21.674277 22.941446 26.312767 28.47482 26.988551 27.358848 30.953052 31.669585 30.394151 32.519148 35.401755 34.939779 34.672025 32.664409 32.937816 32.453034 29.42343 27.885861 28.721066 27.247408 23.948641 23.481141 23.693983 20.167221 16.976676 15.676619 18.450024 18.036266 14.360583 14.821003 18.614767 19.557505 17.820699 18.930171 22.360826 22.600239 21.92186 24.175182 26.932028 26.711302 27.462704 30.134195 32.077626 31.451923 31.484356 29.030725 30.158581 26.802605 25.728438 29.114923 28.456845 25.331658 
