0.0	5.57804851072944	6.945419139722864	8.78069790935731	12.914363545186054	14.595400008568268	19.66054511542702	21.074574414926108	23.82224248564862	19.642688021059616	19.234136668471503	22.385470415611234	26.845357563205514	24.8766565434617	20.60205255473261	25.15039284902698	27.17582611878781	22.872109103115797	22.78071912474323	28.17198202259039	27.644933835658957	23.796531623599666	27.482536865164775	31.27272512006808	30.017414683755835	30.34564380813176	33.558652487794845	28.434348664543716	30.01057014331755	28.049756234252822	31.60665513238042	26.573202743598202	25.758731528232016	24.311032662738807	23.746618705926245	21.468742089358162	16.65327755749188	17.33771420945814	12.511324832755282	15.632559621512112	11.093914899397916	9.533313642381296	6.752480361005114	8.879069846463645	9.462981088099028	12.231808751348167	14.955244829405643	19.677390708357944	20.745782221236578	20.678560966333162	17.304274789375807	15.457073714186459	20.37439370039383	18.251279041184436	21.483023441946305	23.59619711154973	20.814642791864895	26.511871024346995	24.684914487970754	28.916451417753734	31.016220498128867	27.47061324187363	31.687861076779843	27.173652400983023	24.121687495813337	22.999580833128338	19.037678050429466	19.39224295273735	17.074516288027812	18.02094356376682	14.238400730404223	18.594446477336767	16.173267236928798	19.955264387582957	17.72908060533394	22.067637526324457	19.91747657390647	15.71026600099105	16.699231118877925	11.575099970883741	14.540560685157022	12.644651187123056	15.571063952602227	13.896098640646336	16.734700066440897	13.195839572687866	11.307186957352389	8.489288391730174	8.600006637727367	10.69908474146638	11.352143404122948	16.121790577978757	17.606142568696136	21.651771892095418	22.785621155276008	22.02530459651766	2.485759343082408	22.635116340925897
5.57804851072944	0.0	5.853606560006128	5.623201444073206	8.41821737166027	10.422078637615062	15.122839253764814	15.982936222121236	19.255396646899793	15.794177347948555	15.027036634938227	18.822731256422394	22.66695469089685	20.99253787654934	16.172355722453947	20.27418230408641	22.640891452274055	18.412103070478427	17.599846399755016	23.058302058657027	22.97420013023679	18.890766394187764	22.17381336851521	26.242109475206156	25.33744742502039	25.78819875381999	29.312646760794156	24.440510863217455	26.317009418090873	24.93622135897475	28.506911398551072	23.97778980534321	22.11753865305918	20.66862494140662	21.124557250649797	19.091081892171328	14.140446501766428	16.582214584960614	11.442395630652683	16.12618635748993	12.844556318539956	11.383481443270686	7.484054480019534	6.640380524063682	7.574537624758546	12.358634994736676	12.858685908106272	18.05941917261649	19.379666051072796	18.11099407081087	14.448733842763826	12.432677086599343	16.7114015120581	15.28001616940268	17.45624779424574	20.324577559462046	17.147913905899628	23.074891962232044	22.244226646585744	26.040531819956236	28.613439968812727	25.35913175390568	29.955899868028563	25.628824571953132	21.916403269205137	21.217764463577428	17.745177655479335	16.57516557412881	14.086278275204045	13.576364207099669	10.532401036385924	13.993051922659689	11.798886888278627	15.959546444865857	13.21778030597929	16.983512323555026	14.471839117653584	10.634043694319807	11.394905505698521	6.961421973036427	10.343686619442952	10.333794587651449	13.474860557844297	13.51977119166309	16.25443788098964	12.500537188191762	12.246454486378461	8.427271014112552	5.448789391872613	6.713441238474035	5.863678882162497	10.829022276735433	12.445531861545202	16.145155129053162	17.545425523986246	17.24827047471464	5.752852556306978	17.76742868284829
6.945419139722864	5.853606560006128	0.0	4.86313215715892	8.896208470323812	8.515351424795819	13.919282298896523	15.774667172413478	17.718606123090215	13.077305833757393	13.113328760644487	16.22552698650508	20.71578277153002	19.45098247965383	15.227831608703143	19.75926869678132	22.20423642035781	18.714508369977924	18.71658554315676	23.871146498289924	24.07867045482394	21.036639910250933	24.328163736786255	28.166302069318167	28.093849900385177	27.600287772173544	30.798435941960022	25.629597664996982	26.339540190061687	25.39162770784289	29.82588874495552	25.25045124719452	23.393138825096898	23.06143573186318	23.45212926006497	22.51466861569996	16.98663453393732	19.59730347445274	15.132670380583782	18.4112714226018	14.167655516728807	14.637179669249779	9.19067002077872	11.008302625583934	13.225409480568441	17.3690684281693	18.173315226836987	23.241149502586687	23.724227046949725	22.487731619893246	19.460476245018807	16.41370065760046	19.900570763556377	16.993284800376156	18.749398483011824	20.15788672883947	16.147428707437463	21.75530963556532	19.685393030019064	23.179949859854396	25.829195674705442	22.953370963523295	27.807971293180458	23.880168411876916	21.021689697855294	19.097825843232485	15.03723110253447	14.576059870636739	14.065038221070882	14.58007273200987	13.014171673342707	17.34149536416557	16.3269434711012	20.923088623488013	18.413998801652202	21.415770638743744	18.067128993717308	15.22072841537466	13.94760718873066	9.436049710628952	9.518061759187296	9.091199293664728	10.42253504484845	9.817622781579026	14.088713927071367	12.252563914043066	9.601038492632425	4.862547501129127	6.282393905441828	5.023913352237033	8.647734400328615	11.8263664672701	13.341607041013985	17.613120236624408	18.834687577590696	16.94462357745907	7.8998261033039014	17.198842140006835
8.78069790935731	5.623201444073206	4.86313215715892	0.0	4.647782366620954	7.057332896405676	11.303446641954004	13.918377974810854	15.834266042883327	11.891350512660228	13.036479524417873	17.27764905996627	20.812473167464944	20.462369428873355	15.429819770332847	18.98928614988419	22.365433772795463	19.158255465443602	17.76719871692208	23.02255127620574	24.100265707650124	20.54927880151365	22.936704967207678	27.38886542101339	27.595053330125058	27.611576628379687	31.255170815906894	26.503559303094995	27.705704299167177	27.270218829268927	31.455658595907526	27.31077510120991	24.639540041229488	23.952472749233205	25.117460997778306	23.771806335151986	18.59217400690488	21.75475982839796	16.819075331140994	21.242095047970096	17.558808709561625	16.7459422162259	12.182338017675457	12.05010522129228	12.737928726347006	17.796540135010087	18.060570773982136	23.312200305208155	24.72725354779207	22.989939401128655	19.322157933886103	17.134101103282916	20.495171543286876	18.779369997595836	19.681299264753278	22.05242818091772	17.661336051989114	23.438152690175237	22.308162624617285	25.141134825805324	28.348293020831527	25.860641518430356	30.984719441279193	27.22233405079038	23.87050866575406	22.345863044640435	18.692909019661187	17.00641177534133	16.315356216279753	15.12823709152096	14.121094370650113	16.99428545633289	15.579220418159268	19.854061092523956	16.20288593539805	18.618822492001634	15.031735870314371	13.262051644474903	12.795990401718706	9.84702851059044	10.314049195875969	12.1537543135157	13.55370616278641	14.119696485243672	18.178632193287147	15.866747959460143	14.249968796580143	9.502129123546382	8.493765491808325	5.143979631900177	5.959393601776186	10.274366446412213	9.828826389523643	14.99116008784678	15.077299565097874	13.535936007984434	10.124627697453539	14.36752061927495
12.914363545186054	8.41821737166027	8.896208470323812	4.647782366620954	0.0	5.538919998953403	7.747869544080432	10.466530592808802	12.513222107462788	9.840980607895183	11.368801898419001	16.286141068443264	18.72209717729215	19.15728674399403	13.716839162239266	16.155922428934485	20.21060283908163	17.539757154682597	15.021737010039068	20.069567376372927	21.98409736806773	18.391643434348236	19.82104591237641	24.623771020866013	25.385833542829587	25.565676299832553	29.467304211816895	25.204143266766867	26.612360061593233	26.86266253935369	30.91269212052863	27.405586516848093	23.85142815443349	23.224567440878737	25.279033516712882	24.137975095126638	19.324339189525336	23.370853112896256	18.575919607092846	23.609975564056356	20.712147917212775	19.72353931203624	15.323632315609096	13.842676585437616	14.19465278775419	19.728079065460737	18.770251797087248	23.917086712440632	25.617088912868923	23.134267984300372	19.428954470689014	17.555167899246506	19.99834895644251	19.129240961141086	18.801150288595622	21.721181504394004	17.056603271504923	22.657934152762287	22.522163822666172	24.624518115490876	28.276469827280426	26.253433084075986	31.566799086862602	28.132789172499738	24.41996993371379	23.262323774699972	20.22088908069903	17.31981616751814	16.81446664254311	14.126294633805621	14.430526835587846	15.75421136420921	14.772518403152615	18.76436074472876	14.583596908717427	15.715204851760586	11.614886362166201	11.578023494404215	10.794153597659438	10.140449766238477	9.96434747938457	13.757961194818419	14.85958635415131	16.67767675076634	20.367725294805087	18.12533965589205	17.529477523798697	12.901529624571156	10.569841283668906	6.215727601855814	4.646117091824219	7.732827636225499	5.362972545990599	11.001563888937731	10.447095419327535	9.242075502393712	13.897956866859058	10.311153103911058
14.595400008568268	10.422078637615062	8.515351424795819	7.057332896405676	5.538919998953403	0.0	5.648471143858107	7.751873646864122	9.272015040813711	5.398856126893814	6.289621590616405	10.933539865994371	13.88433977746754	14.33297667533831	9.332642929501343	12.450204191029593	16.213885580926394	14.09284626817531	12.72249289052548	17.397310344246797	19.198918437901625	16.75621446680502	18.59274396606785	22.78577579873364	24.180835428856025	23.345887087245274	26.839874227129833	22.343256610400456	22.799179000388335	23.478158041168182	28.155545865706785	24.808351846468927	21.1228473030094	21.537481856764273	23.659641002537164	23.6608886110108	18.480904729509724	23.05382259044207	18.9817722030691	23.186749101922867	20.348075770371366	20.85858489392388	15.352166245261026	14.826708130159858	16.927876073345764	22.09571784502801	20.752282754673146	25.757735894780268	26.36870734561995	23.68889299724031	20.84843050391262	17.76666766242185	19.211318296944235	17.177053271680006	16.212246273675916	17.968530173245266	12.718014722599131	17.995537305760376	17.4521223142603	19.242984891845026	22.98940656976832	21.290394724477064	26.76058287435261	23.736159486145052	20.43585922195011	18.750023462444506	15.902017868944641	12.693556790700013	13.665909642606303	11.499670781604227	13.353910784564388	15.385912553757903	15.810075287016254	20.316971279552767	17.33189360617322	18.094511780706508	13.716921181176174	13.590431860641509	10.295409873411101	9.561592543124132	6.284939171067267	10.787439887242373	10.47078715377063	13.10764180193293	16.883667151918193	15.95567752416626	15.199954120100127	11.004219415770248	9.653995625937721	4.298787024807901	7.0707019291092195	6.189316802655526	6.681770103610457	10.609548371380717	11.77018144038224	9.13065464012486	15.187094171858567	8.866025264990522
19.66054511542702	15.122839253764814	13.919282298896523	11.303446641954004	7.747869544080432	5.648471143858107	0.0	5.4779881168963165	4.887319237163414	4.368579110846362	7.486433189155301	12.11997458704196	12.792779257194638	15.169927948247638	10.431962345136563	10.892241676480387	15.882305549920705	15.262762991367756	12.445708097594665	16.109539819988367	19.42141721376843	17.42115349601797	17.55241657554141	22.028541182348693	24.459353937049826	23.677953645417386	27.334376935468825	23.65444403462168	24.056861105761435	25.763357739030294	30.266057299347263	27.780827959553083	23.2053776764322	23.842042512302683	26.846941800395484	27.06584280092741	22.40778083678794	27.487017333510472	23.518273531095787	28.12196791418686	25.71252401676022	25.877257317055268	20.691579190491314	19.387576963729575	20.82038228477486	26.27099987990636	24.258864431296658	29.084216244028248	30.072119221535065	26.836437668715575	23.96784339981683	21.40757233869757	21.951641963289184	20.821144674168966	18.51169069304509	20.524050676870814	15.162635439187866	19.528418337019428	20.0168782249336	20.36937841373484	24.6738602610819	23.902871723301875	29.454115039287082	27.08297047809532	23.74429512680586	22.28194919902644	20.15951720715489	16.088240396832628	17.576907328152956	14.115935201209528	17.240574430441015	17.58097587109457	18.415119061299105	22.315072980249695	18.84620337800061	17.972278828644523	13.293485682434044	15.471210779371669	12.155480874838998	13.779506067978474	10.425750268930907	15.807909726977568	15.018575556682906	18.250621590167977	21.762651130282112	21.074335525348427	20.725196463647745	16.63994985243596	14.893173063717983	9.799041158051647	10.367165371192756	7.968610842822962	5.213146700406965	8.466719688765556	7.939142728752842	3.945017990678592	20.37817413431069	3.5193111816907465
21.074574414926108	15.982936222121236	15.774667172413478	13.918377974810854	10.466530592808802	7.751873646864122	5.4779881168963165	0.0	5.340424665349729	7.291168184067717	5.811435170592967	10.056096681531557	9.780074282210917	11.427288912826073	6.606257522216487	6.054207019169002	10.992108517054113	10.43577014259628	7.122146890353003	10.681312118288407	14.047446444925233	12.358495577930672	12.349965493643234	16.602584562802015	19.254987613876708	18.287277364431397	21.9534477772052	18.561923742187624	19.2384900571459	21.234041380762335	25.4437715798453	23.524478881276995	18.477924688498273	19.308588000589896	22.837809755641338	23.570065878868952	19.462067710911466	25.067257331351993	21.81018490064296	26.33793498909442	24.935625788454786	25.411700672551532	20.417776306910202	18.425649386770306	20.437779570206764	25.56430012617775	22.529042825705755	26.867699199729454	27.36223270716939	23.66845151928148	21.48875880082445	18.743777659802003	18.055837077666556	17.400853427612425	14.07729034312147	16.435623503184274	11.610945605568773	15.616989376600557	17.464600939262397	17.85914702946372	21.981424472594785	21.11587340659351	26.409423960763807	24.12328409213692	20.35784580215421	19.760034908503386	18.5790120599071	13.66497515455103	14.658522715173348	10.269650048609012	14.581000693339384	13.824458537487843	15.70748879169475	19.33524013831504	16.92597917730852	15.445173141827818	11.096203335558018	13.437909951311317	8.906702291471662	12.21714723402613	8.815808751656345	14.565036215918642	14.139688233640834	18.150503902379928	20.40915965358848	19.58073371005087	20.689977123382327	17.33662343912344	14.473863704473796	10.83425184971852	10.75107102109072	5.686450114817803	6.398707120685897	4.905848474074145	8.045648310010021	6.916123707854664	21.155604611153954	4.983488320872906
23.82224248564862	19.255396646899793	17.718606123090215	15.834266042883327	12.513222107462788	9.272015040813711	4.887319237163414	5.340424665349729	0.0	5.432529148454435	7.343526669836973	10.461985084898645	9.237169088111596	13.033086055390957	9.645814076995515	8.17517821910726	13.329576291752895	14.353781690961233	11.844038918158885	13.953458683555624	17.941501256467564	17.26541031943193	16.668100111069286	20.49113730494001	23.887894074666487	22.42895756396793	25.72554924577573	22.56738878059408	22.261884906286546	24.865772062742113	29.480431121795863	27.7403698910938	22.730831929140013	24.152707292341347	27.585969644677533	28.62728884089548	24.257406719169676	29.733357480943766	26.372879985620408	30.613034856419375	28.629251011607522	29.39599959305215	23.981603285693428	22.730973886252496	24.707158551014768	29.990440883859883	27.43944145334315	31.969496895545838	32.46117104236538	28.89733345376557	26.637437045612085	23.752763442751444	23.19257173850338	21.958229779643407	18.606083062728974	19.88405939817087	14.602935786787924	17.65681418792774	18.733461348886763	17.825631408273612	22.383152691599754	22.474666429345888	27.934454529049322	26.32625719582936	23.310100068833673	21.85390491789411	20.561575030488186	15.991590284240019	18.46698416919337	14.896609726553331	19.28584283420209	19.10755341027758	20.89600735809885	24.603616428503177	21.821840084189187	20.15378560608568	15.666134483712845	18.402841600195426	14.119529910297388	16.594391676757816	12.267269328436825	17.728775841531256	16.09826980899965	19.93217760216628	22.919872263316634	23.050361141781373	23.070477694066984	19.57346201155155	17.997901153781676	13.357206911911778	14.424035599138222	10.371346647485728	9.116127146582391	9.342534449553675	9.786776541514007	6.205260422013409	24.308590412546177	3.939796067765491
19.642688021059616	15.794177347948555	13.077305833757393	11.891350512660228	9.840980607895183	5.398856126893814	4.368579110846362	7.291168184067717	5.432529148454435	0.0	5.595263562957362	9.201778929358781	10.873508769252625	13.242705407132963	9.415326447317602	10.919820405427798	15.22722928827406	14.933197776057481	13.615865262615486	16.987858549951213	19.761312172113044	18.580304286128726	19.45865418780642	23.307354155582605	25.84001298608897	24.33687560241591	27.551140595678316	23.500586220933993	23.029649543316783	24.761648696995547	29.779635102654193	27.11234252697052	22.907417468147532	24.201675493774705	26.80109261711435	27.5877716567983	22.566078122135394	27.503227322710217	23.862828492541396	27.71606160011258	24.98338737888564	26.02335150146106	20.272667777114847	19.99092300976975	22.266623848140046	27.430566289658408	25.78161629999018	30.640811208709536	30.988595064702213	27.998417702784	25.5246680650514	22.250938108251578	22.723485433455235	20.518484940819597	18.410492800854335	19.235590377011842	13.562813898668235	17.552223914307888	17.049966729509716	17.21982912205902	21.514357240705884	20.96561980367062	26.590469174183436	24.49247807671434	21.776069717165438	19.60104552591644	17.35300027018224	13.717561827031396	16.437553652874456	14.13186324657922	17.490435252606183	18.923725669791562	20.158525791685157	24.477997107990113	21.61926284292331	21.31309395854274	16.708024712142254	17.898308249739983	13.793734171975649	14.27862595614005	9.615010599636173	14.331742664166526	12.402127641526103	15.581762291281334	19.37339604196698	19.716394018565023	18.684438167690416	14.992021543536358	14.525777915075004	9.4247615388792	12.157219468815564	9.500619344897775	8.959638238521322	11.626541666828297	12.211795651549613	8.063674048033446	20.32580106601699	6.991498595710867
19.234136668471503	15.027036634938227	13.113328760644487	13.036479524417873	11.368801898419001	6.289621590616405	7.486433189155301	5.811435170592967	7.343526669836973	5.595263562957362	0.0	5.125964494924469	7.815982630538046	8.2598191197316	3.9509649917859493	7.296763248160424	10.465833968134508	9.527679804692147	9.409000931047778	12.925032574937715	14.726756277465812	13.93339307189653	15.711013465948136	18.958534429428806	21.203990022202632	19.32493098165828	22.341849473904233	18.0489077505477	17.579987712338205	19.169926141164677	24.20513219319052	21.636123240866215	17.39455546454733	19.004267791062738	21.64340529648043	22.98529634242596	18.174651255001343	23.445498796661642	20.524415140089335	24.03261921992024	22.117412100759125	23.72141360730614	17.98385438219175	17.429036467174793	20.583812867917317	25.300007589243695	22.98512759557051	27.452141343900028	27.100914458652113	23.941986962564858	22.19193042106014	18.415189608221063	18.059795881313097	15.588815101978145	13.062701586556157	13.678704322919543	8.04536651431081	12.356315279168296	12.586386655106606	13.536116868190172	17.540008545128813	16.449374688603882	21.979346356309705	19.669274496810143	16.54220309250471	14.956651164358394	13.38705576670363	8.852558606898532	11.473635052590831	9.139429694725655	13.372427424038909	14.79502219671684	16.885303020046397	21.236100613870178	19.559200119620023	19.436871333284852	15.270158978480628	15.615172757918181	10.416993515601005	11.207829291205234	5.772488655294444	10.711304010323246	8.959001659906741	13.111626935609928	15.626927156151712	15.973232754895784	16.32323292523812	13.509407614059114	12.118363124174607	8.68640623933587	11.452107762604971	6.996401710193178	9.884115566713927	10.233940352922863	13.354441371800963	10.891210850619604	19.221686219775634	9.11383498211403
22.385470415611234	18.822731256422394	16.22552698650508	17.27764905996627	16.286141068443264	10.933539865994371	12.11997458704196	10.056096681531557	10.461985084898645	9.201778929358781	5.125964494924469	0.0	5.481733903805383	4.932138312572688	5.290787563065114	8.22988177723916	9.058653215599247	9.491265070258612	11.605084519188921	13.52516038499492	14.507663670706124	15.441844389217646	17.546578637098527	19.51308924450389	22.078738900712768	19.185418236554828	21.32388425186829	17.061246159556788	15.128069898534903	17.197429106870924	22.69834669823516	20.51357092023768	16.634459671894476	19.374644611486485	21.716440694215475	24.11078284524145	19.516988973446647	24.631293877374343	22.63867457502741	25.068754991357075	23.440064504820302	26.06823474464406	20.173363652316944	20.356482094426635	24.23134560961604	28.40785305260199	26.068581757544468	30.165538367225015	28.961515686029013	25.928670472751293	25.00249827464194	20.68820827449922	19.534336971621183	16.174832851090127	13.36368971406499	11.862857403859456	6.628221077036956	8.7720525291313	8.312021303913744	8.442299889195253	12.567254924111317	12.115402523621984	17.67605575694241	16.162076889657726	13.957287982144816	11.775653758648232	11.222234283688643	6.843181287365859	11.533454006988947	10.840539891649703	15.477683211394089	17.308913722291457	20.08889011340424	24.353924173940364	23.594082287428698	23.498887110484397	19.668087411790363	19.647736818486738	14.064005618467398	14.44463727827817	8.849151861376104	11.794149153160824	8.610969374040637	12.871154028596292	14.480893964568544	16.41522203354349	16.791090051075972	15.256397353246664	14.889781295787303	12.575547928204966	16.072654780980695	11.555330644199502	14.97372429656463	14.433991053404572	17.988392320280223	15.407395798189766	22.126119752276754	13.32396219153701
26.845357563205514	22.66695469089685	20.71578277153002	20.812473167464944	18.72209717729215	13.88433977746754	12.792779257194638	9.780074282210917	9.237169088111596	10.873508769252625	7.815982630538046	5.481733903805383	0.0	5.562723495874288	7.1326127128765515	5.637125889161911	6.869098705076931	10.114742879506508	11.03656667632766	10.896554183740983	13.374262261480592	15.37026322017874	15.83675672897585	17.413232051286034	21.194474795630185	18.078044595781005	20.129694105005935	17.060878431413645	14.97281631582995	18.43180516517942	23.445120834490936	22.494282785783476	17.702323439176553	20.705898364341156	23.958489788213956	26.616031160990016	22.70120296940143	28.262066862391134	26.4114049174922	29.27359147770071	28.17287972049473	30.409706262114966	24.77699143940927	24.135634827477364	27.580617493517803	32.000930644311225	28.961712890671393	32.82150717874252	31.826475786786958	28.257476672866943	27.46637635640599	23.589601746095298	21.482203445954273	19.21657893191979	15.04658548156233	14.017256390479632	9.735474103633988	9.819974022861096	11.6987388851587	9.433225894041012	13.902420397997213	14.831945509522486	19.869354235670365	19.305537670690942	17.057247036101142	15.750034213981861	16.211890700252866	11.465555189531912	15.377173904047206	13.21148876207822	18.7251685647841	18.94293399672158	22.176575644261156	25.875427194519588	25.071995727177875	23.757540398302393	20.021297022155295	21.38609483314337	15.728871110163428	17.86441822877244	12.675568291023648	16.5972876661188	13.959536891071622	18.319609975522848	19.555963423354626	21.162792167639385	22.123029356025	20.352420917108613	19.201873182579863	16.465921110784514	18.809557626734247	13.431576942720168	15.903532313317099	13.830973046260493	17.240094295136963	15.016857687391132	26.628594409881234	12.53628802357049
24.8766565434617	20.99253787654934	19.45098247965383	20.462369428873355	19.15728674399403	14.33297667533831	15.169927948247638	11.427288912826073	13.033086055390957	13.242705407132963	8.2598191197316	4.932138312572688	5.562723495874288	0.0	5.614937038951235	7.232360323245196	5.020616514300782	6.390413239401599	9.917530390995228	10.413685420746921	10.420880331911297	12.685058001894554	14.87879935155545	15.721574345852654	18.410995255844593	14.957321254970214	16.659686039656997	12.710973300670457	10.399197393208667	13.175687607780088	18.495699147267793	17.159582684766715	12.844732733845575	16.21864968211844	18.971188091645466	22.079518302030024	18.33366790941634	23.69724471530386	22.567149934040074	24.76037467730635	24.217570583945317	26.9529046242377	21.571373338669996	21.11162454742724	25.169252381904236	28.930743448758864	25.82950016121197	29.305781663575353	27.62914658844187	24.2976145903079	24.157609911744107	19.869647384196586	17.42790209619381	14.520850992087137	10.604689504128443	8.551912255333662	4.966895084197231	4.643232476862776	7.442715080218473	7.4741053812054865	10.938557343492917	10.444129273183405	15.443808809780618	14.230186544504448	11.562362089655972	10.857860146720338	12.039007003766296	7.154304393442552	10.784655186421553	9.786955476200157	15.082350454581292	15.898630106483923	19.463542688780034	23.17980427572333	23.414071258860037	22.930314247958993	19.745818879071415	19.718390852850074	13.943365985076648	15.316143479581966	10.676341359075554	13.173353391240553	10.990165175496832	15.335857801212923	15.273558576478521	16.927071668478476	18.819323553280626	17.98545958474681	16.61417615538025	15.496715187663877	18.0008244005846	12.803370390804288	17.05640986565541	14.783030308699932	19.355093539306175	17.85586579194903	24.192750194623105	15.567828834381347
20.60205255473261	16.172355722453947	15.227831608703143	15.429819770332847	13.716839162239266	9.332642929501343	10.431962345136563	6.606257522216487	9.645814076995515	9.415326447317602	3.9509649917859493	5.290787563065114	7.1326127128765515	5.614937038951235	0.0	5.412252554404736	7.094452431245098	5.605680601666931	6.568423741611649	9.807471802186702	10.877459061120177	10.579546155241674	12.812690945524821	15.476843886946206	17.646516452738737	15.482371188453483	18.406352915006273	14.12474719451867	13.838752713601012	15.557023919122978	20.443109050947555	18.253455677050656	13.657825373250095	15.552609019091486	18.52529735535268	20.35965322723344	16.051759283574224	21.65305918662052	19.4156483342371	22.747241726056615	21.721690383720617	23.517020261418278	18.142829280278654	17.06547307992615	20.560172335495057	24.882523805128546	21.885349238539163	25.881659630727995	25.090193370730745	21.661728810783572	20.5519413164117	16.63692468137549	15.245474353423994	13.007929161260767	9.584512380585702	10.325762428441974	5.11140591378804	9.37660719496248	11.094409424087049	12.387875949785817	16.008776248179128	14.6385462615397	19.873963280780465	17.532099857155217	13.914735232808384	13.289287531402477	12.73551772766123	7.456503019154792	9.373348190409942	6.430081501422155	11.717691191982697	12.422564986938294	15.33505805707195	19.3819679318196	18.659168956122468	18.332222239021018	14.722590285659388	14.816769760252296	9.081360341889942	10.79710226995836	6.073871136903348	10.495561432833496	9.414522515035278	13.902437981525503	15.034991237406324	15.168122941932822	16.876059121055857	14.828015162096914	12.543837316414056	10.688259349973265	12.561735938747436	7.2348156270629005	11.58696277843577	9.960659350266674	14.44603027621578	13.168993700315703	20.129314416836905	11.181296014172354
25.15039284902698	20.27418230408641	19.75926869678132	18.98928614988419	16.155922428934485	12.450204191029593	10.892241676480387	6.054207019169002	8.17517821910726	10.919820405427798	7.296763248160424	8.22988177723916	5.637125889161911	7.232360323245196	5.412252554404736	0.0	5.401261256609874	7.373599632061053	5.894280604949765	6.442918147925409	10.02957066887822	10.80722338913296	10.594355497323253	13.193052637135365	16.868316844408582	14.644739111465258	17.648785999452787	14.778578523441444	14.503622008979645	17.581549453824703	21.86583309285185	20.96085556032154	15.50745291944784	17.555250452400905	21.452806042149255	23.448735581002442	19.948666892284294	25.818740552974457	23.695160769768442	27.40498433407024	26.783890637211503	28.15291620181356	23.090939751723816	21.319976768014513	24.179913917655018	28.732352561726202	25.121781000138224	28.839834365959334	28.382223998342624	24.44972742238723	23.409818597141815	20.151577061620266	17.859067960563543	16.923463589075364	12.27609578480199	13.405243491313696	9.416415953981087	11.270022177443993	14.496446947847176	13.879192103362945	17.854678232547432	17.66530319038453	22.56747712025827	21.099457090150967	17.629001824778893	17.481505614375205	17.69589034794626	12.33491254147214	14.172269596954019	10.201842528849006	15.84440765772695	14.676623017659226	17.889499151021287	21.15792313226164	20.232931348665574	18.383872704980643	14.871719160086423	16.82630646452156	11.420999786508855	15.003175975441714	10.989393133596831	15.841559472740798	14.71043475097034	19.221823478768123	20.26881005655762	20.381698738336944	22.277877409422526	20.003549992615742	17.380393342305357	14.906080562387563	15.618909001678032	9.809005894143828	12.370413804645061	8.80465672977253	13.061877574987252	12.298945181650659	24.813595107789748	9.897646849302761
27.17582611878781	22.640891452274055	22.20423642035781	22.365433772795463	20.21060283908163	16.213885580926394	15.882305549920705	10.992108517054113	13.329576291752895	15.22722928827406	10.465833968134508	9.058653215599247	6.869098705076931	5.020616514300782	7.094452431245098	5.401261256609874	0.0	5.2975909611644605	7.410357395019985	5.735791985086947	6.6354974031343605	9.8609734409702	10.75839987603433	11.139203980793667	14.694347955400774	11.25201042526506	13.331186857676231	10.524497011914473	9.31425687089105	13.041065460750447	17.338278488086086	17.15420020022422	11.763372138094185	14.873640525123632	18.671455123662923	21.706610393717717	18.873668612873846	24.61153814779662	23.608602283567063	26.411409048928167	26.58792434205238	28.65831362461534	23.83236442495495	22.28648056035793	25.81694762616663	29.642398328276876	25.739292790123177	28.81558951720461	27.42963639750646	23.556484848343867	23.587134994281335	19.938542856638552	16.53341556895065	15.244467280863525	10.05901375401619	9.7900677393447	7.835016065810246	7.1606409848044	11.96198961248655	11.44957196687526	14.503496762400095	14.272844826058119	18.469441718208362	17.41558617480584	14.096884808624278	14.791916377379168	16.326614815534604	11.207418274173957	12.942900831885437	10.128774572216889	15.856352514909405	14.75883845103042	18.723446173792	21.67515989321276	22.150620461261383	20.677750342345007	17.980952403720746	18.879254690469292	13.333545494425747	16.428679695408523	12.792688580467868	16.13741857454058	15.010919036298297	19.452390221521565	19.092381638577756	19.70821116634819	22.470120927266922	21.297303406568936	18.761024645434627	17.687791644637528	18.77053919412855	13.051625090106779	16.965864023638137	13.04117465437736	18.00102867466059	17.60490359661044	26.403419023491285	15.250237585307156
22.872109103115797	18.412103070478427	18.714508369977924	19.158255465443602	17.539757154682597	14.09284626817531	15.262762991367756	10.43577014259628	14.353781690961233	14.933197776057481	9.527679804692147	9.491265070258612	10.114742879506508	6.390413239401599	5.605680601666931	7.373599632061053	5.2975909611644605	0.0	5.385318146718072	7.318867591541546	5.789553541154534	6.4363562677949	9.834119177959835	11.128085175637276	12.707931458246053	10.141823357153637	12.970394091366781	8.570968674996221	9.242434902820618	10.837777910542462	15.175124981246123	13.6536733717176	8.40205038369127	10.660118706470886	14.215123543043708	16.761885461893563	13.622332678330332	19.421552958914365	18.339488282220767	21.301939496058065	21.66833062502567	23.544409690839807	19.0391901934481	17.249831103575584	20.940669391039783	24.486130688493578	20.620969562258548	23.721653006286957	22.292838217681954	18.551185711007257	18.528306701291754	14.682405587701838	11.574381016969909	10.13896944691222	5.106341639014121	6.703312480928727	4.94656230128405	7.615736686947241	11.576501348487932	13.47009490096292	15.970333143930826	14.066152315223345	18.33442644390127	15.875622469517285	11.518690999164463	12.830772425454345	13.71252272380119	8.691157061060132	8.336916551766032	5.098209353018824	10.642311954155877	9.925741154446886	13.889563162942475	17.124536488195307	17.98296667020125	17.516424979917993	15.10888918799864	14.644782720807939	9.194553574166227	11.763683460548954	9.277855795346326	11.999316727234492	12.162049653148959	16.330903545808063	15.608232739820119	15.159151468543595	18.61500632869999	17.55690502489294	14.340761375707785	14.415401686766579	15.127310803539228	9.983709871423962	15.089398838124307	11.72807949841841	17.211748742676193	17.316936700182666	21.843981345493034	15.377262125534191
22.78071912474323	17.599846399755016	18.71658554315676	17.76719871692208	15.021737010039068	12.72249289052548	12.445708097594665	7.122146890353003	11.844038918158885	13.615865262615486	9.409000931047778	11.605084519188921	11.03656667632766	9.917530390995228	6.568423741611649	5.894280604949765	7.410357395019985	5.385318146718072	0.0	5.477520702848415	7.368596304694613	5.439894586453277	6.390573210467699	10.069157014789983	12.277566564241086	11.265072979895528	15.129931015845301	11.968784404210181	13.783002755110417	15.588515750461276	19.002557077747486	17.761743964492315	12.238606354455468	12.9550722414947	17.144259172623215	18.43175732784861	15.473570094973327	21.41820168372896	19.353991342911094	23.55415991162534	23.653545412879236	24.362633327332315	20.147222271065377	17.36023663643972	19.904486951352226	24.14638274556309	19.96716475636469	23.351409892660126	23.11158782842787	18.966893783203172	17.95363739021452	15.171153711139791	12.641857404036097	13.05135543590525	8.48107401545603	11.949487097694702	9.287585203879374	12.55486647648973	16.238056800072943	17.38667823865132	20.591679320327504	19.131567949081926	23.632086455408455	21.181625999229553	16.74614505839945	17.780490050300006	17.853247463823124	12.675849873479997	11.9064003196394	6.664899039469939	11.72179115704012	9.136395111550286	12.52161071390912	15.391565228340108	15.029731983275859	13.372616087315846	10.60918305577822	11.904887932868238	6.823989290082979	11.582856695250866	9.819159765375389	14.267338028877912	14.903460512010884	19.081452750122725	19.43290416736364	18.062611934234308	21.12032562639058	18.932873619023827	14.93470630881524	13.873645907691204	12.984653503162237	7.515529525196243	11.374357407577467	6.759723619868145	12.393217068544386	13.473748818785754	22.0814554783847	11.751996717568286
28.17198202259039	23.058302058657027	23.871146498289924	23.02255127620574	20.069567376372927	17.397310344246797	16.109539819988367	10.681312118288407	13.953458683555624	16.987858549951213	12.925032574937715	13.52516038499492	10.896554183740983	10.413685420746921	9.807471802186702	6.442918147925409	5.735791985086947	7.318867591541546	5.477520702848415	0.0	5.480950636303145	7.364132730171414	5.567065263331794	6.841496975624901	11.240007430670563	9.15069455833467	12.414349729074265	11.022007236395412	12.19389097949539	15.46490524801839	18.329183867861317	18.697665261470682	12.75970632573071	14.458010415226594	19.115256111121205	21.31880132718177	19.3088002078542	25.206762717611674	23.93278486312459	27.630182272706413	28.259115752120266	29.3183814342212	25.18972618661064	22.49021146241328	25.11361378782337	29.067254807404645	24.509757187967978	27.271486258248768	26.623069864348015	22.280477791614732	22.067142889176413	19.457313069851256	15.714687771210015	16.42682355982769	10.965048698660237	13.184045102408165	11.77405163887618	12.42960202627671	17.3584102157101	17.167432119159685	20.163076322097375	19.651377100315127	23.559746067010053	22.11120697461821	18.12409818536953	19.567301363637966	20.72993726923817	15.473399328781028	15.530448556042293	11.09365975053428	16.374495412884357	13.251371487007612	17.073643705687445	19.076506816006237	19.413615543805395	16.80734615163258	14.750761778422223	16.8054493361565	12.174934270287771	16.878573253970792	14.642937139327811	18.730155098739846	18.68998336162661	23.08157367891351	22.870578091105745	22.224803394175403	25.515269478624045	23.766461628906	20.113268214030537	19.008805403831413	18.40303960756042	12.815160920937828	15.884357862697017	10.497531182997418	15.516139310815012	16.641629794376296	27.408019810700406	14.580051495261888
27.644933835658957	22.97420013023679	24.07867045482394	24.100265707650124	21.98409736806773	19.198918437901625	19.42141721376843	14.047446444925233	17.941501256467564	19.761312172113044	14.726756277465812	14.507663670706124	13.374262261480592	10.420880331911297	10.877459061120177	10.02957066887822	6.6354974031343605	5.789553541154534	7.368596304694613	5.480950636303145	0.0	5.4469608961801566	7.2056126609193285	5.898943572975243	8.202292220183201	4.793824947300222	7.915708021718278	5.558787030000174	7.865683567868477	10.378321059511794	12.872644788249618	13.449254590057471	7.533525793608015	9.733235888882326	14.292380665381282	17.232956643322908	15.938732580217911	21.547941753475467	21.30912855569018	24.195789020886597	25.631826576820192	27.15325864622849	23.492257347792858	20.948924265409346	24.14660302627046	27.24745323285375	22.558281983881745	24.679796243590385	23.130090841928343	18.96814585955982	19.794803215257772	16.839601679438957	12.183672241625672	12.805938330305494	7.291749955996598	9.356956765588501	10.351597797221634	10.367734772529648	15.6906641582327	16.728405029731793	18.61852969652319	17.229975782147946	20.35416439168846	18.552332333175684	14.308362669601864	16.838145244590553	18.66614093948196	14.029750458477784	12.955454691402926	9.703544055004748	14.266487992357924	11.407794908886029	15.725349150417864	17.4938116550426	19.33233573565853	17.823942810286997	16.575615659481503	16.858162457457663	12.412349091846218	16.148995469519065	14.767222134245399	17.30511110766283	17.831456562304023	21.84939859226232	20.4103868492146	19.635453994892426	23.82725002833603	23.01383259505847	19.281419636347724	19.683634894942763	19.345739287892187	14.259808143360164	18.717690619541415	13.894729451807015	19.456524504547343	20.6101822815767	26.439438778547427	18.65408832178873
23.796531623599666	18.890766394187764	21.036639910250933	20.54927880151365	18.391643434348236	16.75621446680502	17.42115349601797	12.358495577930672	17.26541031943193	18.580304286128726	13.93339307189653	15.441844389217646	15.37026322017874	12.685058001894554	10.579546155241674	10.80722338913296	9.8609734409702	6.4363562677949	5.439894586453277	7.364132730171414	5.4469608961801566	0.0	5.46267178486873	7.527577048864638	7.468217274919697	7.330654334024427	11.496886905950275	8.49246939889576	12.184475957596545	12.850648337192128	14.956878134026654	14.042870678481517	8.639792318756632	8.220456384695076	12.894657947886085	14.219201649973765	12.680643188147938	18.43920001660096	17.396109885011835	21.273953545595223	22.607051070264053	23.19786756366661	20.03238617302518	16.680229859160722	19.262174783112574	22.52635286829972	17.652904805827536	20.039907968478364	19.296418891687775	14.918499898157465	14.955067812184533	12.546267949051705	8.523123102848622	10.593072078626925	6.05279128003179	10.895472568103873	10.89747561111191	13.515426564700562	17.75747509750693	19.797343220896746	22.034976470590113	19.872902535720485	23.467522150572155	20.648017868763933	15.788630628898803	18.171098141214806	18.8472959165847	14.320778806353875	11.655518946789599	7.1635080183533475	10.606934127801876	6.406360397135007	10.542176763475837	12.293091523428087	13.892972576729495	12.716354578548412	11.790729263865533	11.59223801358478	7.952868216898685	12.284577810762023	12.519902849612533	15.299578806403058	16.991414063392835	20.68954528086407	19.75750187708526	17.62170290400935	21.948771309926673	20.56950591772454	15.974455062116082	16.721853354844665	15.20791237478866	10.946940877800069	15.395502993019164	10.878740601067703	16.45263982945965	18.360460512981604	22.592517329620694	16.913278341659428
