0.0	8.929250605279638	8.042349780223683	14.765055231906596	12.19814053951995	13.112371739436586	16.883039465560937	17.26667174647445	21.815593830184635	27.329369044205368	28.868393803294328	31.736691560140407	36.9148875990909	37.352500201224835	41.13813931315588	42.271181739306265	42.90156759227102	40.14617754951399	38.97633934197062	33.95226710033193	30.19305944987794	25.17552650668516	23.614932170066957	20.4069478302825	18.479204197301677	13.369383443120674	12.866925040523041	11.050546572834369	8.539352081333568	4.207437086526974	11.54477501634702	13.751783803123622	12.024448845270559	19.413991007371155	18.239131969053297	24.012689468635525	27.252603166038266	31.060307652789838	30.87491032222998	37.65392245082313	43.92779142541365	34.87226076355202	38.930843056018915	34.421991472146246	35.94374118474979	35.41156754613996	31.345282802952514	31.46980260569835	30.56019201625148	29.893294041792895	24.544654271760642	23.98413445857501	27.927100233569842	22.674690879696517	18.620929353048883	20.40633379307638	24.281757745297867	16.66637725230063	15.117871620565746	19.755917522831457	12.19639491902729	20.138583429951996	13.216807793594029	15.764298943772605	16.60938520309939	18.168830185060905	20.46355779865629	20.663260277262378	25.608539541012792	28.481532911793657	29.066137313489886	36.48422708788807	34.80817105835857	28.579770052287998	32.45126747708792	37.550135797436205	33.19125754327869	28.213377531316908	31.19119594568418	37.519449120502344	37.3796135096961	31.235326602363212	35.980346343168925	39.54193988984431	37.77841264729434	32.41694029644939	40.111985496337894	44.915725079500994	41.23049108485062	35.75737262584191	46.19589573944689	44.11580641874845	48.31723011729469	49.54751997276679	48.38623771754049	49.18686990693808	44.16764840667756	39.950962568486375	39.645630978232774	36.619668689795986	38.01343878427525	35.41404619230776	32.272414390716385	32.736358480225704	35.68986611011678	27.782507509297254	26.873955659647926	30.289693555484362	27.89384136599018	23.33440449128804	24.901371326316408	25.119468886287223	23.03861225215198	18.230848487435196	19.618274784124562	20.93773640476999	18.83258138027113	24.41480644871469	21.78358665109311	27.63915725525854	25.64495674314856	35.37076454404345	30.32810244941351	33.20609521420835	29.410447673989413	25.240679489962353	20.897849164649166	20.8204066884949	16.911483076783203	22.515554037858383	26.00998745249522	18.15035851628093	21.170035905753878	29.105953834446368	26.83241515242116	23.129554251408873	27.81927536869878	31.171762760558728	29.22421030738865	29.008437971616793	33.55825175385006	37.58835978898219	33.857282948449814	36.25388334881509	32.85720913717352	30.825046097284105	39.2126489395449	35.01614952874252	36.0784065196647	37.14704208293751	40.99381783400983	41.93374222094176	46.406662037475655	46.68447309282594	44.644547732357445
8.929250605279638	0.0	9.05037220556658	8.67582430979764	8.585175277865822	4.967316787759588	12.84983969679388	10.311979039468541	16.79150889407688	21.402344390039914	23.86159218134523	26.87890248331871	32.484680383174066	32.98946880778739	36.38680052402447	37.13957495386797	38.88651011522601	36.18681283003299	35.556388998173986	30.176925134742085	26.688592609997574	22.510703377986314	19.759052500799587	16.719201143807812	13.771440797977657	11.541597569416036	6.73259225024324	12.318224056288235	14.008472054022196	8.258898230882467	16.183984464040375	10.924008789285526	14.077074461893744	17.217111222325517	17.280209367649665	21.721742498686147	25.59294930745104	28.64572069132415	28.605634454528108	35.72793261504005	40.64294061180385	31.236901743981782	34.33796944959221	28.85135311304924	30.323770777217366	31.989508304017566	27.926467107315474	25.53514150185659	25.777514495569637	27.21761767602716	20.12820719044951	19.290817852417693	24.62987181483576	20.68339313582342	15.394863252129777	16.874544048367653	23.009511586688973	16.41976499415444	13.776143345072127	21.58416789860844	14.317361413390882	20.05581933497114	12.591191610118376	12.466926433523652	11.955786625824883	9.967960713404306	14.625691344994031	13.02537805201352	18.813192462650186	21.36640945803211	22.62479938005815	29.203795183933483	29.220386025279815	22.492570650274246	24.497109178424157	30.616148630528013	27.143134685484902	22.694781220718408	24.03914058830888	30.403262626138755	31.182382802510528	26.554913271483425	30.726755298925962	33.78281180057505	32.60131624081941	28.684006213693934	35.62796228201489	39.52144011898413	37.449585336994744	31.9216755170665	42.699565931737396	39.143060899184356	42.796388475557556	44.513968569708894	43.94440590112683	45.02111606643472	40.55109481487482	35.312050990290444	34.36961678875826	32.178574257196885	34.3261067958871	32.38636358600052	28.879599818527016	27.707592579954714	32.7506952037569	26.237840987335545	22.6116585029032	26.75942305617286	25.909931394797677	20.896293870659324	20.644911965016714	22.36643804957527	22.337843947580815	16.2803501230341	16.3215287713198	16.50541153688821	11.643594721902728	18.228164849671195	13.275507698788893	20.224420824059184	17.48388143729712	27.019728866504085	22.68996899083211	25.028244769570577	21.05914626409303	17.343658699929442	12.541851304187565	14.043390363570698	10.264636555362936	15.22850466325113	19.304939909839586	14.717989025459422	16.007756289524576	23.286905623032233	22.688470339970564	19.779677694874223	23.29079535797919	26.036713529109576	26.126830495206107	26.240312902305927	29.77719204159454	34.39338176712694	32.34714639600921	33.85676095801327	32.02323257882162	29.80498161643219	37.75576915457484	32.087126159142066	34.481613400241315	34.549421246646965	37.22032685458726	38.730934551630654	42.4773660798325	43.27379045068151	40.89123956955615
8.042349780223683	9.05037220556658	0.0	9.510874745674702	10.466508583271283	12.70173860089593	16.24389812876994	18.013879432543096	22.123938157120076	28.48368053615665	30.06332852568127	33.65841849833756	38.3399636036923	39.792049869415095	42.61918657438406	42.67392307944738	43.982339525983896	41.938506354958584	41.57035684859467	36.046329810578	32.50694509893051	27.26845157295082	26.05060395935079	22.06763303966862	21.364704237433504	15.142019671097659	15.18277931698405	11.872587509242758	10.357898438917717	10.436485546272896	17.793165510390644	18.15032782253725	15.648082518034911	23.471991246702558	21.03548878777843	27.55270670502875	30.2225572374203	33.99096714124997	32.85435870618287	40.53687285475136	45.18109039139811	36.36414439170182	39.32500326736373	35.09128593350369	35.42778421118908	35.50805897190514	32.619615966412034	31.382477107297532	29.613787471092877	30.6760470698226	25.38666543502869	23.249327675353754	27.40235962748432	24.05116809448878	19.317302375255423	19.025254833666864	24.2200360556476	18.181679347667387	14.394773413557541	20.282015119969632	10.657550739340689	15.963691123203986	10.756368809381069	9.065533106925816	13.584140435468335	15.341542851019819	19.11392903040712	19.79047614002052	24.41180743673398	28.51538752735388	28.365239412105538	34.90812930451184	33.543598189817736	27.048852265446275	29.566613987117936	35.149609412872174	30.48920921106852	25.241677112021627	27.502308745485294	34.18168115368008	34.74902267728008	28.200003483155058	30.948899671561772	35.18388282554843	34.9320665956426	28.25728475917849	34.737318516106356	41.15153017183442	37.67086982377167	32.77624769226739	43.166681649082626	41.64777451363951	44.963666969487775	47.00580879362479	44.65967357478604	47.47187513860664	42.25572220907205	37.60608798150952	38.525420167602796	35.86859691159962	36.234373428914964	34.89097848808578	31.943727249452298	30.751956887508292	33.46068336314839	28.09044134360719	24.970303643462575	26.999048445450107	25.62882749192702	21.619899661997895	21.99466005906006	21.207599469458543	19.922302937394953	15.38584914718818	13.219594327375939	17.595999279987183	13.637235557643079	21.414260401925482	19.990612141649514	24.849459999594735	24.74223606723366	33.86021617119798	30.413904675893694	32.994435029078915	29.078877212247807	25.548888195897042	20.732654999545208	23.06777175843064	18.983530753612897	23.07347456399926	28.101912737579564	22.39473393145801	23.15430002092249	31.143139741874474	30.808974070561057	26.811544245811408	30.06866756305407	34.03000419645217	33.16651812413877	32.284521892925234	36.230326091681846	41.29975872962659	38.20961387866791	39.44824409936809	36.87283230785069	33.71644500538132	41.11071439269521	35.981463900631546	36.87301427593069	37.42377967386475	41.575309130883504	41.51053297682885	46.58923654079242	46.68137589543509	43.525070796761675
14.765055231906596	8.67582430979764	9.510874745674702	0.0	7.48704812608846	8.202829059661413	11.665199578722456	12.756752598262961	16.498582942289566	22.35906799807767	24.28462087061414	28.182312426609794	32.62677321878446	34.601263571256176	36.60357711321793	35.94410459809512	38.237061377964444	36.57663867563217	36.9407888877283	31.156655438195617	28.071920900889214	23.622213089645218	21.964112403766265	18.059947721886413	17.918451224901865	13.634103196577986	12.746691247429727	13.289928846393813	16.00948175539705	14.654303276516126	21.504894187564943	17.210979217026818	17.275712927357695	21.54519850058096	19.49309904456022	24.848227576868823	27.45980327664218	30.482488682796205	29.1119352594997	37.09159243970973	40.00431066088975	31.279382222003456	33.036425717156504	28.457985741515955	28.20162176095036	30.127102407781678	27.761011400079532	24.310833024655267	23.022321460983598	26.31088926872831	20.112178050223868	17.178396552469405	22.283266633192444	20.885299680341095	15.48972634833583	14.074617711269626	21.277508293681286	17.159458309004123	12.510800156271229	20.868952768090118	13.296264415955287	15.124213883926558	10.270626212218408	5.309633731297827	7.594961456833891	6.915498431705046	12.294088030494892	12.451710891988197	16.641437026679178	21.18669299779754	20.835432009935158	26.32842603466987	26.111222027130104	19.378160338449927	20.317857708169594	26.436553982109672	22.342103658485378	17.546976306575836	18.379641571758704	25.139615323227023	26.458659952613477	21.1917494775319	23.29637274106574	27.04422526823357	27.40903646981124	22.137364261433426	27.919676782067402	33.3284557751525	31.381393116885107	26.511308544285246	37.11066608539597	34.28806991978614	37.04186389912891	39.54712776421334	37.68720210324495	40.85002181249722	36.16083659599268	30.59427987274745	31.255221131378715	29.40705139360262	30.18801446421378	29.710723962765496	26.592260327218423	23.6033986898171	28.139863055671118	24.7211960007739	18.71391181512327	21.144385625654984	21.568808010434648	17.39809669883651	15.619926358473586	16.418843841910068	17.716341478666482	12.1973516131617	8.545256501281871	11.179059146168129	4.3451621804545235	13.257899491447226	11.877670370958937	15.904366482629024	16.864120322393045	25.17581250836586	22.973018203731634	25.36732187005581	21.676933313652142	18.77560598315333	14.260744124058585	18.98788724061577	15.12817204298771	16.688679418921474	22.925641281589066	20.374807367295965	18.50523639967436	25.554850455729483	27.435031708810367	23.746326171292832	25.18649734909098	29.131142774982177	29.903993878485288	28.82216211156485	31.637253860939197	37.43959617245653	35.811087661095534	35.843124047214694	34.81654962618722	31.221529394655484	37.69711893437488	31.246913761757504	33.196273702995164	32.72908795501551	35.89318239538129	36.03527513868578	40.56474341269763	41.026199698854086	37.40263397669475
12.19814053951995	8.585175277865822	10.466508583271283	7.48704812608846	0.0	7.512984811733598	5.785997389793189	10.181100980371134	11.842782484547437	18.912776981914654	19.934276307464774	23.820714682599096	28.039511596564374	29.989278781962764	32.37387674641467	32.262211547598675	33.55664500442201	31.677147906955128	31.618796926365054	25.956309149743447	22.57232190677015	17.395068513792015	16.524150606307156	12.17883055632084	13.456504052354862	6.432122212359189	10.002547411409152	6.477896572923762	11.126944243803296	10.386564898633814	15.097208301431213	12.471979618509613	10.086794110767599	15.516049068712253	12.318045952818528	18.633827513174182	20.852515327906946	24.36291381143158	22.927052969310267	30.857307143024734	34.85290227872004	26.056007350938895	28.859900108977172	24.904353475093426	25.12354110698879	25.227239215415416	22.31519406473017	21.210600431750386	19.29947643400368	20.542620852782886	15.064638768199305	12.831280373557794	17.266625665714137	14.266019883489717	9.136568457780438	8.97856371701311	15.091504914721556	9.775965608799313	5.646328222771114	14.259689827266802	8.382235153267471	12.538911148198228	5.073164931846068	8.798790380742897	4.5089536833213035	9.383725340128652	9.061652467535854	11.454159700055353	14.799763722927699	19.398001479770347	18.434755419435973	25.60634725367695	23.38417559905935	17.08053541670204	21.642385824790544	25.913764386549694	21.135982828167418	16.036924430607304	19.525079482549064	25.72194153595586	25.37873933464126	19.172222424683348	24.21093292262751	27.43647760168661	25.69110036665678	20.873895062732444	28.720885753076317	32.749980525810024	29.58552964625784	24.051686263557407	34.72600726640302	32.1877093328258	36.15512422704099	37.61229202220345	36.47927458093951	37.75655104271644	32.84495455574322	28.10475565646549	28.3142748091024	25.575474457956858	26.658812468311563	24.938453904168114	21.75538954332977	20.89137663488572	24.574190955839196	18.635510159648803	15.12448891074275	18.694360107259033	17.39077038862569	12.508378157831368	12.899245464025558	14.168856554249086	13.958436288051963	7.779039150183504	10.921248800667167	8.871746570891485	10.672543577253704	12.390375940473339	13.32743024391493	16.372952868836904	17.045469430246776	26.157109886364186	22.121338752551214	25.806620886564538	22.517752683292585	18.368503450798695	14.695932596068157	17.888852982893585	12.965861931002333	14.93120856361056	21.25716857423589	15.772771047261267	14.09730350549513	22.260523032299908	23.32073117527449	18.426875939069735	20.44491670752315	25.410326272839253	24.56852864815741	22.94100132435856	26.483628633132206	32.168394687552954	29.53116875796491	29.852594790962268	28.08642995355334	24.450363963066586	31.436044992685986	25.750698721224985	27.26262030285143	27.419834902247377	31.165629747618116	31.48728599030427	36.20573193173637	36.470223774649426	33.60491541431494
13.112371739436586	4.967316787759588	12.70173860089593	8.202829059661413	7.512984811733598	0.0	9.79380676672391	5.781183668510818	12.583218301169483	16.841505191752017	19.478192829488982	22.62075099963798	28.173061960158066	28.88567889307757	31.96300357686108	32.51920473296781	34.615057097597514	32.01794174237241	31.68456634748036	26.188757595741144	22.90002186682386	19.185907029468773	16.117348664465673	13.218991394687375	10.527041675063245	9.964968401963864	4.738213087305378	12.699031526705037	16.33689805819651	11.202817687821426	17.52844900207594	9.760553982766503	14.227974923138296	14.886516421286865	15.25832544839188	18.837856978097648	22.676374425224523	25.308098093485604	25.23340707188952	32.41436917290004	36.61882882669388	27.214233544217024	29.90228747144293	24.1969226296632	25.623846261747783	28.065910179062417	24.046799991566218	20.7780957395285	21.501743654672744	23.71007444875505	16.047290800148918	15.239707875215922	21.042189885552446	17.801039965156335	12.299419767644949	13.819070389900926	20.55801189706441	14.968311766093091	12.450780485744463	21.01091772693209	15.333451359808057	19.77009938293717	12.515237104547221	12.779338198744954	9.50309139432617	6.061616097863597	10.365259554130773	8.059733248746808	13.96435996857305	16.485426525884897	17.77773014968215	24.26285998121289	24.618324834617656	17.860446567544397	19.84861671297794	25.842386237167187	22.72168831608338	18.68311636964215	19.7351859922245	25.86226754425343	26.635973644710123	22.816648478817648	27.442037054067335	29.932850972220137	28.45277148050232	25.753696359173112	32.71099250965088	35.48760359600651	34.05183824159214	28.423405732258153	39.186212630226564	34.89032208918141	38.55285270624334	40.209146063458874	40.217679138291814	40.87009006618718	36.72209169822071	31.208803676117544	29.80151878807443	27.903711639837653	30.529879891843816	28.712261243279496	25.083279191974242	23.484904264475453	29.466012925581566	23.408159707346453	18.89041166318996	23.67649857345641	23.3963342884415	18.257355514715456	17.339502189638146	20.175362339781103	21.08356692868364	14.772738668119333	15.701797344468885	13.611871185314474	9.833527313507402	14.134436817310622	8.704420586544094	15.610883260925412	12.688683919660416	22.317720525444813	17.959825743259877	20.62871289312784	16.83257411842494	12.918260633993116	8.334724140863107	11.275274307892834	7.054137746836167	10.548290815887503	15.642898467318666	12.58052456985983	12.021503901314132	19.046670747308653	19.7019059056075	16.746785393652576	19.268257157022735	22.174294465645577	22.984780517900422	22.9244951083765	25.91484075008361	30.928667258854762	29.583499055132055	30.456658879310844	29.415582836504814	27.022240041525624	34.54706540369083	28.331166751835944	31.31619293452293	30.941214706268436	33.04752113131211	34.85466747515669	38.21035244010205	39.21429332294344	36.847358897599335
16.883039465560937	12.84983969679388	16.24389812876994	11.665199578722456	5.785997389793189	9.79380676672391	0.0	8.880750427630508	6.503362028444994	14.29759890837408	14.585176926451462	18.703314409306493	22.40996428481105	24.79514047712536	26.806462679793626	26.58643472325501	27.782946128616082	26.039983619237407	26.216556966597672	20.484864528605286	17.267313480869984	12.190098812156418	11.880727243213203	7.309051689652025	11.08375302973637	5.318761328733335	11.103929966739749	8.729529181153127	14.8149427915092	14.027380662091275	16.20552997629535	12.298635767912078	10.453959479030956	12.608065560238824	8.893757613679924	14.437570556957155	16.037952764343522	19.26136705477966	17.537002009699727	25.603096617501883	29.114747418766065	20.364640302103087	23.099103148643078	19.495816629031136	19.62327044429669	19.57156338533379	16.621168929663458	15.900343224742171	13.774027582202208	14.997661272246402	9.486629913326151	7.217472139123633	11.841794366598709	9.246405939204143	3.929073279647258	4.328131059490274	10.860511925611373	7.333801348038199	5.095782462772368	13.156410421032664	11.630192588594769	13.948356030808727	8.225757000015124	13.120807173052956	5.058071846612798	10.375721246397097	4.759938909018572	9.337030994751172	10.523412724536813	15.362869290465833	13.519514826520126	21.209119835542886	18.062339133225965	12.166003579407617	18.744265281029264	21.56492807457647	16.775346480334765	12.10649006332764	16.70543362840728	22.104420317267582	20.873394941944547	15.142591372114795	22.00864923177678	24.280505027157602	21.22854726959525	18.242773768529435	26.7782914619813	28.868455770383544	25.9309988355133	20.02171834458507	30.637711664396218	27.387629543524692	31.886577427422893	32.81248210100904	32.634409333592735	32.624664918709044	27.977639721855333	23.303012064571817	22.87362189611535	19.999807809742475	21.73272813752672	19.597689589551667	16.22025053369476	15.904458320299321	20.29482196618089	13.825137366200362	10.29880883820411	15.34468590715626	14.068368768948424	8.753060826683287	9.341152519871804	12.563609573379608	13.183354297099239	7.468605366630092	13.65438750345524	6.898933586567339	13.275521280872615	9.20785164889892	12.558044608298983	13.35630471490455	14.702715750621378	23.190542753717313	18.766062471471184	23.23178465187589	20.645450872317692	16.29730414695558	14.124638707735818	17.379146821798482	12.606130784049999	12.309975072038347	19.111258088664428	14.190350927557907	10.349777229775123	18.191561923241313	20.3337149920982	14.875130033784313	15.592514404831153	21.41450195934775	20.48185217374946	18.174049981525528	21.33506542751686	27.452657358374964	25.13992928472906	24.710917589225346	23.590318221631126	19.606088338594137	26.159376641967054	20.09340045980611	22.104425781999588	21.964116130046676	25.39652229974665	26.044493758617033	30.474918783347047	30.855390061523376	28.28981720665169
17.26667174647445	10.311979039468541	18.013879432543096	12.756752598262961	10.181100980371134	5.781183668510818	8.880750427630508	0.0	8.379254824450339	11.150179990389418	14.063351103352348	16.940853032052505	22.756052692047895	23.190442165116746	26.38558342850626	27.293863780777176	29.448049905656365	26.599068533868618	26.23569863899066	20.829025058452448	17.695471823789635	14.905024466745667	11.050265144267776	9.144826488097408	5.921043132689365	9.587457088465687	5.323163516506393	14.521373001905973	19.3808801483982	14.254368766846108	18.203285707770608	8.272330888650465	14.639094814339664	11.119087577825796	12.862985163376003	14.355879555144584	18.453510102266424	20.43496396270134	20.855915423319274	27.589090767189482	31.67370520997816	22.160297000900353	24.917199630207964	18.770953412337786	20.894175495348712	23.94160993357756	19.34644518787551	15.741097324453994	17.702388154195564	19.848710164582727	11.446335419173785	11.972538014941241	17.92795139953875	14.732649656668173	9.831190442233723	12.573407603710155	18.716294425434786	14.119639107146629	13.130738005556957	21.141174554143007	18.074168769492555	21.91735040925167	14.989490843956167	16.96668136414198	10.924546664025732	7.912462988709338	8.046587954470148	4.6528305208416345	10.015249247172765	11.318062215555116	13.159195890322701	20.07032814609638	20.51637509409351	14.189863088313302	17.28129745272606	22.314461611719985	19.875493787709605	16.754053943811083	18.01130186261316	23.236197090403095	23.439111857416393	20.917160370608006	26.935050641255117	28.39052666198528	25.739085068282076	25.154424384940228	32.49424448660188	33.22673098022447	32.35175614045109	26.48722976114358	36.97823450460694	31.67660097394277	35.782269527857956	36.892437377267214	38.131800711307086	37.270293444659266	33.6427893523191	28.169445343587668	25.54529517980947	23.816320806455526	27.5437073179841	25.239801161648693	21.431441364922144	20.34581373091638	27.333854066901644	20.746348622812043	16.577957674141768	22.571097074756146	22.39752475568485	17.19702969167799	16.28022042484993	20.52122147829355	21.895161915691457	15.835672177276985	18.87961609606979	13.781768212406227	13.289632922340449	12.716025690905798	7.413670694934676	13.30814212557356	9.029406776725875	18.71664888374958	13.137904116524785	16.669135423753982	13.46662656917392	8.74768980572011	6.101595417865226	8.598396898220521	4.2758109116551	5.324522147803328	11.100769674713527	9.097697582004429	6.556969862516908	13.318290850937512	14.782427548846607	11.88998883850792	13.689594995452687	16.562911321313088	17.81747338515332	17.877193933523344	20.400392854450388	25.46415132865164	24.788501931457766	25.346412947941474	25.02581149106232	22.986526788579287	30.35084711422348	23.94323175475494	27.763779651581714	27.08715734219691	28.28042124008055	30.977056022770977	33.51225185668957	34.85720885437702	33.1075496433651
21.815593830184635	16.79150889407688	22.123938157120076	16.498582942289566	11.842782484547437	12.583218301169483	6.503362028444994	8.379254824450339	0.0	8.07563318929832	8.166103899135058	12.357386748057774	16.35248603450181	18.576793870592088	20.57225232306555	20.706411601634557	22.273702391247657	20.176803138262795	20.480887690455596	14.671885670180352	11.727151296545099	8.26038098267868	6.921589301028944	3.992597535430543	8.83518162602519	9.301536588805542	12.564565553068931	14.468040065928264	20.579561116319034	18.366471395801007	19.321292327794634	12.789653038127152	14.320443072631807	10.544954978932333	9.292779754478582	10.747052668062642	12.54832525849476	14.552036278365819	13.523518521223338	21.0732984228298	24.127591936998012	14.944139201867564	17.594299144736805	13.129158210570578	14.157954889698242	15.64766603285185	11.66275148196143	9.841100502147565	9.844003420164247	11.681907719079488	3.674177844452425	4.306098155359811	9.75322189289497	7.9544805942001435	4.917677931220626	7.4064799628971425	11.906004788609103	10.690413276596091	11.054126285708866	17.147671312476888	17.906023362194038	19.654646531481983	14.69816391982185	18.889789626411037	10.580504614317151	12.463411989808577	4.895788354833803	7.949177793835981	6.493884040022238	9.922734274661897	8.075837229175288	16.34839000654667	13.543720972205096	8.215236797095214	15.998114596679391	17.651974313843176	14.170217518483344	11.385116371895608	15.357175889133662	19.37261036878408	17.637105613389764	14.571397219432432	22.69013942918831	23.415046005331416	19.036460335757813	19.644112254107313	27.891104175338782	27.12321510830843	25.53301230622028	19.468141797466732	29.56038099192844	24.49053286103059	29.40044733018389	29.746510612619236	31.390239880650114	29.421558501439875	25.682649635112895	20.78106993190538	18.29690985171158	15.854217391066362	19.601339726865568	16.884768477856387	13.065375555997583	13.140953701758317	19.732193224399936	13.067768274023331	9.539436892603584	16.37820229020234	15.89786253379422	11.168284152994504	10.926362776207364	16.09107857268135	17.72100753910082	13.06665711390761	19.059341039919154	10.726896796145322	16.843713678000512	9.422826384733474	11.973985241672043	11.445067086716987	11.60460522899649	19.025209643419846	13.79549914250371	18.898153233854078	17.213327248086927	12.912647357876686	12.91699702244063	15.624876886501863	11.963463008750571	8.858736641679938	15.245400528885506	12.513585379957776	6.08800485464148	12.3650350833511	15.996088160284186	10.929405694637513	9.605441962414876	15.710382693314637	15.594022289422334	13.275616904377864	15.460484541794022	21.865570548664866	20.788473705991606	19.68510307933203	19.93744256769655	16.484089413984023	22.688112092013117	15.88874238186043	19.625291939173312	18.749413153065987	20.485716470896055	22.664341431006008	25.716936313289445	26.73825354526164	24.984269738898476
27.329369044205368	21.402344390039914	28.48368053615665	22.35906799807767	18.912776981914654	16.841505191752017	14.29759890837408	11.150179990389418	8.07563318929832	0.0	4.537285578867845	6.420134157839732	12.342456393758019	12.717595272010165	15.434105939599654	16.83997747455052	19.36313049364507	16.256968237944477	16.371944232302194	11.271667389602186	9.452326449685929	10.771374017261486	6.918484322033103	9.276730631612352	9.76262406397218	16.022974974297348	15.644325313880397	21.804694896211128	27.610355386894	23.660308093513322	24.338081519174313	15.312795311879785	20.620815235882258	12.074427913251792	14.78969828713953	11.037943830717538	13.82183107847881	13.299341928921981	14.536091771575169	19.60982713914012	22.217443771769865	13.090249234139092	15.25417576083784	8.088152766547115	12.0767721709146	16.91593481435167	11.794469453494521	6.787259532803372	12.407267050261083	14.644899470027292	7.249978018605424	10.80139882317601	14.75600529365078	13.665960757464816	12.50771769073219	15.334376907923824	18.62066243268134	17.84548763595704	18.964148941765075	24.56205011042626	25.625254596864583	27.669941968196987	22.47697972460623	25.759956979327978	17.898575382160793	16.57027727514876	11.608021730618878	10.438209131194975	8.309180818762538	4.9299803777942985	6.912370380770168	13.291884522919162	13.562738952683338	10.416342897162947	15.579700098103773	16.70159604188107	16.30164444204217	16.13441973016736	17.56281196540801	19.66496682089207	18.334851862903008	19.28705722124635	27.044453468174073	26.267484601829953	21.420961815010855	25.404416158562018	32.56568784092074	29.10636808981226	29.55814888626299	23.882901769428432	32.80868482647533	25.614024500712006	30.38826073243239	30.261308430131578	34.05169583160184	30.09002535427291	27.884569245529754	22.855894247393074	17.53188891248545	16.572004924268875	22.569137830439395	19.666481277450124	16.00482063433107	16.003343089417672	24.35737511784489	18.38970457863476	15.378960664755029	22.333354463023696	22.68145050854688	18.631035006088688	17.650136697805006	23.394079912011552	25.57630063518057	21.084904083541257	26.15896820710926	18.040742054251602	21.80430284168672	14.700602278400881	13.553003694135109	13.461411272264186	10.06654110213133	14.923506372221237	8.134601053221182	13.499711719776077	13.261560437170976	9.80015728128847	12.918593577280529	13.962188284874893	12.899681878008343	7.538439080673198	10.471406635428986	12.70791745248736	6.383178743289432	4.8394902574646546	11.32227770530754	9.355374487595574	5.052836996135833	8.622334268022078	11.5985385212381	11.121620574437172	10.91414405678226	16.666734799953566	18.292472148529143	16.984996792308923	19.268999177112043	17.807097109780877	23.341266248951033	16.535772778144782	22.21582593115141	20.57193269664262	19.17760362425803	23.805210044359512	24.225572836623112	26.3582048551844	25.939973527181593
28.868393803294328	23.86159218134523	30.06332852568127	24.28462087061414	19.934276307464774	19.478192829488982	14.585176926451462	14.063351103352348	8.166103899135058	4.537285578867845	0.0	4.568499980046085	8.709037655050901	10.636105511345018	12.610319224115516	13.789742265210084	15.47856778797611	12.657992283968385	13.099047343332277	7.48859063817247	5.836825341729105	7.853928951874798	6.376470769449177	8.873606177197301	12.102949210334664	16.37266763284959	18.357013433766614	21.86247580300887	27.85094620013554	25.051934539989208	24.46041771622487	17.303945244844147	20.449644762263507	12.48840257635756	13.740679341352505	9.753105377505372	10.684769890833806	9.819884300807997	10.345638001327053	15.662964272341014	18.006284859992192	8.696395119581787	11.444235701726237	5.804807475890121	9.492317287108284	12.646056492500138	7.308986976499771	5.329252837541755	9.644466485810469	10.582178584125971	5.423489096175242	9.614734990240802	11.675769314127184	11.282928177978816	11.979657893662566	14.54512456664654	16.015870347821707	16.816562480095556	18.666315264679067	22.81316189288867	25.573900661429587	27.006093888266793	22.647546404755886	26.939272427150883	18.638390515668483	19.1958171546885	12.43668817431829	13.382114589689875	9.748796200684117	8.46769515812179	7.234406381395604	13.818516206386867	11.24304275129504	9.864839424270002	17.397913634505205	16.35688162559942	15.28601888489398	15.406380383772094	18.348760724948036	19.74087477437153	17.05615682539455	17.595321577639236	26.314678154416686	25.247844549489365	19.306999239797936	23.81103767457428	31.410942962209422	27.249298613027513	27.020980379041337	21.36675627009529	29.72440677716717	22.89524214433235	28.305404878968158	27.49992675987792	31.568064332965005	26.592768441238118	24.34273988049237	20.03851592707683	14.606689598732178	12.953564303373101	19.185769278956517	15.667290110876523	12.148151190869344	13.757627860172224	21.238460962207977	14.987974361441792	13.581510141144847	20.437435364865927	20.32907482793113	16.892524920431892	16.657410493631595	22.271711869874594	24.18593658361866	20.59298280106799	26.818498161280015	17.98763134206638	24.01460111288882	15.180203682693312	16.889752568820427	14.952812155581368	13.86468783162477	17.874192491236432	12.070515059648256	17.46418550235276	17.572395880919572	14.222262401579105	16.890570100141282	18.034400210254724	16.28698824174862	11.519367642157297	14.779473886251965	14.87534955775446	8.567506886164741	7.93814561263013	13.489731896756945	10.11296135271309	4.1399074716894	10.448837525433177	11.180224907170807	8.755726289950195	8.260511488001239	15.049479601851395	16.021023615841305	13.606077903215578	16.219170558742952	14.064894934378898	18.88430229103579	12.01743920025294	17.842777101090086	16.186582238880018	14.95745070611736	19.619196463358897	20.240181591907557	22.171677058465484	22.10823373220134
31.736691560140407	26.87890248331871	33.65841849833756	28.182312426609794	23.820714682599096	22.62075099963798	18.703314409306493	16.940853032052505	12.357386748057774	6.420134157839732	4.568499980046085	0.0	7.028990413328777	6.441990897690069	9.907389892447595	12.912364657752635	14.310507657166443	10.374550074625692	10.04451062242744	5.6554343392108235	5.460738300554263	10.360398314705972	8.39245551694736	12.291867993430829	13.934681777494735	19.772397311893513	20.815789743817593	25.461755433683656	31.220127709873267	27.7704500474501	26.600724038156788	19.12284367749553	23.38606751281485	13.77545208878781	16.559615877017066	10.44203834122655	11.6141331936468	9.079001805472869	11.513665745567918	14.245892256950965	17.133657899791405	8.561386208423057	11.669228583393657	5.742888627452554	11.357728820686331	14.75365413975008	9.073691998892228	8.17959951905856	13.553309708375602	13.370891914866888	9.658841478277328	14.16594127384182	15.642185143445793	14.691957145878467	15.892681704912206	18.96944844153062	19.798147681716205	20.304573144529932	22.68446313247052	26.369198405332305	29.44398728202965	31.379047513966608	26.7117221176412	31.134527622450495	22.908437022960815	22.785169844396886	16.7287813260414	16.72736717754807	13.677943552536385	10.414860326928306	10.828383974600156	15.636482718279426	14.177605655682763	14.000248108218612	20.3226231849697	18.905917936584217	19.006657981033804	19.77371569069155	22.092977194472724	22.7362116042825	20.098988620072507	21.792138535350517	30.41544638235269	28.867570640541373	22.676114779963573	28.114822810546247	35.47576387376968	30.28284304359198	30.57203785098802	25.167436068691167	32.7062082598135	25.35024172859181	30.787339760314378	29.46394661898186	34.560732788644486	28.226181015430804	26.782308532820664	22.99432806355449	16.453130805301626	15.373935636247449	22.232489520920954	18.37341328990658	15.294014266851406	17.541338382378488	24.823484969509522	18.31390289268034	18.01943562386095	24.744652120281295	24.516037651749492	21.244912128689275	21.209550693083518	26.79601346908483	28.53489290461748	24.9606801571456	31.2375976505627	22.51169885639637	27.893490316982284	19.57121897850603	19.96346118149036	18.707553748461514	16.28144714540808	19.05547488355503	12.858620807770398	17.737056275503377	18.560871101865743	15.689626252056822	19.153556829684337	19.00131193446047	18.25293153831961	13.794223295187052	14.694274036262499	15.831088854004424	10.921457974921742	6.672278518682714	11.812908876304968	10.295111670316508	4.0020555354749705	7.455131702441779	8.753681229319424	7.599865195769342	4.867236421612704	10.991282821098864	13.613432660181244	11.285348783795115	15.029122256322957	14.59348311449036	19.05779127127377	13.323126886952696	19.600026323254387	17.993601995771698	15.121511783235878	21.205795432769968	20.19119028192692	22.650563792883126	23.819043686048072
36.9148875990909	32.484680383174066	38.3399636036923	32.62677321878446	28.039511596564374	28.173061960158066	22.40996428481105	22.756052692047895	16.35248603450181	12.342456393758019	8.709037655050901	7.028990413328777	0.0	6.2887298708571855	4.691805691994113	7.072822872478335	7.285922831249734	4.187760381191491	6.550992939770496	4.170700330496487	7.508598223313358	12.707681126922909	13.602323392825948	16.59048398972454	20.188215412637984	24.055963348997132	26.878635115640975	29.14259641949206	35.055151496877016	32.96522796606239	30.93647208336228	25.1574787121054	27.284799606775632	19.148182830024663	20.06127676358356	14.770586349102066	13.038162345352564	9.550041815109388	10.227050494180355	10.961670997472247	10.354764656165452	4.300798592281724	5.737974896745391	5.997207126864793	9.12564326764854	10.698933139310112	7.546315479425358	9.79342288288388	12.957795028323028	12.009753209275118	12.977262447205348	16.409377460308058	15.278704923882712	16.603445530849783	19.404475505048392	21.34868303263492	20.255259446402793	23.2206415957532	25.816044254061293	27.883301077288962	32.67917087841601	33.248616998044874	30.047251417697247	34.8266257800204	26.453343975693382	27.63761386679201	20.43589417348778	21.87485422866017	17.253934215791052	15.342622362712536	13.511715352572526	16.371194832251653	12.5003696964626	15.588571359733871	22.73162703266091	18.438301411303588	18.749540303067274	20.68821548564934	23.70175969309602	22.72003321151248	18.707867147430637	21.264460143328265	30.071742043675492	27.6425647392563	20.427968379993445	27.490209260123827	34.406981528918905	27.425222826839164	27.726982146998942	23.06168614135613	28.643063849643934	21.30097865048917	27.153172606052188	24.72960472199822	30.867555865808047	22.61900441399662	22.042319293817137	19.56951517042362	12.464029783493679	11.564735960128978	18.673989723125526	14.77863023925671	12.910301671944197	16.343191591094474	22.207175586617993	17.56076738509326	18.54050357053616	24.198122681271844	24.088468666680072	22.238892258318675	22.42284911484066	27.673696397496002	29.53621165564418	27.3272822257667	34.12940470376652	24.93625721182282	32.192700235237865	22.062478945499045	25.11242187030313	21.53517503827743	21.467374819863327	22.414738073724656	18.018775095553476	22.70177961412787	24.124409877156143	21.78084550414628	25.203883467781115	25.85133156545913	24.70677589733928	19.837305924441562	21.53610937003023	22.235781657311644	16.94273177918878	13.486939674858286	18.46119975235233	16.32896299656107	10.236309290453475	13.846125932301257	13.790202512969959	10.812088146527836	6.596658868761178	12.131557900959164	14.797178708678127	9.60523035726386	15.077573875666003	13.80996650121573	14.518221194458215	9.210183758109238	15.783214283714377	13.49009771377625	8.604968221488653	15.681998252048128	13.366257632013378	16.063118097162917	18.27668894321627
37.352500201224835	32.98946880778739	39.792049869415095	34.601263571256176	29.989278781962764	28.88567889307757	24.79514047712536	23.190442165116746	18.576793870592088	12.717595272010165	10.636105511345018	6.441990897690069	6.2887298708571855	0.0	6.29721604429601	11.708344698532366	11.766659544295	6.848972853494986	5.453839305590928	5.990916437073463	8.559659423395257	14.74349836504778	13.905313573562537	18.078937529984483	19.591137275750906	25.483854318898214	26.72288368400294	31.03918171178624	36.62443728172594	33.26646898100851	31.054835711483616	24.413673422020018	28.437829863356182	18.429215309563574	21.422446394708	14.325695084260918	14.24340578827886	10.061410022902376	13.434801724923489	12.017885359501246	14.546570470960557	9.170060697179114	11.880330853482885	9.073001317074935	14.294907309831494	16.63098082842974	11.881354472745642	13.197745283747107	18.066832825623166	16.564734812158417	15.519305405859278	19.965378495093624	20.06560576750735	19.40100384581633	21.675559153364244	24.749657506408237	24.223581800696202	25.432838129345082	28.41256272268922	30.919667992799752	35.08170241936136	36.962553243655485	32.60558085271266	37.44807243663507	29.149344790675713	29.209023743285446	23.039381698678554	23.12290116684614	19.843393126541542	16.16219299926299	16.51527966984838	19.463796486479918	17.839197359847766	19.528697455165403	25.51232940684984	22.702142134317203	23.641149958243115	25.19499974073156	27.496453719098795	26.986678180091978	23.84086509056291	26.52493957779772	35.239095613329944	33.00430461795513	26.215233050513515	32.854283028809625	39.947194125552734	33.243557667195894	33.836543003733816	28.9446469328247	34.925688597252126	27.366929329065055	32.94086045251064	30.653666064239687	37.01992052947502	28.659049724151185	28.320748956283076	25.69888381803602	18.351239897071835	17.740547901691727	24.859433741886242	20.685895342109287	18.493152804531032	21.78863228943853	28.1349396477594	21.938057840573688	23.19844846222292	29.467124953898896	29.047966384565157	26.426502464077075	26.762920646009928	32.187193514121304	33.72750913050889	30.725074398313566	37.4250701300193	28.51488172664044	34.32241944914858	25.60473721134177	26.221471453198703	24.56811013705141	22.20763153712578	23.319076347969112	17.807933437643513	21.906165788929478	23.531172767793944	21.2994647042407	25.170323177457345	24.244703382504593	24.072240299016954	19.930728166040367	19.353298869725243	20.72278099970256	16.987682471639733	11.490294324052737	14.841657763916695	14.749481695435314	9.757956924703851	9.982049744945439	10.298792478761928	9.756627638768645	4.379403664685375	6.750324890195424	11.985937635785442	8.671256632668632	14.353164787574142	15.655207882430878	18.10785174755784	14.459732416092315	20.683878433586337	19.12019470799758	14.3399286857514	21.722929730738077	18.596274336257125	21.526428672067546	24.440330660822823
