0.0	5.05394300241642	6.750698813335503	11.160918444054479	12.400940521453983	17.295824630030587	17.352048855166263	19.80538810221647	21.072035417263486	24.688192801928373	24.7141308996023	28.308046948801096	29.522146186548692	34.56360598078768	34.63704013494964	30.4746568250356	30.497654687942006	33.59625637094789	28.881895593670958	29.168468627027753	23.83964996859707	24.54852926881665	20.071211239306557	20.587973522814245	19.412457386417238	17.945633785577677	23.315986170476037	22.60910212142665	25.995743161541437	25.676353816670982	24.177197812744854	26.783973205139617	25.549007259447748	21.90855004364611	26.950379155893657	27.33094677825577	21.57510471449998	21.988818568726526	26.983993776456693	24.878823773796938	20.67341117476649	24.256573107299385	27.49747681568514	23.302454853538823	24.87033257358695	19.915646783213838	20.89738085610153	20.740359053716922	15.054012233146857	14.90739731797502	16.346704700563137	16.196507797793647	17.08775804880854	21.028508560044504	24.938815897010443	24.056494466802437	2.4229134000889214	24.070268656048267
5.05394300241642	0.0	5.986847713317156	7.749107017933252	11.120998708765745	15.349938118614638	17.01846061516704	18.976001242895922	21.52227022450588	24.42259597147285	23.792267609742293	27.171310236876796	28.132333519620126	33.29772491604488	32.81097575829622	28.14465051341877	28.104762824271795	30.574155591475876	25.860441599996733	25.445535103065517	20.417736816919547	20.58830482866024	16.786507297739153	16.59873320590904	16.29373270626549	15.492848552824332	20.53359273454795	18.949365696340948	22.591535860772478	21.82094907672454	21.18340764455524	23.3781692396183	22.52558933895201	19.62343407041044	24.741496667149896	24.63797839559788	19.00214390229628	20.469679213213567	25.208657666406637	22.70404175524064	19.35752967411622	23.583829410876437	26.24194575491132	22.077941879821037	24.715893020880298	19.7939646126485	20.291685612402922	19.05096542830043	13.503552825583741	12.200090964921623	12.680686422224573	11.71206922821655	13.126915279422219	16.76944982555928	20.574814664927572	19.80040459569408	6.068308095108679	19.529742819993956
6.750698813335503	5.986847713317156	0.0	5.505582163201069	5.7047061720154675	10.801816754700376	11.575857699118036	13.374752016565242	15.636454283792503	18.810635660961104	18.275814786136777	21.794008726196143	22.997381744339496	28.067454273116095	28.087981414167498	23.849278667534666	24.28524799238021	27.25422438455263	22.930698950359552	23.218161200189613	17.972251630702175	18.63387475618867	13.677368865446452	15.027213103953665	13.487414283253237	12.88646136991455	17.807565630357068	17.81037145896551	20.205397471846684	19.711598663151474	17.613141821636415	20.365040670389508	19.136076008311043	15.44212697501604	20.302012389697587	20.624200098212878	14.86961380020555	15.326164660483112	20.289249556537555	18.33400182902054	14.206078084792713	17.99232699651026	21.19487392837474	17.33890767289792	19.493046653493693	14.48150915654781	15.904800358885652	14.73888615256515	9.29787391619985	8.428281756380427	11.359725716816932	11.513685601158421	11.73683087117471	15.672985033530628	19.517054768142607	18.881379891748686	6.2242393192920575	19.261156869068245
11.160918444054479	7.749107017933252	5.505582163201069	0.0	5.555963155276044	8.451261137418014	11.859150506442978	12.654606248545436	16.617667271995494	18.5570600249694	17.107940225463334	20.22369202960356	21.009699771896006	26.16024547655448	25.45412481237909	20.5890590841548	21.028471994189317	23.176782970447288	18.95512192364168	18.368040395533917	13.477783309851567	13.431083300601806	9.081990948081057	9.994258767838174	9.641280386314955	10.638919888631884	14.661271234639385	13.826059084806449	16.02572757818973	14.73931468221276	13.536221246670024	15.748504460409452	14.997836724720896	12.362448505099803	17.225670290845517	16.905422586003912	11.327831024021826	13.383981048806138	17.861307376887684	15.49821113539316	12.78013403467118	17.267650781383782	19.61524652538716	16.088416474285673	19.629384167688993	14.999902123486617	15.851468077757993	12.987594741146923	8.422465985021995	4.879800471885846	7.34893097584844	6.243989296022698	6.581705107694882	10.25300453689365	14.07644643304173	13.804611593280736	10.95562933791629	13.995507849152279
12.400940521453983	11.120998708765745	5.7047061720154675	5.555963155276044	0.0	5.8080157822860565	7.219286180600605	7.855738151901793	11.245257878892255	13.798307510920118	12.691168821041357	16.184101229504815	17.37344259368402	22.426532202177068	22.53658498446591	18.406396402802798	19.385433887742447	22.37588524052286	18.637732123465266	19.20242360653635	14.18517098758239	15.018561029145362	9.41941106612782	12.35846872364014	10.201018917727161	10.912538145950782	14.673144676479016	15.88180310795115	16.667586684249073	16.015746398432036	12.764708383610321	15.743409116396775	14.355611260083123	10.3790277114245	14.820480719525332	15.30784537048773	9.642161816151459	9.623720676432448	14.661513231060393	13.22998005443275	8.980163865687096	12.694470044744493	16.07306027579649	12.93638991003699	15.473523451596563	10.709762401784326	12.957629670585533	10.650949481112521	6.580509445062644	4.716211278824956	10.114570284807478	10.756297606526559	9.7153483032308	13.177271048928546	16.67999457835824	16.465779138411023	11.529094213078038	17.330688730616505
17.295824630030587	15.349938118614638	10.801816754700376	8.451261137418014	5.8080157822860565	0.0	5.610414365201761	6.356033961238212	10.414526708357176	10.75047622746981	9.841529609397739	13.431796426866399	12.98518502256894	18.2194767691256	17.513621573669887	13.228270593007112	13.617313806256062	16.869807829663788	13.008065059384286	14.36773957593858	9.288855422931245	11.603934438530676	6.458422770879007	11.7997883825418	10.800027475374296	13.63547204059388	15.507038581073845	16.841857470513265	15.927229421909686	13.781684283489351	9.902635073642813	11.616364780954958	9.153445753453768	4.709034579927985	9.759143255994577	11.29064051719193	6.393790739339953	6.25444166427053	11.574868339389095	11.634031096892649	8.78078126881015	11.5952007913338	15.058082704941228	13.685199887711248	16.78768183931512	13.017204542924544	15.73034519194636	11.906577755507913	10.323312709571693	6.423602180876019	12.157270569685817	11.469612180037352	8.03631426048451	10.77283641327493	14.239712800901799	15.647604836953775	16.1062101780048	16.440285575665612
17.352048855166263	17.01846061516704	11.575857699118036	11.859150506442978	7.219286180600605	5.610414365201761	0.0	5.675706279117959	5.862104896389741	7.584908698340291	9.125699641986966	13.426619092795603	13.03006282036628	17.9056132616404	18.2486406747044	15.428284205191185	15.644863221015786	20.038570491995078	16.4189533280918	19.056973578765987	14.071390100576295	17.063800673564472	11.908457477154185	17.034972698485664	15.122096374516286	16.830266535923126	19.204553724037165	21.385223806348446	20.42534842361394	18.983196388739728	14.345339252166594	16.37985752647582	13.451804198872631	8.382868017928685	12.15183082573071	14.845140648012853	10.692505193097551	7.648062393130993	13.203407642327079	14.457871108165664	10.102340293575162	10.942737544953966	15.921185617234755	14.957166781841416	16.23119530053947	12.513142417520784	16.469516810382395	14.125577758485122	12.394169326133877	10.440847391149468	16.459773492719403	16.39833273164056	13.222738953226552	16.33754702201293	19.824041178794282	20.97138049492914	15.676149841937185	21.909661335958134
19.80538810221647	18.976001242895922	13.374752016565242	12.654606248545436	7.855738151901793	6.356033961238212	5.675706279117959	0.0	6.003444832010153	7.16661343517631	4.921821544489761	8.68675149790821	10.272702683360547	14.989540362940392	16.00915928012329	13.00993212917691	15.27134743844801	18.58802581554215	16.457641813047513	17.996267305175344	14.129348583088953	15.417825793260292	10.169632641147983	14.778651179568994	11.91362175260652	13.61809912496864	14.915368338001471	18.173209881899034	16.34281044165473	15.95245148992643	10.625417476622083	13.747214928103245	12.007771388690452	7.845865749108708	9.630612215782532	11.075546522162917	7.377275589854242	3.4298052188958623	8.287402061949177	9.281835832386527	4.810247263912223	5.6295420857906295	10.268678047590647	9.608108935477025	11.278124994614737	8.285016919612252	12.101558937949932	9.403276393216743	9.77261322639785	9.121131072712155	14.586592026994122	15.876396676548795	13.783028840884853	15.792006920284226	18.130554320082673	18.41838103099379	18.661542520551343	19.91723178772996
21.072035417263486	21.52227022450588	15.636454283792503	16.617667271995494	11.245257878892255	10.414526708357176	5.862104896389741	6.003444832010153	0.0	4.939657425364299	7.252361208003532	11.054944986893574	11.806532194094208	15.657849415684892	17.53688444519614	16.196479583389117	17.58987522560648	21.992203784353904	19.714842365173187	22.538382697745973	18.39742473872428	20.846562754893647	15.715272553653685	20.594741712712295	17.728318196443144	18.781112949243106	20.56270067839889	23.97299331055419	22.28208852683052	21.85219402548641	16.438043966158915	19.053907522611148	16.528107697398564	11.899050195960204	13.36807262591647	16.10360343642509	13.170620741675402	8.565916533740753	12.526838596679902	14.741418786283418	10.151932475911652	8.31628846436472	13.92726024735629	13.99331798776226	13.377969144998058	10.963417462045204	15.651550317685825	14.549831036281384	14.306238786235067	14.201477877576787	19.92048467866856	20.966593258891162	18.383303246178226	20.970799603149356	23.74830298497172	24.340904066949864	19.480022464806048	25.72381505761886
24.688192801928373	24.42259597147285	18.810635660961104	18.5570600249694	13.798307510920118	10.75047622746981	7.584908698340291	7.16661343517631	4.939657425364299	0.0	5.465593394240121	8.947263450286929	7.6186514531820295	11.397311691236208	12.933261303563862	12.337596833946689	13.523239056096605	18.13182322102866	16.481717015146348	19.940589405424976	16.539891956727644	19.55247577502427	15.339119592366979	20.851573282745854	18.62800541024153	20.741754597040284	21.43621215209343	24.82645758541731	22.13939537173486	20.97139418836317	15.42902311396157	17.059676098700447	14.111205030625804	10.153743939059236	10.15972091540691	13.872775972333395	12.518718637072737	7.696091149057043	10.641869605139636	14.311217938416947	11.275539702215784	8.655349672768041	13.709373678141239	15.291809990901113	15.419535941007828	13.916627808865144	18.271156161372048	16.05226810672339	16.891915558801323	15.737681897229965	21.428355402376987	21.922547556872388	18.581625201999092	20.468370983027196	22.84649728906974	24.242072350811917	23.044651595116818	25.58767556039374
24.7141308996023	23.792267609742293	18.275814786136777	17.107940225463334	12.691168821041357	9.841529609397739	9.125699641986966	4.921821544489761	7.252361208003532	5.465593394240121	0.0	4.327948922740379	5.95439418617987	10.193484925487876	11.900058260116293	10.112554560845108	13.347881672684094	16.502892281885124	15.816287842832132	17.79071603334606	15.149517724124319	16.533175285126585	12.408192977928199	17.221843716848415	14.592103866155398	16.806914824732463	16.60615092683137	20.475328399572955	17.27959653186197	16.848269104426773	11.088863472100568	13.556833876180427	11.84894267738682	8.844842373547419	7.56037903466843	9.65885695801474	8.785343732031354	4.11444752037115	5.468181759059735	9.055226061014551	6.94514536457644	4.160441286069084	8.47450328751106	10.460553983666811	11.5415594299005	10.65415786574897	14.297169667453167	11.516009491538616	13.790802838378646	13.183734423837699	18.127166796216706	19.404677435986123	16.9673790732622	18.079562776129578	19.603090855324815	20.284443481699633	23.51122113040903	21.968509186329346
28.308046948801096	27.171310236876796	21.794008726196143	20.22369202960356	16.184101229504815	13.431796426866399	13.426619092795603	8.68675149790821	11.054944986893574	8.947263450286929	4.327948922740379	0.0	5.76730231551484	8.131069737384337	10.704307043842697	9.789620230723804	14.38895378045998	16.36387460164841	17.23250272694938	18.546722633449505	17.18094010859164	17.595639304582384	14.376115897952323	18.425789810298884	15.716202847403775	17.92306148014311	16.445802258637045	20.871509287440773	16.771616828838738	17.001879127349873	11.436293416754264	13.850166231801577	13.170403129168966	11.6804974189798	8.401813068348076	9.179559286188846	10.445932901503168	7.199207369218532	3.9486711279275943	8.368755004537395	8.558138123831153	4.933629916541068	6.121425181899341	10.138606370080357	11.06392968586089	11.960096867661136	14.746188467895307	12.087151510989061	15.865152725520346	15.812643500991014	19.860786142487015	21.611986282010594	19.665358495682163	19.962960305958262	20.51128348995481	20.847159239386293	27.291546013386718	22.791638301698764
29.522146186548692	28.132333519620126	22.997381744339496	21.009699771896006	17.37344259368402	12.98518502256894	13.03006282036628	10.272702683360547	11.806532194094208	7.6186514531820295	5.95439418617987	5.76730231551484	0.0	5.239822222942988	5.988733301479515	5.958819118150179	9.398617372440706	12.381038259608262	13.18895496645152	15.934198532151427	14.767239728479343	16.815665670774596	14.459809031058194	19.59262809062109	18.04475149423925	21.208625397170895	19.92800642953075	23.42254287432044	19.22016559635503	17.733827026758437	12.487215494673803	12.988860457066306	10.890000694438818	9.787255068207763	5.626795209719205	9.104308940595793	11.199371122999514	8.02499241770306	6.717344944542986	11.764808284797455	12.02232901103878	9.436748194702714	11.595292864117843	15.034301845170338	16.497427996807666	16.389331048464136	19.555490170791757	16.10523779370337	18.88004757610829	17.24053836212361	21.841906942346743	22.30991136299135	19.092492173734417	19.311608271811927	20.22152490573281	21.995948331094535	28.19524831231762	23.50340547775707
34.56360598078768	33.29772491604488	28.067454273116095	26.16024547655448	22.426532202177068	18.2194767691256	17.9056132616404	14.989540362940392	15.657849415684892	11.397311691236208	10.193484925487876	8.131069737384337	5.239822222942988	0.0	4.912989880434762	8.733441110880793	12.214787436299671	14.148874322797795	16.626933971034774	19.29332868973706	19.232433260730787	20.94764784228776	19.27070827998845	23.990172406239655	22.383108228066902	25.39612588913779	23.429143576227144	27.297576595279274	22.507801912680097	21.41005792361869	16.51185552894302	16.676310671702243	15.162547938227526	14.900919546635375	10.106672338420454	12.62138889690155	15.916323085314346	12.97368481581187	10.095167360184202	15.187082854585846	16.20647998347503	12.712544007012223	13.654881656170511	18.16419405403882	18.841018473077767	19.920259318670798	22.875270735355272	19.89575062294004	23.38821792272398	22.207459096758	26.478531943056055	27.19147730085146	24.121641521758956	23.938450768274212	24.245103572657335	25.942933428341895	33.22748208713604	27.567774970763434
34.63704013494964	32.81097575829622	28.087981414167498	25.45412481237909	22.53658498446591	17.513621573669887	18.2486406747044	16.00915928012329	17.53688444519614	12.933261303563862	11.900058260116293	10.704307043842697	5.988733301479515	4.912989880434762	0.0	5.635148175009916	8.161659094360763	9.598916149456517	12.639594324062632	15.54366865974388	16.24901268559647	18.39655949786913	17.83078779980696	22.663303553057872	22.014890792938917	25.741202094478375	23.628737956563185	26.678117861383875	21.834544811727014	19.62332473981935	15.463569969762766	14.245498901108471	12.430614613179985	13.361187364198958	8.35347972635842	11.25278283474401	15.180861937336873	13.332581598150332	10.994111217545186	15.727570449545011	17.369690167795383	15.108378441231432	15.967565650131043	19.940622884658612	21.75268012362226	22.071637031857946	24.798974307439302	20.944184320789333	24.04892721427692	21.84097119204175	25.89113395240642	25.793657050864386	22.262997203554374	21.60251051016774	21.755337616165832	24.30745044264151	33.29382665617737	25.608251426888906
30.4746568250356	28.14465051341877	23.849278667534666	20.5890590841548	18.406396402802798	13.228270593007112	15.428284205191185	13.00993212917691	16.196479583389117	12.337596833946689	10.112554560845108	9.789620230723804	5.958819118150179	8.733441110880793	5.635148175009916	0.0	5.67594037628715	6.650867039817184	8.606084352530385	10.570172402615565	11.056858360561366	12.779912165699555	12.452342756623654	17.192103805564543	17.00689524123526	21.11850484675826	19.11517606791535	21.56646376117074	17.017271042969316	14.24622521568683	10.310845940617961	8.71261042037471	6.930400618403756	8.781901249486495	3.598115207399235	6.293774645300083	10.229205504508778	9.781122954416041	8.110484075294313	11.834956779138311	13.87931992682654	13.24960353427663	13.964733072045767	16.863422193454817	19.874198175122967	19.334383672211114	21.610962956226036	17.066477573437854	19.798139827237176	17.025486201902943	20.702294689672346	20.348081096411583	16.96006215511206	16.022363915931642	16.17184916839507	18.847648428422872	29.32794137772963	20.05121533034708
30.497654687942006	28.104762824271795	24.28524799238021	21.028471994189317	19.385433887742447	13.617313806256062	15.644863221015786	15.27134743844801	17.58987522560648	13.523239056096605	13.347881672684094	14.38895378045998	9.398617372440706	12.214787436299671	8.161659094360763	5.67594037628715	0.0	5.747780528086848	4.944815624560532	9.723992467526426	9.614242017874199	13.625321191387526	13.829690700993263	19.099978518891962	19.779659101240625	24.11629772521248	22.940464881932293	24.478163073706632	20.69879979417434	16.790506009481884	13.690971700195707	10.988490467788441	7.500590350618296	9.075056130369914	6.945099809123038	10.663568459630408	12.884264165588503	12.48809670149481	12.992827759769359	16.345288661268448	17.348026172650965	17.12976927237577	18.97790771200025	21.204733249441574	24.19642745326614	22.813074761135542	25.49804569954936	20.85546469733676	22.338829014071553	18.570967135390998	22.62873360766848	21.057360137336943	16.601262566152744	16.04049912666368	17.096728724997305	20.927086592805313	29.10724756265589	21.523664744645643
33.59625637094789	30.574155591475876	27.25422438455263	23.176782970447288	22.37588524052286	16.869807829663788	20.038570491995078	18.58802581554215	21.992203784353904	18.13182322102866	16.502892281885124	16.36387460164841	12.381038259608262	14.148874322797795	9.598916149456517	6.650867039817184	5.747780528086848	0.0	6.085083962621539	7.322906868401443	10.599397031417176	12.485363025937778	14.776727377107877	18.698374632510266	20.08194277605068	24.74384528619745	22.45059379871504	23.55475668110016	19.18159558047788	15.016642704499104	13.463626595868018	9.530876592262238	8.24882980385817	12.2357724614158	9.121537049805925	10.287160270148854	14.1899569351738	15.323292045712963	14.168957440021238	16.675472125032947	19.337265483845226	19.61776693710797	19.879992001581993	22.3033026049181	25.984723199948153	25.103382991865967	26.907793372234323	21.874713792478612	24.11380692074545	20.398267831096913	23.164043123548794	21.64854988707858	17.967631957476335	15.971407506647887	15.420669942341998	19.396061779185015	32.51505265611553	19.94097924128748
28.881895593670958	25.860441599996733	22.930698950359552	18.95512192364168	18.637732123465266	13.008065059384286	16.4189533280918	16.457641813047513	19.714842365173187	16.481717015146348	15.816287842832132	17.23250272694938	13.18895496645152	16.626933971034774	12.639594324062632	8.606084352530385	4.944815624560532	6.085083962621539	0.0	5.83124580003299	5.910224993750284	10.366793601376823	11.896691678246622	16.55288838666466	18.30115527700217	22.922682321532204	21.95369873438819	22.37682660900883	19.266650330563564	14.49134077640447	12.87671573926095	9.238979495466635	5.920909705298382	8.860498293123815	8.864468363869033	11.097757040374725	12.409207352337154	13.685110348474495	14.889177305411753	16.846613793156383	18.067708464947607	19.195857469338982	20.747629749128198	21.99912536762107	25.785133442923886	23.766955783693483	25.91311354488531	20.878914107313154	21.667809965191164	17.172757638479972	20.464019210595122	18.047329927830326	13.496058108609441	12.391099162683568	13.539265916689864	18.06488473807782	27.683299986874758	18.17360533325746
29.168468627027753	25.445535103065517	23.218161200189613	18.368040395533917	19.20242360653635	14.36773957593858	19.056973578765987	17.996267305175344	22.538382697745973	19.940589405424976	17.79071603334606	18.546722633449505	15.934198532151427	19.29332868973706	15.54366865974388	10.570172402615565	9.723992467526426	7.322906868401443	5.83124580003299	0.0	5.80349809263529	6.336684635695874	10.479930610253394	13.198182033844983	15.912250014219786	20.75591756352416	19.022342847046055	18.58272571928922	15.478875505198856	10.194575838549206	10.824800277519229	6.206977014146911	6.074673673828382	10.804104595373563	10.671903516128802	10.13535272155164	11.84534736279207	14.997972461109807	15.277466600778846	15.63847690220456	18.129042126196687	20.279097478811	20.498410093416975	21.209541349672687	25.830686911234938	23.939326334260073	25.024417269490574	19.66270214174386	20.79361201713523	16.380983147537545	17.98360479995691	15.603117011390324	12.329854118518911	9.444754101079884	8.789617190181596	13.585781924550043	28.42084127071652	13.523618387338567
23.83964996859707	20.417736816919547	17.972251630702175	13.477783309851567	14.18517098758239	9.288855422931245	14.071390100576295	14.129348583088953	18.39742473872428	16.539891956727644	15.149517724124319	17.18094010859164	14.767239728479343	19.232433260730787	16.24901268559647	11.056858360561366	9.614242017874199	10.599397031417176	5.910224993750284	5.80349809263529	0.0	6.036575770155833	6.977747838064379	11.365841430940346	13.541738424266978	18.0767806759608	17.87729659685181	17.56245287701513	15.620081274193922	10.774204422497705	9.819347455532695	7.169019261506905	4.506200248103642	6.624156491198225	9.437090444313064	10.206548920701655	9.043147709388151	11.78328283204417	14.185159793252105	14.448566230570382	15.148181414319287	17.735699080122814	19.295680158653646	19.13345037708931	23.44219944680039	20.6582676153101	22.299996126352735	17.222948033203416	17.055806835025663	12.12936790304959	14.967224457818313	12.178373932675688	7.657748845100797	6.729869028956993	9.108435415398159	13.389659769335111	22.914935652071218	13.33035023319493
24.54852926881665	20.58830482866024	18.63387475618867	13.431083300601806	15.018561029145362	11.603934438530676	17.063800673564472	15.417825793260292	20.846562754893647	19.55247577502427	16.533175285126585	17.595639304582384	16.815665670774596	20.94764784228776	18.39655949786913	12.779912165699555	13.625321191387526	12.485363025937778	10.366793601376823	6.336684635695874	6.036575770155833	0.0	5.778903145587745	6.87760558555463	10.072820323920157	14.842421326102201	13.543825027961736	12.49867144495507	10.42625957211589	5.090491838856889	7.039234754445006	4.645583218469756	6.583494250740839	9.785901927500694	11.2516949737037	9.078188594838933	8.362085854189388	12.92221140030493	13.851254107603475	12.233861456198115	14.482166592055833	17.952869466869625	17.876700167007662	17.157133280211042	22.251454605877584	19.875419610340874	20.220688793180813	14.903666420719022	15.513273150031617	11.278434088823392	11.7883290271256	9.810860454688088	8.03089821184244	4.4546074947233	3.6060707605933477	7.721386970772709	24.17890102051001	7.918927142094006
20.071211239306557	16.786507297739153	13.677368865446452	9.081990948081057	9.41941106612782	6.458422770879007	11.908457477154185	10.169632641147983	15.715272553653685	15.339119592366979	12.408192977928199	14.376115897952323	14.459809031058194	19.27070827998845	17.83078779980696	12.452342756623654	13.829690700993263	14.776727377107877	11.896691678246622	10.479930610253394	6.977747838064379	5.778903145587745	0.0	6.06592256136566	6.726801156548748	11.161807848375274	11.418259331281421	11.768154294369218	10.414615503760265	7.429058394336078	5.247352625758522	6.716840066167571	6.687407782926255	6.384368039813274	9.548355657591358	8.282701047378763	3.9705225889941826	8.374454416361528	11.034337162780798	9.238991888789728	9.523184024410718	13.475313944576426	14.531626722477819	13.024551264434352	17.724097106448642	14.687338496387687	15.64928914686495	10.587148663988406	10.402189717048598	5.970914618340264	8.805842012342282	7.99046216847492	5.876743337771314	5.8831737643026845	8.102820706936347	9.460028882766391	19.54768201302064	10.378954380203274
20.587973522814245	16.59873320590904	15.027213103953665	9.994258767838174	12.35846872364014	11.7997883825418	17.034972698485664	14.778651179568994	20.594741712712295	20.851573282745854	17.221843716848415	18.425789810298884	19.59262809062109	23.990172406239655	22.663303553057872	17.192103805564543	19.099978518891962	18.698374632510266	16.55288838666466	13.198182033844983	11.365841430940346	6.87760558555463	6.06592256136566	0.0	4.656932145755604	8.67410559733692	8.464921343987212	6.348406856450727	7.162873036426874	5.4500009580042645	7.623169276055318	9.400224902378037	11.60411494725227	12.438111804514932	14.748887331039013	11.792146528262641	8.63408910857391	13.401407023420566	14.79524583354073	11.06135130882026	12.456603513829217	17.147315193266685	16.679815943244368	14.049556556288382	19.32547150554991	16.49945638034932	15.659859415269413	10.954461235132513	10.644455003632192	7.689373934304265	5.331341731606879	5.557245831937936	7.895127044146347	6.228018528189355	6.139671843530194	4.115294823177605	20.776895484693352	5.337307721357607
19.412457386417238	16.29373270626549	13.487414283253237	9.641280386314955	10.201018917727161	10.800027475374296	15.122096374516286	11.91362175260652	17.728318196443144	18.62800541024153	14.592103866155398	15.716202847403775	18.04475149423925	22.383108228066902	22.014890792938917	17.00689524123526	19.779659101240625	20.08194277605068	18.30115527700217	15.912250014219786	13.541738424266978	10.072820323920157	6.726801156548748	4.656932145755604	0.0	4.851327620395901	5.379085314407266	6.330363857182155	6.731677774267053	7.860250004275626	7.002154727647895	10.830619226734756	12.65571994460681	12.182132448440276	14.161825811609564	11.25230182848239	7.293622013844121	11.155744994772752	12.506411616445478	8.13395815401813	8.697553205176394	13.623547191928333	13.108089255138209	9.702358851936427	14.861553423398915	12.053573429261176	11.008429874414604	6.41106774362376	6.682714741200166	5.775401789921849	4.643139736890957	7.937340374281528	10.070604042751885	9.937618925153426	10.393616211723907	7.76928386067363	19.57689310264008	9.631403256946617
17.945633785577677	15.492848552824332	12.88646136991455	10.638919888631884	10.912538145950782	13.63547204059388	16.830266535923126	13.61809912496864	18.781112949243106	20.741754597040284	16.806914824732463	17.92306148014311	21.208625397170895	25.39612588913779	25.741202094478375	21.11850484675826	24.11629772521248	24.74384528619745	22.922682321532204	20.75591756352416	18.0767806759608	14.842421326102201	11.161807848375274	8.67410559733692	4.851327620395901	0.0	5.581437982582724	7.020951897517686	9.513700114144944	12.309036339768477	11.423033009918521	15.599702038634696	17.257092945688303	16.01086046733912	18.120339861076186	15.398143047728139	11.27318132405329	13.924662422133801	15.37944590080678	10.746723954838053	9.979496545454841	14.797936536159012	14.190807935231591	9.446418190267611	13.733425973449801	10.76189609118075	8.342622884733101	6.159272266283769	5.027232358994975	7.6994743662220895	5.3046401232119536	10.230865612557027	13.481759024258237	14.12041542933397	14.754958251652928	11.137044326852442	18.52807627594908	12.878116424422624
23.315986170476037	20.53359273454795	17.807565630357068	14.661271234639385	14.673144676479016	15.507038581073845	19.204553724037165	14.915368338001471	20.56270067839889	21.43621215209343	16.60615092683137	16.445802258637045	19.92800642953075	23.429143576227144	23.628737956563185	19.11517606791535	22.940464881932293	22.45059379871504	21.95369873438819	19.022342847046055	17.87729659685181	13.543825027961736	11.418259331281421	8.464921343987212	5.379085314407266	5.581437982582724	0.0	5.53070719868144	4.880972718929892	9.506648523230547	9.290921402496165	13.330530487682722	16.145283357750554	16.31094035754248	16.791105697388563	12.898499668173697	10.840744437998534	14.095220024184668	13.457485899007334	8.28390348411381	10.508525026967629	14.627886551912045	12.104840598108892	8.68954715268855	13.806060600104662	12.598777292307082	9.852218433036748	6.420594547848231	9.373407759069904	10.789475828563052	8.485179064483155	12.600430335946593	15.31355360979174	14.430357214856938	13.366470832640998	9.369031003810154	23.7376505546214	11.745367900148747
22.60910212142665	18.949365696340948	17.81037145896551	13.826059084806449	15.88180310795115	16.841857470513265	21.385223806348446	18.173209881899034	23.97299331055419	24.82645758541731	20.475328399572955	20.871509287440773	23.42254287432044	27.297576595279274	26.678117861383875	21.56646376117074	24.478163073706632	23.55475668110016	22.37682660900883	18.58272571928922	17.56245287701513	12.49867144495507	11.768154294369218	6.348406856450727	6.330363857182155	7.020951897517686	5.53070719868144	0.0	5.906130699928264	8.770948009192505	11.3168493733049	14.063542005051783	17.093163273125004	17.85256085403718	19.28937557074298	15.444240474457489	12.992039452386484	17.235179076246336	17.467357397145417	12.575590255579659	14.50227339348807	19.16414310670655	17.28328892361009	13.854508759614554	18.977096705586167	16.9361530315594	14.320081491402838	10.946927524567906	11.49526693623027	11.424021567755364	6.57980706039189	9.815610367740005	13.840777632793841	12.383180299523444	10.939169802921699	5.841495390684117	23.341914197171313	7.661362897420733
25.995743161541437	22.591535860772478	20.205397471846684	16.02572757818973	16.667586684249073	15.927229421909686	20.42534842361394	16.34281044165473	22.28208852683052	22.13939537173486	17.27959653186197	16.771616828838738	19.22016559635503	22.507801912680097	21.834544811727014	17.017271042969316	20.69879979417434	19.18159558047788	19.266650330563564	15.478875505198856	15.620081274193922	10.42625957211589	10.414615503760265	7.162873036426874	6.731677774267053	9.513700114144944	4.880972718929892	5.906130699928264	0.0	5.558926727534967	7.470516860706306	10.138052448535703	13.845378371887383	15.502598525181142	15.32117512124173	10.79256945697437	10.363003575709115	14.541407246908852	13.167115402674156	8.588394655285152	12.505985117948432	16.272099325589586	13.484359797504656	11.718667072076501	17.120148935335173	16.151162400919606	14.22087547337587	9.799083691551912	12.799797676499074	12.268331454282983	10.04507909003776	12.5354415414386	14.579023690256586	12.380621897299367	9.965216430998845	6.4806531722753045	26.258542633930727	8.987209680910757
25.676353816670982	21.82094907672454	19.711598663151474	14.73931468221276	16.015746398432036	13.781684283489351	18.983196388739728	15.95245148992643	21.85219402548641	20.97139418836317	16.848269104426773	17.001879127349873	17.733827026758437	21.41005792361869	19.62332473981935	14.24622521568683	16.790506009481884	15.016642704499104	14.49134077640447	10.194575838549206	10.774204422497705	5.090491838856889	7.429058394336078	5.4500009580042645	7.860250004275626	12.309036339768477	9.506648523230547	8.770948009192505	5.558926727534967	0.0	5.7701778018976295	5.8538722002039405	9.702488135785522	12.479813384592394	12.768394205856188	8.806608237024005	8.706188822810882	13.559352468615344	13.064190408990392	9.968473180402158	13.48651657278843	17.183085653958276	15.665609838579703	14.66093181695156	20.07842541915973	18.38849358697649	17.688097078541887	12.504549177398994	14.332737039937752	11.611602689318367	10.520260879902818	10.620881162026016	11.130323642926554	7.932286386969981	4.956887701931168	4.836416945330079	25.640126780216896	6.486866034148266
24.177197812744854	21.18340764455524	17.613141821636415	13.536221246670024	12.764708383610321	9.902635073642813	14.345339252166594	10.625417476622083	16.438043966158915	15.42902311396157	11.088863472100568	11.436293416754264	12.487215494673803	16.51185552894302	15.463569969762766	10.310845940617961	13.690971700195707	13.463626595868018	12.87671573926095	10.824800277519229	9.819347455532695	7.039234754445006	5.247352625758522	7.623169276055318	7.002154727647895	11.423033009918521	9.290921402496165	11.3168493733049	7.470516860706306	5.7701778018976295	0.0	4.797677276765921	7.028745644223755	8.311255652616373	8.047286903963906	4.358541158544318	3.6638577072136576	7.993919345294046	7.562679814372335	5.213792374150916	8.435925301355317	11.59510178119983	10.852773863041104	10.536332887765086	15.548593075922858	13.95305835662386	14.403072048334197	9.035623676571134	11.654671447820446	9.285241570974655	11.046334070543868	11.936367504379547	11.011596141970244	9.676011129741564	9.290931929616034	9.616463993659012	23.750053831533318	11.412248755292685
26.783973205139617	23.3781692396183	20.365040670389508	15.748504460409452	15.743409116396775	11.616364780954958	16.37985752647582	13.747214928103245	19.053907522611148	17.059676098700447	13.556833876180427	13.850166231801577	12.988860457066306	16.676310671702243	14.245498901108471	8.71261042037471	10.988490467788441	9.530876592262238	9.238979495466635	6.206977014146911	7.169019261506905	4.645583218469756	6.716840066167571	9.400224902378037	10.830619226734756	15.599702038634696	13.330530487682722	14.063542005051783	10.138052448535703	5.8538722002039405	4.797677276765921	0.0	4.439096873481652	8.522071278158677	7.662146076563171	4.812258945956385	6.824500762685918	10.65455205858955	10.11267339225994	9.547605463463523	12.729478273587077	15.172205906006182	14.674855204667805	15.208663892653465	20.014762880151665	18.478432266564557	19.194305916392015	13.823861607769485	15.891362580130371	12.428743260122676	14.00823318994301	13.30005387080132	11.22709028308666	8.719692433890508	7.636209757934796	10.347809226479072	26.213728381260964	11.404296872224437
25.549007259447748	22.52558933895201	19.136076008311043	14.997836724720896	14.355611260083123	9.153445753453768	13.451804198872631	12.007771388690452	16.528107697398564	14.111205030625804	11.84894267738682	13.170403129168966	10.890000694438818	15.162547938227526	12.430614613179985	6.930400618403756	7.500590350618296	8.24882980385817	5.920909705298382	6.074673673828382	4.506200248103642	6.583494250740839	6.687407782926255	11.60411494725227	12.65571994460681	17.257092945688303	16.145283357750554	17.093163273125004	13.845378371887383	9.702488135785522	7.028745644223755	4.439096873481652	0.0	5.07708763632109	5.311408394035168	5.993831767802583	6.654712923488775	8.983348750525241	10.103252847833321	11.118880570830921	12.622983714910879	14.475643573756157	15.554569940181644	16.293919439722277	20.457246119068476	18.443531050780837	20.18413809930419	15.041342173929513	16.25466829370079	12.195585207109227	15.394867141284436	14.0073563000905	10.342315405513444	9.20789910279955	10.185605708940678	13.57027634798984	24.610519385888306	14.283055579841202
21.90855004364611	19.62343407041044	15.44212697501604	12.362448505099803	10.3790277114245	4.709034579927985	8.382868017928685	7.845865749108708	11.899050195960204	10.153743939059236	8.844842373547419	11.6804974189798	9.787255068207763	14.900919546635375	13.361187364198958	8.781901249486495	9.075056130369914	12.2357724614158	8.860498293123815	10.804104595373563	6.624156491198225	9.785901927500694	6.384368039813274	12.438111804514932	12.182132448440276	16.01086046733912	16.31094035754248	17.85256085403718	15.502598525181142	12.479813384592394	8.311255652616373	8.522071278158677	5.07708763632109	0.0	5.58580647058392	8.079463180992457	5.5321130727985715	5.626488935813508	9.479689524930818	10.862500650684343	9.964678616092884	11.69876844597177	14.467850240160972	14.612328629439329	18.010423536731803	15.30012228204992	17.91785604218871	13.400658409951806	13.604952333693578	9.711590983880674	14.56487642127444	13.56452220159926	9.527285116089148	10.588308583544123	13.13689570872993	15.577049482157646	20.710882594928997	16.41929090925833
26.950379155893657	24.741496667149896	20.302012389697587	17.225670290845517	14.820480719525332	9.759143255994577	12.15183082573071	9.630612215782532	13.36807262591647	10.15972091540691	7.56037903466843	8.401813068348076	5.626795209719205	10.106672338420454	8.35347972635842	3.598115207399235	6.945099809123038	9.121537049805925	8.864468363869033	10.671903516128802	9.437090444313064	11.2516949737037	9.548355657591358	14.748887331039013	14.161825811609564	18.120339861076186	16.791105697388563	19.28937557074298	15.32117512124173	12.768394205856188	8.047286903963906	7.662146076563171	5.311408394035168	5.58580647058392	0.0	4.936887563390966	7.03315072227167	6.351601346105047	6.241418099545289	9.56828704415602	10.716170177508348	10.716207742380213	12.2067753228114	14.282388486786125	17.447418288086645	16.280549941057362	18.722613951495223	14.165800876074009	16.414100259402293	13.618662443103988	17.71405420893089	17.522077820983352	14.190943144244141	13.878130460062309	14.727361887785529	17.015476357637663	25.824392940289354	18.28185308598721
27.33094677825577	24.63797839559788	20.624200098212878	16.905422586003912	15.30784537048773	11.29064051719193	14.845140648012853	11.075546522162917	16.10360343642509	13.872775972333395	9.65885695801474	9.179559286188846	9.104308940595793	12.62138889690155	11.25278283474401	6.293774645300083	10.663568459630408	10.287160270148854	11.097757040374725	10.13535272155164	10.206548920701655	9.078188594838933	8.282701047378763	11.792146528262641	11.25230182848239	15.398143047728139	12.898499668173697	15.444240474457489	10.79256945697437	8.806608237024005	4.358541158544318	4.812258945956385	5.993831767802583	8.079463180992457	4.936887563390966	0.0	5.761923595920068	7.7665282284488875	5.471469533858923	6.396651908587871	9.904019407949328	11.136802730983954	10.447607042489324	12.147648442568574	16.349134951044853	15.59156962033056	16.79329986544975	11.791693961589248	15.021295713155173	12.727625527331151	15.331152077387445	15.841386504586513	13.859379262896413	12.492643236037408	11.978824519617612	13.350129505492283	26.616215784529494	14.978749046091806
21.57510471449998	19.00214390229628	14.86961380020555	11.327831024021826	9.642161816151459	6.393790739339953	10.692505193097551	7.377275589854242	13.170620741675402	12.518718637072737	8.785343732031354	10.445932901503168	11.199371122999514	15.916323085314346	15.180861937336873	10.229205504508778	12.884264165588503	14.1899569351738	12.409207352337154	11.84534736279207	9.043147709388151	8.362085854189388	3.9705225889941826	8.63408910857391	7.293622013844121	11.27318132405329	10.840744437998534	12.992039452386484	10.363003575709115	8.706188822810882	3.6638577072136576	6.824500762685918	6.654712923488775	5.5321130727985715	7.03315072227167	5.761923595920068	0.0	4.99861828109075	7.163079586916375	5.991478261298134	6.387829174636691	9.738912575808982	10.814297210142287	10.098095376197932	14.52562062117755	12.111190096485899	13.58180056306796	8.502970824447596	9.938058295302222	7.071262764961721	10.776831207377848	11.40103582261433	9.56829684782611	9.733740556363543	11.042079348132619	11.744048064624119	20.902134053915344	13.242998049130847
