0.0	5.760482647405292	8.823325457941024	9.558728532742228	5.551191994507163	6.460455713834223	10.99738348546888	10.747553744554256	9.003453105120512	12.018356162556877	15.06969999099738	15.649210979384831	17.338000372346425	22.031513609454485	24.265072471771123	27.68851150210384	29.034198909707683	25.67168695787985	28.28112253946836	23.759711946950766	23.202949872230825	26.63980300678849	29.008405802082798	27.752320682279507	29.549120383240826	23.6933970056616	24.780174807150786	20.559619701642212	16.02226557648259	18.716622930082135	21.655482097321283	24.301636739662655	27.90494647378991	31.437997413171654	31.075981577645273	35.145334847600026	36.44591543201805	37.888629554697715	35.14753438261476	38.773301941844664	36.02303431017595	31.913371113070138	34.397518633212194	36.17478342370428	31.367426316775116	29.860102284463153	34.00755992098552	33.0180810565134	27.91043999279867	28.935162251630878	32.28702330394405	33.43905583321743	36.894267408226376	31.44878011366118	35.340740243261365	31.50866842035744	30.06052198886362	26.09311120468209	25.94994590574773	21.027222899342014	23.23329075276175	24.809061749207924	20.356129274097977	17.834584052336496	22.179754010234202	21.447843690943593	16.285729735258762	17.848024812512737	21.406417443982974	18.6903384025515	14.381738136113379	18.891976700127756	21.420454733250153	17.241185928854723	16.887560773651078	22.112375023054824	22.442159106074154	19.40386974022844	22.01468570506333	26.156810063107848	24.989297537880844	29.446373641482747	26.71101263915633	22.246467811003903	23.953472647629894	25.119766377497367	21.106920139790084	18.68229069962155	21.759781058779048	21.273102716474206	15.930073949370732	13.83152468225235	10.772339130649753	8.40345155504339	13.11577658264162	12.92611844858066	8.175790963360797	11.63421079676933	15.438905082033836	13.080961055995434	11.817404196717908	16.70396301382824	18.257206913512082	15.650596577976003	17.66810579184983	21.35332558311372	22.510435217375896	24.22287849068534	27.428025857712072	24.931689420959213	21.207452791710306	25.779034290023095	27.098210449601023	23.508913264456794	28.73379895925648	28.18151823917823	22.648634802238142	23.567862061591136	27.055815761924563	24.053901161911888	19.795040296809663	23.769179362586996	25.723569803521116	21.353296449530433	24.186325076325858	18.585402251205846	22.352587643903547	25.193487127197816	21.116842396038884	19.372806816647497	24.564908278127554	24.85814656968629	20.30489651375423	22.558234163055044	27.093882896309502	24.393473776877407	27.213423351049265	21.909958435315303	22.344410187979783	26.432045918426358	24.711468935617265	19.98160462320259	21.317297657139665	17.474312021417596	15.45658880400951	18.238853236930684	16.520904577365922	11.544662415119024	13.212597102721576	16.403388702259708	12.691956253838478	9.717395808596601	14.988125339488963	16.18304474723523	12.879661312691502	11.428314044649694	9.343208306364964	4.199152152028411	9.86368430303052	10.113640892572795	5.8036230899121435	6.96102030448369	10.84308639902128	10.017662811119672	2.372481228074919	9.789669596072784
5.760482647405292	0.0	5.332424493431763	5.523783734943699	5.400562463843752	6.899138289127737	9.410372328872969	9.897411908966832	11.094849492534042	12.954406770690793	14.471846406043653	15.81070258200097	16.473506282953377	21.295741773900605	22.738529610084242	26.55245755828223	27.445713898367714	25.06409969496011	27.926994093609043	23.230058180704287	23.87240711734982	26.41762240163087	28.75810206913692	26.600943083597468	27.936595024690558	22.360303897148423	22.684428034713235	18.53190558126038	14.001418204382949	17.175387207074685	18.951361372654038	22.23289678503529	25.485490812941066	29.148061364346106	29.376156315467696	33.139298886038	35.24089959290037	36.00509694967594	33.61136302387134	36.55710606020145	33.66976702404906	29.863710299687064	31.92713157737579	33.19279581944226	28.3987935289957	27.02351687755034	30.625117481747292	29.259193303481666	24.224054406018706	25.27859448547305	28.13697154454429	29.696649966391806	33.614192231061224	28.520652253284545	32.89709486740131	29.353527567079496	28.032098169840403	23.36042431362847	23.14162771132998	18.722187423481937	19.775506528252613	21.407315897772257	17.70127090047034	14.27472787453352	17.864320187524402	17.858241507565396	12.77695781939252	12.964661685855644	16.829424040717633	15.041371895912294	9.992514584377497	13.776777325699447	17.141681057325943	13.7709108587656	12.472839886699237	17.46707801854066	18.666094584610537	16.24705766682956	17.984777114419497	22.233323782976033	22.048699506837558	26.63656899442692	24.78821368249656	19.91487024386214	20.931056410599176	23.15312972587932	19.85120014931349	16.2602555452673	19.350426094918507	20.273440540836706	15.18488291455415	13.997619780768705	9.329286293942568	9.914241622268928	13.669152238729652	10.969889392575121	7.136942090270579	12.340703909222471	14.16739868322464	10.41339996803363	11.419685429444991	16.200103213236297	16.07492435992974	13.470803029892437	17.00759450831414	20.524141171730236	20.386332010447767	21.552878963696557	25.34994574097694	23.681577359638776	19.98648466902931	24.026293723658434	26.31541212723626	23.422866461471013	28.32924229532371	28.76972588468458	23.311887566302104	23.028122484746937	27.0784217516133	25.138408994729925	20.15111435514077	23.367583483286552	26.318860730466024	22.416044034033323	25.80089156577482	20.962723840295784	25.421707581593157	27.323654869712794	22.668033274272265	22.18618925261428	27.271563380824933	26.43566296450926	21.961997368782203	25.11812217888448	28.908574608593632	25.561914346272143	28.03557020292383	22.740188325582526	24.36915369056823	28.35463960564468	25.912739817496412	21.48718586033887	24.16760993857904	20.635887927698203	17.32277585854831	20.24282899060361	20.01279718667693	14.84233850468005	14.862586280371648	19.061834158691095	16.641232400620552	12.35728187271274	16.745657515136823	19.4208783625605	16.797990308083484	14.08246813282198	13.64249555139335	9.210092777065114	15.130032692784253	14.578057926338687	10.372809185044634	12.686302736988704	16.00918922019136	14.14271178176676	5.184376114379282	13.854257284363213
8.823325457941024	5.332424493431763	0.0	5.566009248767881	7.609729345875303	5.375208127579403	6.237212302449309	9.597783566964058	10.904150127236196	10.396151362410361	11.78335921007208	14.490234710724335	15.848758841912165	19.609017253657864	21.87825159977143	24.99314265787447	24.809577861605028	22.63658692385486	24.719273254341473	19.635230924414532	20.417756380304223	22.256768251693856	25.019868364802768	22.517422656265293	24.380758020073184	19.016746328117303	20.134040341429774	16.524841185157374	11.940175766894983	13.851177571438363	15.617987438152404	17.960956997150653	21.877137087246755	25.05585631729764	24.80369144241268	28.91224382841007	31.197641407322045	32.21675093695625	30.456397734620936	33.21999017448982	29.808444715742855	26.469077875902705	29.07015998269682	29.818210636196774	24.742603766114872	24.189265354049013	27.97798967497408	25.990985429575858	21.13163886185196	23.178227123840138	25.98014688026663	28.082153879654918	31.727515902633904	26.56989702581461	31.106555129625146	27.191922912405442	26.676739808446484	21.8729116453972	22.88244429842452	19.113111274067638	19.942836692282988	20.245184323505605	16.537493646687	14.037724284473601	16.57785845941059	15.318770155894937	10.774822412703857	11.480198373799228	13.79961659667381	11.074246591422993	6.2768518848459784	10.621831392124202	12.778906291554001	8.679961919551719	8.316035511775928	13.419065788437669	13.819408735366956	11.493550369172922	14.073132152533528	17.705113842099884	17.127554272045995	22.0564434448146	19.96077370334552	15.093477121643216	16.816468290447062	19.34670967437016	15.813268976445716	12.36217203875925	16.43259619226508	17.512391113458957	12.528021893377593	13.306924541857638	9.416986095198059	9.758184050133183	11.387805652993716	8.025112429773595	4.369871313712014	9.040133829551769	9.674204135703272	5.213265711254956	7.045609862444237	11.369281898828877	10.757527330872973	8.495441970914415	12.368148874411764	15.53467147909715	15.115050389306637	16.26916994540248	20.01754179468069	18.443836543003062	14.84834442355786	18.882343625817086	21.26511650675878	18.72025376013056	23.651966876525627	24.577689758496952	19.197987928066883	18.634229174014767	23.14698351137581	21.779898470945195	16.699056835909598	19.927835614093734	23.431103179350053	20.463664043324652	23.21675062132607	19.13453784176306	23.557837880623282	24.545032810043676	19.504828197578266	19.70800089575761	24.422660948858855	22.761056124023312	18.30282211821705	21.922352677788155	25.05537552958426	21.3159541089514	23.609471804228924	18.408122511800318	20.76112730748281	24.650871425632214	22.02500533859228	18.068239788720177	21.467447934363456	18.740624992993627	14.435444756763719	16.84315246240755	17.951202388996375	13.146900491771687	11.549194915012336	16.298618499747445	15.410658351848669	10.579990341282535	13.945778110566728	17.764588209131812	16.484937648837263	13.550672339903809	14.542807372678855	10.814323611089854	16.037669363016413	14.072216584405277	10.994049211840847	15.018341343271292	17.051029093871364	14.843287153809602	9.511694099039246	15.334795706811251
9.558728532742228	5.523783734943699	5.566009248767881	0.0	5.311635354151284	7.070214512066147	6.1580133567486355	6.126434450890372	9.841370956749419	10.956851156448202	10.547732913251439	11.967019786981265	11.877409278689242	16.517965078763016	17.640891365955856	21.46914697788408	22.242338307351236	20.345255976918544	23.555794070054333	19.13689176667177	20.738688775962036	22.92645826436674	24.759148319833972	22.31311064687869	23.03181745640325	17.630217069936545	17.358676139031143	13.231095022440304	8.889024805098586	12.580142601628065	13.802328371686457	17.794907713837997	20.394296424528893	24.333001299762493	25.2041984962299	28.449017014714855	30.70278559620871	31.021110289982325	28.491739364410364	31.28381987513402	28.636693018170035	24.7051012485335	26.502446627489398	27.882978052669895	23.245972176386744	21.583027103333755	25.17119747225	24.067505375947157	18.962803472260916	19.83692802141083	22.891128206325075	24.33031558552198	28.12874367568072	23.000263226919447	27.41415795509665	23.9142287136693	22.67395422813503	17.882294021068283	18.0059726563403	13.919360593534527	14.892277695480594	15.99919786330786	12.276429362426857	9.093999601487894	12.731185193253983	12.45135472883516	7.300569876446398	8.357550745623374	12.217414931764528	10.515886773014627	6.375400021551567	10.749687241644887	13.725694708856237	11.347859548551398	11.527629138978568	15.727557336875266	16.96683768915651	15.924992340629364	17.902681733270672	21.050032571292807	21.280288771682613	26.51928020431404	24.726269278105654	19.845355759699817	21.49169799223878	24.580587940259512	21.232708863355054	17.57156472905798	21.513700957074015	22.989732454012177	18.034845426965326	18.227996904065797	13.744902865609026	14.129623451203473	16.712746045334402	13.453188156538731	9.513809181412924	13.990619185088255	14.9930381015092	10.011649229392939	10.767140482436027	15.560982788514751	14.62310037047315	10.639638504569799	14.580290844835385	18.327236382468755	17.816801606987163	19.676561688860282	23.243738319628818	21.933984326946256	19.107113248376297	23.227985028555203	25.555872372321424	23.31564994234554	28.53583958969305	29.57849116236759	24.144338556055768	23.848843114045128	28.530236672601966	27.08339479668614	22.146570384829094	25.474389854021542	28.961338562675444	25.843328501167953	28.53035922657018	24.101997383314444	28.227863195564858	29.586287581142653	24.612497391786018	24.151472605905123	28.86877050120438	27.518956487646136	22.71425437992923	25.696777087956583	29.107596948193613	25.003758632547683	26.458076797654257	21.5563542737436	23.940684158305938	27.229099395401846	23.87268204611853	19.641447720011907	23.454635448661243	19.83402427137235	15.996740251317345	19.748469357247092	20.513691691322027	15.341643653309564	15.169093113154691	20.197710254866053	18.74195395737633	14.625099632611834	18.83219945009097	22.118820053702464	20.371155584382464	17.993826225564455	17.801720337646486	12.987685222606764	18.40695382159162	16.42340423328358	12.079386097259452	15.589742604459005	17.383349596744253	14.307127699531728	9.526737377849638	14.055584705857472
5.551191994507163	5.400562463843752	7.609729345875303	5.311635354151284	0.0	5.314386856816522	7.447999077414817	5.555153013478962	6.373742196223802	9.688518489804963	11.016550723469868	11.227636314539456	12.11813165929359	17.118935752088134	18.869800729529324	22.537810123425334	24.08866051783334	21.100484227675295	24.31215168399965	20.08623405093873	20.507729141291406	23.76755175228598	25.562650136946424	24.04916403889279	25.130134570083122	19.33981787710252	19.70014006352898	15.340597916271486	10.959010732545924	14.41644022014209	16.97679439422039	20.445639340402092	23.315457098076987	27.22067658279386	27.595923722178743	31.09766578003967	32.55354718373466	33.4680503144541	30.44383451071923	33.94708451142418	31.548629688913604	27.213240098500073	29.300614524454048	31.298278220970005	26.720781462610756	24.757992629706735	28.817937030885215	28.218135649225225	23.058746334611612	23.666238136805227	27.16628002834492	28.0585014233938	31.45792829602154	26.03130781279542	29.898876578806906	26.217035875987744	24.614758113005333	20.612506429474266	20.421332496171495	15.548614350353258	17.87035584537662	19.3599370862845	14.868368073540452	12.487182787548143	17.13300673729626	16.450562945587603	11.279706757192741	13.471667504529913	17.201055763439324	14.734345964929929	11.09587688497524	15.88434902437165	18.363070416065472	15.037748315708303	15.54809539335133	20.27742306982407	20.89123731298392	18.988660622727508	21.596526318416803	25.038732104951542	24.4378104535608	29.532863373849246	27.01260178465529	22.33647889414483	24.39126881187224	26.565732221898728	22.60919659540095	19.695571681638363	23.511737357716967	23.895536247149813	18.543677718712456	17.712434318091148	13.870628802648167	12.53502034825182	16.180719978158333	14.627575219535641	9.540118432188526	13.3891869961816	16.22565692643219	12.334846909206545	11.094244397208298	16.410924156715268	17.081707843829737	13.126906056498264	15.651133474543148	19.738988450337345	20.49157353267979	22.787790571073327	25.9378586314279	23.82266129087227	20.793467572725728	25.47072717781784	27.011380769079846	24.040574773184353	29.610360484550807	29.758435878088868	24.145266273233265	24.846497644739397	29.070541041925477	26.66209177764559	22.18222020516476	26.15825142070326	28.840181035246538	25.144020506834266	27.586727724712485	22.416387843123584	26.0673115759678	28.297914067804605	23.756626445158105	22.206725442183103	27.117283382042313	26.780249365703543	21.8073485172278	24.02780399634802	28.220263249360695	24.644691536098733	26.456796601139043	21.416410989631693	22.70670971804483	26.137690955772527	23.355577217366207	18.62163108186527	21.273028616977996	17.043669881018264	14.380644956590404	18.36289500064894	17.715004650809277	12.404167845084395	13.896791750842064	18.28346026661928	15.637710825627435	12.461814751898407	17.618557180042266	19.7360184479068	17.351528297672573	15.855008294214775	14.420638041011667	9.14013005327296	14.192135388552131	12.678454204188915	7.71228728096052	10.556803296001108	12.497975715098795	9.715123322794007	5.931870118216615	9.171250017260853
6.460455713834223	6.899138289127737	5.375208127579403	7.070214512066147	5.314386856816522	0.0	5.028130800706115	7.214377638163956	5.996301354061413	6.368629056849794	9.380918807932986	11.274197539711299	13.713501617460643	17.44404072067584	20.52957758684621	23.297691431404782	23.721095590723664	20.491628806064455	22.5645394273833	17.719385982209236	17.47758606673833	20.441386445495223	22.997989118728583	21.47539002402276	23.578293225910606	17.79713506754325	19.556356322133574	15.743102670460026	11.098965819886057	12.78902161464976	15.99908528481522	18.000405877078634	21.996788928775715	25.2443054149848	24.646282210048454	28.856545560440782	30.2307192742055	31.819720960599213	29.471845339784036	33.019970341398135	29.956222331699195	26.091397438128023	29.017593864521665	30.518926921949078	25.547819275698973	24.56066645414835	28.974870884130127	27.67986508635019	22.69548424309246	24.430687130134938	27.901478298677407	29.365191137032824	32.46000135200555	26.883581859318333	30.85270063702593	26.648428484973877	25.915292350950285	21.892006496856165	22.960416811289047	18.624358394553653	20.784108613018958	21.048911393797365	16.407601093921645	14.954488607957979	18.63515448497651	16.63662868708645	11.902310463004707	14.541801950609464	16.856218244039574	13.21463564598207	9.939199625650845	15.094752443515395	16.345949009981975	11.918790953588903	13.212800101667069	18.100981435600396	17.675816772055587	15.264969116731498	18.750227376929857	21.87342061263922	20.419578791412064	25.461404765838648	22.3883760832326	17.983842978063947	20.703314979685548	22.42754490134585	18.05290724445656	15.855578356371009	20.13932961927477	19.97543842021262	14.635417504212702	14.843375720985847	12.046102928853918	9.708813383774324	12.029581008883673	11.188109831947076	5.822914078207508	8.398794803043241	11.529061386341876	8.444339998271703	5.99380050202532	11.282701595332512	12.716885547308804	9.448995381434433	11.31663202698933	15.165713712293687	16.39660575111199	18.696536056273562	21.574883988283144	19.08121397561798	15.869973364565393	20.729729287307276	21.929167018981374	18.78604117751037	24.422732663249214	24.483906610139886	18.87134340168525	19.8015644944203	24.04474313789922	21.65714508140002	17.322207717657964	21.562534170478028	24.25030583858247	21.06652259815496	22.938723713886723	18.12821449765768	21.706783719860944	23.45171391125896	18.755458230549774	17.4694133504517	22.24338235701989	21.565694170331472	16.590854808344986	19.132306337207144	23.07973494301984	19.521041544764852	21.70027931475014	16.4784804319225	17.880622650408196	21.632237728921698	19.20237106271919	14.657262252211645	17.356169081399212	13.960851077227794	10.42685008154928	13.620575859404116	13.679893562080187	8.48404087970472	8.74716911090533	13.418226092933079	11.724818878099704	7.98929044059479	12.734441990884397	15.466588316463122	14.076682705826789	12.499671620555501	12.230975498409139	7.843075570087983	12.264531026903791	9.548245129007523	6.0940294804499375	10.884118314112362	11.91585756777824	9.568881536352677	8.177940647442634	10.35894324847882
10.99738348546888	9.410372328872969	6.237212302449309	6.1580133567486355	7.447999077414817	5.028130800706115	0.0	5.428855952095263	7.246349238118268	5.494515454267977	5.548240014153175	8.586246851278554	10.591517103473102	13.654963803034843	16.732615732134025	19.284144879046668	19.16052450575592	16.520670842932216	18.72413288414602	13.851463193856732	14.87290870947487	17.133732021136844	19.369792846634905	17.26887470708087	18.953954769660303	13.28306394421927	14.816105537191612	11.236479539411969	6.644570640971246	8.108711575592203	10.979325400391831	13.3585485312764	17.064864618782494	20.468412307953624	20.38618696839036	24.244896055717454	25.95952375033064	27.13325737438777	24.887489453110096	28.175512269328554	25.113438504125416	21.281208840988388	24.130192353242514	25.50650926929228	20.545485829294254	19.60404995838241	24.022357484071907	22.70407504297196	17.741363514597612	19.680443744732848	23.199472683972953	24.76625072828327	27.71755947805614	22.16404523655565	26.261285033445155	22.008752871956943	21.634056209575835	17.432575823689916	19.19547890159787	15.532653346293658	17.379820654549217	16.76017944305792	12.248458985536082	11.584412787765645	14.59603502036475	11.862066836378052	7.603384013629089	11.170099189348319	12.610926498899932	8.606399894852167	6.863723430226903	12.175525232454792	12.62962916503734	9.05819191357559	11.792434177500981	15.777863090486473	15.325424835031361	14.29981514846216	17.793259946080138	19.886201832788217	18.920957764149488	24.47923750182685	21.68519812169008	17.290925638409192	20.366922788568463	23.010643243997652	18.919104259131483	16.449362553702958	21.273512492932575	21.928767067168675	16.996906939856476	18.388670218347034	15.268643908093754	13.991830899191942	15.15687340540101	13.13662931696183	8.81501950160595	10.970813214656598	12.272301876210413	7.974556316219386	6.129307849612751	10.77971649349515	10.847182382684457	6.005825223059444	8.709767310719323	12.769947511393273	13.330394044781634	16.224696017956784	18.961755442746064	17.003398531025496	14.711220096262553	19.41858106113837	20.88415296732473	18.631972214814617	24.322949358431867	25.222207082605355	19.826245576031262	20.324115023166677	25.165010800513556	23.60325169460977	19.240705861306402	23.165074879978814	26.516429382204517	24.166465078227557	25.64522670865081	21.581115800062918	25.01356984259305	25.954101313179965	20.977067816315394	20.229022163883602	24.456869557316807	22.96245690705471	17.93902015831035	20.556488983744078	23.750711702742986	19.365737180507754	20.43699314163523	15.683750136395522	18.244412804059596	21.223776584943746	17.723204725345564	13.60443143476297	17.86900686721035	14.765023984013732	10.311039297559812	14.129264651906459	15.752835702726847	11.09175471969782	10.386751361340565	15.712239476227047	15.42769818221988	11.848638881892587	15.53214662500518	19.049863480552858	18.5240700108034	16.82779337938378	17.12846967134542	12.867210665139044	16.984667524234858	13.478057612159102	10.434174255089637	15.397861341071888	15.436195374405143	12.143460204144786	12.225057066134466	12.881654167627254
10.747553744554256	9.897411908966832	9.597783566964058	6.126434450890372	5.555153013478962	7.214377638163956	5.428855952095263	0.0	5.558634631243406	7.530300385762287	6.4250023869599335	6.176568100651493	6.839533287399766	11.609432182362072	13.682307640071649	17.067770775704975	18.571724188582756	15.64829147973001	19.181629195590517	15.33549011522999	16.536355509102453	19.646656398428657	20.8353338065206	19.334457361173893	19.909872527315226	14.178307662148033	14.314576424074419	9.964271343392642	5.821730751070421	9.58294179288943	12.25917602648307	16.05837119010657	18.315142721327753	22.40199153024905	23.222773245656885	26.250947138996093	27.555682406652046	28.260342016592404	24.986961545828166	28.605369619098607	26.49440715999951	21.925032933243838	23.975496249662996	26.28560441422004	21.905777880657308	19.647220973674415	23.97364534468639	23.798560264080837	18.68678447707991	19.180405376322156	23.077199615214255	23.68516174945233	26.617174340275977	20.999092755249023	24.66322555932869	20.808848078431623	19.373983802733804	15.640633754966732	16.186763905322245	11.641906136813867	14.549203189623254	15.040520018604068	10.052718298741318	9.273898207817707	13.923113755470341	12.244425406041653	7.6274165683854145	11.686878420872638	14.511554555406317	11.688446808434845	10.144129205930996	15.075781591293445	16.462148350797232	13.946837918009455	16.0562658231258	19.93172279827623	20.188349874499725	19.40984161632839	22.398722483600253	24.708983297701003	24.188988306447143	29.757211601138664	27.10437081686796	22.643186033599886	25.40869585628067	28.11081230099558	24.045588928166417	21.351071720963777	25.860538038272203	26.518791392676505	21.33485805360684	21.685246753183364	18.053969816118098	16.641468473137387	19.123084745217234	17.320677289961772	12.406648070865547	15.222705648469155	17.370716580250814	12.996031313254143	11.048967815289764	15.953608751910886	16.24628158970842	11.166303330003569	13.236519671876726	17.488349883138174	18.286678462487167	21.419561045487445	24.02292115685136	22.079212415031577	20.063989675435067	24.819920470536946	26.109805050614415	23.739940784993625	29.578171718426923	30.16578353292873	24.68653590950075	25.56114913634242	30.24114787450613	28.229204289531452	23.98328709750629	28.087797468640627	31.132409625697324	28.221337491237648	29.88289528385494	25.191623995742056	28.38735168508835	30.0569225803222	25.34048494049894	23.765701595012906	28.152268570108184	27.3912442429662	22.19478619819554	24.048857394090614	27.81343667314126	23.585724414945844	24.27273143061169	19.80146585281619	21.696394548015476	24.25722157176892	20.58315447005843	16.104977511151766	19.854923751070427	15.639032887295782	12.612425599237449	17.430334834000394	17.829102462040257	12.932413196588792	14.219682347186236	19.13230328466488	17.655816028898723	14.892517468058738	19.545944295830548	22.137744653603445	20.768936783046207	19.600497929116266	18.617430187763503	13.56131562722497	17.686266800634403	14.724418735961423	10.482186185742133	14.359125987798148	14.277982545191799	10.353448390993679	11.471433376442588	10.141074578180964
9.003453105120512	11.094849492534042	10.904150127236196	9.841370956749419	6.373742196223802	5.996301354061413	7.246349238118268	5.558634631243406	0.0	5.2660532626310275	7.786602520820893	7.29008957867425	10.331749360150662	13.998766375221177	17.40150047668558	19.89191272420783	21.35339597898842	17.291390986443517	19.903247020124933	15.96925565866183	15.302464113738305	19.38168676121936	21.00919487783	20.503750823576734	22.09743918281818	16.22826960827219	17.86607028695641	13.986268503220648	10.141884317495572	12.00283353776128	15.974220773334212	18.23989667792105	21.40523684028931	24.929361437219196	24.65686130080599	28.332263436685803	28.834332265413686	30.522135671443948	27.29485279255683	31.511087490393603	29.219513616699558	24.70640855461434	27.478672555828823	29.92134522838133	25.413363939134282	23.596822074499038	28.35771066564174	28.094800514443968	23.124453763238414	24.080764470563565	28.124730359791204	28.707633715979927	31.194042006554614	25.405090962001374	28.616209941657505	24.415567687156667	23.22466989746166	20.241696007774436	21.109671347863895	16.46475012624504	19.918373270018293	20.220849653733342	15.017578450678407	14.824473933434481	19.37125171677644	17.073943889484198	12.726458285074882	16.77427886210141	19.15527842290696	15.44183310363331	13.704394861212938	19.02394444930515	19.85474284666983	16.11663189004746	18.408273268278663	22.839586400789706	22.276223562353177	20.52945812916719	24.235988461102536	26.760019225427826	25.222620055562555	30.521692588391367	27.071189379011173	22.988002765792494	26.24293182720013	27.94115142719114	23.298673387776645	21.57471600693594	26.032986202568242	25.560416393422727	20.24148550630335	20.19184519174284	17.661509525021014	14.608695528733072	17.183493100351367	17.12692889544343	11.746291442238178	13.103725481813951	16.749871301501408	13.794091333655823	10.037034138102202	14.872480197075244	16.876602232332985	12.537458968403811	12.883569436922237	17.112199167849038	19.25527009484388	22.56449658952691	24.687230940612544	21.880312528546508	19.62159671048157	24.794863358700994	25.201044542118286	22.1165338674831	28.164036213853585	27.8479103829985	22.339635167041283	24.232250601973085	28.3822474186046	25.532597522223437	21.933563101412545	26.605823682133998	28.85753897113277	25.75206153065863	26.838358125810956	21.76504156527108	24.297005618566597	26.54394539236337	22.307202878664945	19.764242214658836	24.13147140933363	24.255512451907233	19.01476402983577	20.092456175665433	24.500296652515033	20.90502103787359	22.13300566812856	17.533615125013007	18.226468489411566	21.04026294380067	18.25392004343354	13.349456389603818	15.686577265736249	11.063688000188394	9.195668876419521	13.925092062786684	13.024311837786652	8.186127630653228	11.087688578780545	15.159264544956526	13.009670361616806	11.492519233043154	16.503942117905368	18.05986423808912	16.703282350500718	16.547242548271566	14.95181963320827	10.33438715229297	13.060154745250124	9.735160457127918	5.99465656833841	10.197534251669152	8.982111884756875	5.1122338744864875	10.607573731178118	5.771108342746318
12.018356162556877	12.954406770690793	10.396151362410361	10.956851156448202	9.688518489804963	6.368629056849794	5.494515454267977	7.530300385762287	5.2660532626310275	0.0	5.095067052562817	7.318124116055367	11.315660866452433	13.228842889871753	17.707951967263575	19.247460119569972	19.269611148464644	15.344589971235791	16.7571096183482	12.082294447318736	11.236575574993575	14.760188424192606	17.07878585044542	16.30298295068347	18.769080485316337	13.020617438956473	15.987070848857934	12.908255179595669	9.202237273688674	8.861065799095213	13.307053231271396	14.116239597566581	18.207281173284883	21.103897523743406	20.09554698381491	24.29498614631098	24.88086099274193	27.02307675865492	24.540760564545206	28.619749784166682	25.698132126264944	21.69963951553087	25.20232014760583	27.07193265077567	22.264136297168438	21.413281945912367	26.39188359369999	25.485775088727586	20.794590641908265	22.793662513008076	26.716847026826677	27.858135203142034	30.043160144020288	24.244253357564155	27.61018635575531	22.98899420310701	22.79450751253965	19.693761187773966	21.86439327596067	18.07276748405416	20.985135794621645	20.010548655524474	14.995920298199508	15.657002351290393	19.028931953618443	15.53946914968289	12.046127217785012	16.40327537372544	17.317590409526304	12.742846869671224	12.186316409661677	17.383778702198658	16.872297710110637	12.854620369919125	16.268966321254428	20.20298478895786	18.77845957626057	17.32502749903317	21.605190767510614	23.313501359913033	21.293441469845916	26.672198387797565	22.914449505663526	19.217126113842664	23.13946756765672	24.850358323770045	20.100595924035648	18.94310052885683	23.87200217768397	23.37582149678801	18.436830825033397	19.753137813172113	17.82819328875449	14.83539860976047	15.699654494959974	15.652240857584568	10.994320748637051	10.831585284211767	13.652700191244676	11.205254575762824	6.539058058034765	10.46448973445219	12.713618147465827	8.564065764012115	7.725709532095745	11.912047066518587	14.4566955551375	18.1077396048079	19.75328912572046	16.80622008104791	15.006619395874573	20.22302867617829	20.3430405433954	17.586804478359895	23.717588348950635	23.761571523571963	18.419950528406986	20.341287868286397	24.758386467252947	22.406715660724355	19.01223927242603	23.657097891434614	26.22553634391012	24.04665984255892	24.43959515346236	20.19993712989582	22.578787244495885	23.871276399453176	19.381093833597788	17.435505763672936	21.295394641224366	20.599054637249367	15.328369862615851	16.72652613085011	20.444579968569855	16.31438219836299	17.22682864745049	12.64237811642304	14.174173265635204	16.876326327297324	13.696259423647252	9.010000558241023	12.6929402673245	9.29057147125104	5.199977216509293	9.92855180952725	11.040113256633019	6.91898672420316	7.717879751830804	12.443492340964998	12.308463523963507	10.464007132723376	14.175602302206117	16.715336911625766	16.781405899200372	16.385730487147754	16.17518316654406	12.50586892546588	14.77325407040681	10.244070285477127	8.61504710647315	13.846138303826502	12.075870340419314	8.924801084010367	13.90265801553253	10.483155210339595
15.06969999099738	14.471846406043653	11.78335921007208	10.547732913251439	11.016550723469868	9.380918807932986	5.548240014153175	6.4250023869599335	7.786602520820893	5.095067052562817	0.0	4.408899464389627	7.525058777613749	8.780796463882034	13.105184619616065	14.641401751941837	14.531603051348588	11.19189179191648	13.496344209837048	9.085443588398816	10.475033209533494	13.225320823027147	14.619568689750624	13.187448262593325	14.586602031181853	8.690870338989235	10.936736361755605	7.878565273849739	4.786269345158366	4.249173660033537	8.668667918753542	10.596519150135938	13.692730083725216	17.155618165531557	17.250833691196767	20.664498113753833	21.62237815949923	22.993380649647317	20.208472127294684	24.097405859404443	21.50176132185304	17.189113295511806	20.314628627743293	22.380747300270688	17.759926295559207	16.43960886575203	21.418626482657235	20.883196098336104	16.17275712547719	17.88859480974813	21.95860636047678	22.903294536172016	24.956935336485333	19.151498800475146	22.571061840424115	17.99010328669085	17.86814186125253	14.698163974026492	17.321346154015497	14.171691487621258	16.928668614462534	15.294750427200567	10.382031483278666	12.106259823763	15.00572528269274	11.075580423575639	8.50307528959034	13.601194945877005	13.98734967252484	9.73430717502901	10.900313408057706	15.619167616454629	14.782972935756018	12.26869371591275	16.255458534258523	19.28615098302592	18.285790185705796	18.15761248360836	21.974798415196112	22.96858835099864	21.77112748280774	27.49788392080629	24.313817831442034	20.527710145352145	24.318168121890288	26.93924680467463	22.653486030402057	20.884740500961705	25.98599597453851	26.3783390331722	21.634933504617866	23.344987163185895	20.654423990028803	18.712530452840564	19.529702643385324	18.21829255136569	13.945452045602503	14.754122071951038	16.212947642341295	12.615439148495662	9.501582561205703	12.876693050537495	13.432993437416446	8.181460225534153	8.32614857942338	12.398215691371908	13.875837818766863	17.914712160230753	19.50754366406333	17.37763092058772	16.49754475033921	21.27953252175284	21.87764829145753	20.05854197505342	26.000747699773992	26.849776764203654	21.7568805451213	23.01306598581303	27.868839342897193	26.247545297297258	22.609667949832332	26.81550837947655	29.9696470255927	28.130820068633025	28.671619979144438	24.81320936610251	27.370004015407016	28.202987209024137	23.506184047781776	22.105911410695377	25.666190368100573	24.36171463012238	19.23498826914038	20.759483533208215	23.773302493878962	19.056158639760454	18.754328246357446	14.943864629791578	17.486685090475273	19.238968815539536	14.917913804934656	11.029793407325405	15.991078539848393	12.803486460608616	8.900741051219965	13.66252514165528	15.671332315054443	11.974743776377974	12.169681253603677	17.092264316599856	17.394138248916647	15.158520990747059	18.566066542645842	21.61994393471126	21.701854137279515	20.877209635234657	20.78744933473091	16.605063838422286	19.56465182738493	15.249753743102113	12.849400469994789	17.77283674566556	16.109152454142254	12.26926834847508	16.444983568957515	13.161642660721585
15.649210979384831	15.81070258200097	14.490234710724335	11.967019786981265	11.227636314539456	11.274197539711299	8.586246851278554	6.176568100651493	7.29008957867425	7.318124116055367	4.408899464389627	0.0	4.640414005120248	6.719411628686728	10.83635307404755	12.676572379087304	14.248044143604051	10.236208873485028	13.751609544098004	10.773021116487714	11.846188142627035	15.478169825464905	15.806926383748648	15.29935561966645	15.744522924667185	10.136616490830209	11.202631496885509	7.790163183142147	5.983707864033299	7.223733501211579	10.9872392657081	13.706790122027273	15.45324709224034	19.27543675474322	19.964743136312393	22.632647461000605	22.973984847120494	24.10479003052086	20.364717022907058	24.69893969409167	23.017178605830885	18.110560852190066	20.611041904849877	23.57634172314778	19.581029073488395	17.190474880676074	22.128338664869577	22.621739059638944	17.95575972632346	18.499998237663895	22.886755922526365	22.95573879302723	24.739089214523776	18.881816202137838	21.653456545221022	17.348510772844904	16.34286518924029	14.064047310375864	15.863214069899508	12.217099267042277	16.060833494260795	15.086924482320367	9.86060991829384	12.067882448371796	15.929738193110225	12.739557892420365	10.184752556425048	15.425318830710447	16.65175491937783	13.186226281416669	14.042758040040605	18.739753981761243	18.53291387993916	16.379802640674264	19.928550530220086	23.10559632427568	22.490742947033574	22.30285458773618	25.933383961020976	27.172456418054047	26.13449096845013	31.857333957424622	28.648941933930672	24.810624997345016	28.46622570274463	31.012158579799156	26.62231572594277	24.77484722866654	29.734583677437804	29.982562235634777	24.988584871165283	26.010814605564757	23.113525082534508	20.87312279498905	22.51689810619869	21.499246550945625	16.690980288006607	17.853861157814887	20.057679329665678	16.37968920385881	13.07466946982816	16.880025374513473	17.777396453455886	12.499199987236901	12.447911188461664	16.47031709938031	18.21659096027957	22.31274484965531	23.79496515357586	21.57433472957423	20.75835273682735	25.63103102010199	25.999578260362526	23.978074733060105	30.036894909345037	30.521943618064945	25.37073948367387	27.020592281459905	31.704234668460252	29.642207876579427	26.151374705930543	30.585204541727222	33.436246097455836	31.187416646418	31.757191436207393	27.416314369455662	29.68668733582431	31.106921062879845	26.66646945578815	24.549692889581742	28.17568448657901	27.544920921665312	22.31674638909987	23.1341655305735	26.633085145591384	22.1959511726707	21.668563834732915	18.17141155324875	19.931363072538378	21.287611396155857	17.065663258160082	12.999560608761323	17.11349803792985	13.033575307346501	10.785123673874395	16.096254031972595	16.94855915330599	13.285907900143364	15.00929799529256	19.489183600140336	18.906542567291872	17.38740799355057	21.472222617082622	23.769702669866593	23.32517781593016	22.994743239484038	22.019266959336854	17.474082294978853	20.109553639741666	16.11122423671388	13.213851436397983	17.315268314220383	15.148818303156643	10.965636599806706	16.83191950463324	11.315773049360763
17.338000372346425	16.473506282953377	15.848758841912165	11.877409278689242	12.11813165929359	13.713501617460643	10.591517103473102	6.839533287399766	10.331749360150662	11.315660866452433	7.525058777613749	4.640414005120248	0.0	5.737582821744039	7.118408927162928	10.513609964594647	13.192005988861268	10.515517550979855	15.290512006960519	13.165525511709022	15.529057308382034	18.42173342870402	18.06481572846868	16.99670819205665	16.036934932754125	11.080511321914479	9.669154409164994	5.701672061223101	5.478681788676128	8.694178041779901	10.509278532191662	14.871132999209449	15.080407935336938	19.51609639405982	21.4343166291255	23.161146233195886	24.00254975089023	24.056388830298385	19.886894624368477	23.738485947329295	22.71154248560635	17.57194476320592	18.900512817878358	22.175955160492173	18.691697670475914	15.299548621477404	19.689095324835833	20.847461215592464	16.1553095928152	15.507400553486947	19.906697764932055	19.446277859269067	21.523194472437662	15.826507755100303	18.68697693913271	14.992038711641943	13.081687125290804	10.548984939122596	11.42298190670792	7.639435384880143	11.78645473825792	11.327598759495736	6.238368122844423	8.794502607615577	12.903879333659305	10.789504229670737	8.758136514716158	13.60739569797925	15.366201530460822	13.233806943470833	14.244718241311547	18.22548501246471	18.686184564179346	17.67461059427581	20.71648423525676	23.456879708847456	23.6335023835566	24.027134768008672	26.975354242690646	28.213756723730015	27.992163588512902	33.79035429023331	31.1876186351249	27.07960961158228	30.220114981274175	33.339150797231916	29.3422859909847	26.829219894379637	31.621645949747258	32.51630495088155	27.527396498758044	28.356889526541853	24.760564522534814	23.35320573271342	25.41030401947372	23.537770377210606	18.899580401082737	21.065319691103145	22.755464902240327	18.34217400069185	16.175316026968314	20.18929764974891	20.126370682163017	14.644803414745427	15.766403252946418	19.66751890813434	20.463840413340492	24.27674331471479	26.118717047319915	24.515439391174528	23.742524019308473	28.295974577714006	29.24723445034419	27.551850564281043	33.44353368008958	34.33482188990161	29.152361743941018	30.24325838255094	35.132586319661115	33.38237770553799	29.48980543295985	33.61914452083665	36.808695557993445	34.39191835275357	35.47254617650692	31.069921181349162	33.740010845777064	35.15180502402737	30.518150538250705	28.717481249787742	32.534135042992666	31.675226794605116	26.46395168627738	27.621481043086664	30.99123868861629	26.386615407753293	25.682097773376494	22.2715184227968	24.40700829692892	25.699406260012797	21.21280599183599	17.431118612906236	21.741682768539732	17.61594981464335	15.313145348897576	20.55491397256288	21.453402707366294	17.449854139622616	18.970569525008884	23.7282384893592	22.875757377837456	20.844208175517906	25.133273303294203	27.6717796716263	26.797623092683267	26.049475010922045	24.961781436641587	19.992539301829858	23.367354432497635	19.89443819149048	16.2255081296136	19.78738043246135	18.384921997358614	14.122724756790564	17.94888533063654	13.75402779260051
