0.0	8.150677685330448	10.271266649477685	10.576333915742776	15.66575285729402	15.693324372989188	22.454686041631174	22.110862985602914	23.309138400117984	29.224340870271668	23.745716504551574	23.391243858492047	23.791236934326577	22.02658861910016	20.433621279339974	20.32783100214208	18.93089974728157	25.685571153908025	17.31897355522756	24.482366677204304	13.602748211125803	14.29217953232678	21.84680566617829	20.86792575817181	24.37558366441982	17.38413427947953	20.368418015364234	14.292215886977642	17.96850711835088	14.861878428974238	9.811888863882498	11.495336297328926	16.387180320297972	20.524781985845028	20.595964212918467	26.27800513931277	25.216520461273593	30.136515375356577	33.47607979248875	28.915601235838654	35.764507765920314	30.76850763387186	28.337124679774103	31.742130345648466	31.13186047878511	24.39762012773376	26.455426072105173	28.421178243532253	22.5901860306589	20.188913566455152	29.08265430982604	29.043895694052317	17.679476034284946	19.404364382624504	26.92846490780512	26.622440071447706	20.329913146994105	24.379615622432553	19.749871984212465	18.068625501445183	12.933362077911891	11.200740210633377	4.72634654148752	9.828083661384735	5.12979499563864	8.916464206382253	9.376408081483362	15.478903764827342	8.60377220545197	15.326060485934565	18.2628054723216	25.18926790905539	24.160594560481297	20.15289600334848	20.131171665577945	14.249004811397093	13.26952104565693	9.557305617328934	6.838015550443649	12.901764241083836	9.261704647998537	17.602495185063102	20.191335137027302	14.820928762762483	19.584840980288035	9.286981449891737	15.730691035607157	12.004087201990245	14.399014668854948	18.2260943735505	19.207158104122495	17.84727980703824	23.34112195584744	24.76743036296287	24.03445427697996	24.74404119238067	20.12462420982887	25.867190772173814	17.095913074408188	17.33121922204371	21.530754876780335	13.80790367151992	16.110922384973595	18.906017381872232	11.149071414941552	9.143225603832288	10.077747621184253	4.451779506650498	6.240282589467121	13.961090951762973	15.119861247396214	12.249611906620883	12.544878482985125	17.433122856483347	17.183469033330034	17.585286717945202	20.785693106442377	22.42477956672978	24.93617148052547	23.582389072267745	24.597607593765943	25.820546764318173	27.104493338421356	35.398563452196306	27.615499367584366	28.47919124827299	25.459187579758268	25.70323621098815	32.971119754079005
8.150677685330448	0.0	11.041508048448444	4.401668035318119	9.416113594437428	12.02253421709973	18.220030184117743	20.284134979867293	19.8253472973324	28.167210939314796	23.638525226681534	23.160277440394232	25.692283302017294	24.563366720836953	23.390742345209755	22.06668304713247	18.910065513254	23.541226216534728	15.163095381799831	19.697578978353828	9.022939994927846	7.551010165447757	15.801084004460094	16.4364691092607	20.489164712515873	14.289686154415286	20.23987157238554	12.946709922724333	21.711920329011487	17.527732614206236	14.356791740406955	18.069143548723144	21.2618305883124	25.812158829213846	24.50968661823381	30.61636903299179	28.577664503457523	32.163980558930106	36.267276707561265	33.03767265783747	40.04936175709391	35.205244579137414	31.63156103950168	34.51363582908427	34.35303226050136	27.755106461694186	28.374939847000427	30.147182038475055	25.46637567075774	21.690224836188882	28.72563941938592	30.200803799443758	19.6159161485631	19.763542931978684	26.000019821258057	26.052464012666867	19.106362355153564	21.704515321579407	15.995875037889721	16.70655273662115	10.287603880223374	9.249378821425177	8.355048418448458	8.586036144533931	11.8926059996785	15.595199844161115	13.73953196259336	18.570832598699816	8.404546820019686	14.93188008509157	20.194544826560822	27.932493906128087	26.09706589636615	19.981278443764722	22.16341903786398	14.382971814237763	15.962961797953094	10.862893088707995	12.756733745207837	13.224233481661845	11.474378892270021	17.770182476344544	18.981819635531437	15.071007282738979	20.00161877259742	14.35442822603812	17.94381352118929	16.029737736131974	19.542768233927575	21.65581116026787	22.8059186616475	23.52032015011393	28.68843663817207	28.623716053274265	29.202165401950985	28.739248914753475	24.966288552645878	31.894324606404712	23.889926346028844	23.188822481811442	28.142014934120308	20.841105548210585	20.307992160954534	23.24555486658873	17.31326808965136	14.238638046838695	17.71619588737264	12.518051576890098	12.948348403129387	21.788265997461842	23.156229783708742	18.667849304629065	19.02008456983351	25.053797322013068	24.55320573273077	23.698589594148316	27.567750194801235	29.55974140140637	31.10790873413117	29.423361778113897	31.64505956537075	32.54589458744947	32.613847155338746	41.72407962559224	32.748292935984054	32.888522613952354	30.475264901450796	31.936813268399344	38.25545126695267
10.271266649477685	11.041508048448444	0.0	12.198178392765481	12.17073240674553	12.717712537291593	17.618270381280947	17.310719399051838	21.258475523965938	27.153116582699585	20.029764646286917	22.779644018031934	23.072582869133942	20.26466992022404	21.171578748983553	21.13586107628179	16.82855758447869	25.37281155103987	14.777178485373552	22.287614146522483	14.829856350269445	16.863797945879217	21.022279348115248	22.62481087736199	24.156669920150332	19.992693800525394	21.38261391796436	15.284458925058841	20.309063967420393	14.195699775687743	14.555953993633668	15.975822164791701	17.078957717545705	23.111024718825952	19.888635446768316	25.511659421777335	26.30441579086882	28.4332769743187	32.21136947149921	29.53686086517502	33.432053646464766	28.257476968494913	26.62982813989343	28.920078131082075	27.706170083432426	22.075215029567214	23.575409904582127	23.721834318302882	17.410639261977728	16.70605856462412	23.777836775800736	21.650774689114893	11.136682989551646	15.258983970195283	21.251894264494485	18.85035212356092	12.48332586516634	14.601599530925142	10.846660920884283	11.751231963109364	5.496832215204961	10.531266322050142	6.310538590899069	14.099936413195946	13.553578938525337	18.69379606467961	18.68204716000476	23.970711376376226	16.38339745195462	20.714980842653667	22.956002339960182	31.24254427539703	28.500826631628605	24.46544647936946	23.077778351137663	17.91065354248714	18.61191650325703	12.10963527146587	10.749700398253905	11.653792094609818	4.179952517654515	10.257511335203343	10.932419503401016	5.0516096709387925	9.935277015368847	7.562413641820059	11.542181127193883	11.465794455415585	10.652616639436532	12.984371340403465	16.427227506560833	16.695070342220937	19.212144715926467	19.51021267156647	21.5672188082047	21.381721886772848	19.40587785945057	27.49099483471765	19.42514203542345	20.98112965312974	26.50747403407944	20.845314085666363	23.059044556223743	27.22213649159379	20.274196554250853	17.082981163199502	18.20213964548012	11.509748138018942	8.727700120050493	19.514819094304297	19.108914439841655	11.306267267628174	13.511747366366711	21.55467771978847	18.16101975896499	15.740696775198796	21.866161952225937	22.418436148690486	22.0482729836444	21.3920869581093	25.670413041898495	24.064802075273022	23.165792123446195	33.77831604579252	23.86729200226825	24.94840420398981	24.52632369368159	25.35516773725466	30.60978624080707
10.576333915742776	4.401668035318119	12.198178392765481	0.0	6.8796651050122515	8.395499163422933	14.594349857671656	16.91562352348771	15.56164231626342	24.25006232307983	20.433505703735477	19.50104112152234	22.823412858641955	22.19657203234012	21.02569617981936	19.17344023775791	15.70598505209122	19.33442880568549	11.507782214121736	15.412602535407828	4.697514879790241	4.758991997824712	11.677325170264163	12.271785267296574	16.096878579666992	10.323958968467151	16.670676529761725	9.36921674711486	19.78672214445339	15.589523388742364	13.52074060549638	18.11912012129819	20.167342425380433	24.589775671513948	22.779487105654443	28.905164380496558	26.20331760506487	29.267408339793135	33.596973020848935	30.97744328145782	38.346146069530135	33.76120557176514	29.40163315909282	32.11094262625783	32.34356715743458	25.80772937431937	25.720515380111483	27.745076809240448	24.08315055822702	19.273018622902157	25.621187176985984	28.44952663346652	18.522411755795726	17.08437237275919	22.894025235102276	23.835486667518392	17.11280464214245	20.83911452729102	15.538330214304832	14.277103760315757	9.755906234203067	6.3342201313785145	9.570607022592172	6.139119792757797	12.919701738194814	17.434415502900148	14.226421275578957	17.90833749242236	8.372404318909167	12.263842375939294	17.721276698296105	25.849844090131477	23.382738052655572	16.809857303790334	19.42621604236974	11.434976049525082	14.152958808248757	8.950829895343304	13.077860492446783	10.699862169272356	11.694240452947248	16.210674468937995	17.797112584205934	15.097151987533278	19.678532825450073	15.005494255270161	16.43952139453083	15.12480162414007	20.194794401450846	20.95294265086883	21.380637998182078	23.26163274813685	29.05016651490404	27.871781293527615	28.543486065380115	27.416728314354934	23.833037094246198	31.050358292118137	23.934878220232488	22.43794538375844	27.828371013369452	21.33362627908439	19.23746350251544	22.69312298565992	18.150555576537325	14.200272125890576	19.14707718565009	14.777594608572917	14.434222347228076	22.856297961378296	24.914382377856107	19.96526911539997	19.403341326212125	25.76669560023351	26.679556921909498	24.20491507119124	27.64107810167897	30.43069233387115	31.934514173503945	29.34816987585357	31.87608824312044	33.655951238377156	32.89915148394693	41.61562246874346	32.40529614068334	31.779356144639536	29.264288161917072	31.591671942800268	37.37625368332795
15.66575285729402	9.416113594437428	12.17073240674553	6.8796651050122515	0.0	6.289251312473083	9.849531869193964	13.96858013421162	13.616610034940104	23.059238257658077	18.89925906157017	19.818707801076577	23.625927363356464	22.72582749804144	23.00003181080223	20.990147441033248	15.521899252611453	19.154206457922964	10.385876464068769	12.630032293519433	7.763708961679402	8.892758650113485	9.867094922278467	13.760378097322176	15.522268729557045	13.290185574645744	18.30139281021607	11.685691371509973	22.797690655884313	17.215051705773924	17.992009493827478	22.30277868298503	22.591656445518062	27.78594334274325	24.222565955079926	30.193577707571258	28.233900366670387	29.312603658986276	34.00670211120308	32.817196481294104	38.633563082832694	34.14663207217911	29.889319419208935	31.774993648394684	31.898780436094103	26.184766668275387	25.266930293550534	26.249533629349212	23.21678965475719	18.77831283579315	22.84677326346962	25.53231340534394	17.32140535610371	15.891443613599504	19.718453778949087	19.940184554955028	13.3140089288186	15.32561289826327	10.194588322389961	11.278845570657447	7.256607770570836	8.230013692980355	12.943928487427314	11.698785250157433	18.416774437648044	23.590508932373325	20.69719484286977	24.18048208223125	15.19587986387788	17.308968492298888	21.934515137392673	30.566840746322914	27.093473602751466	20.644653564452643	22.52140064609076	15.492660547298266	18.98721050705221	12.8290652959568	17.060240477415913	11.951765661997694	12.708940841569223	13.889484610556927	13.701110914693684	13.092844739272968	16.726249780197076	17.09071045044459	16.3879338328072	17.236486094980943	21.268283034474077	20.674848398023634	21.939067000902206	25.01935105377152	29.440571180547945	27.227386855874048	29.409060579489026	27.53057439111396	25.488563686247172	33.80867035234141	27.222691931038554	26.227144845382306	32.24157475850671	26.59386298120364	24.652024478817943	28.728885290259296	24.296352673339584	20.005484104953215	24.642054775479867	19.37417278651546	17.828163838955664	27.459929742863746	28.913847656931203	22.197256775742094	22.232464298974527	29.841661349921303	29.53793282909717	25.837106921477783	30.372592446279892	32.787932501024464	32.954094282054285	30.53286951533908	34.59961154264573	35.218632601345014	33.23697524767813	42.873310753506445	32.63783758636703	31.803021699270822	30.671361418715986	33.53491416905513	38.03790734959401
15.693324372989188	12.02253421709973	12.717712537291593	8.395499163422933	6.289251312473083	0.0	6.910072726061105	8.649209230387184	8.854020248823678	17.180904832599072	12.954170133843789	13.620509444912255	17.424096088398034	16.84163836036869	17.148722804834083	14.969192630586257	9.3035446883945	13.80830357048374	4.1055487451697585	9.680660048961823	6.241623967795124	10.87486928666839	9.449903411779756	11.40098782645009	11.64933645331427	10.04168464609195	12.425811865678744	6.664512516058102	17.432229158751856	11.998830721097656	14.36866012424664	18.886255677039493	17.815274253105954	22.708568117355007	18.75986422384133	24.586879634061027	22.257775099698016	23.112005044866002	27.832864416243762	26.90460654898234	33.087861606259104	28.86751847507555	23.986401669064577	25.905370241221476	26.367464852845142	20.591165667345816	19.30431028637038	20.825053544119523	18.707107982548035	13.133597085530864	17.587668725883002	21.622878166387775	13.75325603887807	10.264422319036031	14.723639240887175	16.367263629644384	10.380295202718283	16.221213646981834	12.905420071714962	7.205291541440889	8.344925805370902	4.814170149542365	12.32211124586324	9.548441638068907	16.76375850020335	22.582889735524446	19.037635160101757	21.57516634852444	14.723244102600486	14.058444882664723	17.163103146484424	25.965871554517467	21.886998695197583	16.238010741327887	16.972497655746473	11.151835392406717	14.912754507092421	9.19403165933217	14.545798981750718	6.867205062829053	11.255926485051091	10.56155307430697	12.463281853653474	12.595572404869433	15.650988291012643	15.02836486235021	11.910074069054549	13.181969858308122	18.968248929828217	16.989859021186597	16.999567507425542	21.056153749867743	26.46748543203649	23.275414184817386	24.962858810833218	22.5958343866136	20.533465242282166	28.807253009763674	23.362208196689632	21.715679470877753	27.98030633261181	23.586830757979524	20.84590355019746	25.54066083989807	22.25791747618476	17.43608806666208	22.778541863591155	18.723192593083517	16.508560941592535	24.802993959756463	26.971014085028177	20.360617931581462	19.115492552516926	26.611030963613896	28.238548165867844	22.821085993442836	26.41236076098916	29.75060563063598	30.24541310586678	26.665725632775807	30.669385499105925	32.6372301065554	30.040011438838732	38.64187596234812	28.67531268143766	27.023822669627926	25.48889525353032	29.092220515008766	33.193758767645036
22.454686041631174	18.220030184117743	17.618270381280947	14.594349857671656	9.849531869193964	6.910072726061105	0.0	6.681826460836916	7.038471774038099	15.212895161943091	12.288497286982233	14.425339692921767	19.0041803240781	18.813083303671636	20.319494932622906	17.88502552363063	11.403490629286658	13.308729164516924	7.3160142255191065	6.874446378423109	12.055447047077601	15.915200791741555	9.81009918734843	13.766391879086967	11.189216107720991	14.198821599119485	15.032572322496668	12.107807918676816	21.695891964948512	16.343530930577238	20.52965825640544	24.7790986257651	22.231684355733584	26.98232085149003	21.8380367123634	26.9115860614687	24.798092660249825	23.259936780776457	28.215922043576697	29.16600238325839	34.028219186178454	30.3712032781075	25.193468437995506	26.023931952208592	26.775550820028492	22.338031865058294	19.63833415928363	20.243745875490323	20.178413302424502	14.795013661353021	14.839402141553421	20.38002339186744	16.15986523379465	11.628461668227315	11.744343750155489	13.99191783008518	10.044172148094455	14.83641475983522	13.501272940154609	8.359674003863695	12.561536465706212	11.647754731754107	18.749268938630376	16.157582077275396	23.531683581157633	29.439919442529586	25.74887649581108	27.65909300943715	21.363476917165173	19.39315871707903	21.780075825164353	30.217443656855725	25.385508185636073	20.155892284819394	20.68712183320798	16.532671793203697	20.648658917699514	15.6660935223003	20.869355954282483	12.317653058603469	16.69109720141089	12.379333406596581	12.654386725901063	15.780794228571489	17.04367170494485	20.520125495274318	15.340256307296086	18.303308879782215	23.393703767418895	19.859822661595302	19.903458532619915	25.182079011834716	29.5743427417616	25.006133134150634	27.802306021607684	24.500282400586567	24.036090643585343	32.58433289546555	28.408920527095745	26.74579059754596	33.159807285004504	29.793484803360137	26.551545337885955	31.419256296400892	28.910263495332213	23.995047915970716	29.393275999097575	25.30347421671358	22.66111091569315	30.884358911446625	32.910739839539495	25.600267748231904	24.43514612055318	32.20567873750356	33.66126527618413	27.14532610863379	30.92054941007761	34.27073126179891	33.84210218235325	30.027763757121043	35.015050283987094	36.640215301159934	32.820634521188744	41.402126407593975	31.000910121269285	28.661497590406768	28.256130753088325	32.63913881175404	35.1551904390669
22.110862985602914	20.284134979867293	17.310719399051838	16.91562352348771	13.96858013421162	8.649209230387184	6.681826460836916	0.0	8.069575145690537	11.157721149725711	5.773672887806084	10.122434913097395	13.128276898235558	12.580132061254236	14.985300069582625	13.12121800607412	6.42672013649555	11.889066890307987	5.985643095708531	10.805030391652988	14.141533254196357	19.255563134301333	14.673939662759446	16.203558170758665	12.88481682110022	15.240396887524085	11.905985086814292	11.211818382342233	17.051207170812003	11.838426284053694	17.881443309060796	21.32779591784813	17.279153678782325	21.84297547774235	15.969175822097629	20.577039535887167	19.13309627126356	16.946830734992535	21.835617158586516	23.038244643876652	27.36099931092578	23.82808255209641	18.628971137638082	19.368512942337965	20.11719692526234	15.880928291982439	13.013380490469286	13.68746624120527	14.353696633513094	8.619357043292322	9.047650779375584	15.20123010497916	11.86827725792844	5.729823992030955	6.170434506543141	9.87436658555899	7.657175664929783	15.951129750629743	16.01158025933223	5.798771046307436	13.658570244668928	11.676561377781637	18.032467014871717	16.37632073760604	22.072277104131096	28.211974246032142	24.786322136011126	26.367966568001254	21.977567234111188	18.959392852062567	19.10383612360436	27.30649559473547	22.139477641057102	18.805681719642628	16.88991959193774	15.167761171453922	18.37687763937832	14.160525498139968	18.56229154036452	9.807354863323472	15.189557984845152	9.089338803240246	11.54805491208229	14.710497398561728	15.110668986589918	17.933572748961854	10.747870218476034	14.508227439916645	19.87062041303981	15.083318277092777	14.187150533879802	20.191795962664543	24.7927823213964	19.449991144131847	21.962331247204077	18.271506590001035	18.357057077580865	26.84193528986645	23.821645774728523	22.2292322662596	28.653585113515874	26.70476536851189	23.903352239877957	29.204698590509608	27.104465597199393	22.21238501872877	27.17566428031977	23.95599439891301	20.73358096318705	27.537254285797957	29.70150899977353	22.536128086823823	20.623727848529683	28.119117528947978	30.59727658025655	22.746154700186132	25.849431253846628	29.596379783936133	29.18268239516637	24.607938128118327	29.74969026539429	32.06517487131372	27.69530123993564	35.389418362145165	25.29433645706163	22.388221470321348	22.071571549806563	26.879657572484223	28.792661428284333
23.309138400117984	19.8253472973324	21.258475523965938	15.56164231626342	13.616610034940104	8.854020248823678	7.038471774038099	8.069575145690537	0.0	10.563508438661216	11.098621839296724	9.48639778051723	15.677669620379312	17.051810335894338	17.23142595662725	14.004237751617044	9.51873048965544	6.452892213679157	6.906809605205576	4.067050833161374	11.364251401261976	15.860119518919348	8.790714469941808	9.46630427513382	4.944749133975931	10.176163014065835	9.898075177404918	9.754806227856555	18.695213994247766	15.38895952508465	19.04481130245833	23.768572509546438	21.080811224686872	24.43854583808267	20.304014146049777	25.044521080122536	21.083123610415303	20.20069553230792	25.09960674633875	25.960062150257045	32.759492330808094	29.63468480823727	23.13702485302268	24.36384573519887	26.002792226065687	21.22432194945199	17.969683508402817	20.21001931557072	21.533281983717142	14.503851271751335	15.040857459104986	23.14057898741611	18.79627408261445	12.043340862409629	12.898639591190136	17.727332463740193	14.746018709000486	21.49774732673099	19.86097028985355	12.035653973089794	16.919878711795636	12.276833075600756	20.337512680814985	14.849393874774622	23.03425365306924	28.556103155373624	23.909527160794497	24.21752288498621	20.122862671529948	15.44963649568059	17.15801604387687	24.817642730608455	19.782671237312982	14.666130299176176	16.040064472256848	13.044529355649798	17.4913398217062	14.776190380815892	20.965821565104545	12.153616182517359	19.168533493672427	15.925357564164747	18.11455294892356	20.220918985462138	21.941601072877344	22.15600485784073	16.562079154324007	18.428931554711223	25.49096963627615	21.781826213401374	19.94725634939612	25.474149398749184	31.544634595483306	26.72178598721097	28.067420365085187	24.624818852137643	23.172267106825927	30.578597137924564	27.612041322820932	24.589763300693065	30.610724193058804	28.035935726472314	23.002659240210363	27.66240234792676	27.11511156204051	22.17437253906682	28.551945954956018	26.10070524588599	23.910120524747427	30.156252855715106	33.24058054446974	27.26879857455358	24.801904542675242	31.36595516924576	35.217412136506134	28.359228811261055	30.416538872747402	34.91441734641525	35.61550388266558	30.707152697685004	34.49919263801104	38.160353020651506	34.597674793525705	41.49362836370096	32.123887691419796	28.94249384068931	27.100219962876523	32.11449314170841	34.877017213695225
29.224340870271668	28.167210939314796	27.153116582699585	24.25006232307983	23.059238257658077	17.180904832599072	15.212895161943091	11.157721149725711	10.563508438661216	0.0	8.41275683429787	6.465809218266592	10.47825591231004	13.322382517825456	14.299988091520975	11.812060762001108	10.728083111349882	7.467491747657231	13.392718307667153	14.062018024917903	20.10500951084746	25.279853031799774	19.211829736870822	17.880428409134954	12.679814627594645	17.482028957124456	10.449031881923856	15.76094564995044	17.321133165879306	16.40894984583214	21.94921576402484	25.291619645636207	20.30083445166019	21.877225940192734	17.350209161468282	19.75086114933526	15.67473343143343	11.818946750196405	16.360537290604725	19.503644106281282	25.560648015954694	23.86083725841359	16.50952989729472	16.750809767839506	19.47403723132188	16.64771602703168	11.884029304161011	14.81789603176045	19.66560684474815	13.200394394967201	10.468799979893648	20.800801016320403	20.323834529285612	12.77065270525581	10.932350140979635	17.725874555007735	18.414162308774475	26.805808864449393	27.08089687044479	16.545797575139485	24.02552464055212	19.23978613565708	26.04627662311403	21.554043559913794	27.46163276747043	32.863057462742375	28.445349191972937	27.49084879308019	26.832098533089553	20.33304994581489	18.011986310818948	23.58692274396364	17.819877105342147	17.07579502816106	14.759430873064915	17.40368624123851	20.193376596461196	19.772176540277933	24.646336311024175	16.622392323118333	24.103991819517987	19.066337572319934	22.403951157215456	25.1273737806926	25.411733846099576	25.613592765502847	18.063677555184846	20.438074757645325	27.41543300874032	22.11154063354915	18.451327081252014	24.760335054523267	30.796647170733277	24.6429980507211	25.205865673625084	20.99501720574039	20.79588755797833	26.618856750061294	27.05410568899526	23.615746729720406	28.9843656323666	29.471630484030037	24.3265709548936	29.18843161423456	30.412349286338404	25.80673084083321	31.5906915315478	30.748131628751135	28.0281418364264	31.523433982565457	34.97495668711396	29.72197142398043	26.158896863107884	31.428636210886157	37.25351518779857	28.61820508042164	28.85779884687114	34.16552231214943	34.88180218148073	28.695635959383928	32.2803700238118	37.4838170876929	32.89317998498967	37.18014927774156	29.235301113327218	24.576941694161306	22.761791166549294	28.89124218947931	29.644472348405667
23.745716504551574	23.638525226681534	20.029764646286917	20.433505703735477	18.89925906157017	12.954170133843789	12.288497286982233	5.773672887806084	11.098621839296724	8.41275683429787	0.0	7.391495994101806	8.113881396095818	7.8754327630210055	11.01724458012082	9.773453122611448	5.395156624892922	11.756492238122176	9.222170076448673	14.79524332362993	17.410977180422094	22.928965993031905	18.97485706445874	18.79650856632563	15.139641940858889	17.159708397692512	10.460084602593726	12.7712844147167	13.953837265041738	10.318333826370614	17.35989108459173	19.978063486712703	14.544700535771316	18.123624210781262	11.910822499503855	15.581179256514	14.248668200553798	11.19138501267007	16.062974774609035	17.720462547321468	22.105343255375296	18.99438407108849	13.12657909033112	13.837369491952831	15.047694270959589	11.07661844928863	7.421770921260417	9.161073185397607	11.779273014858932	5.4592407092490465	6.253255870568308	13.72941404295433	11.99588900097984	4.87173743563999	5.522351931177456	10.805559173923296	11.043094355099344	20.188418596424928	20.81845541108838	9.53614131084823	17.618346538545374	14.45174934377155	19.886610299579445	18.241414690932388	22.531681302222427	28.45522968975666	25.105794719765452	25.905330153201042	23.716081292407026	19.486885393151134	17.464633565018392	24.75964571858727	19.387830297304383	18.17922873171094	14.19121937648997	15.454526805915885	17.636389969791157	15.169189529001565	18.767364000867968	11.024204913771374	17.037150237945355	11.089545353066821	14.937833413017753	17.434737107666994	17.338013894667306	18.440128832196624	10.249999773238212	13.79780076269827	19.57213616084918	13.948002480935354	11.215017724739607	17.802761313901986	22.97976397160465	16.960827935822582	18.498714664255083	14.352654737394653	14.773409075159218	22.52755244705045	21.305177416077296	19.355994696513356	25.46511233618966	25.20085608198636	22.347705106162213	27.76394760096722	26.671588732485567	22.024032280481915	26.6863848775021	24.767407727028697	21.425009089572463	26.100007291681514	28.646597097981854	22.32595779043295	19.438597619770377	25.943193674607773	30.010037752245587	21.16175471428123	22.864573334281403	27.30394273698456	27.274026557459067	21.70020382559938	26.467278113840923	30.082210183522886	25.3635371832396	31.430814287404193	22.18807282763887	18.34804146089233	17.595569925901906	23.103837955702094	24.34792388511608
23.391243858492047	23.160277440394232	22.779644018031934	19.50104112152234	19.818707801076577	13.620509444912255	14.425339692921767	10.122434913097395	9.48639778051723	6.465809218266592	7.391495994101806	0.0	6.828767554469706	9.744688723031498	9.075311973604391	5.876839841544662	6.185473401126673	6.382565226702557	9.640520039480368	13.486349979624153	15.529479697209124	20.893185431522106	17.098555458731457	14.561524751268255	11.208937790917327	12.823680467659608	4.2942900712959755	10.32006716826794	11.453177877922329	10.961014174338185	15.644541606064202	19.214616833334993	14.995830655380043	16.682391200573672	13.042178491285771	16.774771596787584	11.860465542497407	11.750946505606228	16.34736688297981	16.740869921291118	24.776906103457616	22.139482216810624	14.844009593414752	16.71435325770238	18.9186933344916	13.98745438849636	10.81564393046198	14.906030263532744	17.289982322919197	9.917414858867199	12.68810055385016	20.921965815030873	17.118783762833356	9.683788681623911	12.313070338924627	18.041497730593825	16.71019466340605	25.73228159560472	24.87889013533389	13.984766781920984	20.324732501199893	14.305061056577669	20.632145978821704	15.857475571734609	21.226980022913295	26.468052115030662	22.060277210850487	21.239781812709598	20.93794892268848	14.52066284702913	11.893151697112511	18.538928862072023	12.913357629370307	11.7246097730342	8.77191584615022	11.289154466777852	13.74809637088982	13.869702960318332	18.717671766458444	11.402304468837588	19.324579051988483	16.241470733855316	20.504558965982735	21.67094412639742	22.953669289377594	20.43665731790175	13.922477196263964	15.03576183489413	22.88431781996319	18.58609766508339	14.56528145002299	20.175378728825958	27.333021978110665	22.273548440357054	21.876930102547856	18.428549476910273	16.45326278467162	22.420512430783926	21.663495847073303	17.872959829483943	23.420547877264447	23.182289697140522	18.016085491558645	23.02233664758343	23.949642957449555	19.372917805145214	25.25346730122562	24.808785855374527	22.416239204606008	25.49096475089558	29.212764861363937	24.608558571549377	20.735582610642084	25.73491587636958	31.98873700245293	24.069319514027566	24.04424443953149	29.541578843252896	31.077875467337645	24.982718652469273	27.754685402031637	33.372091157972136	29.7955045575938	34.41696106984939	26.543176897016487	22.540852425859967	19.4396925264175	25.04032389415241	27.57612193118697
23.791236934326577	25.692283302017294	23.072582869133942	22.823412858641955	23.625927363356464	17.424096088398034	19.0041803240781	13.128276898235558	15.677669620379312	10.47825591231004	8.113881396095818	6.828767554469706	0.0	4.345278182466757	4.561719361098412	4.735667453236789	8.207487380442046	13.152793059447259	13.509535966243524	19.728460418971295	19.7296886895859	25.197484372979606	23.052174127670604	20.530298998946915	17.916390347209447	17.895318164381443	8.813464589903868	13.893875192488832	8.226815520759592	9.340677653056739	14.974754854274583	16.637290635736672	10.801544733841414	11.647147895388242	7.372949035354626	9.994797526462897	6.20020624793928	6.764451383664458	10.85521303412642	10.361015319248905	18.26549183961137	15.589175418779117	8.264204008286384	10.982289831519287	13.00736374377204	7.85793911019344	5.889049266387388	10.973745221539525	13.282716819121504	7.701611830010536	12.545803563936518	18.343443089090485	15.315876729901305	9.718355356320288	13.253831296682879	17.77896034828251	17.607113756259835	27.06326951165519	26.928285549163967	15.537542071186545	22.053623060589018	16.897789195402503	20.972548686003993	18.56758793234631	20.91429511994558	25.924929215294096	22.57317741440205	22.031953372692623	23.183497588171498	17.720275376637762	12.925714842832031	18.42527731928435	13.348429664798623	15.285231276070533	8.716686995865176	14.098820290458354	14.395229365730122	15.194043767014213	17.750737382846314	12.79371943534657	19.1924368330188	16.116400724603672	21.088050131098925	21.66132083531404	22.289357394291116	18.89105268705781	12.249050034226356	13.152292275820377	19.99306663328376	15.366683021349376	10.170563725811832	15.510200403662445	22.631417488190415	17.578396330752238	16.070208243125876	12.730760931696022	10.922139733614653	16.218883746582453	17.13620971038698	13.824728739465058	19.061843088171962	20.741082088354208	17.358596157154764	22.511261184862665	23.17621039789381	19.211276750552795	23.59166056621841	23.966705944238484	21.217501926612083	22.325971065800776	25.84132057207796	21.86857485818912	17.510881332826244	21.578544281861817	28.552343561745563	19.846896040054652	18.70097594574173	24.450475589218772	26.110486364652882	19.444609010327056	21.99215945576295	28.292644909460922	24.548333068486475	27.88019798356889	20.870343999910922	16.50794755959439	12.896908588732513	18.836733367328787	20.98462743141693
22.02658861910016	24.563366720836953	20.26466992022404	22.19657203234012	22.72582749804144	16.84163836036869	18.813083303671636	12.580132061254236	17.051810335894338	13.322382517825456	7.8754327630210055	9.744688723031498	4.345278182466757	0.0	5.197360394213687	6.957821590366815	8.063365840059564	16.03572100229545	13.31838302279383	20.952840408931806	19.832095607182122	25.274805262739974	23.963403210378704	22.216648131596394	20.021809761212747	19.287215158641086	11.26879829229609	14.219676214846894	8.302374045129211	7.256430674927627	13.935830786650557	14.749192747162416	8.145863010478127	10.77192769671711	4.2785119443879385	8.154936666063866	8.038774816655103	8.42684465951364	12.052676522712526	10.897531882483614	16.68106386892173	13.016127103262876	7.252444963262172	10.13882595494623	10.871494624701503	4.482645345571813	4.780097363866674	8.706454042524042	9.085925428968304	4.800463125924315	11.93707704474692	15.151616388930792	11.591128662713063	7.76168402838276	12.391885595821838	15.342137205257567	15.16849681099564	24.467464364674655	24.646732239626168	13.571168494747363	19.889666564843523	15.975473020938674	18.819119322600635	18.417166805542802	19.512556542475586	24.784891233114244	22.244119641973356	22.836036630346598	22.991559232862784	19.0454145639677	14.839310048860547	20.993792419483086	16.4391219610575	17.76805840475791	11.121217548814883	15.016737911493115	14.904041919208048	14.35282001049772	15.671833048992179	11.559130986629018	16.450711169958065	13.14640777056131	18.252361568325806	18.521208134227088	18.79504447975083	15.79474416842062	8.904863764812108	10.415347956759767	16.132029935260935	11.184324253352893	5.944728754234818	11.768083220287485	18.38620677039135	13.331642617135259	12.22291683389702	8.808060280890711	7.530693868465857	14.652512644753918	14.532609136502183	12.613490050405524	18.30000021850064	19.61849785009819	18.06820656374627	23.39541900688028	22.51645267484439	18.646529058820104	22.054383096281008	21.751611757475864	18.553121022811432	20.24625367042769	23.0633868577815	18.374431113288917	14.385260664728497	19.300432313026743	25.102133589731277	15.951917285518244	15.728681529845913	20.929470796987864	22.035571423772335	15.563862719569721	19.125710926147107	24.397761103513925	20.40988482347472	24.824857010924756	16.90650718219785	12.969464517156112	10.152178713117582	15.799417163848048	18.12764947568339
20.433621279339974	23.390742345209755	21.171578748983553	21.02569617981936	23.00003181080223	17.148722804834083	20.319494932622906	14.985300069582625	17.23142595662725	14.299988091520975	11.01724458012082	9.075311973604391	4.561719361098412	5.197360394213687	0.0	3.676739066216556	8.934890784569538	15.073628137779176	13.738793597255285	21.087501917614073	18.4706416730434	23.646218345976287	23.32556625371799	20.270178407100207	19.01541840729031	16.91371776938057	8.869464603276404	12.621018669201211	3.714695825656355	6.995284360332324	11.105815689832859	12.35083151433379	7.152758666618968	7.712076109328653	5.323545729970241	9.436403428687738	5.361929934709041	10.476150337219963	13.494786260240692	10.053599093963491	19.28726859843677	15.939074423532343	9.861122455522974	13.632781796116555	14.868252308419066	8.422516889788334	9.163119498831394	13.777621735607651	13.531244446449966	8.549216242479645	16.163260296511364	20.244303478486025	14.801483982842798	10.637626945294654	16.318002374515505	19.84208645224056	18.36653416744121	27.64841546150105	26.75080878119426	15.968979111829276	20.98193458153648	15.373093059848975	18.166912436686015	16.153274662219243	17.034626666374567	21.698388349598734	18.64583615990678	18.28993238590341	20.127703320124187	15.356677904373823	10.101149933981842	15.855265745807777	11.599011916873257	13.736483452152404	6.391544690665843	11.849833637014749	10.864083673775953	12.55425873116627	14.183932031539486	11.303208630051206	17.05666883031276	16.082335551696897	21.393802813713325	20.625901487597222	21.99764624577845	16.043627698540607	11.169674122886155	10.26204830344509	17.55909551712409	14.279651464317814	8.97140614121124	12.769142997422051	20.97598892388801	17.31556578020945	14.683071403668926	12.586610186667556	8.4846870367959	13.532267496090805	13.232792722471833	9.407861140173825	14.906968708037905	16.190840767475763	13.302661337034275	18.517928985400218	18.835919462609027	15.159459089699709	19.207676414725885	20.2419510067713	17.858854644352366	17.95769472925671	21.788964972761057	18.744332210721296	13.965519094756171	17.39494000693901	25.05129709439543	17.135447443788983	15.398744177579351	21.41193278133768	23.97259580058903	17.489993543856627	18.94694603970231	25.78212254848728	23.141390662361193	26.56520508526743	19.96588108239571	16.517080829271997	11.571020579023099	16.59396927556446	20.597870946119944
20.32783100214208	22.06668304713247	21.13586107628179	19.17344023775791	20.990147441033248	14.969192630586257	17.88502552363063	13.12121800607412	14.004237751617044	11.812060762001108	9.773453122611448	5.876839841544662	4.735667453236789	6.957821590366815	3.676739066216556	0.0	6.9651178651136805	11.512250597730139	11.372452873720468	17.840695269478143	16.023180491065776	21.278934343780424	20.165751437798303	16.90344047011708	15.436764479818958	13.817858439484766	5.228976528208093	10.128317109112551	5.602785202517117	7.428782070186704	11.308082701032234	14.032482258639162	9.873429848428252	10.92007094491125	8.571370412682294	12.811756483416715	7.6405697726528885	11.363678127031978	15.116281240085964	12.888096569406326	22.21123432695496	19.076509701692153	12.369177102534293	15.566396473625614	17.234717915606407	11.080146423816116	10.213402062464972	14.90157606983191	15.369057937121113	8.86092110167538	15.497389843894137	21.197021941970938	15.622055569749516	9.947511021243868	15.293247353007725	19.637933181287043	17.71403304672346	26.98855342357486	25.759139567712566	14.915349124440128	20.083207205864998	13.727434087298503	18.045254664336785	14.375409192449867	17.264836115641423	22.142582165374915	18.280547668326662	17.560861904804405	18.766978416122875	13.023319965405957	8.446739838828693	15.189116226790544	10.204793878803537	10.913366934532558	4.613515491526263	9.521757341317008	9.87512760831276	11.452492986446876	14.788720022918882	10.070905753551708	17.168833473884813	15.96253829438813	21.031414634797617	20.68879768309338	22.371726092962547	17.05213049683763	11.822001555728267	11.278701916941456	19.373324027785205	15.994451304684228	11.226248102028919	15.641263022033769	23.726382066524113	19.741695396643312	17.9206145668057	15.41012802658154	11.795408690848092	17.12226583995479	16.17930406757804	12.041437313534354	17.561212339110387	17.753816778796843	13.330149486713193	18.56693829433252	19.317885621690927	15.1446225030109	20.350244898018108	20.925876410884463	18.721767141088744	20.06623493411214	24.053135913377957	20.56258169943535	16.071590294862755	20.100345631114664	27.346884112876978	19.766196206567887	18.73636088042813	24.573759248967786	26.95511393193916	20.721557946717784	22.442280782762214	28.876869601141834	26.145958205801985	30.156334827271625	23.068022687556084	19.539886377476847	15.124765010672746	20.200752540393367	23.9974086428902
