0.0	5.159687956580558	5.907564624516629	8.878229385568755	10.084273053889431	8.308518446936109	8.953827220159457	12.872217274267172	13.664393113473658	12.319006917307405	14.87039762077188	17.68038785232203	19.01790198071771	18.21205964549546	21.18587060175694	24.16608196691466	22.887197728288907	23.98327089026967	28.021387218201802	29.97699619728736	27.36716185391036	31.880005115335383	31.32924818730013	26.599405105311423	27.795998821117717	32.287426049851156	29.628803301684943	26.01053209715672	29.975257275233634	33.074269247142865	28.75593666937852	28.432332782988226	33.48040203131187	33.79480866824814	30.13445779470065	30.115589410995636	36.10883023923739	34.06885496893937	30.57604441687845	35.52538171962406	36.55670150207682	32.27874410932739	34.51343715541855	39.00781318263685	38.27832076800686	36.52060348157595	40.12681396191609	43.75296286488653	39.646546305217534	43.682700614437906	43.26315989277165	38.9052481219147	43.23726234198999	42.696337929070744	37.36589669634737	38.453198440172095	42.51968705262194	39.21522164465777	40.087190290659606	38.6331089792869	35.52696497718909	34.88224788396291	34.672766727959406	31.728871241476043	29.036943229310296	29.94204043211418	28.725934474728263	25.23430811908044	24.2666399573862	24.884100182094755	22.738924809389992	19.654143668870418	18.90351836398148	20.09766322072774	16.021168141594682	14.542902661101555	16.28537950527783	14.047031753480802	9.696435314798686	7.850810860485682	11.627340982406945	12.886216500869292	15.682882006725317	19.23059888605041	18.658406343982673	16.602774874738298	20.720980378733678	24.094183916845985	21.50053282901392	21.221774441033862	25.965901531858904	27.702411671330662	24.83117979653879	25.92981072394229	30.094280292939263	31.498354685549838	29.94888855068554	31.796154554962047	26.823684474329767	27.24085912802521	21.99982715198945	25.33439078754151	26.16762580380403	20.78552042896706	21.04808433591729	25.369824814510253	23.417670888535277	18.66817929810753	22.303831966983925	25.03685275209993	20.786372275059513	19.789709192495106	25.257578223333198	25.7692921756567	21.748251138792597	24.194159187843002	28.17541466949168	27.47007866191485	23.977948941461793	27.278564073752943	25.188445483807623	22.207156973645226	21.273816094930083	20.500920447510705	19.162423525306536	15.59437164300864	16.48431325335811	17.542952559146013	13.477999368333347	11.398303310755686	14.913544781647126	14.247054387753323	8.991800248485779	10.721789994601675	14.93919217219946	11.652409935412944	9.015781346735595	13.934429083475873	15.901015487271382	12.879476560921542	13.508443262537567	18.145303560227468	17.91032403806878	16.746432861029255	20.18216101996373	22.417933632216574	21.897959006478114	22.80892636073868	26.349375481622108	27.82317932884842	27.02084967336215	24.910385089734607	26.520580254057727	2.528849204843198	27.872314187838864
5.159687956580558	0.0	5.734168168634259	8.024371507736914	7.729128494137731	4.545735201661315	5.028495902012321	9.323580025698256	9.249393063433839	7.210388612807682	10.38736288008446	13.120542970683005	13.955326141991806	13.244789762816877	16.494703973049923	19.150467855990005	17.804956828900092	19.198553760970835	23.05760135168269	24.89020636228036	22.556033855840173	27.013559124535465	26.295835503055066	21.550818663660966	22.9965482366061	27.424233458136783	24.69421110361894	21.321726335404072	25.543852981342855	28.458843313697113	24.254050472371482	24.355148181689483	29.374223486124013	29.55337519312354	26.27480811392547	26.65338849655909	32.51535349634829	31.042789758812408	27.084793219920765	31.783655308262645	33.40114005488377	29.16646800774937	30.869837717500122	35.65997342566436	34.43387779372544	32.53250340904483	36.465148669816266	39.702743950122034	35.39125427902557	39.527184332931874	38.809244736289344	34.30963039610864	38.49328175580534	38.18175488956249	32.81690974611284	33.59996547616223	37.749931800537546	34.69623040836425	35.49141283742589	34.35816500730348	31.075795351356962	30.17243334267497	30.338690949454868	27.56406635008951	24.534133494756166	25.436176183193567	24.750604606300467	21.074308156394032	19.605555862045268	20.66857467130085	19.10056402091998	15.379799255545098	14.55280561744089	16.592715422661005	12.667646615180505	10.066740533714645	12.63623200373792	11.641133603345061	6.691271807281508	6.961700169000645	11.597424078002675	10.961401641147802	15.519530288734021	18.15507377445225	16.33242063321646	14.856780358249635	19.824294990770966	22.231057424885453	19.05136618998306	19.849554538690533	24.611071280005543	25.428529350438996	22.48389828908911	24.57923955279841	28.770787834379355	29.329439390983286	27.272865673755128	29.659039059933665	24.22469646849959	25.197979683919485	20.368234308695918	23.166098996616093	23.26070591211386	17.984235805832185	18.3753053910322	22.00210613366206	19.56327708261694	14.944552508484465	18.534713055652627	20.72220695005758	16.147687240677666	15.345633452925192	20.779400771556386	20.876814606108027	16.709699633959687	19.5495852689435	23.2766678305455	22.36698270759853	18.956157220183247	22.622561939815704	20.67930981540726	17.4154836314134	16.473336793722886	16.346717157848595	15.847422298111592	12.283270200682145	11.917848275410607	13.366736454319094	9.836467947370679	6.817627499641811	10.054209066598496	10.587832157823604	5.648106589970845	6.0550207842034265	11.00015788725995	9.341088276670643	7.000765565788277	10.87583393257079	13.636312390206925	12.385464849965446	12.781652004335385	16.427830260547037	17.25224272867239	17.182839848259597	19.599509949819065	21.643510323888258	22.33949708165606	23.351754427344837	25.983643812292748	27.79407711527507	26.129756946306877	23.998141980586137	26.310154646284904	6.045396995368133	27.736447857964478
5.907564624516629	5.734168168634259	0.0	5.06690957401808	4.697081298546685	4.987555685084668	7.106412749066813	8.537862140315823	9.664736811862106	10.567443549808402	12.646434316908222	13.858781944241287	16.114531788758327	16.65382724385074	18.475297230814114	21.189866259779283	21.370442807529905	22.23867600635649	25.538250715438142	28.081348923272984	26.529127517921413	31.11474022318292	30.179694190291954	25.462429837544008	27.544136905270925	31.78448690810185	28.689348138451155	25.94675414755384	30.50728987682044	32.950238358197204	28.5859843145014	29.339283521137467	34.33116625857312	33.99295479866457	30.685516094753478	31.535946665357958	37.42395300312913	36.20688918248723	32.36268675348443	37.02590521393158	38.83030039216827	34.7523921683939	36.365602108106195	41.2678139632799	39.844938969035184	37.83143231115711	41.85324643412777	44.918147652406816	40.408866530562044	44.39905999902466	43.3365187998172	38.5920317811248	42.732183523109164	42.89070672041881	37.49620903257314	37.81742373770299	42.195495991632896	39.54986164494822	40.15395870878015	39.43286476477376	36.03190412623214	34.740595876457554	35.22953331255541	32.7780991619019	29.45777541996758	30.04984208531902	29.91774053018528	26.34430743380981	24.2864388390836	25.244122871172337	24.36190878842878	20.567066720030624	19.14868432905852	21.22228252356479	17.962615345630308	14.715035208861858	16.221069691217313	15.927578358894904	10.321096845476992	11.16032456501317	14.90345917952881	15.932485721102852	19.982622039713196	22.51392351614641	21.30573144245549	20.24366384634281	24.90704904786641	27.509718954641972	24.656665754353117	25.37277971981985	30.061999174690666	31.06769745466479	28.210485341461467	30.150716586632143	34.33796755035638	35.028619687951085	33.00347791699888	35.333119928179215	29.910270532231458	30.61415126417101	25.696384190160067	28.27326185427376	28.69171505393842	23.525826781082458	23.329875755119176	27.00341656677308	24.832358463048454	19.93861257890196	22.822096849190668	25.329510951277992	20.763024005040624	19.0664516683753	24.45471957284679	24.730410783352394	19.931627631080403	22.060776461888164	26.26676201417531	25.09430065257045	20.978300250128218	23.653725274708226	20.96987025949523	18.35849616428263	18.265175400419885	16.7800524043205	15.833601619768794	11.309237838687489	12.996032622630073	15.312802073060503	11.683422662385068	8.814495492781734	13.627399826949524	14.161458001543629	9.482798176693011	11.308663197777447	16.15433430166334	14.147383628650246	12.49343821403936	16.602002925095857	19.04066215376628	17.302362182208153	18.043535293465563	22.036131469924047	22.384382006736995	21.974118443702004	24.885005257421373	26.979451783993674	27.102295135474023	28.143981645357638	31.23154560558128	32.86706849803228	31.520597310124415	29.219637944686337	31.10550948025012	7.260452102657922	32.470339188849344
8.878229385568755	8.024371507736914	5.06690957401808	0.0	4.418324141050727	7.620418513750277	5.944541578235771	6.319661254108055	10.187647759800019	10.663800623875579	10.55165347384667	12.30128203800574	15.837763345249797	15.53099062818463	16.209615294034368	19.875642058870767	20.63375756336539	20.243925643274668	23.717985279223218	26.931549167474532	25.21483744612595	30.106927888677248	29.728385876497097	25.167108838303523	27.48927805988861	31.76261470209302	29.2332317445414	26.71241932299833	31.17645800313987	33.89686203523579	30.077632582051848	30.876251250318806	35.73158614661823	35.7372542012666	33.00161373370287	33.858075275881646	39.51658088847745	38.492739569926414	34.14415237601247	38.46802344606998	40.54931330685659	36.145820399417765	37.183888886509386	41.91776248060092	40.09405530318448	38.54223587388294	42.97147760696412	45.587003880707265	41.19870921312631	45.657131341429924	44.442422735562	39.6985035625284	43.37633972305723	43.528965527756874	38.21021817458099	38.11843864869694	42.2126390275091	39.62125140499778	39.49213303576219	39.1446785773807	36.19206032500693	34.240758010334396	34.436116516769545	32.69142748064771	29.26503894789582	29.01351212430651	29.260637920674057	26.39457395303158	23.782661595903626	23.82280490569833	23.72118572120844	20.465902923822156	18.05247523585403	19.62318413527286	17.539902197198487	14.032044155117262	13.86546519761146	14.347690922935648	8.857762683785609	11.064599701294842	13.574396959641527	15.508102996975047	19.640754774533523	21.1223947297714	20.282536262986483	20.428078589817556	24.809784716994894	26.99638486247577	24.843995223395485	26.2195079676971	30.36256800473277	31.291829397788497	29.180236546875797	31.46305965598395	35.231591972455035	35.599279331085654	33.881339033696875	36.82490434915237	31.350391315276106	32.92871973787754	28.188283576765343	31.0636340511854	30.734157777643116	25.489378139087965	26.17990941890338	29.359821412413655	26.39379490918945	22.198534477821184	25.44960086160634	27.030426272150706	22.020735585081887	21.226387480388993	26.40121138409161	25.7001715218451	20.740857606630986	23.77322161481548	27.343317911078277	25.308089206004546	21.18785521637793	24.43857665924758	21.29011421269465	18.111401150618338	19.320600405952142	18.52350643106348	18.77830672201586	13.709051379239613	14.25103628158052	17.881411287274922	15.005376338786919	10.89888349745138	15.346945319070745	17.354795288685672	12.943160608893248	12.749244326934061	18.237046898227838	17.332774472783655	14.617338023743798	17.986383980673146	21.47023261047272	20.062245815629478	19.462707826769297	23.578923619565728	24.860844810673527	23.908494711447325	26.09682676353517	28.913427051960532	29.415192823396954	29.656541081705086	32.56921241328805	34.82171493398833	33.417770653857644	31.69310697529179	34.05319468878998	11.039264577126403	35.48610807159676
10.084273053889431	7.729128494137731	4.697081298546685	4.418324141050727	0.0	4.840026444209278	6.039599974904694	4.359329030861518	6.452931595738788	8.7956087327824	9.801962777604954	9.792324089609153	12.926228515204322	14.104687633574711	14.860094139081433	17.504051486985606	18.728299118995523	19.169682704732878	21.95246139753691	24.944703945106824	24.05017742349997	28.654593988022256	27.648839605557978	23.077212695598536	25.741271223720847	29.757052441678816	26.66290157686708	24.591657925961957	29.38904527901458	31.502167034457372	27.433011881911728	28.837863770380107	33.64993506611042	33.09315350389004	30.348784916137316	31.70405207080758	37.323554261428626	36.739845267177465	32.47413453700877	36.735002790403975	39.146527924444236	35.117229640645895	36.06870685367604	41.13611842391286	39.12378590374646	37.1168787562375	41.52098017466469	44.020364111688146	39.34372176478514	43.46363375954588	41.961691844822376	37.03869601316101	40.83309333684175	41.395076151236864	36.04550391919221	35.75103051515222	40.16853819509859	37.96974905014905	38.18457357217409	38.04733934735176	34.63127141875637	32.74846309428513	33.615271649383025	31.711449685690862	28.00719630977826	28.17601314713742	28.87277064940293	25.500222843756447	22.621993456880748	23.613698534007103	23.79318689851937	19.760890350337608	17.751979957327304	20.324544450077145	17.98285092351058	13.674421533422308	14.753978387959542	16.05058609964195	10.325597312139545	12.972088247053623	16.423834601082884	16.951201359348925	21.82397903685008	23.38016709101674	21.631589315458477	21.49617809906432	26.429446099749676	28.255673365041115	25.366568611956183	26.978700864049813	31.420612430027663	31.790586224837366	29.187576092663413	31.849504920532446	35.88011308601527	35.89578748855363	33.624612709441074	36.49097566228585	30.79985128714203	32.07389818353693	27.55870880916679	29.728779543474516	29.472956016080534	24.53721288796413	24.510334035968086	27.40845593650956	24.767078973372485	20.287218804001455	22.83042510619393	24.62318877956679	19.800510988372924	18.222831239654184	23.27462303496888	22.90934746994286	17.717111677609665	20.106048784931716	23.99279025119859	22.191900714702125	17.81517426457029	20.47935191898469	17.34874006596027	14.616920234165178	15.578370944787663	14.273316806679967	14.529074533982365	9.354993027224	10.348338703991969	14.113643967648908	11.568851497305108	7.663883657795868	12.517502171877412	14.633161452179394	10.999193997585792	11.537246107962337	16.578977014525236	16.07365663378471	14.59429828275065	17.632239385288013	20.68227665734739	20.02442975019212	20.305399840089176	23.724423013576754	24.873637810679718	24.866218806605122	27.048346394201367	29.220799188016148	30.068416142009777	30.940253181673555	33.49577757873739	35.476837101109865	33.63793259713228	31.471726905712057	33.82672418958461	11.53325244134365	35.23428506702436
8.308518446936109	4.545735201661315	4.987555685084668	7.620418513750277	4.840026444209278	0.0	5.593197413428996	6.919548880906449	5.5261409664802255	6.431046989616925	9.819364524412991	10.488798105730067	11.618561986681	12.747093983054722	15.169724840558791	17.10822067168482	17.00421132424999	18.646912122785864	21.644065222335705	23.74877974758726	22.538754781972838	26.861528978838123	25.57699635759059	20.861931523643953	23.044333255838136	27.138166115563756	23.817658273617607	21.269466527688824	26.002478018956584	28.149626912781926	23.7603373910023	24.856996965549573	29.78441372794643	29.236085530901686	26.1196904066868	27.28445719472825	33.04884909442009	32.25629396806098	28.24243291304959	32.73128381794712	34.90884216255324	31.040002994026406	32.37805871803907	37.51581228684012	35.84151762386071	33.568968057058306	37.67088570038033	40.53808128723978	35.86719467093206	39.75310444341866	38.51960696594843	33.70611569209612	37.84960579849721	38.17292839833996	32.77508187247169	32.99894015836261	37.500732274239226	35.05547516864019	35.8672992590054	35.27545767740756	31.605082865902034	30.364368260701667	31.281337119837172	28.74716338798691	25.241053933315527	26.148407297377886	26.343360900833513	22.43597095205558	20.190323429667142	21.89631963372674	21.27374231275079	16.87353722576242	15.835903681913946	18.77258474765861	15.44279789244363	11.504657623503439	14.217053079821333	14.796278375562423	9.395955738868825	11.190109612618008	15.570731224314374	14.76106923296723	19.811472969742447	21.946367707339558	19.641695342936675	18.636114987279594	23.858027207173755	25.75344810874311	22.251066342483078	23.55823605068345	28.326937006637515	28.575352046004905	25.456385228103752	28.036883512138477	32.30852124803486	32.4010140472456	29.87986479733985	32.39392996975695	26.722785004806358	27.573999036579753	23.06814565359632	25.0353165358386	25.06376874299714	20.191475663200237	19.792570302515003	22.916003721700413	20.66610132291649	15.82184577796512	18.393784035004565	20.663280904430785	16.099824982081874	14.244120530558439	19.566672148066694	19.799473023040036	14.988387027720162	17.153010524221028	21.292945766246895	20.264320203940247	16.27959645368921	19.185768482539725	16.89934321090908	14.136617439959005	13.477165866565496	12.518647285504636	12.1333087641095	7.9422076758738465	8.365674538638673	10.635036047541806	7.408522570092236	3.832281267253013	8.72562697172978	9.965721791259757	6.188922609567453	7.6285148437862365	12.180487648901595	11.379413090715463	10.69376707519542	13.754654639768638	16.217968704311872	15.843501108302576	16.861980117116904	19.824299180642942	20.65426628691229	21.287248802409856	23.57609877107932	25.194979594622197	26.165986343877663	27.54122686627406	29.890757362669564	31.56198750220295	29.548166700555218	27.090623678883777	29.377680931749058	8.937525755521804	30.765458025056923
8.953827220159457	5.028495902012321	7.106412749066813	5.944541578235771	6.039599974904694	5.593197413428996	0.0	5.350053906041898	7.450871293070547	5.22593838114568	6.019112849911548	9.34838585226194	11.51308458850906	10.239380218816006	12.340566203671738	15.831802416909705	15.35850765410317	15.58358840992948	19.489019308638817	22.071581425435333	19.895553972516673	24.701725195813424	24.35436945293448	19.721603408185715	21.73053007651283	26.112838121819408	23.77933086247285	20.9525492063705	25.29145569720307	28.223134244664518	24.575551282401527	25.1332843048465	29.946537946159967	30.22505850532673	27.691905445599573	28.405576395529458	33.92779590102059	32.98809000116505	28.432957342029635	32.63440923001577	34.82259282669348	30.39965908533681	31.273168460360033	36.056027464082156	34.17516460886155	32.601557662238555	37.06760779292561	39.651953704460546	35.30993134170279	39.85965282812202	38.769715090203114	34.1491004040471	37.82134505009686	37.743644713417694	32.435589629937304	32.56042672285236	36.557613518051994	33.78668091874504	33.82936154415344	33.30426307132925	30.313250591758333	28.558511429143035	28.73697573789857	26.795190119255068	23.40483287931715	23.415798152989222	23.52750954703717	20.475100949057804	17.992001294485465	18.37978048624829	18.0990290588902	14.558785717310178	12.403802391677429	14.50322517764735	12.095616443256977	8.195192878101194	9.235349125553595	10.09241931004138	4.461744444165643	7.939901926607649	11.378434207810473	11.124287428624097	16.370594530633042	17.562080183354425	15.597486798210483	15.760514235754945	20.681495490397854	22.273878533987716	19.598757565623036	21.499023227445427	25.672163864264213	26.0315961623267	23.815227143998985	26.60371156747146	30.373431182278264	30.28336678708686	28.29854815901229	31.455598932353237	25.841700896053133	27.782169331495997	23.38074285943131	26.081819686860335	25.243693534424203	20.115729010769474	21.214622057050224	23.958629965019462	20.651815638104978	16.859901567400986	20.41330206550113	21.476432040555824	16.36893622498805	16.313789409476623	21.38852496176704	20.366884012255852	15.77361070099416	19.492916448768	22.603535133818546	20.68641610801967	17.09896796377158	21.27397254409428	18.799941204492068	14.963902036733728	15.485531494834593	15.96645259977235	16.84108559702445	12.517434740152783	11.033744279676139	14.30102141370749	11.901383581732171	7.299454000232884	10.447868571240898	13.195266231862037	9.398275121622254	7.331577469174086	12.905607618070835	13.164933652089408	10.392465108066771	12.68846488452142	16.61533005085639	16.279494809591803	15.388798731557639	18.71004556908048	20.679524613632466	20.420452007452255	21.866412855148475	24.468324298707053	25.803387341667367	26.142109462861345	28.342772910224138	30.76682741455649	28.807475942384855	27.174430893895632	30.02323465968066	10.628071840665841	31.49857798116235
12.872217274267172	9.323580025698256	8.537862140315823	6.319661254108055	4.359329030861518	6.919548880906449	5.350053906041898	0.0	5.389403817995956	7.022496448488536	6.15605355142926	6.0268409397536145	10.046652230307533	10.746855760753096	10.669037377298825	13.781275222927768	15.415273955962991	15.17904319857266	17.934775894788967	21.266329381228257	20.45131655795482	25.148882012110935	24.41552576570372	20.010316516343785	22.92676282689324	26.852140494595222	24.16256344210442	22.415710423938403	27.14729778954861	29.318312494357546	25.76743660908473	27.342749194415656	31.93811219745309	31.58382306919933	29.452020026826098	30.920405895028853	36.21624679204783	35.99401554036494	31.298514415639247	35.14579576599145	37.94049327577236	33.80935768958244	34.15349383958572	39.17786165042946	36.72978088189477	34.957858730161	39.68932324953724	41.71749835950149	37.08382507105068	41.498534946138086	39.81045836717987	34.899367599454244	38.29309388199404	38.915083179843926	33.661566067615496	32.99012449326931	37.214978895673205	35.17064609548062	34.91932566115646	35.151184149402795	31.961095917498117	29.580495207095897	30.462983068161158	29.092271444330716	25.222335015616018	24.875899740516086	26.096620343351614	23.13983484173445	19.698362165125594	20.38712833693363	21.404687551242677	17.51727552754903	14.905908940400433	17.63627568017748	16.274476985395882	11.418847689783986	11.833727488755933	14.446158876434103	9.300263731811471	13.222628984137456	16.16905099812606	16.11573232059866	21.49306990425867	22.084412047933043	19.9165985443945	20.689701610250193	25.654582360571354	26.737533177276916	24.01569658616693	26.41061864373594	30.451070641630423	30.3211593923163	28.156003527739458	31.379139474689847	35.11431611837758	34.55848111063651	32.25980658503837	35.65430855779861	29.863387273799066	31.8571255000703	27.748234040970264	29.82098133994321	28.7982067011967	24.050261465906384	24.63031503285476	26.810107086766095	23.536418306756747	19.810789885801743	22.44861217473083	23.271903230397438	18.20236517644808	17.462383344056438	22.101259772232115	20.827663705464012	15.623958909530106	18.87375015732794	22.005741401196165	19.508548693732415	15.289738536949887	18.712790587615284	15.479273947168478	11.993979968948526	13.964039593102086	13.828833852215494	15.48246045920564	10.54688787576074	9.42492449708087	14.155897704788899	12.69221240061886	8.036581898407956	11.704144590055103	15.279761242251464	12.460331015873367	11.150996765217041	16.199873777290577	17.07950252726857	15.286999539155053	17.16888708699551	20.90359915441284	21.095526414980505	20.59888164855632	23.5034375293556	25.52626661803122	25.65759857344598	27.005612250362596	29.398217779736505	30.927779312356297	31.42970730727621	33.444095737711834	35.85190015945209	33.63889030100155	31.83160486600828	34.70157705516357	14.47781644167277	36.15738404439997
13.664393113473658	9.249393063433839	9.664736811862106	10.187647759800019	6.452931595738788	5.5261409664802255	7.450871293070547	5.389403817995956	0.0	5.440516382846843	7.753785005548112	5.728464437244679	6.939343535830188	9.85446928746276	11.15909937622949	12.224475207922042	13.452617040451523	15.09270019839684	17.123894061224043	19.510936542419774	19.415326818880715	23.547663763074087	21.934325056419695	17.435889257120042	20.417505568898992	24.086215459238293	20.60424376295697	19.093193750293803	24.13272378560051	25.652398757718146	21.628885079693173	23.702334992092936	28.295136678683377	27.341555772063657	24.996998735052422	26.88953127049193	32.19782040448901	32.30095997524136	27.873706795236775	31.767220214835806	34.72981444987152	31.09346381536198	31.593189040687438	36.94705351659842	34.55573627568481	32.17606121481164	36.66825840393226	38.81232185541052	33.9043758968952	37.81743227578977	36.0024819749324	30.963233544091178	34.71047972159075	35.60888414677353	30.295180788804966	29.738165850774973	34.3622260538438	32.56645136781749	33.05637578775283	33.19606550173418	29.389443912389588	27.510844340594936	29.100510328335893	27.171354455875555	23.18272844482339	23.762301857861388	25.074198207204194	21.319416824214006	18.061410668781956	20.189828036335406	20.909683960862253	16.148130064215856	14.680625649876164	18.441829633732766	16.269177692216513	11.210127212799701	13.772811428106714	16.245255722842586	11.404159484023799	14.698329714103616	18.618139297678507	17.052593879420037	22.803137934464818	23.87613716009472	20.82900696028587	20.794093136557006	26.211869646365034	27.09844030973976	23.458433005111697	25.7819552109628	30.20150032250263	29.566997312241256	26.686476411210492	30.114275749033542	34.171272284033904	33.399161731225774	30.488470423466325	33.54591943678612	27.64860535448537	29.07280498852393	25.258054338231606	26.501684731798804	25.719376088476814	21.416645180826222	21.07201537890257	23.000836641570668	20.32613424025493	16.21227400514429	17.994144980001412	19.257279034470272	14.593744491255409	12.774106501638094	17.378234322111705	16.825749777148197	11.486801679080628	13.863536647848228	17.58106624934831	15.842052730471128	11.463396669844677	14.416086667426983	11.75609767160992	8.728716199382186	9.177593499567212	8.769550172212648	10.446458185042044	6.178684346721176	4.152615647314041	8.834212312500048	8.016365684883489	4.048388450511438	7.435305197081625	10.98952276417638	9.647776634309245	9.275579108714323	13.095014304622216	14.392404028682305	14.23243403230835	15.647885438373462	18.50109239883777	19.525457874549524	20.1552281785029	22.154621341352307	23.811417075966432	25.03712725316558	26.458733686707678	27.95437860683741	29.768322419886882	31.05613449832534	32.68587803511701	34.63555064859516	32.01581845170315	29.68020704386606	32.43910925076427	14.410377958668889	33.83623511627977
12.319006917307405	7.210388612807682	10.567443549808402	10.663800623875579	8.7956087327824	6.431046989616925	5.22593838114568	7.022496448488536	5.440516382846843	0.0	5.0048368306821684	7.196462741371381	7.0437568116728935	6.4153866693611725	9.86876681763823	12.002959220752187	10.883887260967693	12.507757264450262	15.948357595551684	17.823249375809734	16.140885078679574	20.579189104216535	19.680264628970782	14.966214662064877	17.143117800466495	21.368120374959286	18.677722251537684	16.08305203872017	20.70708610041273	23.233641886332062	19.536579944180037	20.555777830293668	25.283055141433287	25.26640812388859	22.98089367463895	24.092369110880355	29.432784108106404	29.02516503739494	24.32212224961655	28.303830507209273	30.94623307639965	26.851740916179192	27.412212798370483	32.520627948382554	30.351171199870812	28.379091883219047	32.91399632892033	35.289214719721286	30.709338234424102	35.08407623178571	33.78074792345728	29.05802095167106	32.7815186004207	32.927258705097294	27.587220106688044	27.60909813664276	31.821015363616524	29.307298614647454	29.701949666831947	29.32092353903778	25.90142809758612	24.2558076258164	25.07423457388426	22.9462272197147	19.26846972177859	19.811143238131145	20.38336076873139	16.773363624281043	13.989100096900078	15.650562917247125	15.722329448490369	11.193255980249589	9.748933671841325	13.315423632081762	10.828818586072218	5.870998798599623	9.272164199193925	11.299472839370207	7.36382068507018	10.680157808961395	14.471238219617549	11.968932609077909	17.919741182141426	18.777014540032056	15.460573038053745	15.520307014383127	20.93744980619407	21.660723494808003	18.10454135398922	20.629081413118573	24.869503856876683	24.273102353270726	21.65627519246304	25.154933855983543	29.025024752026937	28.244475390619478	25.59950427489004	28.881529414364035	23.02456166822754	25.027648222226766	21.220212569441234	23.06666910380704	21.801614026738605	17.180121096142727	17.96055807779203	19.91712827483526	16.54085677756349	12.96276426162463	16.031720123255592	16.664678048794237	11.522796936908911	11.51782979326363	16.34112141963028	15.167983886461716	10.5729162394162	14.553020987713708	17.426340729650086	15.699362758295058	12.397624571742218	16.96356500063345	15.15402473172903	11.16362381597987	10.872396988403176	12.394007013177825	14.003754001094478	10.784617457878786	7.387487944594692	10.316395185673745	9.160503350483385	4.86337431029194	5.761127980159386	9.89030267801816	8.158196158406374	4.896005031999211	9.410107021983974	11.496287792439631	10.263314282887816	10.824183560890049	14.509089541899407	15.8236688503779	15.517863622298965	17.349754558865577	19.697137530675374	20.713369952392316	21.535787792281724	23.370224476468035	25.552971436400366	26.406279915572163	27.76610350684841	30.063045925361372	27.38896245036421	25.514138797459267	28.67564730025692	13.155621195844521	30.13332379050664
14.87039762077188	10.38736288008446	12.646434316908222	10.55165347384667	9.801962777604954	9.819364524412991	6.019112849911548	6.15605355142926	7.753785005548112	5.0048368306821684	0.0	5.606011716202376	7.812877366778633	5.336630822501697	6.401894537879734	10.494565385486423	10.495294503455577	9.765335133249687	13.634981572627957	16.610594851187766	14.74333846756424	19.653695179254097	19.5589878710307	15.21618680290979	17.75389597253726	21.87605557891209	20.039966943421213	17.958168922306616	22.254401674646303	25.011819845015072	22.156088637729624	23.231291642227024	27.604472030279236	27.96020076725482	26.4118645831196	27.509540515391517	32.432996349565165	32.25154033672267	27.143709660178637	30.607228728490657	33.51361716905735	29.150874086675028	29.001155948488947	33.819269447908574	31.166595604573278	29.792921296607066	34.74223498230335	36.52214437445374	32.14574763471653	36.99420621558437	35.500945504909176	30.853689423259823	33.92717244206083	34.10689175438482	28.961341218809878	28.40560750082712	32.20955554052999	29.841822367267138	29.261743307929315	29.422781687477215	26.622085852547297	24.06940258425692	24.535004525092223	23.436216314506087	19.65793049242884	18.931968036901115	20.153629728376874	17.654107902838454	14.043933908636275	14.255600761553916	15.686574652338233	12.167574926693993	8.999160537986834	11.887073743572062	11.444473058025396	6.380625253799661	6.499047992454676	10.447468742785064	7.260277222393029	11.83918600981772	14.216025386949525	12.636558873802258	18.454811924605927	18.042144390937487	15.100149107848912	16.725920867341397	21.635474312239356	21.811172320488307	19.206729974089637	22.41385673730498	25.92959181320206	25.24665321351404	23.59405800086612	27.344274227487045	30.676911414066684	29.551096837160802	27.323831496021747	31.225280669698943	25.478363623362043	28.34444200750795	24.77962828924928	26.92913237639906	24.992850026815976	20.47774929517215	22.118709192907613	23.54804616713104	19.47804169392127	16.961186026672696	20.14964970460813	19.739747778113145	14.4853598720181	15.51056101513753	19.64490731679213	17.315054625680325	12.842409025484717	17.548539559294067	19.478787112342662	16.604818883143075	13.43925694332093	18.445491696266558	16.068267950574462	11.542516944069094	13.258617329419849	15.213316775854972	17.72454425383529	13.92360976147444	10.376876667104478	14.506779918644526	13.879085029761603	9.270508320550332	10.230835316818572	14.839908304266167	12.931915189751688	9.122260512498876	13.59428174743532	16.04710249443424	13.77832127136406	13.876931681512803	18.33753318445411	19.5420682527698	18.012205336227048	20.046876978248807	23.134470373913636	23.452430757140935	23.644689919076693	26.209910946102212	28.585859432877236	28.64222238232545	29.873828449902106	32.74146123299386	30.123573941577508	28.868342518654167	32.34725451261495	16.353580523333935	33.84065068973464
17.68038785232203	13.120542970683005	13.858781944241287	12.30128203800574	9.792324089609153	10.488798105730067	9.34838585226194	6.0268409397536145	5.728464437244679	7.196462741371381	5.606011716202376	0.0	5.193810759826879	7.36716860678462	6.0381673349074605	7.8770486318170505	10.712634460646662	10.73044860362052	12.383365377720505	15.740700560515753	16.036892861285	20.345802568325794	19.260487635431417	15.184218573077882	18.711966924480752	22.125841650385766	19.43020474442902	18.650385636846334	23.45254277556623	25.02933844009639	21.994173917387005	24.30788048302023	28.454565809452273	27.833545616144114	26.50529403485837	28.50577710766719	33.24111851492962	33.831110370105854	28.850311789721708	32.05291039448355	35.522205229676736	31.725280823687473	31.29536303631207	36.47464822202604	33.41829296890809	31.506380594388418	36.490172302170905	37.85461938811388	33.067854652708064	37.4434200197065	35.30850773788106	30.31459583365665	33.3110111624455	34.36407317298409	29.26615407691245	27.973070867520107	32.23919033501382	30.76966916877627	30.352481726634796	31.192731451539114	27.85537687187198	25.022462884980918	26.610436449862203	25.713171233553293	21.491625183453724	21.014387502103475	23.275170935819112	20.412001915172684	16.189230261160297	17.580759471794817	19.784806129227203	15.588614755142261	13.032875170984266	16.72187980232297	16.301990531014038	10.922437406646718	11.882708307207944	16.011921843017106	12.269397830289092	16.621639203639212	19.508940696799762	17.901806174421633	23.829763718066275	23.60852805039445	20.396320621010577	21.721204016583226	26.867697528699033	26.854991377884794	23.769460399394667	27.033150300253673	30.755955480148696	29.61047413001292	27.542567841121908	31.55532116899359	35.09517230204183	33.647727333758546	30.88040139744019	34.665372114299394	28.7682272431308	31.201579914632493	27.89541882642331	29.17185241360497	27.39443802649986	23.383801597637074	23.9837244141039	24.961549793214743	21.407532995177725	18.603792003677626	20.505816424647996	20.24558620844459	15.394532583840618	15.077425875012482	18.68131608324349	16.556924069271467	11.41588860932203	15.07461491649304	17.267899747084304	14.101206015015595	10.02476939986541	14.024430365300688	11.00159207645169	6.771739293065947	9.953293067516832	11.344936548640026	14.701499993699393	11.029580305385021	7.450313004975111	12.63192018975909	13.112783342453074	9.131288124219415	10.350004862177368	15.243807763140786	14.402707662925913	12.05501022162369	15.744588936858586	18.37348245887803	17.428652563282338	17.663493248628388	21.380460403732233	23.012498682281805	22.492597205045403	24.11652558238398	26.794065497247676	27.800325248781046	28.279610361175184	30.245509319358874	32.67971324904726	33.31503540898233	34.43718341995848	36.970715084235664	34.07683124122696	32.330963611592416	35.638579218113776	18.89443917886477	37.082585628115936
19.01790198071771	13.955326141991806	16.114531788758327	15.837763345249797	12.926228515204322	11.618561986681	11.51308458850906	10.046652230307533	6.939343535830188	7.0437568116728935	7.812877366778633	5.193810759826879	0.0	5.789580586621806	7.092372170009575	5.944268615610196	7.12575100178126	9.690851521440377	10.822919370569359	12.654557839973933	13.345043258126998	17.03334092820962	15.19597609986411	10.92720950000232	14.475393066599514	17.725809032132453	14.505913272093	13.883551737053518	18.87548000936646	20.052977420294855	16.87091908642465	19.518323503958058	23.5564008680241	22.6890354340925	21.49106896826176	23.733476447355002	28.286976717547812	29.210841410668948	24.28789955847714	27.340722829010797	31.026736944610928	27.603974620257357	27.10081202832377	32.49619527414102	29.42616525097133	27.086818667632734	31.943131322942538	33.326188295689455	28.368246826369717	32.48744709464265	30.319795407954015	25.276585642755112	28.516393631528214	29.622494769310354	24.46170463951461	23.339492285459325	27.86618664871307	26.46626287709971	26.684049129709653	27.36933253988214	23.558121521576712	21.17694554093754	23.33141407005374	21.956126646103698	17.650033387748127	18.050263906872047	20.37316321114537	16.90183616133207	12.822494263646098	15.671541265085994	17.627579006102785	12.834581428843533	11.519011198886044	16.040769693583293	15.15509835930316	10.085795608271786	12.872672859684599	16.67134797927228	13.789947263065534	17.54347888355206	20.89240759516622	17.850228049683444	23.934847491934597	23.87666250956908	19.840897098398653	20.651081875093464	25.99127274534999	25.538870888703663	21.75157316511987	25.14970834775025	28.937661654798593	27.17470200276207	24.685739145518568	29.013196960645846	32.63061696353417	30.80613974542699	27.53915427746078	31.182532615214562	25.274176644454585	27.545506180788696	24.797924301775556	25.352044684164284	23.368514881503593	19.971937382337664	20.226789848647872	20.51703873785372	17.154718210682177	14.735397390184335	15.999223851656788	15.350839676964451	10.832525299545601	10.552189885652844	13.610136774897008	11.406897945325783	6.232708652663625	10.34425748356506	12.260157536049949	9.501950008822151	5.721619315228407	10.821808904309641	9.245387090868183	4.810442100201147	5.847156273872797	9.135706736683586	12.91399581890742	11.021623083895834	5.777675385118653	9.481414000571597	11.266201803302653	8.665518917766358	7.186633226922485	12.420503693912698	13.320833124485517	10.776993322898711	12.679732633969875	16.348740847144853	16.49838249539962	15.640227514358077	18.7273977590194	21.404338477759474	21.397461030010827	21.8987480834694	24.617783060605944	26.53561327788187	26.657764353099004	27.89916395870171	30.838345441193578	31.92922314475401	32.446872068045586	34.731677512230156	31.387541299825383	29.444406206609287	32.86036620019856	19.671517001056152	34.25265126239214
18.21205964549546	13.244789762816877	16.65382724385074	15.53099062818463	14.104687633574711	12.747093983054722	10.239380218816006	10.746855760753096	9.85446928746276	6.4153866693611725	5.336630822501697	7.36716860678462	5.789580586621806	0.0	5.406490048562384	7.513972808923812	5.292345867633228	6.223039616356584	10.108609272992192	11.945634248595969	9.972670166776354	14.642048937604914	14.329144994599195	9.920182246523048	12.470641723978918	16.54081771955035	14.882338178404227	12.946420565177652	17.189412900539093	19.845356232849905	17.41824639163167	18.644632120952554	22.722607391544912	23.169536060531634	22.190633798348088	23.421532684092647	27.906028838477464	28.19334932301359	22.867544348731123	25.885885019192806	29.199051801327446	25.07772132962147	24.419417734421803	29.38930264384506	26.411860165930886	24.868925201226304	29.94708862794425	31.431525990277052	26.97547918870197	31.850646183516083	30.270680143931322	25.68177078163403	28.63459889364008	28.80136858563509	23.6907558216829	23.091282822899263	26.892640622485054	24.59975331252491	24.208064251637065	24.45795852487738	21.43953050179665	18.89278315417642	19.79403361057106	18.652574749173368	14.635102931408191	14.24004052255419	15.962153494064044	13.215152800332417	9.104587975006206	10.533569103861637	12.56700129790406	8.50758724861718	6.000963166065299	10.326590744535283	10.320741603459458	5.564885468011007	7.689426449223158	11.841073547244482	10.591478003204276	14.417071840346926	16.885940901320232	13.487096491908826	19.45145379069814	18.637015711944986	14.53225071903525	16.192710583715947	21.190098373515283	20.360005178382895	17.156276945680034	21.029454804729024	24.289348784088077	22.620351892060313	20.89015050023048	25.304060548955942	28.488041642732256	26.606321158867555	23.89119305002042	28.02714780636973	22.240913055585875	25.456496594709694	22.708892622457963	24.15635976522529	21.52703796874534	17.755420207835297	19.564757453298743	19.90871174019102	15.523031208839852	14.12506918812241	16.91299761669437	15.400449331577084	10.349467282264206	12.5133748962585	15.68562018142535	12.576645706109248	8.914546492020074	14.377781510063485	15.229198477627326	12.33135007682309	10.333340194426324	16.150767915842057	14.877790143739697	10.262067635473384	11.091062912605503	14.583689202851053	17.69437671036452	15.300769609595719	10.400402060519758	13.403306550966079	14.066802478683831	10.625003890331332	8.816140117860211	13.929597171164813	13.845003515296282	9.339322357332918	11.688810928496949	15.751851765510336	14.458606019546748	12.728018679043547	16.876908467141288	19.489411558998892	18.101809559285464	18.617782893354324	22.220265880231086	23.481455656323558	22.84263638889821	24.789639023910905	28.002456645934473	28.298863582390794	28.60990870252888	31.461068258317532	28.21967591862719	27.022712117011856	30.85978915843452	19.17689389875412	32.31757474686982
