0.0	7.446913718759392	10.324494046884011	12.381779286676503	5.140411877356693	8.640137344845131	10.822507444389014	11.695956822718498	4.233201360641286	9.774064766557194	14.654454602161298	13.357701533258044	16.389846502206776	19.27107564139873	20.980150554525196	30.02777706116349	28.7249353522852	20.73705243812443	31.084619861614748	22.789797835827294	19.91184780582773	24.783276838859575	27.215439309616357	27.703206181555444	30.298638353089824	20.59054840217458	24.794804208232087	18.96800008128882	14.619082551164855	17.335603588776753	22.636245947725197	24.7631294631207	25.804168287212864	30.44662882747762	27.88086994631897	33.9219112098646	35.25368275210682	36.39022358564885	32.78360959572765	37.73819317649523	34.75120914605298	30.402029486741846	33.50322826139762	35.01891562357756	31.589020646079042	27.79772583875284	33.03524441575939	31.856056543914725	27.18534096934861	25.49540904740712	31.627813529366666	29.65849067114194	36.46496181341972	29.618002232228086	34.40698781883714	29.77029734106588	28.20801597653152	22.50022530238534	26.038131528990853	15.502960013042903	21.895064712125446	26.08777058403265	18.97958195297344	15.961583179418069	25.470644648831605	22.097613842079173	12.940771271107032	17.043250811400913	23.322203224949725	19.646453531104537	14.845250810023662	20.877373722073422	21.889874651448707	17.815103666402365	18.27772456494631	23.992014029659572	23.461580538837143	18.422169892874493	22.37067933084814	27.125350632870255	26.78367598929157	30.927701979423475	31.882220937657376	23.63172435609542	26.85962926885225	27.590974490311094	22.719410679008064	18.238890173583613	24.371975726259123	23.45549096074624	18.641584292042104	15.52979934877646	13.581236868359419	10.713042681050494	16.510548843809676	18.880373990870197	9.826405123421221	12.586063076679062	18.156830859277303	14.292725052749452	11.43224329158322	19.610303368574602	18.786592647096832	15.458799062829739	17.108751625614946	22.220358072394827	22.51836797893263	25.89717847289861	29.05410005853678	24.988949293090243	21.673751647842508	26.537395779054542	27.49386689652502	23.197653084217134	30.123888332964214	30.273396919674127	23.278825833982445	23.947829726195508	30.459174748431153	27.675274132555824	20.42199191202393	26.73373679886977	29.391579616166478	21.501242851629968	30.099586205293352	19.732741648614837	22.398830047562004	26.53168428865388	22.013864253080392	19.70327375309207	24.72359482048345	26.146321024703543	20.18126476230085	22.106743768712825	28.657539367527644	23.965674133068784	26.755566072492837	18.166744997051378	20.846710612833	25.63596409431308	25.81813676062987	19.332001886206054	20.51912041903118	16.512767798556066	13.658654281530854	17.293005306793376	19.272863922248494	10.565474216116705	12.905404586117799	18.1135782011084	12.006699852072645	9.768442961962696	15.885617763499305	17.169732091535494	14.517976483700375	13.17211745874799	12.168003662579885	5.9662907774793075	10.403237233002018	9.251443481248645	6.537048780684729	6.437100233317452	9.467384436927599	8.319889715393641
7.446913718759392	0.0	7.907319102004302	6.22276107206377	4.077022478080727	10.266027642926224	9.48548318064384	12.788034705319362	9.525048123925277	12.69558556430859	14.924124953688295	14.882573422706072	15.887128148186232	21.115326246448923	20.129800860242906	29.470939583140826	27.41877311401276	21.175155847205296	32.008286559991575	23.311189503621858	22.22525689766185	26.03198697708483	28.246830745344923	27.646760714450153	30.00010534539627	20.057706596496654	23.198352559330957	17.45329566695163	12.375508483929481	16.488945847607418	19.550309058447183	23.279467424230326	23.75590674745459	28.92840910018284	26.820574750408067	32.59020666461886	34.92782929975127	35.28976871203341	32.090841203208186	36.33787060907724	32.97380768799982	29.041565615741057	32.43428705515955	32.357004130361155	28.60319516484617	25.250337813419158	30.01225599114034	28.111197320329552	23.398287705945968	21.744431855796694	27.146761548281635	26.469287621256104	33.34606576077175	26.59566403854131	32.71836614908225	28.229257820600324	26.76941023223105	20.12213046401079	23.254851017952976	14.512585175269669	18.022285808925574	22.557926324885997	16.460541828211657	12.512437413866424	19.64112786429044	18.36060191511581	9.620570277180933	11.088914990928025	18.00559876298141	15.876318203898178	9.712723317657387	14.521947943413071	17.02650388808765	13.94468231486922	12.944217467036731	18.033586317266817	19.0702927648731	15.090858723159796	17.35097565209584	22.1907180368389	23.669499602679718	27.4792541414464	29.866032714672343	21.171408884126514	22.38010820492217	24.750746460846912	20.97356914182755	14.335791810522291	20.5174924039576	21.62434994058182	17.416910975424734	15.157465283357352	10.815340299636384	11.270889957640197	17.951737535971933	15.266683143084721	8.219237068992966	13.295611471761834	16.45458584856379	10.178924276391065	12.009860120684554	20.374443524812055	16.520053819727664	13.193794634293052	18.22484398653319	22.810881669534073	20.56122623335743	22.425677251722288	27.174926841482993	24.071971091736952	20.581949386891804	24.699208548028196	26.965051029238715	23.949681299309585	29.66424878467893	31.0361551103453	24.232057299227627	23.264781338926255	31.0223174549159	29.198721312174595	20.96769625517347	25.182876218721706	29.614271386577713	20.761453910675684	31.32702627399671	20.998577216203778	26.0773841849066	28.97933595279206	23.75769169932977	23.127578235572283	28.175871315656416	27.985771895330622	22.071890954282203	25.755835263967388	31.759096743128833	26.07200414719043	28.434874164292292	20.155770686736567	24.99879197799568	29.144202355550263	28.51829862768445	22.076640108569272	25.01183604017239	21.922331722223486	14.917912296824225	20.57768179291854	24.72581694048182	15.536717323432663	15.394588100251339	21.509160674261164	17.131038042383096	12.135009436507532	16.804670396731105	21.92188719412519	18.921058373637816	15.34861514693463	15.84899622153901	7.6545254196647745	16.095992293399732	15.05981884105207	11.064067557752068	10.78705737375902	16.746434204576374	14.921256446167051
10.324494046884011	7.907319102004302	0.0	7.5029488223571885	10.237715690559689	5.342533442087476	4.042519145006054	13.796035957369229	10.509597301579937	8.483274348279986	10.00466676053175	13.444823284977137	16.32119624542111	18.498058454340978	20.5840651678269	27.77564542203227	24.52134909760801	17.981290300383836	27.479775075966625	17.884211800800866	17.141574561496334	19.503238121164205	22.919455718987408	21.438355653838027	25.75908909896266	15.978663770819262	21.31968937874457	15.88910331022373	12.286063711752321	12.399691911611534	15.871440710841439	17.68593229949027	20.051991387878342	24.15208067974471	19.923974659384918	27.24918523887731	29.32777311010269	30.682080468992577	28.757844369111993	32.847460886386315	28.428675593366393	25.16714471832295	30.04006032797223	28.896218420930012	24.28638298075001	23.071188184288694	28.044612302806538	24.093077215506153	20.698779055076663	20.64069855903274	26.09912467123452	26.629605967513086	32.124027445437484	25.55163259354627	31.629630221332565	26.469474136077523	26.26854898931455	19.26147929316127	24.629082350949687	17.87449654714707	20.95017280265996	22.996125275882417	16.529321003564647	15.288047179157005	20.415073101949442	16.667609877627918	8.33915409053808	12.400563967511538	16.480755640296373	11.903179529416517	6.722717193869946	12.52774580344288	12.435006182834163	7.704581143859326	8.741532519824657	14.762096718111035	13.172956747645625	8.438283321720194	13.018183011171626	16.950800364656814	16.78928386467849	21.208663294392522	22.50461414846795	14.022805874659117	18.310605149832742	18.924944745278193	14.742284293790318	9.744912469020658	16.478907144366325	17.14621244513216	12.440627792679521	12.940145728842124	10.62084753319473	9.918350273257627	14.683252544175874	12.690168946223636	4.218761815189296	7.362527829221845	9.400147638744363	4.91945773732491	5.18237927952288	12.701820572774684	8.902364924818746	7.63328653700795	11.374656399512817	15.110233820083604	13.152779362029102	15.637297509654958	19.57450274606548	16.22309727171619	12.73874543989504	17.130549574140797	19.124554288822498	16.234429792519855	22.307639363625533	23.78055255424488	17.14107201285012	15.987817762738421	24.36630212953962	22.618837076469728	14.771848462441577	19.618754424768593	23.977138354318726	17.264526331784513	26.096379069061143	16.98609171552719	22.04862175467856	23.947288773643926	17.782674945053014	17.87825330327418	22.407653788800264	21.04952268585587	15.28234446317696	19.592739960439005	25.280604635374672	18.771515735199575	21.46062969836169	13.053757815971915	19.15041030487241	22.63705875296906	22.029780606000582	16.197848511177835	19.814127444165074	18.19738762172019	8.871501253717746	14.350975394210042	20.300738974014333	12.405026713080144	9.222271014751607	15.414803316010067	14.3276066570119	8.480343104981646	10.451882992813097	18.60140859274259	16.48666385930237	13.09736965363404	15.378939653103092	8.15870155950176	16.156824362285906	12.790003995453677	8.452918497676661	13.839885362967763	16.63185064745087	14.459646553094965
12.381779286676503	6.22276107206377	7.5029488223571885	0.0	8.886261594922377	12.198526017198951	7.864124750680438	12.423408046716663	12.65531065685899	13.349418110949975	12.658926582344181	13.786053781757028	13.599295780969117	19.332798944388564	17.23664889933427	25.670672406481593	22.909980581644774	18.20718883754233	28.742251674959377	20.23465110012026	20.69508002244015	23.60733930892759	25.24899695646342	24.008666408994603	25.938456026420486	16.37458425149087	18.847596181065928	13.576772058972571	8.94498399184344	12.955764276243196	14.142559108501569	18.79391229613227	18.799585287368444	24.10283509488548	22.816120197835065	27.811323342817698	30.734629887689696	30.557762755455723	27.791096083794343	31.488955485320247	27.8953483707669	24.33139385141832	28.05193193570507	26.87239058656095	22.991734465466294	20.15116899408632	24.616500408510948	22.197264353538053	17.575769329992045	16.2838729807926	21.33965482787163	21.705833225855756	28.070122708997392	21.490509688286714	28.294537591983534	23.78894465925019	22.82422927343629	15.642260360064657	19.348145644284468	13.562375774062174	14.525484800088789	17.770616786384355	12.40698062199315	9.533048729027017	14.046917064934044	12.825949410113964	5.497156326412976	5.478830678870505	11.824744630905288	10.32798309679116	4.392699848368705	9.105960618464383	11.50776799337018	9.852475060040943	9.433321761880253	12.70099341912261	14.96628663695886	12.87060698420134	14.719239412434755	17.48425133756713	20.683953693887652	24.826958363405634	27.34672743580369	18.953202596101878	20.803986012005225	23.485283519768434	20.5310928969052	13.493633059860354	19.82259491547333	22.392516833535126	18.452403742427155	18.231536056198593	13.822721004531843	15.145528975039962	21.074399359849334	16.068259670524256	10.170446921409651	14.73241496927656	15.616841599977565	8.798572758703859	11.748380063707625	19.393577385000942	13.794988834667697	9.335013868321322	16.699314504975636	21.030603755095512	16.923762680899003	18.585768668704784	23.674886184329864	21.347524002825192	18.579432659034055	22.21899941289233	25.031535157203407	22.913103632101155	28.596389763460788	30.686934413378047	24.325496986843365	22.424435391702527	31.25603261853538	29.893729472493906	21.876531245950257	25.25188921325008	30.579411108810824	22.82198965826365	33.00109953440011	23.61640637628209	29.177048378328816	31.19494571431072	25.145983481220355	25.302451662593008	29.899138001066827	28.36986689987361	22.711860138465443	26.859296215479148	32.70737531737145	25.590435334397522	26.471126849502184	19.81159056811253	25.993288558363503	29.08293040534763	27.303437735556997	21.179647117453257	25.575504934116147	23.34493297035124	13.833741758982404	21.014692541594624	26.50756931108479	17.187175294296406	16.393000521745808	22.68213601155647	20.751298218234627	15.16103433433203	17.854701236230966	25.434849615915322	22.91349019680893	19.163590956761052	20.678200099965427	12.376613402670834	21.1344927977225	18.606161409775673	13.811974607412305	16.680622283394328	20.90322758199136	17.997215206294648
5.140411877356693	4.077022478080727	10.237715690559689	8.886261594922377	0.0	11.186778488354474	10.640992742539783	10.501740272059255	6.949524363162793	12.114166040110812	14.980011177436234	13.252435080171256	14.354693638907957	19.60295693867979	18.684259413546563	28.47450671681542	27.192720477873785	20.361728231958995	31.380900675153843	23.28114840140605	21.527561479078972	26.237614115650185	27.938856512398413	28.144204462652976	29.770927465861643	19.980328076985153	22.816870082957422	17.023397589153397	12.008538874036791	16.630973389067144	20.65047549821686	24.18262668087679	24.225212934150814	29.485066636508716	28.111319274361737	33.26747172990765	35.23507212450343	35.54374327100895	31.692956977336284	36.31422250066819	33.55333995988833	29.176577650562386	31.888103869698945	33.01279786603655	29.79278821279256	25.450248893709148	30.374353245415826	29.66723076220674	24.538072225235123	22.35406923357102	28.155524425457386	26.29888489879675	33.50476580375317	26.688378990041027	32.058391725572505	27.733737822894458	25.839341131330603	19.86715196726185	22.531494935416312	12.326404044415009	17.61049527699246	22.54941361824255	16.060765863534538	11.9463969712145	21.22388896081713	19.212076308230195	10.470587708118588	12.944820873046973	19.94227860276887	17.58848676536284	12.439315831320854	17.856271312252126	19.834340113676472	16.74892965715267	16.6009846679321	21.394071763806867	22.365246992177813	18.278599640250437	21.193000790724664	25.55222227471091	26.823903000975633	30.925661964956745	32.71853743161305	24.15229898402648	26.250930922467454	28.149486455897136	23.95477854309655	17.96070363889832	24.241899437747318	24.722668140171283	20.214237265104654	17.478143614411234	13.863959305089685	13.01691030668776	19.581419861490573	18.848760376180955	10.72804716223967	15.00790780201747	19.200890495303536	13.60643967719621	13.007911174121336	21.755226116492977	19.029903128829545	14.618129283974516	18.774950443118165	24.051044355200844	22.6420363548286	25.446330388620936	29.513708022286224	26.032540624309814	22.831780687503212	27.365307582130022	29.0956133531854	25.477803475123498	32.07010693531711	32.94509645931112	25.997986386315606	25.71237252637481	33.15455498172964	30.85483877462629	23.023971253739585	28.200089647506772	31.969331512042267	23.3976594210721	33.25244939999799	22.78637744152884	26.690249900178504	30.28349275888432	25.301942470470383	23.782887592409534	28.820537117683244	29.366118019676804	23.33594898180949	26.03885252063218	32.51500616238808	26.907137042159903	28.770706544796298	20.87157623083869	24.782638828153786	29.06830078868054	28.361272292503156	21.69441508964564	24.100261954918277	20.33808712154543	15.161647028173382	20.62750173371208	23.62245260831239	14.078934774418112	15.99672688244189	21.87516407197037	16.740084815858165	13.094008029180738	18.536108879900475	21.84653619319745	19.006257677119024	16.5219782404067	16.092728009824782	8.481184783347977	15.154904325389111	14.091407436523003	10.348026333081181	9.783502224234057	14.407038627640516	12.35739263608995
8.640137344845131	10.266027642926224	5.342533442087476	12.198526017198951	11.186778488354474	0.0	6.822749303392742	14.720294274845251	8.831562827906755	6.338151363959657	11.019345846088664	13.946229124026553	18.30239426715077	18.654341875031978	22.825304505349642	29.814635384340136	26.99653793883332	19.167168242821244	28.05985769257953	18.56535424150454	16.20385913913847	19.083887606303026	23.194979154424605	22.37641735148492	27.345330784441163	17.820213732095954	24.054602528504056	18.578520927404497	15.330997660202806	14.526897151182297	19.59205730199629	19.997146852948074	23.004772790008186	26.5509909159227	21.44247673438635	29.373219684141617	30.630833550413943	32.76508320618755	30.74817207106876	35.291804924267474	31.005949274034304	27.578104699944245	32.37623600398097	32.1862361721894	27.73003102392202	26.407602837064026	31.65571785702778	28.026717420352057	24.79807543528504	24.705784294856965	30.54529321946083	30.32335303840454	35.79738585598242	29.179410678724444	34.43364194227707	29.161682839644982	28.91906385198768	22.495712748068797	28.00612141046501	19.93653493122604	24.686862424403405	26.853791425275244	19.784076132511053	18.682846005217616	25.383941766081204	20.77046324287397	12.17578051113271	17.235515954919503	21.422667840356038	16.17936079691275	11.954946666640385	17.82127997707995	17.185421888998963	12.030682126591643	13.430106002971623	19.808670981199437	17.03164465604244	11.357692121276973	16.683050967271203	21.097660742675536	18.98805985651815	23.269535227420977	23.467110486739685	15.57755072422728	20.859816944216295	20.100043897797427	14.918350372445087	12.297373164200499	18.369894189624993	16.97506285874826	11.797465201687707	11.357949817490562	11.186026492174939	7.734506400452293	11.520759163604795	14.19649296381721	4.7751431302957785	4.477224237196605	10.08487790589231	8.938066867765194	4.382454557647451	11.321059783087984	11.209752389829198	11.016211000583118	10.643209065305761	14.362974976599483	15.277263749697493	18.574472543283893	21.097218253932848	16.881875987948277	13.269374480811585	18.170972893381823	18.921360548120685	14.787939070841736	21.557121019598522	21.90782914308723	14.929363947346765	15.41816788184168	22.410168721858724	19.855459836347038	12.544828393200255	19.33412702756457	22.069192117718316	15.975207915567252	23.34653025045996	13.98479130157967	17.51730911711109	20.26114068431091	14.564686131073957	13.413123560977478	18.205096978512806	18.186747123624034	12.153561941646183	15.508487123686168	21.585288490468493	16.263294990614572	20.34149018177458	10.57641256586599	15.054382950091249	19.451924048925576	20.077693084254886	14.317482469007196	16.27255694388083	14.345936291142978	8.255611748555532	10.855936861987843	15.75292698803693	8.921851310780596	5.265161775963738	11.260788781816906	9.036819408513663	4.009998604515103	7.708218099273021	13.483411972593187	11.597847290490828	9.493821171071547	11.397081360345403	6.11270531522453	11.618771630041701	7.645883094644598	4.303628228094112	11.239399830079813	12.225791080467813	11.015331643708578
10.822507444389014	9.48548318064384	4.042519145006054	7.864124750680438	10.640992742539783	6.822749303392742	0.0	10.757872009861405	9.403720453689832	6.24779933893328	6.1326856846931355	9.723163156873277	12.89670266826171	14.525707943345518	17.0947950446528	23.903188849096125	20.811628619898826	13.951566466186113	23.681738890064825	14.312984887717537	13.703556258595407	16.65072871926196	19.347555984454402	18.36013493115944	22.009668972406292	12.116501970187372	17.65833062030599	12.23048896451769	9.212610840495584	8.522970076214888	12.983685833079358	14.621221571880634	16.65426742816878	20.85464990796699	17.648903308392807	24.12253147661209	26.04491887862107	27.250236758106055	24.964830356404306	29.278772354054873	25.194154700242862	21.600098083428673	26.27267810876704	25.78591364614821	21.55201084446583	19.745817753308366	24.92826329419421	21.773269810822853	18.081371692835	17.893957148780036	23.763756876346207	23.67306265842217	29.03871683802526	22.43149289169635	28.043879991356683	22.808841461192998	22.675637765373754	15.92227573007675	21.74557833246502	15.454883421897524	18.915310967922668	20.243257787431453	13.413327667028057	13.237197604724113	19.2069426646201	13.952694226015037	5.829472850843477	11.67209906922524	15.031917575960462	9.685892263615587	6.702010552086383	13.30854301484676	12.062150938382898	8.022913938132849	10.912619535730638	15.442645536177956	14.21967803372441	10.669894498806544	15.689073941814854	17.720574113226437	18.12240520533019	23.09992508181578	23.558380210519296	15.629790511376733	21.416115672436113	21.60632698878959	17.458407508032302	13.207003951574078	19.894643638016017	20.609858756355216	15.820782661001632	16.63879883360997	14.585369230284869	13.293562778861187	17.75807740981625	16.614564080482033	7.971444660291747	9.763528975196827	11.759455842702797	8.28901223844366	4.3890881455394135	12.479384051935963	9.436966785010684	4.7732222200259935	9.081340475998132	14.055951412689646	12.189450054829516	16.266476700689157	19.21480448374566	15.713825060479921	13.25542050468543	17.97769853574425	19.46789176696606	16.26958973359848	23.649439134137467	24.898096247454685	18.409195096677134	17.631466900541817	26.18946777694933	24.129522479703713	17.070178381864043	22.56736425856364	26.573734179122383	20.85842149781311	28.593406602783176	19.95800534315946	23.936350983596036	26.051311595162524	19.66608406917359	19.160316261454383	23.337855965887677	21.962245046866222	16.230276885977702	19.553625299577117	25.779754176701022	18.2171460836831	19.167580792990318	12.264011085588644	18.363668516301917	21.256244813185067	19.661471151940898	13.50264279940861	17.851160935797356	16.203080770220147	6.046068784226656	13.294177669211239	19.146874227989038	10.542014640259286	9.36633649363002	15.490508449756968	15.428809431959422	10.756028097411122	12.48868818364818	19.992354325788778	18.381861613354868	16.01666999968815	17.892527675705228	10.70474077633505	17.717255547431368	13.191531863701114	8.321948763774266	15.738728118411842	16.343121659223865	13.112875491942763
11.695956822718498	12.788034705319362	13.796035957369229	12.423408046716663	10.501740272059255	14.720294274845251	10.757872009861405	0.0	8.389165245229448	10.533294363739019	10.066862663980999	4.358378341620663	5.055624007854625	10.04333913271083	9.50160903298162	18.692090880061443	18.426100952595437	11.273559703083219	22.297516682021964	16.17702068355783	14.750789443452808	20.499171209587757	19.994676648487918	21.643512260010485	20.96892923365853	12.355173321110088	14.222066619844203	8.994427415327099	6.343468634154435	10.276120772216318	15.447385204134493	18.30820212041664	17.01512269107098	22.106813188492104	23.44079973579766	26.028857716971395	27.45299206085424	27.281200532133933	22.443918096076555	27.53335707746351	25.951250830586194	20.919276669804336	22.540149691925382	25.687385868159293	23.754719692837348	17.87760195517578	23.04863268187046	24.607755609785738	19.168326904738073	16.594414943818624	23.082500302623952	19.387674122451433	26.073651054746627	19.424543188534773	23.08910699081118	18.778743258345443	16.809545311169103	12.285634902613467	15.7597288033181	6.705301140580364	13.91559050199565	16.440494017881278	9.234930168873445	8.754463519784004	19.624562923976804	14.135428011849891	8.640083247004359	13.60413476214899	17.834673033722066	14.660448329871643	14.008197870206153	20.05281157946172	19.597211297017903	17.65148271405316	20.225263752681705	22.916103418364905	23.871219519667516	21.29953048129473	25.561117631241856	26.627872742270807	28.485876996931342	33.6157939203144	33.76743658843982	26.250869835535998	31.5968391906131	32.34357439933603	28.094341636136303	23.35014456680768	30.121232362223978	30.780462564910042	25.8293381266361	25.000023406679453	22.358561200671694	20.5649527581747	25.91202944123809	26.02419857549206	16.686452168867532	18.989552723697923	22.43420702730103	18.209129641962896	13.583663220761059	21.379168811685656	19.80491088568201	12.407761955179883	15.760838697634927	22.108705674366725	21.01887749630412	26.0448986878802	28.200484006855316	24.733069670698786	23.330073012070482	28.166294985266916	29.0299050369266	25.188395726888583	33.754076203956465	34.346838991674694	27.85437957128771	27.97278102678085	35.98011254028629	33.249652242115545	26.797597762462473	33.087520571420356	36.48756899416406	30.240092012583453	37.8624575204013	28.629655940912922	30.888081974780825	34.36736907573128	28.61222722028422	26.47949511559093	30.58585669833559	30.645512348989705	24.908810326425773	26.001332767999042	33.14336036759342	25.615793610034014	23.928465485297465	19.80298721740028	23.44742513999833	26.106879032806397	23.347175075241285	16.84646762911886	20.348895818746055	16.839576968234113	12.397144793725968	19.182379326192308	21.77282334336025	11.978675357671863	17.0766798421314	22.319357731540197	20.361888399812468	18.142054161275226	21.903888720912157	25.566493037189176	24.059027850739163	23.174778397214077	23.164214911113376	16.15617315553644	20.955011498491668	16.843419214073165	12.625219802848456	18.10353417535081	16.230562801593432	11.588486796381682
4.233201360641286	9.525048123925277	10.509597301579937	12.65531065685899	6.949524363162793	8.831562827906755	9.403720453689832	8.389165245229448	0.0	7.000779148657709	11.599559281329308	9.476112370421049	13.263053149902865	15.165425780081879	17.848185367877548	26.382572621144703	25.306352633001893	16.945723843650775	27.157678817407955	19.309921444352817	16.206495805302072	21.602127648111647	23.499266213396076	24.497481069788776	26.62336607885465	17.211291176623103	21.56971854747229	15.910018161482851	12.250218619862968	14.26129070201775	20.265381758177725	21.917779478934442	22.802251880602874	27.267289298178973	25.330764687116062	30.734561915527454	31.786054993452762	32.93762522154826	29.118468698285746	34.258621819854184	31.562073200765663	27.033492160751194	29.942117867558682	32.07843101474598	28.981529854342135	24.891740388347007	30.250696379281553	29.624582272095047	24.93685195051166	23.258050392986302	29.654188849250097	27.193281032356616	33.71748005265541	26.937025253185855	31.134582250133114	26.440567934821427	24.991002129205842	19.716027603724005	23.701458156510398	13.4825473737733	20.51132211427375	23.881347174125153	16.479589463942073	14.540332351627601	24.636018776172254	19.965285818428594	11.35677078863285	16.66089621454479	22.143442583260228	17.91575803473457	14.508129995954928	21.070776342975478	21.123179055447135	17.263509722937297	18.904201415816793	23.979484635196947	23.320398703856863	18.758901760763937	23.42657907451413	26.91754314520479	26.69993920225133	31.34310952945781	31.55973855947263	23.658571478210344	28.424306735447566	28.623795725946483	23.662955196341105	19.684705866963665	26.157985813202835	25.35513250033663	20.283838561145245	18.242726057856316	16.633690666924462	13.524700726477652	18.653439319899114	21.24236469319001	11.414897178537782	13.257865377748637	18.57223433495898	15.217160823975304	10.151931077914146	18.32925012915019	18.123192814536033	13.60188105447627	14.62316696843662	20.372327377067617	20.998600680782033	25.388666155808	27.749300035185048	23.558006976130287	20.915438726233425	26.03451067900961	26.58416218086129	22.055539519789306	30.005042851647048	30.003899853998394	23.117414317172784	24.011411713378227	30.852797711761944	27.832654764351886	21.16611350333644	28.08388292055063	30.592116485835337	23.831674079100363	31.361636089858266	21.59880810299412	23.468829782608182	27.531094148596065	22.556900205418582	19.913847830779375	24.54090241097932	25.749627511343814	19.8068221328216	20.982074708929126	27.984811752303578	22.353649522871848	23.85985208075562	16.464905712063345	19.063924481956658	23.31443575710752	22.76747397774434	16.132377355404234	17.674028250308215	13.53060514154721	11.047809772915533	15.32084551334932	17.185787287262276	7.512193707467845	11.95924344891982	17.095573564267998	12.649519199506807	11.106982118512093	16.32612885217892	17.963921156248432	16.07178662709939	15.56223030360709	14.964273915983506	9.022857063028107	12.575328657125386	9.196649804391988	5.62363414713653	10.316486663998088	8.946299040597422	5.642457034681774
9.774064766557194	12.69558556430859	8.483274348279986	13.349418110949975	12.114166040110812	6.338151363959657	6.24779933893328	10.533294363739019	7.000779148657709	0.0	6.521012344872305	8.520785425812328	13.949326659214105	12.548162191733473	18.27488155740957	24.534173205386736	22.283167943956553	13.655239085749157	22.563371329452625	13.734135978151247	10.62141974837448	15.039443562226374	18.062851522809687	18.41533763037669	22.312876283392217	13.111818390310212	19.559442712524156	14.379354121484917	12.29432600097827	10.324388259750462	16.891112659292673	16.63481559272871	19.14024578535951	22.560353771632617	18.982505652356238	25.513641055613455	26.27162830784185	28.315583073933045	25.663987040736483	30.627817414100384	27.034107539428668	23.101099665575237	27.35707109595525	28.50694790958789	24.795649666951466	22.534889711138483	27.98225004641712	25.75568741588362	22.212339437086577	21.856522169767462	28.1416582646878	26.813233402187166	32.04765776466197	25.52255335236188	29.71876797804437	24.46221909473391	24.233044915750614	18.667700471187082	24.506335151671035	16.842439646945095	22.48173648778011	23.76615948255921	16.375536475051266	16.626107960214558	24.58113316881124	18.215351806042456	10.639184594905647	17.1792094360645	20.548020242044302	14.726918969740979	12.937763328094134	19.546526289269142	17.76403281842744	13.448584988445043	16.609463266055396	21.49455417730193	19.24460498011544	14.92195112994196	20.74772547461113	22.976000229646765	21.669064753855217	26.692054218290696	25.782825891447732	18.658073260214923	25.729969252524036	24.621837723879953	19.61311935673976	17.33411012993702	23.682627421247822	22.690312882315034	17.53724574928758	17.66103527589672	17.19806563284008	13.845360137909445	17.251312147977444	20.077059031603852	10.45564288136936	9.93345776539776	14.25218017699989	13.115233950158244	4.85041974819902	11.83966915721581	12.963515433713038	9.471503416262214	7.685572738169453	13.487178229931533	15.044837138570035	20.33613931585055	21.46173538418404	17.029504946301326	14.97097704246009	20.24331014749688	20.218404549173535	15.591818055956308	24.296839596891363	24.264576314157413	17.689155172453155	18.69836632991779	25.856032219895855	22.84482427816807	17.002851227931586	24.371270150272146	26.683498933531087	22.027402463909997	27.797317792837877	19.43446014709733	21.089679398708935	24.154791667459282	18.332251946851756	16.16733409899517	20.141624757364724	20.230986883476483	14.481421298436672	15.732012973784666	22.741156822041297	15.8293853506277	17.051760525140637	9.855342216499695	13.730341570077755	17.2071428960603	16.310349276638913	9.73224096958054	12.506136940420353	10.076378506010405	4.345958845186857	9.167874469125513	13.366504525243638	4.337756356319131	6.663243972801366	11.862594461990955	11.606456827828797	9.683685757742952	12.160486734166275	16.302388783755735	15.446344679907943	15.148146846775472	16.167869972202336	10.968610567066097	14.648977801717516	8.77091414355377	4.735549933542709	14.63672920350338	11.42356798674332	7.987150861804356
14.654454602161298	14.924124953688295	10.00466676053175	12.658926582344181	14.980011177436234	11.019345846088664	6.1326856846931355	10.066862663980999	11.599559281329308	6.521012344872305	0.0	6.750603438018172	10.964100549441087	9.213720153534258	14.463908764405064	19.227389748922775	16.168785194867592	8.442813656337949	17.642184414611595	8.469306818498168	8.084456353206772	11.640218198644385	13.381262725608654	13.230272083031661	16.44168960522519	6.852372834275128	13.815224792235123	9.258064057624482	9.043208404548734	4.007993452314257	10.749670106788896	10.4165631361233	12.664332771801943	16.18892090064131	14.03321330461923	19.378550622857396	20.687076932328853	22.158068131193826	19.735027966120384	24.40943287962648	20.64135420457163	16.76930673566556	21.509412530110637	22.005966511190007	18.33863337750031	16.403408908420754	21.78559366655233	19.474029242457306	16.115441975823508	16.297756486514178	22.415037120216624	21.598079669836896	26.043425297088465	19.750639669812323	24.127202145376398	18.687294632341317	19.151616825328432	13.431968101003608	20.236190876941652	15.631607629429102	19.390001622360526	18.86739220070529	12.090196764334154	14.380360221745438	20.42517766329317	12.771112223158225	8.08731248721468	14.62611256930019	15.822005497123927	9.570556866451431	10.907333663971157	16.890017350425644	13.821246865224795	11.027278163737083	15.498658132265303	18.306130375503216	16.753951300506657	14.561322312750226	20.066611610442727	19.78226081697497	20.073648595954683	25.542307515198758	24.49472211732103	17.972389642566128	25.832706556467723	25.019577748075786	20.945507258110524	18.256488658095925	24.605509141545014	25.05084265831084	20.28319737873299	21.812835574467485	20.510934070288386	18.521550357208273	22.00520138672184	22.13901238038467	13.662894849135194	13.725437489971787	15.287619792266186	13.750191700513401	7.23125782417108	12.361127468414452	11.509567892561087	5.316152000812836	6.323810893960463	12.357930150288947	11.565407976063616	17.66097426068717	18.470875033239405	14.8570685020978	14.219884945934622	18.975158570606762	19.405600554951217	15.958000971202036	24.750689942964748	25.549143151914507	19.704155604946497	19.560784811306583	27.852046388075024	25.440966009508003	19.9514857289415	26.14010514548574	29.42310185777313	25.532028148970024	31.279719292946332	23.82047958692325	26.259430128742366	28.33907218203658	21.848863760267513	20.760549038650147	24.044955703495088	22.505369474492998	17.346668360350396	19.076568396289986	25.591830536211226	16.82170877783909	14.893673215367967	11.387724472230788	16.95584756343846	18.469753419323002	15.30293542681878	9.20108455015443	14.763489691349752	13.815836687067428	4.0478563445973395	12.0280604743389	17.543275372055156	9.823731414258212	10.910840391559224	15.652026345622982	17.813729534520785	14.889934144308851	15.53586856084591	22.12565767559825	21.453240634739213	20.42067770480807	22.097964048942917	15.851808244160837	21.046035057709354	15.246021908454829	10.99090631402289	20.19813260621691	17.64950121094445	13.497938596047717
13.357701533258044	14.882573422706072	13.444823284977137	13.786053781757028	13.252435080171256	13.946229124026553	9.723163156873277	4.358378341620663	9.476112370421049	8.520785425812328	6.750603438018172	0.0	6.114057455921605	6.361154424926627	10.068069477272065	17.04300702392148	16.129828562704727	7.743053108234938	18.51242914650726	12.032327283719606	10.432563574020389	16.23977068290814	15.806926383748648	17.610771524039773	17.607509738450805	8.934561237559356	12.711244954154399	7.790163183142147	7.1855868560361165	7.223733501211579	13.633624999336963	14.98338563394213	14.567411279612946	18.96577416539485	19.77812172029352	22.632647461000605	23.658325474180643	24.10479003052086	19.749722779897443	25.019383722443656	23.017178605830885	18.110560852190066	20.56122956741889	23.57634172314778	21.40403974146427	16.489432874056448	21.90140698177918	22.69278383887751	17.95575972632346	16.32007951332737	22.886755922526365	19.741414462136127	25.391238292898098	18.90942514014194	22.1825604848989	17.348510772844904	16.34286518924029	11.89547137092861	17.063238987092223	10.484786718136535	16.440085525267094	17.13955641560004	9.86060991829384	11.53949584039086	20.760305374527558	13.623255081238323	8.975177760579397	15.107542144928725	17.82125591629251	13.336021715644257	14.042758040040605	20.2635828890968	18.53291387993916	16.379802640674264	19.928550530220086	22.533257337969143	22.490742947033574	20.093108184002656	25.051301849002463	25.319129959324442	26.493059528775962	31.857333957424622	31.18961842934191	24.29536890051384	31.031788253170422	30.938221474568284	26.62231572594277	22.925132044411473	29.614509000208553	29.982562235634777	24.979259124264363	25.026924323275114	23.113525082534508	20.87312279498905	25.375170641325838	26.12292847678427	16.690980288006607	17.853861157814887	20.907208463429345	17.924157532401306	11.782975701293527	18.422815811185043	17.777396453455886	10.526687296636883	12.28128472981687	18.653229838178326	18.21659096027957	24.004303214942734	25.16669867336682	21.57433472957423	20.75835273682735	25.63103102010199	25.999578260362526	22.092728354207203	31.119196419049253	31.533661705163215	25.37073948367387	25.716660788937926	33.62417689872195	30.80896137185031	25.0798408321024	31.715041388509086	34.77217910692564	29.73771983810771	36.173072067556376	27.741289486970715	29.49573097887317	32.63390167358912	26.66646945578815	24.549692889581742	28.17568448657901	27.890292771380565	22.457048820923607	23.1341655305735	30.22586547137211	22.1959511726707	19.722588467438595	16.688248999374785	20.369135252480508	22.386322317817342	19.16326301878379	12.829842226479277	16.88268499498933	14.090643274920941	9.366251026339128	16.096254031972595	19.07995444546287	10.00087541642547	15.00929799529256	19.72513042885089	19.4945948587471	17.602515172202942	20.286397229092707	24.39783458245592	23.455640579860148	22.994743239484038	23.4696248230843	16.965045688758835	21.312676304487113	16.11122423671388	12.012623117860496	19.670742463683176	16.243035617070564	11.332314059185135
16.389846502206776	15.887128148186232	16.32119624542111	13.599295780969117	14.354693638907957	18.30239426715077	12.89670266826171	5.055624007854625	13.263053149902865	13.949326659214105	10.964100549441087	6.114057455921605	0.0	9.267107700640196	4.670918644759702	14.25776950289675	14.189922861003193	9.077725301481166	19.933089849433536	15.117519308067234	15.355081259438919	20.415897020026254	18.55873455355585	20.18744518443086	17.763346526278816	10.275804881180134	9.638218245497383	5.185669952553168	4.969312670139308	9.221480320712681	12.604369635306128	16.299874355523453	13.433425453315483	18.860306804269804	22.267588855118447	22.992198921758103	24.831710291876817	23.70236913195987	18.464249119871006	23.27489030717421	22.272481740249628	17.120703026736916	18.043777551782448	21.386392357784633	20.183466590348903	13.30146176572145	18.266039621549766	21.08865246781505	15.34362041328664	12.293233569591079	18.68925639661263	14.462340798133626	21.085872320936247	14.519235640333752	18.160329634723052	14.003418335409982	11.858710565029657	7.564810839697647	11.129740416116457	6.157569733602055	10.834178420635968	11.802618425600297	5.06867583600185	7.277326822670681	16.693738126985217	10.62598736431233	9.044627606644882	12.770664295216152	15.25909012832092	13.089983390460768	14.50515805201459	19.56178573463912	18.67737295649516	18.10606895085173	21.052258730946875	22.109582728856935	23.920872938591238	22.675793718382565	26.503362419422917	26.022325151170698	29.04446641212706	34.277881633789534	34.439303124466	27.384953506469557	32.90060511550139	33.900870603984714	30.202989309376928	25.2667078512139	31.930325011517525	33.3929130465762	28.64806389461313	28.57150156245369	25.570305448946126	24.43194427020119	29.72866521711331	28.494723552174545	19.857063109605807	22.213767649128773	24.474847593320128	20.118108394730154	16.251772855925196	23.237246149061463	20.825537233103866	12.694396701126639	17.208212261699813	23.258066947970867	21.018460033486853	26.04117863326984	28.071963385602402	25.258032111600592	24.580918321993238	28.99012178998892	30.1007454943042	26.902306397217025	35.393560376261966	36.408886028385545	30.289992853667595	29.87173164633717	38.40521634100059	35.97005914697395	29.67917189282645	35.38849576159018	39.30253568604563	33.45775022452578	41.072813947003105	32.261568152329346	34.91138637454554	37.91094829203401	31.75949353235939	30.10036558745604	33.9189415399155	33.1946670546716	27.70723767595678	29.006007996738564	35.96690267700381	27.57641687891879	24.345268653516285	22.053329744252277	26.37775985965516	28.131334248064263	24.29944112575173	18.346704554095336	22.87011888028438	20.124091687917282	14.42270636033736	21.91474592704422	25.185064718599023	15.887538785889767	20.281323714872507	25.467027320755374	24.76271029529432	22.047647897126595	24.938017526024353	29.857189465950242	28.4815177439795	27.265962249919177	27.698065230022564	20.285092141281694	25.786655389717932	21.353521663184285	16.887655132961843	22.791418640051774	21.115141632948575	16.328154375670493
