0.0	6.397268629182126	5.907564624516629	10.220617956400632	10.084273053889431	7.493982681985492	7.837749038361156	14.213140459661524	13.67022726079124	12.319006917307405	13.737166856805267	20.03924487423022	19.01790198071771	19.34300906411674	21.18587060175694	25.08769497188848	22.887197728288907	22.48720356947279	28.021387218201802	30.987690295409656	27.36716185391036	31.880005115335383	31.32924818730013	26.081881646413454	27.795998821117717	34.753257330533664	30.73050245771963	24.103527308887568	28.958478316891966	34.16145242064068	29.815773650202026	28.079531598629163	32.48520701418622	38.64983821706069	30.13445779470065	28.59421900872615	35.7487664679735	32.23075369863047	29.524486795881	36.43734858801524	38.83626547033336	32.67351522064872	31.661530684823607	39.21923793878325	35.69289122427878	35.28212573331379	40.596174697169545	42.47433463275447	39.77539441498468	44.55180472511012	44.475627073560325	37.168694977034676	43.23726234198999	44.57282469398906	37.163119039422845	36.245820906027376	42.51968705262194	39.21522164465777	39.28808291375093	38.18477098493684	34.633385295879066	35.103916071419185	38.980655681925064	29.94935690563387	29.036943229310296	29.94204043211418	28.185250640718404	25.23430811908044	24.503533541953257	26.08629157250252	22.738924809389992	18.457101775298895	18.90351836398148	20.09766322072774	17.736653411482695	14.980897500307028	20.85860492518991	17.690767565163075	10.86215432642873	7.850810860485682	12.810927841374793	11.597737197835537	13.930067442321867	19.23059888605041	17.75445024338131	16.186332845712226	23.97736357090667	23.508564612578628	21.69957643321567	21.221774441033862	27.635444565570744	27.702411671330662	25.191740544157717	25.92981072394229	29.091814784472405	33.618818409529794	30.02466805659228	31.52041929953704	28.87212547268182	28.11872287285177	20.878230754606562	25.19996863408183	29.239381223042464	21.494611551643004	21.56131871024346	26.51375989863829	24.75542012149696	18.66817929810753	20.266981886462773	25.03685275209993	20.569156970402762	17.65157830027153	27.768197888506688	25.7692921756567	21.196690273752722	25.49944464264524	28.17541466949168	29.690077584083024	24.80171794743986	27.937656843277527	25.188445483807623	21.743727129167205	19.390552936446753	20.500920447510705	19.162423525306536	16.992711418695038	16.48431325335811	19.906540248686753	13.477999368333347	11.398303310755686	15.376394760462391	14.855158638884008	6.330103301639295	10.721789994601675	15.315076554735583	12.191997168114698	8.68034603154883	16.78361427301446	16.783257468484308	10.068701666129469	12.07180313516605	19.02110556914815	17.91032403806878	16.746432861029255	16.05533652090278	23.19557081791796	21.476757095127077	23.01262720888771	25.707467621725606	27.82317932884842	29.309603663614535	26.1168016204923	26.520580254057727
6.397268629182126	0.0	6.55111203322774	9.575914955037412	8.035850785964831	4.763893177397177	4.172390474597196	11.512458703074008	8.988243095344608	6.356329607407455	9.200073713141263	15.042947390205198	12.92342634598701	13.576063696123287	15.995952643966131	19.61595364203079	16.826376380733667	17.4599210626332	22.290451754828464	24.893661935938592	21.75985698703587	26.088479585127086	25.184808127700908	19.818224308177793	21.896490891974732	28.711893599917445	24.436019313844156	18.03241587653325	23.435651189603337	28.182970464581285	23.98362876527645	22.93364496911482	27.207120278708192	33.02382778310265	24.849964509457106	23.86122128684789	30.788720301439472	27.976446256301163	24.960388924820293	31.428338576275	34.45625574540464	29.421040131628782	26.984974116195705	35.14932311632516	31.098868414838044	30.20083360296757	36.30278725961459	37.22770125052041	34.34429823039798	39.4738735969588	38.73336560607335	31.099222088923003	37.16749605038458	38.874929722303705	31.567108167437688	29.961905798198625	36.5666944442693	33.592129941957744	33.685550555368714	33.11781038446339	29.02815172574378	29.349670413177098	34.01373770553406	25.121592234917873	23.55960569731962	24.657388939117542	23.78352233216868	20.190456700998986	18.78918245995568	21.17851664316812	18.60556463796697	13.24347840452596	14.025667058986791	16.43064282399956	14.212204531399847	9.727343491966694	16.535310731866836	16.659979171944173	9.66857527830859	7.8417752909089495	13.01556406575657	9.941692576438895	14.903551033854615	18.64198576617117	16.05148090148357	14.465931428127533	24.21017345709804	21.938011647991917	18.497392311346385	19.65914736434773	26.581474232523433	25.05464035992691	21.737913103453465	24.20720972634658	27.73090233597383	30.769999434781774	26.650045775768387	29.458233872612208	25.167672018429123	24.9643080666946	18.734076629369973	21.814839264458232	25.416109415803707	17.982874518007556	17.988836309782894	22.342004000984897	19.613906556795023	13.646112709786484	15.20866061903438	19.336233710763267	14.93174743827988	11.90814919912807	21.75158076057099	19.49227118361572	14.814198043984783	19.56657328119623	21.851638542509825	23.34894353491107	18.52698098056994	21.903657537815413	19.60185085952005	16.118963655270974	13.164482893089856	15.124614994134578	14.647045976715757	12.680098291793405	10.751284549805492	14.328900348112384	8.457154390206183	5.595416049227703	9.017404014148054	10.08683829147439	3.5920989131191714	4.941794241887816	9.699195519282016	9.131495430346254	7.166246265620847	12.930889038517476	12.834427027445315	11.181793796251723	11.759183033354775	16.663351325704426	16.85562248949105	17.257182665083036	16.052154689553642	21.197490330391627	22.815708125919816	23.760148436797778	25.214988035737147	27.606524482185467	28.007539765234956	24.0854204275526	25.825275484535098
5.907564624516629	6.55111203322774	0.0	7.198830539110885	4.697081298546685	4.576136806317313	8.348894262907153	9.654101007770153	9.15938661712227	10.567443549808402	12.022989659962933	15.821219273284823	16.114531788758327	18.616719314451075	18.475297230814114	21.18077222897637	21.370442807529905	21.09230327972254	25.538250715438142	29.23554339760365	26.529127517921413	31.11474022318292	30.179694190291954	24.38067751299336	27.544136905270925	34.162472880500836	29.56929637747713	23.753775059423692	29.611134038714145	33.94830930409334	29.26499754514749	29.291655495525895	33.54603197274142	38.951948545550025	30.685516094753478	29.868636822518035	36.91225166212042	34.22108347865361	31.38770081726155	37.84559998684084	40.95801371846733	35.873084809454035	33.472170182218996	41.65718930502868	37.28311811601121	36.51020409808923	42.84590380807655	43.4884979087083	40.55392264003923	45.83092498838039	44.64606372871407	36.59996407714719	42.732183523109164	44.89040842238009	37.6650783108582	35.07160595810603	42.195495991632896	39.54986164494822	39.09031646738179	39.20346862815618	35.08155666630297	34.357227474509685	39.69252507382137	31.377550050669615	29.45777541996758	30.04984208531902	29.639388520211764	26.34430743380981	24.470468200292565	26.365795476513505	24.36190878842878	19.309278348033214	19.14868432905852	21.22228252356479	20.065659468802263	15.290906569450756	20.216506450267527	19.76306372944133	9.683947849061658	11.16032456501317	15.09721134293481	15.099099835852302	18.14995285248476	22.51392351614641	20.32625955726947	20.008874957713747	28.573490972802	27.011337777614635	24.529561237160276	25.37277971981985	31.927257012858938	31.06769745466479	28.074741933811513	30.150716586632143	33.48682201204449	36.94092228519443	32.96607314374754	35.57725415358073	31.686436400930013	31.309660530905997	24.79187360090469	27.57279924511885	31.837720366874393	24.44480269617362	23.767973975364647	28.4971539456542	26.044518219833517	19.93861257890196	20.68347743266787	25.329510951277992	21.184263910780896	17.45473845229964	26.716251168726387	24.730410783352394	19.695706667508787	22.96704993562775	26.26676201417531	27.860524492580428	22.084077602815213	24.54081315875369	20.96987025949523	17.724154112976496	17.06426031719795	16.7800524043205	15.833601619768794	12.51953189375198	12.996032622630073	17.461968097008235	11.683422662385068	8.814495492781734	13.894836582073854	15.226798522901369	7.218533718149592	11.308663197777447	16.02604189967605	14.249509923246784	12.558772479715092	19.356419725485775	18.980059767633367	15.33994678340316	16.74998168885683	22.694567349604913	22.384382006736995	21.974118443702004	20.883079549952956	27.252450679481917	26.881559968528368	28.298351975383884	30.53903344065766	32.86706849803228	33.818404235156606	30.094208927487784	31.10550948025012
10.220617956400632	9.575914955037412	7.198830539110885	0.0	5.69801424651612	10.220559073588793	7.863134913898327	5.464254742897274	10.17604707932716	9.994663237610476	8.32387315362841	13.176314718719738	15.029271295256484	16.546551960316553	14.443025922130031	18.422887648336015	19.250490171239917	16.842522883915105	22.026174258216095	26.7076505799592	23.44821750524301	28.433841854293075	28.3508945716332	22.801257055423886	26.198346990778504	32.72526179519045	29.005562148477843	23.39147586180394	29.064041011006065	33.50407926595656	31.06901653412014	30.308899194559974	33.779664951112274	39.89695128590172	32.79800334772462	32.366271759733216	38.74907589568508	36.45488484500324	32.87219887804862	38.27327129807601	41.90776692706809	37.00194492130662	33.29689192113373	41.30891703360826	35.58532631742423	35.646266637789275	43.27203899677407	42.66437075175327	40.027305309835654	46.281878524946855	44.98102492496019	36.962246449261436	42.36984306195273	44.638370867245236	38.05973413538984	34.726998256992864	40.89180695052784	38.26980326865601	36.47512295130067	37.44454820880376	34.169979007109305	31.511945505063075	36.918011680918994	30.14822624451978	27.844446514903147	27.25476410510878	27.32616259556469	25.07881087350668	22.886534578454146	23.176179259096486	22.14503697394678	18.304352039613633	16.378405001436587	17.728665622401465	18.709211521169212	13.8225298068009	15.591516620267502	15.557119291901847	3.877200235164541	10.496080196000172	11.448218670130938	14.805324159745721	16.674884177817518	19.596090799863063	17.238507372475972	19.756946300211773	27.310594368785537	24.950489538051013	23.46065301942735	25.43966236708379	31.038954946418333	30.084898027183836	27.666343481095634	30.818097414510287	33.662414714243205	36.057561317836935	32.284627053264124	36.21417506284109	32.2259542404985	33.207080127059605	26.749218458672186	31.107667108301428	33.64247893935458	25.779622818295458	27.298586289932	31.107019005222238	26.32917128368514	22.031655495044177	23.862959106497318	26.562587648629037	21.599471241108343	19.904526651477163	28.379335184337837	25.02046683681301	19.690694788651	24.911698200604466	26.858655813009257	26.568056597490855	20.948550253299473	25.084375310922834	21.134094512170652	16.515756306897185	18.37519490980024	18.953409744866562	19.7797702028562	15.506009924670053	14.400720963774202	20.402724094086725	15.854557591612053	11.338470228850273	13.966803345840514	19.130887959039093	12.347267821979882	12.47334552775334	17.512373817669538	18.705824103776358	14.302622342393747	19.789137172592458	21.93302828880131	18.040269543534034	18.031456144038643	22.957154834327955	24.911214732520264	23.87619167103335	21.385999380329768	28.444640909903672	30.25672220625684	28.94672717798693	31.069150484639522	34.60334515182925	34.82914421047104	32.32438685318639	34.278064424479446
10.084273053889431	8.035850785964831	4.697081298546685	5.69801424651612	0.0	6.1841479431335085	8.838431258165071	5.395263843968571	5.7208402007699375	8.7956087327824	9.6972386137685	11.466333585593732	12.926228515204322	16.64127396727705	14.860094139081433	16.93889765768724	18.728299118995523	18.2840052417984	21.95246139753691	26.202145291085326	24.05017742349997	28.654593988022256	27.648839605557978	21.65405619499162	25.741271223720847	32.0164916747185	27.34621187391572	22.209353299032625	28.544492521678773	32.28687601112513	28.17455152337155	29.02060057538183	32.88530251276817	37.965843272106476	30.348784916137316	30.13177638675168	36.77819982986871	34.780221491127705	31.648360663574145	37.413578784284574	41.11834047520883	36.87236317123843	33.20293575416558	41.68582028902017	36.48993871320088	35.64669509631294	42.928253358293105	42.42036226865069	39.43075681761459	45.25331373437644	43.34529667631333	34.9245867182542	40.83309333684175	43.51068770316892	36.645305528586434	32.840027846246386	40.16853819509859	37.96974905014905	36.905795809115034	37.981061229974806	33.71045575398953	31.835236359069654	38.0854705062412	30.650007073770844	28.00719630977826	28.17601314713742	28.786795284553715	25.500222843756447	22.838781289148436	24.654057785021866	23.79318689851937	18.590063709487143	17.751979957327304	20.324544450077145	20.29199244297617	14.374858543257943	17.99705854802055	19.852339181266796	8.703895020370874	12.972088247053623	15.873232719308941	16.58558830387743	20.077216627548648	23.38016709101674	20.66418161175576	21.468896291931937	30.414050988356887	27.84185681211146	24.98729036471412	26.978700864049813	33.41241939209663	31.790586224837366	28.594219366054745	31.849504920532446	35.188453888236566	37.56099736631953	33.38946462986377	37.08356440223666	32.30840585371359	32.58432218354971	26.67562004317389	28.970398684241548	32.6769502119686	25.501807377049342	25.132363531810782	29.26727890065156	25.68039492776648	20.287218804001455	20.90494146926295	24.62318877956679	20.554654179242856	17.13092439817238	25.317517817080684	22.90934746994286	17.620937048093374	20.89940462569518	23.99279025119859	25.06425476456949	18.871503005888645	21.447307292483096	17.34874006596027	13.772646820790827	14.986499717714203	14.273316806679967	14.529074533982365	10.16113714304648	10.348338703991969	16.010524668353405	11.568851497305108	7.663883657795868	12.136514637210292	15.985305604312241	9.79602216594698	11.537246107962337	16.007847527058566	16.288221661667446	14.779273322778836	20.091592654305877	20.241997257332557	18.556286649648698	19.18861822205414	24.039972958304475	24.873637810679718	24.866218806605122	23.204072928700494	28.98995204738347	30.400931425134033	30.949514135563557	32.71031049580074	35.476837101109865	35.786580995706665	32.039003572582565	33.82672418958461
7.493982681985492	4.763893177397177	4.576136806317313	10.220559073588793	6.1841479431335085	0.0	8.30953747679233	11.104562203374577	7.295769084316081	8.730421643026055	11.87485542598061	14.874927808025209	13.735141832687146	16.68419520363177	17.694550813146847	19.77109664822831	19.1599121906148	20.30834054898196	24.018928992746925	26.951033653508063	24.75300228593766	28.946202959535885	27.495896029328513	21.7140022256188	24.798794860617775	31.239243025537032	26.252472473266415	20.60921382103199	26.60461543763736	30.593688280281523	25.06999890866349	25.748593168473132	30.195666100765283	35.047808389715705	26.550953797927516	25.831881412513365	32.93895003891848	30.445752034296493	27.85551437386066	34.45008060190154	37.57854346582108	33.04867841389056	30.593400419244606	38.99341353754347	35.0563413055564	33.6886121919072	39.71188942657773	40.46201703031904	37.353285475020186	42.28732829522348	40.89243872308676	32.816111339795796	39.18703439576418	41.40331224720158	34.0274313352795	31.56140032702821	39.11766574280638	36.62508208820094	36.80929123614151	36.74940048570663	32.073587993847404	32.21380679862356	37.74917144529541	28.962159428126792	26.96817855335764	28.17553875996639	27.971422153841985	24.00824299295674	22.033793253596695	24.958023553595204	22.975448455985877	17.15505860145723	17.92141657677787	20.753143714745036	18.83056552093015	13.67988773826302	19.94530556818913	20.928636090802826	11.953825720650329	12.047610301822463	16.905039442398923	14.651623575139126	19.20398959602056	23.234274677279625	20.671057119555144	19.12248223979024	28.78121467014698	26.701215306958908	23.073358731355043	24.15833628448609	31.21452582393482	29.613745753982958	26.054734027335048	28.43196078688155	32.09836649030297	35.20628988476194	30.965302737037465	33.57957047576978	28.998927778067767	28.283609823657972	22.432580912927673	23.77598016068374	28.510509872939547	21.724462293738124	19.977490082433974	24.71079299194132	22.954611019446126	16.311708298696303	16.41513206906648	21.541172841721867	18.016665687179685	13.373301560792514	22.569998744655248	21.150646465362247	16.418957300416988	18.93149337559524	22.529758070761687	24.934725913032057	19.35079467324089	21.192309543642214	18.269285182794405	15.6829829640714	13.34115554819697	13.24297216098703	11.879189518342004	9.542530771302125	9.772497249337283	13.224671310601462	7.165228556623075	5.317782390515071	11.050081566804913	10.963456778291105	4.270471625778592	8.896315825577322	12.729773327773826	10.684847758018185	11.503581677443217	17.200040574655265	15.50739987076323	14.634263409937564	16.001611807228358	21.121446727814927	20.38290251996226	21.05562704166992	20.41113571499215	25.238411653493092	25.61754504053083	27.90683490036174	29.50132034599554	31.384533109235683	32.07613943686538	27.509119056920515	28.76925596970682
7.837749038361156	4.172390474597196	8.348894262907153	7.863134913898327	8.838431258165071	8.30953747679233	0.0	10.484589112541299	10.319943437229313	5.757306002371637	6.3819115128067985	14.409292980915318	12.753688687160071	11.817972817211906	13.941996797113154	18.843356276184156	15.515478591646088	14.6941465800718	20.563019989451995	23.567848105554738	19.663441223295774	24.336770977379626	24.132865865041406	19.037413678423217	20.830618022099856	27.79739005699443	24.26420444480218	17.66784830064449	22.70026434371149	27.84574887104416	25.32290958577707	23.21612040786577	26.975205363584077	33.54304693085622	26.12976057612038	25.237131813561803	31.702255421561567	28.956643644328032	25.41956740212663	31.266523671174237	34.48208652482655	29.25157744838208	26.22213505941901	34.16121667913719	29.351726153730574	29.148233200078906	35.92788120945816	36.334299001155024	33.70541951464613	39.40127372578299	38.88340703262956	31.44520620695496	37.02558109202733	38.58474970637098	31.640163742506644	29.985379214905425	35.73324979116631	32.553145814821356	31.90339364107841	31.53185058752999	28.165623321200677	27.535508357535655	31.84075900951251	23.656592996021573	22.105249786677295	22.490391547393564	21.47495618549209	18.674223178279494	17.383564556647617	18.564909903152184	16.10156918891392	11.709957333949014	11.308224236379559	13.03140608465008	11.87788479091508	7.617122689500353	13.160379617799782	12.687398410406951	6.433290769299075	5.175560145477715	9.258926124875506	7.813891652851372	12.178578539391877	15.235301176295255	12.490341875187985	12.67743210155683	21.8360025260587	19.15475378418998	16.505912890150185	18.25790592861266	24.57524951785702	23.185815536688864	20.372754959103734	23.351464649545417	26.499675856094186	29.0935005642676	25.162841548699237	28.681305905760883	24.627887091144466	25.36054257541419	18.95102565492902	23.679085458373237	25.910514915650904	17.960973079041683	19.946918348178375	23.62096114651355	19.262566667838144	14.7691133799178	17.397242898854216	20.034463827991928	14.820236212509426	13.74585737819642	23.117706530685098	19.857373167372735	15.04055002597197	21.43695756730743	22.680296586207987	22.863068240997162	18.36702140007409	23.0413773805416	20.648676867782783	16.26107100737059	14.576632633467204	17.279298911806208	17.76447579649097	15.211933274201789	12.382792788016229	16.854209668103913	11.83768472851518	7.973101926787811	9.153300166033052	12.995407829443703	7.625807847583417	5.273955657033643	10.456153516166898	12.125177145789394	6.98099416995546	12.092361147883059	14.436116383122929	11.624874142907153	11.040274022747187	15.468286336061455	17.37804495076314	17.043902592160183	14.742512916728156	20.766576993854795	23.688662270669088	22.615280135163356	24.105911154990693	27.369372129265038	27.374507380978294	24.512523749067086	26.78277414244229
14.213140459661524	11.512458703074008	9.654101007770153	5.464254742897274	5.395263843968571	11.104562203374577	10.484589112541299	0.0	7.261176974071278	9.344641100624738	7.9506586392487115	8.326180310897282	11.767806540618086	15.396128587253369	11.281708744406584	13.688909116605647	16.943478953778797	15.144224879927211	18.61168187643533	23.754517938734626	21.658188622037578	26.418871825045304	25.877375879256054	20.04956517897365	24.678714027289782	30.609082517213515	26.47963855215335	21.931279851214516	28.235195789774036	31.680030750716476	29.176286387137512	29.91118564294024	33.1137378868101	38.370937248276306	31.786118712363177	32.017260222522566	38.05163795804411	36.571404235337816	32.965156449145255	37.78862740084939	41.993035465654096	38.24148447990471	33.38738654160246	41.81430002563148	35.57483913498561	35.14971869108444	43.47521349568256	41.77236563261157	38.9469182969215	45.498120768163055	43.21500249449585	34.72980701084976	40.05603366367844	43.01732135821098	36.74649301800213	32.0042008739644	38.80639649195929	36.866307873710134	34.76303000241603	36.79844586651242	32.96552634068465	29.429341196759736	36.15702555623634	30.101958042235836	26.93404053289721	26.223204761031585	27.644404837445688	24.985104673043228	21.811938755113136	22.659133806301497	22.980333707652896	18.519409333636254	16.426288933841363	18.819809062741193	20.441606561653842	14.225805070233154	15.114124499008291	18.663374410596862	7.672738199378403	14.579661953005777	15.61176802566187	17.96688385944436	20.994526573539567	23.02583929089631	20.061270205381486	22.652303026788736	31.087944990151062	27.71794110842747	25.226293365997137	28.22787769205615	34.04398309882988	32.04862687262258	29.10161198125095	33.34224411939382	36.40117454213989	37.73636080864951	33.631236101707785	38.41668564987829	33.27495237186329	34.508497442512606	28.946106402853253	31.834123547825058	34.38052976559442	27.17404962389351	28.04456633344891	31.417528711702857	26.211179592869495	22.22602374760903	23.3652089789637	25.548354179110607	21.195420286567156	19.160351193575394	26.179205585143038	22.850795151677985	17.47442331710714	21.8018042865324	23.868973657112225	23.511494432391128	17.347929319497283	20.98550877597867	16.53643994763688	11.964951325486165	15.807626609150896	15.538193789379699	17.31343923533068	12.496775823703357	11.462084738794733	18.012447268354126	15.010115127481582	10.45099307252831	12.596194328222785	19.187130544093034	14.190706246649544	13.470336344826162	17.68346251762898	20.06020803722148	17.382284903702743	21.342192073520227	22.93531333869322	21.746664600886703	21.504003699098355	25.339345620938683	27.659012506620048	27.49936414222005	25.028610850971035	30.7951563981336	33.87994328597692	32.83737106754829	34.32271487402137	37.81186510878489	37.51034659299358	34.39396926969892	36.91407672773588
13.67022726079124	8.988243095344608	9.15938661712227	10.17604707932716	5.7208402007699375	7.295769084316081	10.319943437229313	7.261176974071278	0.0	6.794039284441266	9.315244194478025	7.893215859967725	8.176155631495249	13.754950573007578	12.20405479407944	12.78297269814075	14.86274545471816	16.16449220763797	18.219975955350186	21.921918041801177	20.831714216874353	24.951507997011046	23.2786227070556	17.125807504149286	21.88223320755195	27.661378007130132	22.479418244596083	18.144487422034857	24.939698035217614	27.81661957839603	23.299578877757522	25.460712749376455	29.171743241287512	33.394458643152376	26.126498004083274	26.48530026016527	32.783094648378125	31.51811831585802	28.454605656589766	33.773895000016196	37.875696283890925	34.7972120214102	30.257080156324083	39.07091917184493	33.83270399162489	32.31564900261524	39.86146787947213	38.684876495180085	35.487646929751584	41.301740582078374	38.67719547333489	29.970936574224073	35.96229247758276	39.066020350674066	32.33280454568368	27.75677382915553	35.71695126309517	34.007682596763686	33.24319191301601	34.77918324783319	29.829800488674454	28.10829827871109	35.1854446621845	27.900252521153217	24.68718170893713	25.24547718049166	26.780454094094054	22.833758033434364	19.504966956085475	22.420992052546346	22.374892680132895	16.40700135406078	16.12707267824758	19.78879022086965	19.65163725249371	12.84875574492079	16.944681244130035	21.587478850339302	11.92897350478628	15.40021540251448	18.655253383596968	17.56799618491794	22.486147932328837	24.935926246412	21.656614119300233	21.85310736679312	31.838051237357345	28.274136868945053	24.127627194690174	26.99594755502248	33.7263235811788	30.95891932219533	27.132135396607747	31.35436746675619	34.95422573803248	36.306990611140115	31.799715582424728	36.1245776954135	30.186083076943653	30.579125589985132	25.83269816906436	26.448855818404564	30.08183708176792	23.811272559645868	22.727060503328413	26.268551408984468	22.577340646667572	17.42385032106223	17.31354529098862	20.544478329934968	17.295988885621657	13.394479181530597	20.251087292259495	18.09292685587082	12.937853407553433	15.359404499754694	18.587004512298478	20.17445802703624	13.763416623346798	15.744225350205939	11.894909411490058	8.742337608509166	9.736229220398876	8.809723623955918	10.161699553631546	5.833513673358125	4.799637298821004	10.961042216062118	8.35888882505889	4.7809112697602805	8.488207071002707	13.281685820570504	10.521014087633764	10.43019707319949	13.398438982732701	15.19661078090088	15.753528334070396	18.907525050558515	18.270510827929115	20.119112267068783	20.300946552789146	23.646184386198073	24.778637618002094	25.91341466068962	24.3718831619585	28.303721132499366	31.39752155452305	32.22617637507147	33.11065645092684	35.68173358942866	35.36865009495469	30.898396098148527	33.36740690930475
12.319006917307405	6.356329607407455	10.567443549808402	9.994663237610476	8.7956087327824	8.730421643026055	5.757306002371637	9.344641100624738	6.794039284441266	0.0	4.693440285561216	9.781938964973966	7.0437568116728935	8.17915396569292	9.86876681763823	13.711908074828699	10.883887260967693	11.715113827263888	15.948357595551684	18.89228266859635	16.140885078679574	20.579189104216535	19.680264628970782	14.058162604930184	17.143117800466495	23.715495594215447	19.523386165508924	13.701412830115228	19.802124633282233	23.91272600772059	21.16346007348728	20.769503135859285	24.311043274392347	29.957055562516377	22.98089367463895	22.911725007971725	29.02489930389682	27.275543397823377	23.665755317103518	28.888503782683532	32.82539180113415	29.11302228348511	24.572481077333347	33.14010187179	27.809917702587065	26.85834006891296	34.46146354477325	33.65880290661688	30.738623051606318	36.75976025291236	35.157893765810556	27.1118201690562	32.7815186004207	35.05739357243548	28.28284275899139	25.21935050361536	31.821015363616524	29.307298614647454	28.590410795620127	29.23457615197771	25.00354413294534	23.832892109681246	29.623065630002902	21.92032760751696	19.26846972177859	19.811143238131145	20.406813503082997	16.773363624281043	14.135809722534082	16.555234949116375	15.722329448490369	9.990002784018449	9.748933671841325	13.315423632081762	12.884285450819013	6.105515170748836	11.695111548775728	15.89224780526038	9.346360405315002	10.680157808961395	13.835950625468236	11.607958611609531	17.064076869731394	18.777014540032056	15.31705235978647	15.517361399511058	25.57598643062895	21.593060358534924	17.41062409034807	20.629081413118573	27.13559792367555	24.273102353270726	20.65269921893115	25.154933855983543	28.575931054224462	29.71269694535467	25.31247333161103	29.931414480772958	24.25175757145375	25.306091483113985	20.340839356370065	22.869281627058395	25.0516616372854	18.104289205898645	19.163353350330464	22.16441011244618	17.142934328145824	12.96276426162463	14.773113606750968	16.664678048794237	12.06467851743474	10.501728540648797	18.578098476412798	15.167983886461716	9.953584748862257	16.279446474228614	17.426340729650086	17.747556802940153	12.739045297886307	17.37342300392797	15.15402473172903	10.8106159458958	9.321517868824724	12.394007013177825	14.003754001094478	11.525731034805755	7.387487944594692	12.36426090574735	9.160503350483385	4.86337431029194	4.016326336480245	11.223200801904438	9.272996930165384	4.896005031999211	8.384902663086459	12.536919160016165	10.795060282642552	12.641666266389507	14.01657835640809	15.807219437503077	14.932061258664044	17.305189283928797	19.697137530675374	20.713369952392316	18.58048839035729	22.35320276126932	27.107896208012658	26.436699213332002	26.96818793628676	30.063045925361372	29.31813122180745	25.59331983580983	28.67564730025692
13.737166856805267	9.200073713141263	12.022989659962933	8.32387315362841	9.6972386137685	11.87485542598061	6.3819115128067985	7.9506586392487115	9.315244194478025	4.693440285561216	0.0	9.484358967396183	8.836916390269094	8.32369436317944	7.730718676063963	13.361817974808675	11.17304139187772	9.13484597924932	14.788210877489394	18.771055139498188	15.210682310396503	20.15885743121125	20.193504787294124	14.957975103062868	17.99800889662468	24.495747959704097	21.22977203312553	15.637639000614916	21.179032742381224	25.511716506954475	24.55990482369537	23.294648845660614	26.198351665085013	32.46928181199078	26.36242361298439	26.37027247178134	31.993822407108656	30.313006571351618	26.293558581534334	30.790274703615328	34.8928565736839	30.97302172351897	25.90143985554495	34.09556904342297	27.83443180615562	27.746045619311403	36.088898709875416	34.61340900708464	32.00823689542405	38.64819018673497	37.18739447425451	29.36277888385251	34.39465942470974	36.61360844073932	30.372109868254718	27.00733748095869	32.638431855694954	30.03300938109927	28.191915695255734	29.367729420257156	26.051430331849474	23.27367224996938	28.875871312660742	22.418165957158873	19.676779206536327	19.06195708593712	19.786171658806982	17.330308007707178	14.70448095308715	15.219074224076389	15.031277421050074	10.942974528584504	8.559658521101465	11.138343309933568	12.769829177506177	6.656320582662389	8.38109752957044	12.867886048048456	6.509949466686337	10.322367977834963	11.306215901669704	11.861809550132838	15.897640110216225	16.732984464455836	13.240956894141156	15.844019668312242	24.67475587801325	20.435073868159044	17.48943944422111	21.175128864355088	26.81275237005164	24.28795321101718	21.384182908030315	26.20733516581737	29.148484358759603	29.877469128644467	25.79128082531123	31.05033139438444	25.82813733417508	27.736098266486643	22.50623042283115	26.555274590860083	27.643360209247664	20.288715938044454	22.943102128059056	25.506364792916468	19.124530612287494	16.45345831945065	18.99090705664725	19.696186805129226	14.539958306751007	14.717480733346127	22.012040370771263	17.740033104636275	12.63448445040342	19.91098722226872	20.183302604060643	18.879018256075547	14.16751784104153	19.935675218027665	17.275312940284326	12.014758536313932	13.073466814490816	15.95759134047148	18.135759943266898	14.874817900208498	10.992238754790765	16.63551887855678	13.765961446835318	9.148190496000865	7.665153263558996	15.7292900731686	12.685889491470414	8.211292182739543	11.903830058711428	16.5392484756386	12.49573859458378	14.266448094406071	17.59244027881254	17.503257657230677	16.04511344313232	18.2417260293953	21.918882569613785	22.0498440640215	19.05065298352335	23.894261483311737	29.185715390286493	26.817283382750055	27.575110054051137	31.463219527026016	30.499244156765215	27.898018800547437	31.21093549096247
20.03924487423022	15.042947390205198	15.821219273284823	13.176314718719738	11.466333585593732	14.874927808025209	14.409292980915318	8.326180310897282	7.893215859967725	9.781938964973966	9.484358967396183	0.0	6.2178652817053	12.272907978091995	6.585337452531621	5.521923764790251	11.600551311877535	11.834269877859995	11.870009814658065	16.938567379444173	16.751764014662182	20.75391466634472	19.47789418431292	13.627251640477784	19.660448468383677	24.45547959938599	20.015521260199872	17.320284596872938	23.98432048853395	25.888714779348337	23.998113075684707	26.379579018132006	28.89038192754131	32.938236133478256	27.63193405377507	28.844103849072578	33.9034748937908	33.687804345876486	30.037602305262357	33.640595601206684	38.56222848116874	36.65665267948373	30.191649275238614	38.88281787507727	32.171043245777696	31.009472922812673	40.09892636261172	36.8712204075664	33.8749148328381	40.722639844162174	37.252795576437194	28.44921474783983	33.443129524684956	37.167394870376654	31.527726523893655	25.127681559238184	32.461994758409766	31.431250233563727	29.168003646246785	32.44140591316702	27.926642277833746	23.585221239673416	31.84837429618893	26.87525034298137	22.65534113880692	21.998502773138505	25.24057044792696	22.06295086399936	17.728083371634334	19.601880631356924	21.751970312672746	16.893060771294284	15.044088604486898	18.759784268982976	20.809331034845197	13.848341854588575	13.862236564927759	21.874430545465994	13.838391116154312	19.24179797417422	20.495949621024742	20.82044722427706	25.345372520263094	25.987766745428214	22.344614661829212	24.54452676693316	33.92359237003016	29.10940509541914	25.11995899625928	29.508103779786353	35.375270004254624	31.77980753417471	28.178651667777135	33.9365471770785	37.172632340690555	36.74996704193882	32.30194672778652	38.261294115571154	31.566888214776537	33.3382368854753	29.497619248236003	30.52407183842981	32.369275739668524	26.525409930775226	27.04824153974546	29.211705391415055	23.235292733249697	20.57176817601011	21.07849804504816	21.56103241254081	18.37868139418668	16.873668042586964	20.802619895959186	17.28220801270128	12.462732836599384	16.168978350815834	17.326586113670025	16.464734238805935	10.040564347365745	13.80221075479988	9.625839918195195	4.362062079974219	11.342725799205505	11.376296528585222	15.190143772056441	11.283880454892405	8.50254028843337	14.474930539056468	14.748470482312502	11.198470212642302	10.358244049592374	18.635414649339058	17.50171840566323	14.59186479255108	16.595138458005483	21.248882434821205	20.499731717545135	21.414753131447455	22.607018622889914	25.474563448084478	24.57216130154648	26.214736952397438	29.298016949998157	30.427621935771672	27.958575011412297	31.32044815476279	36.869400133270645	35.77149114228863	36.06618456192582	39.47992361811045	38.20374621128194	34.47191481193749	38.02514796569266
19.01790198071771	12.92342634598701	16.114531788758327	15.029271295256484	12.926228515204322	13.735141832687146	12.753688687160071	11.767806540618086	8.176155631495249	7.0437568116728935	8.836916390269094	6.2178652817053	0.0	7.790367025859597	7.092372170009575	7.75819696921891	7.12575100178126	10.420915559611721	10.822919370569359	13.772754040807941	13.345043258126998	17.03334092820962	15.19597609986411	9.023656841758005	14.475393066599514	19.77589328399898	14.90570597264943	11.424063125176882	18.32635573848484	20.493619251723793	18.163596553829294	20.235379554197625	22.976066776290274	27.122849708786863	21.49106896826176	22.6611670392084	27.73945684215011	27.483801604400288	23.886110593188103	27.710288379514076	32.51911272720269	30.836542953929666	24.48940931434571	33.343917061969165	27.312677189213584	25.612749836686568	34.22135584873789	31.576365479405847	28.428758707644413	34.90599271612126	31.787940960011447	23.081105720240902	28.516393631528214	31.84578920836391	25.73774234688949	20.32367008118786	27.86618664871307	26.46626287709971	25.33787484199175	27.639232527430444	22.6061162764458	20.123021923860623	27.878553182898294	21.689349349003525	17.650033387748127	18.050263906872047	20.913394221866117	16.90183616133207	12.63057541758505	16.06449165024543	17.627579006102785	11.951675902764457	11.519011198886044	16.040769693583293	16.775919518567434	9.905171560499575	12.57216660757846	20.73755273223137	14.805851463674333	17.54347888355206	19.83271570297254	17.73510999530256	23.376597351729664	23.87666250956908	20.072349115074253	20.722540410586316	30.827544846613943	25.74977286090115	20.664342408308872	25.14970834775025	31.350635440558026	27.17470200276207	23.09520830313881	29.013196960645846	32.46030553490618	31.857967128250824	27.213340959819398	33.02010334825546	25.88328913680773	27.485142250406327	24.33153510805467	24.671973456608136	26.322301116655357	21.00430301530687	21.351640805875174	23.10954857171157	17.32156798890534	14.735397390184335	15.32298897310911	15.350839676964451	12.42518707617254	11.161999070849516	15.108647548491067	11.406897945325783	6.312266992707109	11.83028886903627	12.260157536049949	12.186475637603865	6.063316387631143	11.120282926593104	9.245387090868183	4.863787301366681	6.0196894927570375	9.135706736683586	12.91399581890742	10.871896307942176	5.777675385118653	10.29442938429427	11.266201803302653	8.665518917766358	5.243812227582854	13.770908325556949	15.066269664757405	10.776993322898711	11.191261924127366	16.92732498155957	17.264901309791043	16.536137196332167	17.222003356373097	22.25228467964353	21.0931689458961	21.655358851813133	24.617783060605944	26.53561327788187	24.419346934989093	26.25650876639741	32.71498140208589	32.023240760445375	31.700059963997976	34.731677512230156	33.188278064742455	28.99240901871209	32.86036620019856
19.34300906411674	13.576063696123287	18.616719314451075	16.546551960316553	16.64127396727705	16.68419520363177	11.817972817211906	15.396128587253369	13.754950573007578	8.17915396569292	8.32369436317944	12.272907978091995	7.790367025859597	0.0	8.108450805001265	13.054664796091338	4.366499149609846	6.467835138351068	10.729964938251314	12.053954664365566	8.20339005272809	12.611208871832037	12.448600839402571	8.062789223422438	9.680018405893364	16.34167942338428	13.610029353985801	7.848332497204547	13.098050590149185	17.30724359319705	18.166803191480813	16.180907860372805	18.348181188205498	24.671734991576415	19.831653782708152	20.378782397737	24.89087133833632	24.00959089271094	19.65487579980606	23.010243652613397	27.604896922154136	25.12129010549057	18.507417737475375	26.955508083301353	20.47776946686055	19.786815594956014	28.71364409012047	26.43668198018317	23.76496574623396	30.642925650533787	29.0574146247854	21.579396232684655	26.285485228735215	28.325544229928756	22.330607345458958	19.373003883512887	24.42741475635825	21.756780701343665	20.48427271156028	21.516740650448067	17.76502361127581	15.855026118335196	21.567457494029338	14.943559295385054	11.566049771928263	11.672138568417651	13.339606467581186	9.944849830371412	6.451433029603086	8.861250235332417	9.890073256065913	5.276531898471855	4.237931946147385	8.989557579156278	10.02873625838322	4.929498774670022	7.460095004395862	15.463743102551861	14.472146283195519	14.897628490165555	16.2389446449991	13.311777179554309	18.74447375183936	17.781869893970303	13.921885044751317	14.960937467028819	24.35839921007114	18.588359326591934	13.50826603731153	18.83371772017685	24.292734724041395	19.836396611050116	16.16205614495969	22.731941836825918	25.762765350325523	24.532069807396216	20.070744710450004	26.558714791337728	19.799088145789597	22.58874444435455	19.48013773731708	22.375395239470446	21.749817065212397	15.828102466395654	19.341437022997297	20.105608898430123	12.061939221710643	12.160422731247683	15.242340645890229	12.97460283461924	8.117697649504859	11.461998012651298	16.083735458237054	10.82296411228453	7.104532453162598	16.48410291458777	14.338435973720454	11.985704522058777	9.835584753321854	16.85267963816216	16.598821703795075	12.304987897948644	10.6680467631792	15.992197754580024	18.876796296301602	17.52533180894259	12.161717290152776	15.221968066438006	14.830175208530218	12.13878951698598	6.416181954648091	14.58363691454007	16.224380726218456	9.45728689648666	8.940206449382963	16.620820072710146	14.495980250129005	11.07573759791155	14.858265642596738	19.41187711357227	17.020786523601807	15.61006380725746	20.458958516902843	22.092738428518388	19.27395185576917	20.52720443625569	29.074178406804553	26.350215039345375	25.480549569082694	29.21963013767953	27.02573969342287	24.107295860803415	28.719500596096605
