0.0	5.746207492242158	6.221941658975184	11.145950470587952	11.647815256894472	16.19508767104155	19.332573613662532	21.744665725017583	22.776371319319615	21.063129582399583	20.900275383596398	16.09810947023472	14.944346645534955	10.161049314609233	9.076783171385202	7.6091009076832945	4.388962789251335	8.803075510943357	9.367456028836996	7.59650886479392	5.530947737687448	5.80744130618735	7.355238326677412	6.884372825328406	11.390973282621403	14.153297359575278	17.00699489134649	20.683666447476497	23.74499764032247	28.25035664388773	28.717390115720093	33.675123429382076	30.12503905501422	29.23300616120978	26.166756723134153	22.925541664330808	19.022342732244223	17.032977293464043	12.744690239582829	10.022463620433033	6.780608470767284	8.184405077084422	11.148291045760438	14.677273045127619	18.921990189631526	20.163602478728386	22.425985841151807	27.167703216766053	26.346573973102263	21.74275742519456	21.546784784810903	17.306732262664244	15.408449751953773	11.701693771526841	10.271761000023842	8.103643347012273	8.30677340339321	6.78456276594688	8.967434250938636	9.021461395651308	10.256765856542627	14.499195575835575	2.5018603340035614	14.999655629088874
5.746207492242158	0.0	5.833585978927172	8.473532454290087	9.569520411663325	12.922540497357847	17.241316814247632	19.62646230003622	19.835361581746035	17.630493138336618	16.36515026860851	11.609603471833365	10.747289663534184	5.230582977157506	6.999760880055857	5.4488998511049855	7.105399726599848	11.690693326807626	12.72336324735569	12.62992178757163	10.327804511955629	11.419338267006957	11.880715204044147	8.540920429193626	13.515862794098757	14.586848274429911	17.98368622357743	20.96405984796011	24.377365216560502	28.255924659299982	28.560862281507642	33.1735980765329	28.897865793663687	28.097876554841665	25.25000136710439	22.23356042987329	18.016322016793847	16.823318711623998	11.700364644791998	10.214746263781054	8.767155768540476	11.920940274568267	15.268379890553106	17.61764147318443	22.53064560521383	23.466581294598644	24.900296645206325	29.720745062554233	28.170706501596854	23.488150230628744	22.867943724239737	19.69878694472596	17.097759945343437	15.142607153283558	12.513784175767539	12.423933253035651	10.071056503124542	5.608951049255926	5.830938573242589	9.753244560047559	10.337803783317026	12.348183648190233	5.579228922841807	13.54010799192813
6.221941658975184	5.833585978927172	0.0	5.418353702523605	6.028471417159041	10.189203256720688	13.178611622054282	15.567537189007206	16.826846400878797	15.018477744796403	15.513488435236846	11.081238532002756	9.84766282177071	6.524607649887572	5.38196072158751	8.283691206462779	6.08214627317276	11.120171457594576	13.946598358007844	12.768062813199274	8.696255431452641	10.35606748366003	8.12409619754489	3.75430390005351	7.828159454183772	9.356994026688639	12.200561345702086	15.561580130791775	18.71247982396001	22.85675896490493	23.231378790518374	28.027494396476733	24.177774755689835	23.279109417053736	20.37608363812335	17.10596462706834	13.144295932540306	11.443083992523649	6.658589262810164	4.789270969482607	4.958662556325477	7.461780001075818	10.56889342491321	12.201123146877633	17.27107562079394	17.96883754360726	19.14728474437605	23.933465456334215	22.360579575719846	17.657399787506392	17.327085974886387	14.039948095389885	12.085679246797703	10.384399116628924	9.079244580294327	10.449374747343292	9.831595463220516	8.148069323390128	6.295957689039021	7.583848719710763	5.602637166574151	9.855986642126515	7.944935618173081	9.961006641227595
11.145950470587952	8.473532454290087	5.418353702523605	0.0	5.668945581984177	5.895927773829134	9.927408277311907	11.34793541087689	11.705102218543368	10.47210720656096	10.901285388336579	6.274102153816731	7.057282800425078	5.875951285988228	7.6763050909792	11.690258855718398	11.31038058474649	16.145334907069504	19.11344398429437	18.143315238136182	14.095480289933555	15.18296278157525	12.422399658428631	6.980437474232775	9.772204749147253	8.09807604706074	11.843670317236041	13.510123551086052	17.33372350191769	20.476923621958566	21.257816064630017	25.61069156271125	21.25782366543487	19.966553919560845	16.96666697312335	14.592119662365954	9.860669805238903	10.278718037549972	4.614516954196429	6.7683378053501455	9.733578485138485	11.936806402828935	14.121878646207643	14.822886697485309	19.935953962189313	19.589782921785435	20.16894007229645	24.537323842680923	22.000473717541205	17.638982537766292	16.306520098612626	14.847220701285616	11.94547032532823	12.867232332705058	10.554564930602607	13.975570375116371	11.863810154740273	9.961115373595684	5.458959489590758	8.402116395450625	5.21913143451849	5.697382674307086	12.611885478791947	6.111242717409963
11.647815256894472	9.569520411663325	6.028471417159041	5.668945581984177	0.0	6.010062439669426	8.354149598778381	11.99340256687419	13.968374207667031	10.454752506909811	11.607114024925794	9.234371971020986	5.630075305278044	6.492672766826467	4.108936687352141	9.8524369020205	9.608233659571138	13.169566441687019	17.173185986067235	17.12118432526166	12.678632702883037	15.905861016319472	12.889104499055879	8.77299954968136	9.811403563738967	10.451388491659625	11.274373080119286	14.608975570178899	16.740610561689948	20.431755889453754	19.703842742034556	24.15222781899091	19.774173642668682	19.67443814373417	17.768369046196376	13.661438981584189	10.988792988523373	8.422342270533003	5.108524973586971	4.350334268246935	7.336301668798395	10.621679076609984	13.975399612148097	12.881778876270205	18.141495449027232	19.326645597159605	18.63365646025649	23.4968280586728	21.611674070822907	16.918438263860896	17.476757840035106	15.164133348814037	14.421219849941354	14.127330893555616	13.863695471127109	16.17587615842278	15.559107362861363	13.307994742428876	9.89946889193594	12.577205415666526	8.5870322152779	11.126568393037505	12.79087407265951	10.800807766516472
16.19508767104155	12.922540497357847	10.189203256720688	5.895927773829134	6.010062439669426	0.0	5.490678622281447	7.659266624636273	8.429153245780817	4.870969920163386	6.440373055574496	5.426467201379246	4.595289586386885	8.38736845894789	9.509000839461251	14.524953577068432	15.153966742064096	19.107280589267308	22.820185384568063	22.58596536516687	18.225460120534745	20.448069252677257	17.179336255248597	12.146744844686681	12.999481007601087	10.856936810057281	12.480843895437186	13.534219120295033	16.30232150309457	18.555305514711993	18.384932127724674	22.12691824067948	17.123729952569057	16.515342709769964	14.632348860848941	11.890990368783848	8.64855305588452	9.188230576478954	6.168232243134942	9.106412751006221	13.019676082620057	15.641900186620935	18.03118272498401	16.82436904749677	21.849953979573797	21.793005797007186	20.7831236832406	24.97787391257735	22.08060634189612	18.003640000477724	17.34480072826328	17.02223212507191	15.290164511739539	17.133005090624934	15.842153717493208	19.560372062552023	17.749853164473215	15.52368591446939	10.846350389853411	14.130308453619513	10.061322677481073	9.08666213901954	17.382376899918054	8.917002203469773
19.332573613662532	17.241316814247632	13.178611622054282	9.927408277311907	8.354149598778381	5.490678622281447	0.0	4.852483552686227	8.545562361593543	5.359906576883288	9.905624714397174	10.714833558237704	9.114466976050581	13.207497072231158	12.394572966605425	18.10615482867743	17.587051310045744	20.80700070911899	25.223617817472995	24.782694123332647	20.03988208515406	22.7160407447584	18.503908320940774	14.355123316731524	12.934538335898104	10.984445814827813	10.009463725371868	10.86580477725973	12.080210498705744	14.067641678867199	13.082622710720496	16.799670055598575	11.886523623798439	11.819314720366041	10.861741844469735	6.993986061001883	6.412900867769819	6.043370332536403	7.253228384386084	10.074658814566378	14.599597597666206	16.355216656014047	18.14974182848797	15.316752895157453	19.734460774598034	19.694730189845867	17.415635750796866	21.247448924529554	18.280466316149756	14.596807640959561	14.90787129889897	15.297375406157991	15.176999835001613	17.53273982760157	17.766866559720732	21.760876345371745	21.095959751509575	19.812455502755967	15.361781090818438	17.140637261764223	12.144371253718074	12.35204658972651	20.82472186813605	11.066889582938682
21.744665725017583	19.62646230003622	15.567537189007206	11.34793541087689	11.99340256687419	7.659266624636273	4.852483552686227	0.0	4.838838286972529	5.88167618399071	10.616096314167176	11.36355597011031	12.12644945054139	15.73902955020269	16.061176421394148	21.554788986661606	20.798121890096752	24.575948568441042	28.715378130890773	27.734227652091004	23.04042970664568	24.711570176060796	20.328400058936335	15.950990608096875	14.498097197607	10.797351594415682	10.874532914152509	9.131463880819306	11.384245781290089	11.8626671470948	12.550500040137665	15.686893131996346	10.950504423911031	9.229681674873223	7.306241931696133	6.435713557651764	4.685516695984184	8.389501580129851	9.164869365634013	13.117019810911128	17.85523661325289	18.961996170346573	19.834057168016376	17.589013412257152	21.579739328864154	20.21177756881968	18.396159163232188	21.365549398926138	17.592218808022068	14.754772784303228	13.477905155046916	15.5853587175436	14.54578120337695	18.372624625510102	17.99964244246061	22.814822039506176	21.692462662968758	21.048472277039966	16.358849001757683	17.48246510954589	12.863445163443439	11.379298435585076	23.45131571600976	9.87458732102813
22.776371319319615	19.835361581746035	16.826846400878797	11.705102218543368	13.968374207667031	8.429153245780817	8.545562361593543	4.838838286972529	0.0	6.070303912326017	8.895836348608494	9.679131642997488	12.515880527693477	15.779284383261395	17.674860623412165	22.5411976334837	22.5539704414283	26.857398632529613	30.485314304801953	29.518560697453783	25.10614612653576	26.119534621426364	22.299730208753527	17.33121246540815	17.194710738457104	12.702776937085309	14.646845988712274	12.225600965306025	15.56144407100977	15.380532065654315	16.88710681856615	19.40218190247252	14.65308272082042	12.410104895333646	10.094088065452512	11.118576136816358	7.941673062608157	12.553637056578458	11.358806943797529	15.662046826620587	20.13779171143987	21.559664111379494	22.467005412064395	21.25070099728961	25.462189679252624	23.644173237075776	22.612212726568842	25.43170957802676	21.41184227999965	18.76626280879222	16.345991569384367	18.75595938811629	16.296795592337492	20.497465329198835	18.793251400665163	23.82946462883993	21.598107007834493	20.620750104000397	15.748557889015766	17.557419956775412	13.93925684648294	10.194939602006363	24.316657848967605	9.551741986368413
21.063129582399583	17.630493138336618	15.018477744796403	10.47210720656096	10.454752506909811	4.870969920163386	5.359906576883288	5.88167618399071	6.070303912326017	0.0	5.13057281119514	7.949525812734453	8.030128411994646	12.820193024384617	14.030302676380236	19.030343477658203	19.905764362658957	23.57900884551819	27.4909588694724	27.370914731591167	22.922122962125112	25.192858052601817	21.629697476419278	16.686327316282494	16.753107927685637	13.862908688616137	14.660861928298143	14.405420327417703	16.558528157467858	17.465462799898305	17.045486320046578	19.85862165280449	14.43951165149346	14.018335672617601	13.062928250795688	11.206905709989156	9.382683944263642	11.105105136061404	10.09086468204877	13.401462970685795	17.587260971854644	19.982237219393536	22.02187354776028	20.085289257931123	24.741674414577684	24.340981786009877	22.551915139183016	26.187957767753186	22.839617875117387	19.421909882380504	18.664667671685976	19.612275766783398	18.17583769095872	20.958450731164394	19.838024322873522	24.02824544181371	22.11352921315666	20.03729054450194	15.187880292218534	18.304104876297	14.150100887673105	12.009713347871608	22.23614962669578	11.634409678451664
20.900275383596398	16.36515026860851	15.513488435236846	10.901285388336579	11.607114024925794	6.440373055574496	9.905624714397174	10.616096314167176	8.895836348608494	5.13057281119514	0.0	5.7368044772472615	6.893452037839409	11.272886062904494	14.104980023187332	17.916264752717453	20.173119920187442	24.005875864881506	27.27309523591036	27.612739113835875	23.647098973529573	25.737740566490757	23.0931994332066	17.807330320899315	19.344994334783664	16.6313617620574	18.583474046619823	18.622234506798716	21.364512053296835	22.43383006554218	22.169476381413798	24.896429260728265	19.399882619491947	18.97443404063524	17.781347458386286	16.222656965085278	13.53289036683593	15.151268429925926	12.508620807023245	15.31806110656357	18.69299045209359	21.76573125640347	24.31105233552021	23.24397974826259	28.245427057352806	28.04286130153627	26.824926345599245	30.740521468672206	27.490335256887892	23.8158316776585	22.720129652692158	23.181360531137436	20.931472501925104	23.214274859051645	21.101038284470974	24.830710438869087	21.979444994714164	18.90531025189701	14.22600538366748	18.728070879593577	15.646214121382886	12.547864211226704	21.602091541806836	13.211485993059402
16.09810947023472	11.609603471833365	11.081238532002756	6.274102153816731	9.234371971020986	5.426467201379246	10.714833558237704	11.36355597011031	9.679131642997488	7.949525812734453	5.7368044772472615	0.0	5.765756020976311	7.170595964870225	11.188557064585643	14.476139905106601	16.252129256514827	20.767565259786185	23.491265394956766	23.293184515821363	19.58366495015238	20.815317087590667	18.611158334964017	13.150031906735725	15.822103789833452	13.15307340359377	16.57459873022989	16.989083318818825	20.735779861311933	22.6713097135283	23.264721848217057	26.803699676076224	21.7366901254221	20.57934862775796	18.157726613440072	16.632707451984164	12.311298400502507	14.046313899659337	9.541161952034974	12.25701713763845	15.172735067105183	18.01500521259116	20.38364372199514	20.58406817326797	25.710610872402665	25.229695712481476	25.168694413820756	29.282895569865534	26.218137699841133	22.223590352320972	20.542085787972	20.29638326054718	17.152946111290685	18.99382993067474	16.09399875316605	19.63541186470287	16.366817087174148	13.334808570967871	8.596341928484849	13.333606348911138	11.122160855655444	7.82371784872058	16.916516660550606	9.162965579274
14.944346645534955	10.747289663534184	9.84766282177071	7.057282800425078	5.630075305278044	4.595289586386885	9.114466976050581	12.12644945054139	12.515880527693477	8.030128411994646	6.893452037839409	5.765756020976311	0.0	5.635772800204082	7.303355185447781	11.348558079632914	13.592455984467636	17.157388042638665	20.514585544799274	21.11227909126499	17.20359057118562	20.02394296988035	17.730974371307987	12.91574924253521	14.905056661558651	14.023262185807724	15.671809699982019	17.67141171151455	20.167670688770173	22.820943606576325	22.085891064984505	25.840460775912664	20.735426423789438	20.701568858416437	19.141166995764863	15.87820848691337	13.020834567135259	12.279340559805531	8.800686696230489	9.848310885481682	12.34389759731932	15.975365093130126	19.268838114762996	18.422373167579014	23.656370795962697	24.45089165748066	23.559598421396345	28.163025850352025	25.736917457907065	21.343613340681046	21.199464215320983	19.942035901022525	18.299201078756617	18.92543894686084	17.417108100252758	20.06939180516248	18.010353808133626	14.598435251743872	10.533000823333632	15.164261769869338	11.984163306152197	11.596679458362805	15.505686796895311	12.12407688852873
10.161049314609233	5.230582977157506	6.524607649887572	5.875951285988228	6.492672766826467	8.38736845894789	13.207497072231158	15.73902955020269	15.779284383261395	12.820193024384617	11.272886062904494	7.170595964870225	5.635772800204082	0.0	5.497153456267191	7.329133506513514	9.905540322851241	14.194053135287216	16.520373068382998	16.869364066834798	13.605414381564996	15.636811323919357	14.53145314430288	9.911116861596097	13.74827770630303	13.652156116486076	16.60372364160454	19.083886339234557	22.3049740668334	25.619300313945796	25.562124193934917	29.809395266056125	25.09021773678011	24.533089815161425	22.140567108890654	19.107265434728276	15.184942106519873	14.372733576095571	9.38903498845966	9.198987209541352	9.927746148905534	13.638288161024601	17.070020852750538	17.912694539441357	23.166146122530627	23.94934535186982	24.330865831109758	29.10989009894655	27.041355875960804	22.418582040079325	21.852691793285157	19.633573775756027	17.224844020419674	16.70415773072832	14.353267037123572	15.970349623907495	13.457036635148418	9.358668594160905	6.295217804716286	11.563944460918883	10.119248612168342	10.627727635868512	10.444266931770084	11.769036609188579
9.076783171385202	6.999760880055857	5.38196072158751	7.6763050909792	4.108936687352141	9.509000839461251	12.394572966605425	16.061176421394148	17.674860623412165	14.030302676380236	14.104980023187332	11.188557064585643	7.303355185447781	5.497153456267191	0.0	5.837916771140306	6.5391248383472265	9.908679344995408	13.515318154528606	14.093820730036583	10.17139552551331	13.97202811980292	12.215670510584154	8.929802653486904	11.266545481047038	13.10166852802349	14.243357455618199	18.091926842766178	20.206297558708272	24.241384387907143	23.39976324814094	27.9442358594261	23.677663427513718	23.73217886730209	21.780871076501548	17.58721713694645	14.860062633474595	11.968487323368791	8.46640254563234	5.915846174891738	5.682203562370815	9.982674286955454	14.121644713092351	13.940785858803254	19.108429585130352	20.97952439807895	20.815231450642763	25.89778410127447	24.531787164469737	19.696575367956214	20.47455199906313	17.288843878235852	16.500021906326094	14.850531250471386	14.414521200754168	15.323535053993668	14.797297890721822	11.819617417515328	9.732451858862387	12.840705640169123	10.214523773964181	13.311834314183807	9.620289532768249	13.470544761835722
7.6091009076832945	5.4488998511049855	8.283691206462779	11.690258855718398	9.8524369020205	14.524953577068432	18.10615482867743	21.554788986661606	22.5411976334837	19.030343477658203	17.916264752717453	14.476139905106601	11.348558079632914	7.329133506513514	5.837916771140306	0.0	5.939711977490949	8.31743178157507	9.831560255185062	11.572923280423927	9.536328495228945	13.022818457884059	13.61938348080083	11.534597233530425	15.229043172137073	17.540717888982453	19.38095341210072	23.293488779151804	25.684267474626598	29.88143860249558	29.17033550096845	33.761869932843105	29.500943429031434	29.51610859170788	27.36936741891102	23.37208669284292	20.27587449599631	17.632252606874882	13.69440717966099	10.904473884807679	8.219320124743875	12.257488356829505	16.540402665501055	17.749390788642618	22.534791206351052	24.757122295674375	25.369379881240448	30.502972933557967	29.51712169416852	24.654807914183678	25.26346662945565	21.5170586497919	20.27669940608666	17.549529921231734	16.43887018835481	15.58784255666422	14.717515836404148	10.769002739263753	10.943263714873957	14.410410404767942	13.826019414200886	16.69952140289615	6.513131419000037	17.466381222198734
4.388962789251335	7.105399726599848	6.08214627317276	11.31038058474649	9.608233659571138	15.153966742064096	17.587051310045744	20.798121890096752	22.5539704414283	19.905764362658957	20.173119920187442	16.252129256514827	13.592455984467636	9.905540322851241	6.5391248383472265	5.939711977490949	0.0	5.262449427371233	8.010339594398687	7.597930276446928	3.9154040391855056	8.24293805764141	8.133168972844972	7.8440943385135915	10.739927871602632	14.375708094083052	15.7494054182765	20.189708616325568	22.36349647549478	27.07795563769876	26.71535181275943	31.65358641199461	28.11883040833953	27.842103287869637	25.36530269627687	21.31031600420304	18.344990942638436	15.16146693064713	11.85528243043461	8.070052875192427	3.6826653567811114	6.643815504308665	10.894385875695393	12.718870432372153	17.163235027164518	19.464964401725258	20.688162101713157	25.73923511719321	25.220752474417587	20.429861356934218	21.31869515222747	16.80842162702143	16.231932989345506	12.445133545766195	12.61196191063189	11.141321664173997	12.235555583700895	10.449343363727312	11.074896164470491	11.84560401563291	11.095749492468867	15.870161651948596	5.011614997546947	15.959223496695982
8.803075510943357	11.690693326807626	11.120171457594576	16.145334907069504	13.169566441687019	19.107280589267308	20.80700070911899	24.575948568441042	26.857398632529613	23.57900884551819	24.005875864881506	20.767565259786185	17.157388042638665	14.194053135287216	9.908679344995408	8.31743178157507	5.262449427371233	0.0	5.173330643246325	6.748247065084663	5.112802352505926	10.736798881816538	11.31137041148285	12.649422849208404	14.172474796122474	18.643431178664162	18.71115889479846	23.754943060925193	24.961380923448225	29.94563828693772	28.834294591184406	33.73341930395529	30.522178281005683	30.84884045562177	28.886207019359784	24.212089459499637	22.2295908099076	18.05397619149096	16.007052407156827	11.709693176642807	7.137620841533219	9.050048966383038	13.18097582914983	14.048113427838283	17.593114793189713	21.218699694685494	21.93614499345645	27.028863464888623	27.324742330027668	22.62787908586898	24.596120585796626	19.573009848167988	20.232790247378457	15.771747133117197	17.13571982185045	14.79083350628512	16.882846034666986	15.28198140052182	16.269299355026444	16.883527082282964	15.92778074648588	20.972809003776682	8.497913088099363	20.870170511466963
9.367456028836996	12.72336324735569	13.946598358007844	19.11344398429437	17.173185986067235	22.820185384568063	25.223617817472995	28.715378130890773	30.485314304801953	27.4909588694724	27.27309523591036	23.491265394956766	20.514585544799274	16.520373068382998	13.515318154528606	9.831560255185062	8.010339594398687	5.173330643246325	0.0	4.677257380718762	7.097237615087921	10.457961976694778	13.300853772248319	15.185615044144626	17.751903297188697	21.999159522159655	22.948627228474212	27.72124925553285	29.428062926226968	34.41810298462553	33.69545174535813	38.654449710448056	35.388808812973195	35.45392284664159	33.152517734226564	28.82750872530804	26.257813324647906	22.62545494247702	19.839198080187142	15.84032165848998	11.116083357518542	12.468286266040812	15.915921570069466	18.170048648094788	21.289671396425593	24.588496819089166	26.15273799973858	31.072685317492788	31.46360516509683	26.853831119472627	28.298734929657925	23.15568367314183	23.11411948327255	18.236246615307117	18.79404820378354	15.186448048212005	17.039722638487426	15.384186381839664	17.779900514388917	18.281062579005866	18.74817287271823	23.448259799408742	8.062265098343556	23.733870420638894
7.59650886479392	12.62992178757163	12.768062813199274	18.143315238136182	17.12118432526166	22.58596536516687	24.782694123332647	27.734227652091004	29.518560697453783	27.370914731591167	27.612739113835875	23.293184515821363	21.11227909126499	16.869364066834798	14.093820730036583	11.572923280423927	7.597930276446928	6.748247065084663	4.677257380718762	0.0	4.863241168056167	6.279772602523724	9.768982841710159	12.84411956257089	15.253798969854799	19.61414250915554	20.910809739582	25.452059017353697	27.44971333524654	32.502555964113085	32.418083203700306	37.51409146926919	34.60119907736835	34.17886444290167	31.448514157361732	27.570541473997856	24.66750367827413	21.435271236998094	18.597680339944265	14.806668257517245	10.2258817514887	10.024338628214164	12.489904869135133	15.916983352444946	18.666413626711265	21.343355369368293	23.78022982263803	28.42183582766637	28.85012841436941	24.44912073407775	25.4691468150638	20.185631825909045	19.956133683311833	14.676539440215025	15.43618410810774	11.187670521917022	14.030311475683332	13.798302770862552	16.562215266057905	15.559597671967161	16.57125042271765	21.701863911491817	7.287608894182119	21.798503623014163
5.530947737687448	10.327804511955629	8.696255431452641	14.095480289933555	12.678632702883037	18.225460120534745	20.03988208515406	23.04042970664568	25.10614612653576	22.922122962125112	23.647098973529573	19.58366495015238	17.20359057118562	13.605414381564996	10.17139552551331	9.536328495228945	3.9154040391855056	5.112802352505926	7.097237615087921	4.863241168056167	0.0	5.927414002618547	6.458234713221065	8.8686142540819	10.779541060127803	15.283867583328467	16.241857501944363	20.91266950508956	22.811808405158388	27.82441386390975	27.644173674075297	32.72331898042769	29.741520485976842	29.350599845328716	26.733766917082995	22.72890771868513	19.9903828944257	16.579271838955787	13.967026037194534	10.026484814424604	5.500270581599655	5.503866716907255	8.995855871385984	11.704798705981455	15.28496560503305	17.868491794606832	19.752934482938038	24.615620043688818	24.684381900228164	20.10115379640818	21.25270723352779	16.116902092110095	16.134073992489913	11.255186791410917	12.49723562854697	9.756505799518935	12.539396687134872	12.233171181949135	13.651957310425699	12.737409047759256	12.502102128004324	17.990926965969937	6.470253424513356	17.792127060912087
5.80744130618735	11.419338267006957	10.35606748366003	15.18296278157525	15.905861016319472	20.448069252677257	22.7160407447584	24.711570176060796	26.119534621426364	25.192858052601817	25.737740566490757	20.815317087590667	20.02394296988035	15.636811323919357	13.97202811980292	13.022818457884059	8.24293805764141	10.736798881816538	10.457961976694778	6.279772602523724	5.927414002618547	0.0	5.378943788671963	8.83169500993811	11.725218356631272	15.282106105737165	17.756796254173658	21.44984864343947	24.294720934413032	29.07615149763186	30.006259687669058	35.11741847234728	32.34013545249195	31.154473296545923	27.802537020261056	24.840405292584414	21.153901998093996	19.097935797188455	15.723634839905012	12.943567631334563	9.674023110981027	8.09200008655953	8.90650715211785	14.010884730401214	16.93327036855155	17.914459334594923	21.37508488649848	25.636986143304927	25.469715112599175	21.30535755904882	21.124998922344478	16.26366449490949	14.867827962651315	9.79774411508385	9.679240840245143	4.920641757062496	8.621408033408242	10.363469294450113	13.167316249729792	10.32171188675272	12.32601015698727	17.381432963911607	7.219730632463725	17.400194869053887
7.355238326677412	11.880715204044147	8.12409619754489	12.422399658428631	12.889104499055879	17.179336255248597	18.503908320940774	20.328400058936335	22.299730208753527	21.629697476419278	23.0931994332066	18.611158334964017	17.730974371307987	14.53145314430288	12.215670510584154	13.61938348080083	8.133168972844972	11.31137041148285	13.300853772248319	9.768982841710159	6.458234713221065	5.378943788671963	0.0	5.514637282862929	6.497036248083589	10.623544923775091	12.473422392233262	16.325652384916268	18.93982308426017	23.77984214342436	24.74616756585284	29.86348021625032	27.325565034463295	26.09015855281987	22.809213311328154	19.794396499599117	16.451465923244715	14.23430372669711	11.639092262059062	9.087339813116875	7.259705312396627	4.078198895657772	4.024311515586779	9.113421696945283	12.52233039587693	13.110829275270067	16.266452371266762	20.608765978399855	20.197424424441557	15.951954704909122	15.967568564753451	10.99545513957594	10.24115855835217	4.991132775520473	6.917610289097823	5.332969712297858	9.3676365073364	11.497848602375786	12.25260353373599	8.707092134306551	8.64376113192802	14.577078556418314	9.680290353348639	13.901776150182846
6.884372825328406	8.540920429193626	3.75430390005351	6.980437474232775	8.77299954968136	12.146744844686681	14.355123316731524	15.950990608096875	17.33121246540815	16.686327316282494	17.807330320899315	13.150031906735725	12.91574924253521	9.911116861596097	8.929802653486904	11.534597233530425	7.8440943385135915	12.649422849208404	15.185615044144626	12.84411956257089	8.8686142540819	8.83169500993811	5.514637282862929	0.0	5.544180610388787	7.278145895036351	10.800083683499343	13.891906510314497	17.399376679487755	21.672509759511907	22.751831571052488	27.67574869799523	24.359227013705326	22.95853085168524	19.57637350203588	16.853244298971624	12.605678180075188	11.432676088708744	7.135210713537131	5.920432823492699	6.369179920018095	6.302117843176277	7.836948820204278	10.694520050529453	15.336504444905064	15.207041130935444	17.317355330437337	21.786414233293502	20.25068438865674	15.768036238356821	14.888526803659968	11.360896898701583	8.911964549036957	6.876251377330748	5.565760124527371	7.5893535647305335	7.951783517819978	8.538039315231751	7.383807856512734	5.29928582382423	3.7304861247183667	9.43372410012416	9.245761697733592	9.048381551891126
11.390973282621403	13.515862794098757	7.828159454183772	9.772204749147253	9.811403563738967	12.999481007601087	12.934538335898104	14.498097197607	17.194710738457104	16.753107927685637	19.344994334783664	15.822103789833452	14.905056661558651	13.74827770630303	11.266545481047038	15.229043172137073	10.739927871602632	14.172474796122474	17.751903297188697	15.253798969854799	10.779541060127803	11.725218356631272	6.497036248083589	5.544180610388787	0.0	5.496699041194876	6.039918022984325	10.221983799765878	12.670480511477232	17.459771310793887	18.362130624035508	23.446119313220997	20.889543329325125	19.623253428322847	16.518594752404038	13.329698355234711	10.416684281463006	8.062315158230655	6.856956051985436	5.69999441875265	7.708288682096737	5.59876616200435	5.36993785888988	5.881156000337049	10.473760115039402	10.223697514935223	11.778712682883151	16.313322274233073	15.00286697327613	10.410047597686038	10.62360314038894	6.316797120682717	6.592154865095115	4.9502893918797515	7.842302442775297	10.449988292943845	12.622178276449553	14.069365737448502	12.331031925532939	9.612825248580009	5.926003723173041	11.817367351432353	13.747116274671606	10.21579621825722
14.153297359575278	14.586848274429911	9.356994026688639	8.09807604706074	10.451388491659625	10.856936810057281	10.984445814827813	10.797351594415682	12.702776937085309	13.862908688616137	16.6313617620574	13.15307340359377	14.023262185807724	13.652156116486076	13.10166852802349	17.540717888982453	14.375708094083052	18.643431178664162	21.999159522159655	19.61414250915554	15.283867583328467	15.282106105737165	10.623544923775091	7.278145895036351	5.496699041194876	0.0	6.013266760065184	6.8519615659600515	11.320223799290057	14.91119631846482	17.003700687785788	21.690382337835175	18.764280570956267	16.573954552374243	12.715738729179	11.160511822512577	6.483867829840227	7.721700596522906	5.542794098362304	8.035402934157748	11.621730675362944	10.743082810213538	10.17762850703553	10.615544552659896	14.64461670725605	12.54432469357086	13.86010886996671	17.490182612755422	14.739478089948125	10.815665946868718	8.47490802697352	7.5187039857423335	4.452291814616014	7.846653156841147	7.741922735857086	12.61963597185792	12.813944582741176	14.256311627674416	11.224213695294532	8.752933535917716	4.401231958847979	7.739529687635894	16.462244860094575	5.519208952147198
17.00699489134649	17.98368622357743	12.200561345702086	11.843670317236041	11.274373080119286	12.480843895437186	10.009463725371868	10.874532914152509	14.646845988712274	14.660861928298143	18.583474046619823	16.57459873022989	15.671809699982019	16.60372364160454	14.243357455618199	19.38095341210072	15.7494054182765	18.71115889479846	22.948627228474212	20.910809739582	16.241857501944363	17.756796254173658	12.473422392233262	10.800083683499343	6.039918022984325	6.013266760065184	0.0	5.550226166037936	6.747105610309686	11.594956391597842	12.387038599262272	17.44922255468456	15.239215227373743	13.951849980291508	11.278480937042234	7.804917665570419	6.782202721950305	4.3877221239757676	7.445036014719466	8.490206560723802	12.22732619137005	10.923742095778316	10.356514232942011	7.364973948136707	10.853606934020187	9.716028391498755	8.691032288863537	12.793528677789384	10.46091428502701	5.851098956710678	6.9541889095479394	5.41500654751574	7.817770170124883	9.70629032533629	12.472863271814314	16.17517055130781	17.779629681628574	18.96062424824161	16.02726565537717	14.078883789984276	9.316249575382907	13.131626850677174	19.233947253350614	10.822809794465075
20.683666447476497	20.96405984796011	15.561580130791775	13.510123551086052	14.608975570178899	13.534219120295033	10.86580477725973	9.131463880819306	12.225600965306025	14.405420327417703	18.622234506798716	16.989083318818825	17.67141171151455	19.083886339234557	18.091926842766178	23.293488779151804	20.189708616325568	23.754943060925193	27.72124925553285	25.452059017353697	20.91266950508956	21.44984864343947	16.325652384916268	13.891906510314497	10.221983799765878	6.8519615659600515	5.550226166037936	0.0	5.532986689458073	8.169185230521327	11.280434978869446	15.625370560950719	13.680436422574353	10.88467935572197	6.989032130320635	6.83169902794113	5.100755077289153	7.7171048355169924	9.886206320783506	12.738831536397678	16.89962389490959	15.719220765664287	14.476105171115147	12.576898620219342	15.13102158509828	12.070925455133308	11.45602843195177	13.686745256290928	9.74683604235338	7.237875361416986	4.347237788448332	7.826552787965954	8.000840088944488	12.597109041916267	13.980259079329366	18.800060801321763	19.471956798080846	21.03506012381855	17.58047127988128	15.435695537916102	11.16079597199375	12.570481816334247	22.97356305695809	10.016687222027617
23.74499764032247	24.377365216560502	18.71247982396001	17.33372350191769	16.740610561689948	16.30232150309457	12.080210498705744	11.384245781290089	15.56144407100977	16.558528157467858	21.364512053296835	20.735779861311933	20.167670688770173	22.3049740668334	20.206297558708272	25.684267474626598	22.36349647549478	24.961380923448225	29.428062926226968	27.44971333524654	22.811808405158388	24.294720934413032	18.93982308426017	17.399376679487755	12.670480511477232	11.320223799290057	6.747105610309686	5.532986689458073	0.0	5.358399734420588	6.803258661565924	11.543144011597828	10.936977546895601	9.320304405129976	7.734876934985651	5.768446915752673	8.685060335730503	8.389433046374563	13.00932480730596	14.832623150587503	18.760551014913297	17.425782585182645	16.282364883844835	12.477803250858422	13.840684811261298	11.714127147650837	8.52415415435877	10.182522830771862	6.440579560547816	4.844863032503009	6.568298249343998	9.211172992419298	12.249061231082202	15.477484344708179	18.268137349439947	22.37249072491598	23.89119688301	25.27043962001406	21.907492783326077	20.01155036328196	15.36189904342702	17.574079314546857	25.959340139948512	15.068392889103288
28.25035664388773	28.255924659299982	22.85675896490493	20.476923621958566	20.431755889453754	18.555305514711993	14.067641678867199	11.8626671470948	15.380532065654315	17.465462799898305	22.43383006554218	22.6713097135283	22.820943606576325	25.619300313945796	24.241384387907143	29.88143860249558	27.07795563769876	29.94563828693772	34.41810298462553	32.502555964113085	27.82441386390975	29.07615149763186	23.77984214342436	21.672509759511907	17.459771310793887	14.91119631846482	11.594956391597842	8.169185230521327	5.358399734420588	0.0	5.6798260617395036	8.352699104970124	8.776380789450998	5.917369352860084	5.441971766498883	7.243971525984232	10.729942432946673	12.41363605539066	16.604284938415365	19.24267826027631	23.522964081448993	22.498209593284013	21.32497648922699	17.824008371354655	18.97981900314601	16.28140159686239	13.228064665045515	13.24546071897805	8.962136429619967	9.762313248805643	9.541056200796623	13.929392314567936	15.860852826580956	20.06856346771987	22.107596084612677	26.738682671091393	27.633662425352373	28.935085898483845	25.139525536506955	23.566131523999125	19.06631088150206	19.78393914391757	30.444248527431192	17.369610858428306
28.717390115720093	28.560862281507642	23.231378790518374	21.257816064630017	19.703842742034556	18.384932127724674	13.082622710720496	12.550500040137665	16.88710681856615	17.045486320046578	22.169476381413798	23.264721848217057	22.085891064984505	25.562124193934917	23.39976324814094	29.17033550096845	26.71535181275943	28.834294591184406	33.69545174535813	32.418083203700306	27.644173674075297	30.006259687669058	24.74616756585284	22.751831571052488	18.362130624035508	17.003700687785788	12.387038599262272	11.280434978869446	6.803258661565924	5.6798260617395036	0.0	5.154541033345052	5.542756913725663	6.315975012644781	8.718832043321433	6.773003481393652	12.360026773041138	11.824403503081054	17.074284636080066	18.967202780433603	23.06580302733087	22.572544291058716	22.24580553056923	17.55791968114385	18.78991593412361	17.806253135272712	13.168329445764424	13.976194557297653	11.024738434741934	10.898888168324039	13.166341424910122	15.805953815457901	18.757132163892223	21.854765215542763	24.43416617889302	28.53882144460943	29.69606393668165	30.287872907380272	26.416782820870576	25.6623901928874	20.640746875445704	21.9951083079654	30.694732606989632	19.705512659490505
33.675123429382076	33.1735980765329	28.027494396476733	25.61069156271125	24.15222781899091	22.12691824067948	16.799670055598575	15.686893131996346	19.40218190247252	19.85862165280449	24.896429260728265	26.803699676076224	25.840460775912664	29.809395266056125	27.9442358594261	33.761869932843105	31.65358641199461	33.73341930395529	38.654449710448056	37.51409146926919	32.72331898042769	35.11741847234728	29.86348021625032	27.67574869799523	23.446119313220997	21.690382337835175	17.44922255468456	15.625370560950719	11.543144011597828	8.352699104970124	5.154541033345052	0.0	5.643291043366701	7.227696036039547	11.243616416420425	11.087794866545671	16.494167796314287	16.67313349903846	21.68677428932674	23.843695145424263	28.031622308686554	27.703823884960517	27.37372024051202	22.673138401735564	23.608611236326404	22.46626994112591	17.75377242418542	17.579508508081616	14.749262939861287	15.676296164422737	17.43814605055837	20.71261479799338	23.413331237467293	26.86999222874194	29.232170927536423	33.53795124753114	34.456160147996904	34.93541100325419	30.83356199099285	30.335421861484846	25.355741029532012	26.00426292561099	35.60763176315581	23.811317036331776
30.12503905501422	28.897865793663687	24.177774755689835	21.25782366543487	19.774173642668682	17.123729952569057	11.886523623798439	10.950504423911031	14.65308272082042	14.43951165149346	19.399882619491947	21.7366901254221	20.735426423789438	25.09021773678011	23.677663427513718	29.500943429031434	28.11883040833953	30.522178281005683	35.388808812973195	34.60119907736835	29.741520485976842	32.34013545249195	27.325565034463295	24.359227013705326	20.889543329325125	18.764280570956267	15.239215227373743	13.680436422574353	10.936977546895601	8.776380789450998	5.542756913725663	5.643291043366701	0.0	4.513692281332465	8.813033756551349	7.687526351672189	12.844841429465532	13.299741633621704	17.742125482935315	20.235062679613552	24.64845723087005	25.072530724624535	25.464033014955028	21.060442213773705	23.233127221336122	22.422091058012818	18.11753605515243	19.42868433341203	16.180646436370186	15.469387049908052	16.718415575304196	19.579141547167012	21.39429957175191	24.861806074197702	26.4894523285413	30.90763565038993	31.162945056063965	30.975043917481933	26.59849571885853	26.978855949052093	21.898853237414087	21.979562146155686	31.88936513368984	20.047473280354193
29.23300616120978	28.097876554841665	23.279109417053736	19.966553919560845	19.67443814373417	16.515342709769964	11.819314720366041	9.229681674873223	12.410104895333646	14.018335672617601	18.97443404063524	20.57934862775796	20.701568858416437	24.533089815161425	23.73217886730209	29.51610859170788	27.842103287869637	30.84884045562177	35.45392284664159	34.17886444290167	29.350599845328716	31.154473296545923	26.09015855281987	22.95853085168524	19.623253428322847	16.573954552374243	13.951849980291508	10.88467935572197	9.320304405129976	5.917369352860084	6.315975012644781	7.227696036039547	4.513692281332465	0.0	4.772334898475869	6.681025098683212	10.635825806593324	12.859068333068786	16.637014556531717	19.77459044280087	24.402940205481134	24.451856088387363	24.283530320878633	20.648148514029142	22.848667528297245	20.961756360845488	17.582368948475136	18.54036187407275	14.53930454566103	14.162081513563443	13.92323072084793	17.785112156194536	18.814873217392112	23.071609311645066	24.248146194149133	29.08835730719468	29.092233882182118	29.39036364692506	25.006716743802038	24.84155092898536	20.079396399613536	19.581440265681042	31.17237687234006	17.54790420924249
