0.0	10.433256667719798	7.660138253963928	17.374018718575414	18.403091978057297	18.66462961643945	22.482821334678196	25.18351635645257	28.62788878245379	33.44034233207527	34.9201720720118	28.024091087034844	30.188014026398122	24.414842190518907	20.706308943635854	18.762067057783934	14.907871900869678	13.231793104545787	11.122425982914322	10.190824267707638	9.30617343332137	9.905128703572728	9.8374416047277	13.046118254665544	13.053360831817065	11.932750323001507	15.678904536893892	17.85807480278269	16.224488687644616	15.145132784692326	22.911894107631433	23.185511824583592	22.185000455162104	23.00775557617607	27.169606805005248	26.2659516622453	26.177652193341565	29.84596529884503	26.299761921023116	29.01907068972249	27.00719090163927	27.64822114749864	21.171513251665942	21.21121486815125	11.314076073843353	14.078955183878813	9.40155645664018	12.332147924277514	13.425494577790406	3.7436199942935855	15.00568193141053	13.492600332299155	20.753266508577738	22.15629647396229	27.152546480742778	29.54643291429584
10.433256667719798	0.0	7.509707824857053	9.66248582452019	11.397763498776662	12.519879401310021	14.577198607898833	18.569238991007126	21.301569334190688	27.205608848854187	26.838202174519733	19.447200897121466	22.57224904792423	15.311579511769082	11.659839389738522	9.822803367170945	4.878358811191673	6.658547019614884	6.5654275311718	8.504320358586062	12.33301120598517	13.513943964644634	11.995889806037502	15.626874987079983	13.651767650127594	9.675736647142239	15.980854267003235	18.264810985708415	11.637636502717182	8.974242960729944	20.45972001303357	18.430736765475196	13.833715014929085	16.83867239144914	21.91438435183988	19.53441000064503	17.95092778751599	22.845618440106843	19.50605257178595	23.775472949213487	22.432495682051588	24.7625162355301	17.055652781264428	19.052520205900112	12.12867548564203	14.204025470759017	14.229277110057767	14.763977736395065	12.442042871619819	9.295991438608535	10.07242962572527	11.225576892607705	15.907301596024373	16.798680819501644	22.048235339992047	22.92059748455807
7.660138253963928	7.509707824857053	0.0	13.336383372417744	11.257861233930631	13.46176271356409	15.477580087372054	19.020097200460263	21.616770116103094	26.197841543846984	27.865485791764147	21.02852778854534	23.978309336340693	18.3099613422151	15.929050860789172	12.225071008232598	10.45461174402724	6.7950525560901385	9.87708863207654	4.721783937180719	8.15107313133452	6.91207885782914	4.586081324893546	8.605601088296867	8.591016069259178	4.4446369696975285	9.451685493829364	12.839684132754522	9.37054433376313	7.7450402153739	15.765311081990587	16.39783914436081	15.214499276414797	15.370968465072924	19.625144869219678	19.09100571801052	18.948088594780675	22.2444324352171	18.75551008182161	21.407312477148405	19.75564538167849	21.25151431179493	13.70591890782406	15.325614117064838	6.185610350673681	11.156370813205205	8.540747448222314	11.868393784318025	11.58588819619803	5.363097154485064	9.80087446826259	6.318122765058388	14.66611035627119	14.924939487509905	20.678237928841135	22.189950788640115
17.374018718575414	9.66248582452019	13.336383372417744	0.0	9.430473916747026	5.063483930593354	10.653802271317076	11.025241811830371	15.408483568077349	21.72377269741532	20.832016780344247	14.923603395709163	14.613951943826867	9.333092828459943	4.228065201580049	9.31254192924994	6.339896548596391	12.328955965342425	16.03604958526807	15.829451756410798	20.693057596027884	20.11031448262511	16.127096418435258	20.796874203484457	20.521448907852985	14.134071814604425	18.531643400183036	23.855562429493332	16.40949567389919	11.198878315635175	21.062337128129744	21.9407468853333	14.178706019778534	15.847153115296319	22.117676228459008	20.963351636375048	16.654210564290576	20.788794752808972	16.611302271154756	21.68513534387401	18.779387759356382	20.31241423936185	15.84646051290436	15.271127960561003	13.640310342989917	11.793191510558751	16.38649728656265	13.75023042719713	9.419000705193481	14.6659911146046	5.994662604735593	12.617817065045985	10.093309657972872	13.269692965332034	15.658027344198093	18.19346097693414
18.403091978057297	11.397763498776662	11.257861233930631	9.430473916747026	0.0	7.531924431518808	4.267128495832815	9.478884486792952	10.591020365130975	15.920026600843627	16.631118769098542	9.923102549201477	13.563091243671867	8.287783350105272	9.216166102924754	4.526652213591215	8.618872793437824	8.082984255086462	15.721583711479036	11.961537377307994	17.539357709577818	16.01581823749153	12.4927125779072	15.334961843213838	15.072723729538433	8.844722982127276	12.000271172821515	16.737405946488796	9.365805194261688	4.521285299623731	12.225921538601263	13.41231813140619	7.210572417830124	6.576943869826775	12.779527342976177	12.556310606345065	9.39473103541478	12.583546427260018	8.464747787556588	12.95801999507154	11.405560579471544	14.905354091321133	7.22026715162447	11.183273968170486	11.050831529750436	13.150440113417677	16.049045967572884	16.45243212113706	13.674763504291843	15.465502758355182	7.174757735551138	7.369331878221884	7.556018180768471	5.828783008938565	11.87695665104671	11.620128617304308
18.66462961643945	12.519879401310021	13.46176271356409	5.063483930593354	7.531924431518808	0.0	8.67041447478044	7.091326908407433	12.19818598391509	17.809983678229287	18.333681540191115	13.323661722558924	11.89528023354427	9.056740190002477	6.831980760405992	9.751489076626552	9.565979114441484	13.07707593725936	18.708557515269	16.264343375580914	21.3311098903227	19.63327228610092	14.856349224582505	19.40996524770093	20.195444399952674	13.284194033288493	16.01463730050809	22.620700893621446	15.987228650714703	10.490361049408632	17.776825736557107	20.89063953614346	13.921828143103939	13.354816500385914	19.62097301977438	19.89566456875013	15.591968041487176	18.36680903406104	13.745291279102878	18.19777394439317	14.425733051375573	15.341959265201199	12.320151929729745	10.508243138203857	11.650664048910013	9.439593628052135	15.088148087110305	12.624898095400482	8.73740934562883	15.320402439957034	3.851571330189737	10.472004174719254	5.112555249774001	9.29047295401705	10.917480264993966	14.64108270226466
22.482821334678196	14.577198607898833	15.477580087372054	10.653802271317076	4.267128495832815	8.67041447478044	0.0	7.555391595828319	6.999141842143507	13.027093151230066	12.553446775621255	5.737369367647062	10.212395165630513	5.254553446095896	8.79728920183226	5.61058013544663	10.766125077372331	11.535801135983121	18.841379941554923	15.864561224823056	21.487512005462268	20.12264994630944	16.6957263719215	19.246482423527265	18.780167437809013	12.964312293542063	15.561600148382025	19.93168199498708	12.357923840685716	8.388890926309642	13.893634887137896	14.640290976170899	6.724788423006824	6.428395550994541	12.433483017135204	12.059499766031472	7.041789489190623	10.15038934238758	6.130119221127553	11.735000934894341	10.626540577543802	14.913580508094588	8.777979278703567	12.814938307729076	15.048224056131115	16.23410249810831	20.009337205122847	19.75778057605476	16.53996479682832	19.56316041345205	10.035694693679835	11.443066070289234	8.365505338218075	6.050866267023611	10.533005593686177	8.669397946338377
25.18351635645257	18.569238991007126	19.020097200460263	11.025241811830371	9.478884486792952	7.091326908407433	7.555391595828319	0.0	6.22663887077852	11.405826568727456	12.054373583740027	9.556031332490377	5.54274774859692	7.953595877510198	10.048285465017782	12.097898042200802	14.808249032223388	17.306640415506457	24.15946598143443	20.980383527513034	26.3738891012458	24.241124532193588	19.543447422058755	23.110131136926825	24.06652092167718	17.423332406271484	18.62029980380132	25.198350559495058	18.716648253059763	13.876587839976606	17.349272634507678	21.443403732394767	14.277186715407982	12.161816308299379	17.715983795019614	19.032647595634216	13.828632445228607	14.755471209123078	10.432820620711313	14.611137240661938	10.59764755205679	12.05211576781251	11.849977470258017	10.610674759800743	16.46041530071949	14.743079479792339	20.585046512370624	18.50879821920013	15.147593906552595	21.742934848323564	10.28559705907292	14.332333031877363	5.506596794737329	7.635157692924903	5.555584960617109	9.15306133023952
28.62788878245379	21.301569334190688	21.616770116103094	15.408483568077349	10.591020365130975	12.19818598391509	6.999141842143507	6.22663887077852	0.0	6.8140380322767715	6.711632866917119	5.428292778061121	5.792790336968033	8.416770910562446	13.227271166894523	12.54864276766711	17.312533577124622	18.36921402432397	25.83336929679177	22.354794484945614	27.86785302283593	25.86614386861515	21.95315847276957	24.30587828867081	24.676515632244133	18.907531801838367	19.694717338928307	24.8469073627888	18.432710204877967	14.877314603813065	16.003142841571115	19.00481734428592	12.401198801012038	9.79034408486447	13.934720834503493	15.440126983439983	10.131529546872093	9.499502280013001	6.360461072213237	10.470055073888835	8.624443299965192	12.609180204590889	11.366106148286844	13.587305680063894	19.701849203142	19.69715921474269	24.5390553931468	23.62059041316299	20.505576981416503	25.386962162498328	14.71446144164459	16.51983937519047	9.97118526063829	7.868098700382562	7.17221581021652	3.8773761499575317
33.44034233207527	27.205608848854187	26.197841543846984	21.72377269741532	15.920026600843627	17.809983678229287	13.027093151230066	11.405826568727456	6.8140380322767715	0.0	7.509100192500166	11.006788050834432	10.37377093336929	15.212225923758835	19.941425789479332	18.51678864665185	23.628210254900576	23.472329875334324	31.40307396960785	26.814975529905375	31.993570741951324	29.343096199792658	25.504182082583714	27.034012747070825	28.12486309341268	22.985601416076406	21.939609964315665	27.09040318145809	22.402109424104157	19.724952520542157	16.467951328514477	21.428237798444616	17.392435880383264	12.926831195950708	14.491675610353171	18.011819743802896	14.305654764492836	10.394403379574863	9.261668381156328	9.210533910321045	7.862171470072215	11.112950268113162	13.544751259771685	15.309294277075747	23.350720008054452	23.59886429233384	28.140437848738294	27.68955484601431	25.268755354502357	30.07180576452051	19.952918337843766	20.348416274919824	14.147602240704483	11.306424351602963	8.586372153418262	4.602420248833202
34.9201720720118	26.838202174519733	27.865485791764147	20.832016780344247	16.631118769098542	18.333681540191115	12.553446775621255	12.054373583740027	6.711632866917119	7.509100192500166	0.0	7.8167792601514705	8.284685383760802	12.331791009527073	17.806159620654743	17.49374312560344	22.485508310233396	23.804500868919558	30.928846693370616	28.08454104689637	33.61439231851001	31.916887298616174	28.38153065919871	30.310896439984155	30.213208378369792	24.968220122533253	25.798938438609948	29.991703355490294	23.521834966066486	20.674207514270613	20.982615683052664	22.603228408368334	16.188145113057484	14.656644309606893	16.919855771315934	17.88958145484731	12.652048896776513	10.910239288759254	10.678046648735464	13.470491204526065	13.545478237309753	17.572096487857255	17.242133179884284	19.954364104097696	26.34537815996154	26.312184477866072	31.23526712373024	30.19716415433156	26.88675444714527	31.815603774541287	21.142339802216842	22.975819614568085	16.568501080333355	14.31684986446267	12.653149845764766	7.578522515018106
28.024091087034844	19.447200897121466	21.02852778854534	14.923603395709163	9.923102549201477	13.323661722558924	5.737369367647062	9.556031332490377	5.428292778061121	11.006788050834432	7.8167792601514705	0.0	8.823132838578168	6.129770649815912	11.816036273868352	9.844630760547393	15.18307081454769	16.313168784725978	23.18409506096531	20.86369324184576	26.440381705190333	25.310742452364256	22.233105622672394	24.253517250772944	23.412482291295884	18.260286028760696	20.46011678162758	23.957213954037428	16.480747835037846	13.597551200679037	17.01569904464703	16.659278962127363	8.666463233805286	9.051215414156763	13.074600058246453	12.293995934036307	6.043227865962685	8.14683147209291	6.349551131507835	11.790412514639737	12.169952364665598	17.160893643441035	12.684109244602569	17.02959847345182	20.699764855765665	21.601025813650693	25.704179912134588	25.215282359379632	21.78994292605175	25.223159875715005	15.465126727851807	16.98917377574269	12.74377140531247	10.004546795240707	12.155986632346051	7.278142740236254
30.188014026398122	22.57224904792423	23.978309336340693	14.613951943826867	13.563091243671867	11.89528023354427	10.212395165630513	5.54274774859692	5.792790336968033	10.37377093336929	8.284685383760802	8.823132838578168	0.0	8.660106219826117	12.285735442719737	15.024915605531957	18.2137050622056	21.27163769518309	27.909379827614256	25.450794546933107	31.00852246345843	29.190827729483164	24.78293409431403	28.047426424475276	28.528846829869916	22.16354735448514	23.54488508702863	29.4246065260487	22.482592574837177	18.07212033059047	21.065975806777928	24.10478842401141	16.231525442834936	14.926921584152662	19.645773856328432	20.53529506814736	14.595399460299676	15.052254499089615	11.96695276065338	16.157592177443632	13.2671102379654	15.329413595610234	15.921354774083474	15.660450794803161	21.8999986633743	20.14978386768875	26.08957256183817	23.79056502040937	20.17572945101085	26.88466683100683	15.399978633751548	19.45532200867795	11.031788235500537	11.826423513223297	8.543272541579366	9.36217665212468
24.414842190518907	15.311579511769082	18.3099613422151	9.333092828459943	8.287783350105272	9.056740190002477	5.254553446095896	7.953595877510198	8.416770910562446	15.212225923758835	12.331791009527073	6.129770649815912	8.660106219826117	0.0	5.786413745130218	7.39076862012386	10.597636694536599	14.211911359144297	20.041610838054066	18.975378552927733	24.578822955944915	23.84212806670005	20.370364263197597	23.537541968817745	22.65092353196174	16.74041367507909	20.238183748129426	24.486244325315006	16.24054651300657	12.010266337951387	19.14613709319624	18.839581736757243	9.443025526643979	11.489378017191465	17.086259423295353	15.61657153356468	9.641361531887721	13.576538290568152	10.389972133760686	16.21685846931522	14.907767498253166	18.572747768088217	13.925709620513047	16.384236253590686	18.408781243396316	18.21485027299439	22.80178588797913	21.371646183524543	17.419557120732687	21.67228186223688	11.591527293306601	15.381917833043666	10.785470673154983	10.67014581319974	12.772892424743272	11.562181713481662
20.706308943635854	11.659839389738522	15.929050860789172	4.228065201580049	9.216166102924754	6.831980760405992	8.79728920183226	10.048285465017782	13.227271166894523	19.941425789479332	17.806159620654743	11.816036273868352	12.285735442719737	5.786413745130218	0.0	7.992879022472127	7.069215252721785	13.105442837934435	17.30348052568052	17.465752738721402	22.70913127309954	22.364166616027717	18.740112238497176	22.818536816623563	21.97442029899825	15.808588422499717	20.264053997015292	24.905678578841975	16.69545342066632	11.809811833983403	21.368542798701213	21.184592724772276	12.231372191921592	14.792074669180906	20.904831254246023	19.187055454473633	14.113332114431987	18.58382824597366	14.872133540917261	20.466439103930295	18.273984633260223	20.766455394315898	16.02517890136279	16.82075876766961	16.56312285420822	15.401106107038519	20.002404366138816	17.77699107336958	13.48286704054882	18.148403953653748	8.920945420316173	14.574266544234838	11.042148154393637	13.05364671421434	15.293430779961097	16.350663728194323
18.762067057783934	9.822803367170945	12.225071008232598	9.31254192924994	4.526652213591215	9.751489076626552	5.61058013544663	12.097898042200802	12.54864276766711	18.51678864665185	17.49374312560344	9.844630760547393	15.024915605531957	7.39076862012386	7.992879022472127	0.0	6.263479268287379	6.975912182128035	13.467396380524798	11.89245718997157	17.467406198115473	17.179916545881625	14.721749236915814	17.271444163526745	15.571000901782861	10.34188028856496	15.07550957830161	17.886199251920715	9.237364176488828	5.5243115829089	15.421971195519877	13.252787404894725	4.994193688447559	8.690558208439196	14.225743947078998	11.836617890474184	8.416696054388462	13.500537995631499	10.432561072676169	15.544677854242664	15.184272666229704	19.235325880331366	11.120599245007426	15.658730494579618	14.016177669182179	16.19898297199819	18.598558009983982	18.929587497775877	15.759370958152676	16.449552395217623	9.60752600229491	10.483685544198526	11.456052789569483	9.973729557846088	15.549571779727753	14.024527031027306
14.907871900869678	4.878358811191673	10.45461174402724	6.339896548596391	8.618872793437824	9.565979114441484	10.766125077372331	14.808249032223388	17.312533577124622	23.628210254900576	22.485508310233396	15.18307081454769	18.2137050622056	10.597636694536599	7.069215252721785	6.263479268287379	0.0	7.347654238544203	10.263811195298542	11.316796260702365	16.18835169682525	16.712576250544576	14.273711820231693	17.979988604057937	16.22410839812794	11.051860936502896	16.94398979812998	20.021799572905056	12.004870694380713	8.063638945966476	19.75621153096633	17.86854077124423	10.907765963887192	14.432885355567889	20.0495765631523	17.54981379127735	14.582866635484496	19.728633238702947	16.321599192711936	21.30185271473139	19.93765554055834	22.73519986654401	15.458947410119544	17.703357630933237	13.438752284564151	14.525325746227372	16.59906856733582	16.097479308784365	12.703805732762147	13.024767595501444	8.525064122960243	11.527508299324053	13.352712909691757	14.223257432077078	18.94385693616487	19.384469324546735
13.231793104545787	6.658547019614884	6.7950525560901385	12.328955965342425	8.082984255086462	13.07707593725936	11.535801135983121	17.306640415506457	18.36921402432397	23.472329875334324	23.804500868919558	16.313168784725978	21.27163769518309	14.211911359144297	13.105442837934435	6.975912182128035	7.347654238544203	0.0	8.188129735218906	5.027533090079061	10.508120080820007	10.820567832423142	9.889146759872382	11.799385084516855	9.223417205452392	5.344998182823599	11.649668145400078	12.798996956960883	5.03695665003347	3.9968900837095247	14.769170966342989	11.832269171431042	9.120794192335904	11.488163506596159	15.713143451011224	13.487443324954143	13.284397334696278	17.61973437009289	14.864360216345199	18.38154752944257	18.188481657984084	21.52546411990054	12.246357225283063	16.818289090960718	10.996428920424597	15.34452681363269	14.912576641164904	17.11197200232931	15.264537524386535	11.6304259445949	10.704355831794642	8.096740793379718	14.541814483829093	13.154625152027336	19.72482800375414	19.004276718634834
11.122425982914322	6.5654275311718	9.87708863207654	16.03604958526807	15.721583711479036	18.708557515269	18.841379941554923	24.15946598143443	25.83336929679177	31.40307396960785	30.928846693370616	23.18409506096531	27.909379827614256	20.041610838054066	17.30348052568052	13.467396380524798	10.263811195298542	8.188129735218906	0.0	7.903455482929388	9.440320957351476	12.77526775758587	14.048575000573473	15.671102589054684	11.86565835877798	11.553063317768064	17.833236225621647	16.832320953111626	11.632192592389758	12.068072087097336	22.357682915154385	17.71638812513608	15.770276971027196	19.535803969929344	23.237734254207098	19.89540128117412	20.137165968141062	25.1808068072908	22.77767394904534	26.453430120901217	26.330862451117266	29.29123632721428	20.339743563519953	23.91350996330803	15.938521309518055	19.632305809770205	17.64933475439723	19.788679516342455	18.371183505713113	11.880142513320088	16.107112183310694	14.818874699542729	21.47523943786916	21.119638837673772	27.26544860165156	26.897599713209406
10.190824267707638	8.504320358586062	4.721783937180719	15.829451756410798	11.961537377307994	16.264343375580914	15.864561224823056	20.980383527513034	22.354794484945614	26.814975529905375	28.08454104689637	20.86369324184576	25.450794546933107	18.975378552927733	17.465752738721402	11.89245718997157	11.316796260702365	5.027533090079061	7.903455482929388	0.0	5.646455136825124	6.115660348039223	7.193294013088702	8.065616911525167	5.153685330115701	4.452942817883241	10.072919290658374	9.936904727087123	6.213851937040895	7.509907427871845	15.208190620831997	13.052746401559432	13.581860655772093	14.630500123207382	17.85451267931755	16.404058126598027	17.525049448715084	21.069996056155084	18.42462492047302	20.844729515689075	20.544611605285823	23.141956835694437	14.128108752725002	18.041809271176906	10.015590120324903	15.600502146429173	12.838665255270506	16.583754001252416	16.04242785752227	9.323382034424514	13.06889506928662	8.477674016202565	17.235590230741998	16.02250103932025	22.63429480285194	22.53781598758297
9.30617343332137	12.33301120598517	8.15107313133452	20.693057596027884	17.539357709577818	21.3311098903227	21.487512005462268	26.3738891012458	27.86785302283593	31.993570741951324	33.61439231851001	26.440381705190333	31.00852246345843	24.578822955944915	22.70913127309954	17.467406198115473	16.18835169682525	10.508120080820007	9.440320957351476	5.646455136825124	0.0	4.800920732960999	9.333053395401318	8.293661737471126	5.216215171309002	9.236380574879126	12.72459862814992	10.17139256879762	10.800941627363606	13.110215110709962	18.743641520973497	16.400082796173443	18.86752800652938	19.75014961944118	22.060964553397277	20.71695527636093	22.76716651869888	26.0380954047806	23.687922242110663	25.444624620049876	25.30034601923541	27.424240384866437	18.833401207175402	22.216995646851704	13.110038887566175	18.841866475840693	14.081451117750214	18.835986273862382	19.372850896963428	10.25916135757069	17.834455398049005	12.936440667080172	22.247821293919884	21.194128978174803	27.705752716565573	27.826861682259416
9.905128703572728	13.513943964644634	6.91207885782914	20.11031448262511	16.01581823749153	19.63327228610092	20.12264994630944	24.241124532193588	25.86614386861515	29.343096199792658	31.916887298616174	25.310742452364256	29.190827729483164	23.84212806670005	22.364166616027717	17.179916545881625	16.712576250544576	10.820567832423142	12.77526775758587	6.115660348039223	4.800920732960999	0.0	5.598744425328908	3.816931374154617	4.526286049255937	7.1764526968854705	8.522668188558873	8.191601341351857	10.327650022050241	11.975411419968177	15.368034761651169	15.786571642159192	18.604797582029853	17.845660796115148	20.120289988190592	20.164827466010284	22.053560253370204	24.401483927750093	21.73740888752483	22.82176883156982	22.138710537717188	23.62472522718877	15.846091738901151	18.54182303638489	9.746441705250342	16.043911826104676	10.991309109779289	16.43169674325048	17.50692170261331	9.429241155053946	16.03424969369451	10.005903268953235	19.618136111451218	18.550555695445937	24.761778789077496	25.499402428428084
9.8374416047277	11.995889806037502	4.586081324893546	16.127096418435258	12.4927125779072	14.856349224582505	16.6957263719215	19.543447422058755	21.95315847276957	25.504182082583714	28.38153065919871	22.233105622672394	24.78293409431403	20.370364263197597	18.740112238497176	14.721749236915814	14.273711820231693	9.889146759872382	14.048575000573473	7.193294013088702	9.333053395401318	5.598744425328908	0.0	5.505208319318854	8.36131647946073	5.025520069865891	5.906521022472796	11.122348772373138	10.459614078528126	9.461137303352611	13.383332713120806	16.500859945780526	17.024725908748895	15.339011337637189	18.867319021478462	19.731175538032957	20.1616271898879	22.25041002338406	18.774029819373418	20.243014198964786	18.30027834256678	19.048350802255552	12.398298602291684	13.368018980840032	4.161977990258926	10.650633076581716	6.776594249069104	11.686105964898866	12.608789994067108	7.317816059707495	11.217973669872475	5.44067073705467	14.556539620858375	14.429694729889816	19.94763284237559	21.894406091072824
13.046118254665544	15.626874987079983	8.605601088296867	20.796874203484457	15.334961843213838	19.40996524770093	19.246482423527265	23.110131136926825	24.30587828867081	27.034012747070825	30.310896439984155	24.253517250772944	28.047426424475276	23.537541968817745	22.818536816623563	17.271444163526745	17.979988604057937	11.799385084516855	15.671102589054684	8.065616911525167	8.293661737471126	3.816931374154617	5.505208319318854	0.0	5.438530996341627	7.133395265058156	5.460961844029477	6.366207931676174	10.073771254213016	11.788405003965408	12.183392341130636	14.4539271343969	18.152848923587392	16.093487382127417	17.780688995654227	18.89576988838627	21.037919966379327	22.4654553364497	19.918408509664058	20.183082401393484	19.55070709141019	20.904039750447165	13.51864219784907	16.468091492229874	9.254432699416192	15.870702159788937	11.422478614870016	16.952337617696298	18.09479411947647	11.748097486367259	16.0502749401985	9.027114106648154	18.409684868679598	16.737902888726335	22.843386586320523	23.4664616270808
13.053360831817065	13.651767650127594	8.591016069259178	20.521448907852985	15.072723729538433	20.195444399952674	18.780167437809013	24.06652092167718	24.676515632244133	28.12486309341268	30.213208378369792	23.412482291295884	28.528846829869916	22.65092353196174	21.97442029899825	15.571000901782861	16.22410839812794	9.223417205452392	11.86565835877798	5.153685330115701	5.216215171309002	4.526286049255937	8.36131647946073	5.438530996341627	0.0	6.953306458306929	9.182884143717683	5.312231868775969	7.20058433275146	10.754099831154939	14.008006123183897	11.843583564898092	15.936422705678067	15.783601249180476	17.26935877017134	16.575724374648257	19.32733370296034	21.80290572593715	19.83966932285868	20.88116399095965	21.339125217616985	23.949258403624253	14.931999728407494	19.61241978778155	12.16416219819276	18.623058715980626	14.748887643913179	19.662864577927696	19.90872553196176	12.610475462860947	17.01483101874079	10.715744146163553	20.100316612928147	17.91345388149299	24.736630580605297	24.068752631893254
11.932750323001507	9.675736647142239	4.4446369696975285	14.134071814604425	8.844722982127276	13.284194033288493	12.964312293542063	17.423332406271484	18.907531801838367	22.985601416076406	24.968220122533253	18.260286028760696	22.16354735448514	16.74041367507909	15.808588422499717	10.34188028856496	11.051860936502896	5.344998182823599	11.553063317768064	4.452942817883241	9.236380574879126	7.1764526968854705	5.025520069865891	7.133395265058156	6.953306458306929	0.0	6.572983857123997	9.919196402916509	5.737384600105876	4.921782784603237	11.652321403806381	12.335024910343883	12.183192713079	11.475173090032502	15.255085313266028	15.124968214477212	15.56955376061026	18.316988282025065	15.160018321172295	17.341137471211518	16.388032435248878	18.70206311488468	10.01487128245692	13.675032837477179	6.79509977065768	12.649571041407087	11.04378411099536	14.521020207381737	13.87439310561868	9.675590436561071	10.156143990550014	4.191668423335442	13.324635774970531	11.986948817369761	18.499553909553732	18.911483729016688
15.678904536893892	15.980854267003235	9.451685493829364	18.531643400183036	12.000271172821515	16.01463730050809	15.561600148382025	18.62029980380132	19.694717338928307	21.939609964315665	25.798938438609948	20.46011678162758	23.54488508702863	20.238183748129426	20.264053997015292	15.07550957830161	16.94398979812998	11.649668145400078	17.833236225621647	10.072919290658374	12.72459862814992	8.522668188558873	5.906521022472796	5.460961844029477	9.182884143717683	6.572983857123997	0.0	8.868255581344165	9.79636051391024	9.790867514377178	7.856370306940088	13.561328188171503	15.909093154566428	12.251929288203172	14.464335711826763	16.852062600971834	18.04970826859891	18.628818148587936	15.657960181773754	15.648703655361823	14.292961371645315	15.460896632632537	8.627041378406814	11.423691422547888	7.24675758155165	13.339775269344754	11.207616865163411	15.601610030718293	16.187779920534414	13.17260524831164	13.200110222256614	5.922418095489387	13.934390079610896	11.936704213167651	17.686738302562542	18.661924469320635
17.85807480278269	18.264810985708415	12.839684132754522	23.855562429493332	16.737405946488796	22.620700893621446	19.93168199498708	25.198350559495058	24.8469073627888	27.09040318145809	29.991703355490294	23.957213954037428	29.4246065260487	24.486244325315006	24.905678578841975	17.886199251920715	20.021799572905056	12.798996956960883	16.832320953111626	9.936904727087123	10.17139256879762	8.191601341351857	11.122348772373138	6.366207931676174	5.312231868775969	9.919196402916509	8.868255581344165	0.0	8.902109404650698	13.106234693792658	11.457511822653272	10.207891744272825	17.038369355201397	15.372490929440572	14.996773676799128	15.581782355274914	19.496226228990437	20.550755151128616	19.329392685946676	18.877549900797796	20.16975903023698	22.94914501198626	14.343559463282974	19.899642632349025	14.554608562293923	21.18660930476539	17.607890880286682	22.773392906263627	23.21244257838315	17.018217409831628	19.792871905339627	12.647016273387296	21.377886676116375	18.11725783404833	24.842405751645952	23.420685822522383
16.224488687644616	11.637636502717182	9.37054433376313	16.40949567389919	9.365805194261688	15.987228650714703	12.357923840685716	18.716648253059763	18.432710204877967	22.402109424104157	23.521834966066486	16.480747835037846	22.482592574837177	16.24054651300657	16.69545342066632	9.237364176488828	12.004870694380713	5.03695665003347	11.632192592389758	6.213851937040895	10.800941627363606	10.327650022050241	10.459614078528126	10.073771254213016	7.20058433275146	5.737384600105876	9.79636051391024	8.902109404650698	0.0	5.505962249413478	11.336944967223209	7.193718342385328	8.75892483365758	9.549392120683288	11.985196681183801	10.248920341429837	12.18835272383704	15.352865074832334	13.489303093773332	15.65898822545456	16.69043054622454	20.62238736886182	10.560630901273965	17.013023350153023	12.368219860368693	17.83897073764073	16.773152717078915	20.016942751045857	18.742892044100138	14.691579762201135	13.808159955339484	8.7887326348703	15.941452288685005	12.845381654557634	19.981353057230443	18.036879938175737
15.145132784692326	8.974242960729944	7.7450402153739	11.198878315635175	4.521285299623731	10.490361049408632	8.388890926309642	13.876587839976606	14.877314603813065	19.724952520542157	20.674207514270613	13.597551200679037	18.07212033059047	12.010266337951387	11.809811833983403	5.5243115829089	8.063638945966476	3.9968900837095247	12.068072087097336	7.509907427871845	13.110215110709962	11.975411419968177	9.461137303352611	11.788405003965408	10.754099831154939	4.921782784603237	9.790867514377178	13.106234693792658	5.505962249413478	0.0	11.868095094339173	11.356649579889233	7.763397028535418	8.198646228826126	13.21998518977331	12.274382012772563	11.234821936976989	14.797060574670352	11.468062088797279	14.981758438763526	14.264615008526427	17.601857058669246	8.478117627207041	13.207010698888725	9.45354445504488	13.467201055297297	14.275637886242917	16.06302769978546	14.032380624697348	12.677641951927614	8.480236856090185	5.6087779348270645	10.980180785039726	9.172213914087227	15.838396834151071	15.357938568959653
22.911894107631433	20.45972001303357	15.765311081990587	21.062337128129744	12.225921538601263	17.776825736557107	13.893634887137896	17.349272634507678	16.003142841571115	16.467951328514477	20.982615683052664	17.01569904464703	21.065975806777928	19.14613709319624	21.368542798701213	15.421971195519877	19.75621153096633	14.769170966342989	22.357682915154385	15.208190620831997	18.743641520973497	15.368034761651169	13.383332713120806	12.183392341130636	14.008006123183897	11.652321403806381	7.856370306940088	11.457511822653272	11.336944967223209	11.868095094339173	0.0	10.806712308592735	14.152445989312694	8.350576557394447	7.954868619467896	12.662860901379721	14.39343142802535	12.64844701188631	10.93313180040277	8.646732782729336	9.321192398957905	12.490039734991688	5.672312803834204	12.050664593495128	13.685728364132007	18.348597008374934	18.407973156015725	21.598877155369408	21.173782849886198	20.2729799537122	16.451342109263297	10.635566399799519	14.354693563762005	9.763017978781482	15.227422754965817	13.651288267518696
23.185511824583592	18.430736765475196	16.39783914436081	21.9407468853333	13.41231813140619	20.89063953614346	14.640290976170899	21.443403732394767	19.00481734428592	21.428237798444616	22.603228408368334	16.659278962127363	24.10478842401141	18.839581736757243	21.184592724772276	13.252787404894725	17.86854077124423	11.832269171431042	17.71638812513608	13.052746401559432	16.400082796173443	15.786571642159192	16.500859945780526	14.4539271343969	11.843583564898092	12.335024910343883	13.561328188171503	10.207891744272825	7.193718342385328	11.356649579889233	10.806712308592735	0.0	9.803839058489753	9.573886380924554	7.76279336438318	5.666629994899024	11.061180490975941	12.368185038968534	12.858959370255299	13.222058202100156	16.739218396334905	21.802540420900684	12.167073711400423	20.328179933130144	18.323810066922654	23.75506347747966	23.029590194234824	26.424544297976972	25.10853062218708	21.72001376035406	19.537928606370134	14.411915058767002	19.75044662197469	14.976280000437638	21.778422239121895	17.46936955580286
22.185000455162104	13.833715014929085	15.214499276414797	14.178706019778534	7.210572417830124	13.921828143103939	6.724788423006824	14.277186715407982	12.401198801012038	17.392435880383264	16.188145113057484	8.666463233805286	16.231525442834936	9.443025526643979	12.231372191921592	4.994193688447559	10.907765963887192	9.120794192335904	15.770276971027196	13.581860655772093	18.86752800652938	18.604797582029853	17.024725908748895	18.152848923587392	15.936422705678067	12.183192713079	15.909093154566428	17.038369355201397	8.75892483365758	7.763397028535418	14.152445989312694	9.803839058489753	0.0	6.723360773609752	10.63590535800409	7.091077600142981	4.369509537427524	9.914602028088293	8.472121367993307	13.05685129583025	14.62615457845398	19.829929779447365	11.022670871557544	17.65886708702953	16.999245401649993	20.134830399682524	21.974471569467916	23.109946937014858	20.290739640233568	20.09218322599884	13.933313603868768	12.8730666350478	14.271500360018875	10.787317430041158	16.750987286768854	12.836409121051938
23.00775557617607	16.83867239144914	15.370968465072924	15.847153115296319	6.576943869826775	13.354816500385914	6.428395550994541	12.161816308299379	9.79034408486447	12.926831195950708	14.656644309606893	9.051215414156763	14.926921584152662	11.489378017191465	14.792074669180906	8.690558208439196	14.432885355567889	11.488163506596159	19.535803969929344	14.630500123207382	19.75014961944118	17.845660796115148	15.339011337637189	16.093487382127417	15.783601249180476	11.475173090032502	12.251929288203172	15.372490929440572	9.549392120683288	8.198646228826126	8.350576557394447	9.573886380924554	6.723360773609752	0.0	6.328483224317154	7.861803732830617	6.424118078832475	6.971813035257656	4.072978281290554	7.102273524394094	8.384772568758684	13.815281329775667	5.133800258392471	12.83190299939388	14.811292362475426	18.10850015937929	20.15627511221164	21.670790905574123	19.553619443149124	20.279694133513573	13.284707108852635	10.616783221647152	11.25332717704584	5.960667636277123	12.364762718305675	8.599946627525785
27.169606805005248	21.91438435183988	19.625144869219678	22.117676228459008	12.779527342976177	19.62097301977438	12.433483017135204	17.715983795019614	13.934720834503493	14.491675610353171	16.919855771315934	13.074600058246453	19.645773856328432	17.086259423295353	20.904831254246023	14.225743947078998	20.0495765631523	15.713143451011224	23.237734254207098	17.85451267931755	22.060964553397277	20.120289988190592	18.867319021478462	17.780688995654227	17.26935877017134	15.255085313266028	14.464335711826763	14.996773676799128	11.985196681183801	13.21998518977331	7.954868619467896	7.76279336438318	10.63590535800409	6.328483224317154	0.0	6.329002075367777	9.101679005035546	6.334034165245383	7.706402438293974	5.78523757902115	10.692178480101829	16.356065125870998	9.028763726649839	17.12068347357446	19.23966533771999	23.43144491960716	24.443918279306477	26.90695755203363	25.334305135860667	24.791025568955337	19.330111756589424	15.186051250882677	16.982491683016075	11.317912916097496	16.683738595787403	11.272223489487326
26.2659516622453	19.53441000064503	19.09100571801052	20.963351636375048	12.556310606345065	19.89566456875013	12.059499766031472	19.032647595634216	15.440126983439983	18.011819743802896	17.88958145484731	12.293995934036307	20.53529506814736	15.61657153356468	19.187055454473633	11.836617890474184	17.54981379127735	13.487443324954143	19.89540128117412	16.404058126598027	20.71695527636093	20.164827466010284	19.731175538032957	18.89576988838627	16.575724374648257	15.124968214477212	16.852062600971834	15.581782355274914	10.248920341429837	12.274382012772563	12.662860901379721	5.666629994899024	7.091077600142981	7.861803732830617	6.329002075367777	0.0	6.414299306024516	7.973770502172099	9.640851899034844	11.095405600629187	15.272290290656812	21.12991819204987	12.33687023969869	20.54624251240729	20.55800893314045	24.860319245925062	25.677744531914826	27.97348989574922	25.857077475287362	24.40886648748594	19.59252662394124	16.267715499936962	18.82495820181162	13.797174616084195	19.795235377765785	14.06848411376492
26.177652193341565	17.95092778751599	18.948088594780675	16.654210564290576	9.39473103541478	15.591968041487176	7.041789489190623	13.828632445228607	10.131529546872093	14.305654764492836	12.652048896776513	6.043227865962685	14.595399460299676	9.641361531887721	14.113332114431987	8.416696054388462	14.582866635484496	13.284397334696278	20.137165968141062	17.525049448715084	22.76716651869888	22.053560253370204	20.1616271898879	21.037919966379327	19.32733370296034	15.56955376061026	18.04970826859891	19.496226228990437	12.18835272383704	11.234821936976989	14.39343142802535	11.061180490975941	4.369509537427524	6.424118078832475	9.101679005035546	6.414299306024516	0.0	6.183818304490859	6.130537870462981	10.651874160294213	13.140388044988606	18.921788648304478	11.453661574630164	18.256124505951504	19.768388180484905	22.47187881792864	24.96990580043303	25.845778021634445	22.939034253097883	23.83345530845602	16.380947984738942	15.551802880839736	15.005914280888984	10.785588564317823	15.671105198872148	10.037252083463553
29.84596529884503	22.845618440106843	22.2444324352171	20.788794752808972	12.583546427260018	18.36680903406104	10.15038934238758	14.755471209123078	9.499502280013001	10.394403379574863	10.910239288759254	8.14683147209291	15.052254499089615	13.576538290568152	18.58382824597366	13.500537995631499	19.728633238702947	17.61973437009289	25.1808068072908	21.069996056155084	26.0380954047806	24.401483927750093	22.25041002338406	22.4654553364497	21.80290572593715	18.316988282025065	18.628818148587936	20.550755151128616	15.352865074832334	14.797060574670352	12.64844701188631	12.368185038968534	9.914602028088293	6.971813035257656	6.334034165245383	7.973770502172099	6.183818304490859	0.0	4.786285492624724	5.845297795731035	10.156771433278902	16.30148882664363	10.99309378850434	17.804007104999297	21.67050494001245	24.389738377754743	27.011670187356362	28.152957428296794	25.71881204982239	27.18513404359408	19.31149163027066	17.551793964437657	16.046526383235964	10.854325552020198	14.432882996477584	7.160139346513492
26.299761921023116	19.50605257178595	18.75551008182161	16.611302271154756	8.464747787556588	13.745291279102878	6.130119221127553	10.432820620711313	6.360461072213237	9.261668381156328	10.678046648735464	6.349551131507835	11.96695276065338	10.389972133760686	14.872133540917261	10.432561072676169	16.321599192711936	14.864360216345199	22.77767394904534	18.42462492047302	23.687922242110663	21.73740888752483	18.774029819373418	19.918408509664058	19.83966932285868	15.160018321172295	15.657960181773754	19.329392685946676	13.489303093773332	11.468062088797279	10.93313180040277	12.858959370255299	8.472121367993307	4.072978281290554	7.706402438293974	9.640851899034844	6.130537870462981	4.786285492624724	0.0	5.88916350896325	7.073985899249252	12.958461180499171	7.382840718027298	13.447145329561058	17.60957126568265	19.759963828741107	22.89490831011915	23.584399371521737	21.078593757965887	23.368236169557846	14.750235101132654	13.680088249425992	11.268631206729479	6.209830036426362	10.405524280231447	4.807927355863747
