0.0	6.919025248566245	8.26257053356479	10.043649035835038	13.519500417759883	16.025495880004083	21.105425283691943	23.386223849809124	25.25463308128818	21.039575873099245	19.290804936501726	22.49027500283697	28.307759093417765	27.641363611759896	22.05626755211749	27.723218127358752	29.498977902816254	23.665410574817507	22.71092122810656	29.518737948608475	29.863016648241235	23.00154443793711	28.80459972359059	32.570921401415	30.597356430062604	31.58183985197638	35.501003745655815	28.466538689438092	30.53067366203708	29.37030134679118	32.607555682047646	28.308315430711954	26.65696740062712	25.346872649241426	24.583037163244136	22.13530506455428	15.122270543577683	19.937188614951264	11.528443486518697	20.008262693887723	13.516060718251854	9.304083997348581	7.407708799834089	10.052185566477032	9.214359545285415	13.475001501286721	15.069608821182113	19.88943730366539	22.71349845692837	21.2600339550416	16.89536598298933	13.686623070625636	22.488831097238354	19.92142966079579	23.415154218235838	25.000015396509255	22.169289639058192	29.40972991005443	26.25813827611564	29.14861460480259	32.220691968122864	28.608112517478528	33.295875467479114	29.1527440084381	23.135671251003888	24.07808275534974	20.928419495764963	23.311430541317726	21.209372896586345	20.647747059232405	16.17410681809609	20.560478139531504	17.165102798459056	22.500414636291172	18.590041425390858	24.103004579709296	23.589256519675875	15.023414246606187	19.240348356236794	11.89236821804938	17.988579378106905	15.009322809037464	16.826241374448724	13.427907253446268	19.223053865776723	17.079451178075324	12.040938791392133	9.348241131627029	11.15385058636677	12.162137442503647	12.05442252300604	17.867023179691774	19.929159024624166	22.925430933638992	23.823600829636483	21.572392088959944
6.919025248566245	0.0	5.853606560006128	5.623201444073206	7.6721095232637895	10.422078637615062	15.29662303613855	16.848265109316024	19.255396646899793	15.794177347948555	13.54871560950741	17.728559492025717	22.92490134747818	22.585268948599335	16.172355722453947	21.25456596897957	23.553402206283877	17.911494638111524	16.134174119809234	22.90484163573762	23.897996390267537	16.947630806692302	22.17381336851521	26.242109475206156	24.95977124343975	25.78819875381999	29.889071727710018	22.96509807148495	25.392436578276897	25.33363480912085	28.506911398551072	25.128773744164487	21.93392925185534	20.66862494140662	21.124557250649797	19.091081892171328	12.375966242543509	18.9858902911004	10.236653993905662	20.39256090601006	14.495193286674773	11.383481443270686	7.484054480019534	6.5435117914585925	6.176145895094781	13.787360559018289	12.247378244200293	18.05941917261649	20.71239570489609	18.11099407081087	12.75775502370699	9.983234180366377	18.091852758909095	16.62584259781017	18.066143839771314	20.689385355573087	17.147913905899628	24.47420803763878	22.7948789929063	24.806554267813343	28.613439968812727	25.35913175390568	31.285085627094194	26.876134947397176	19.690458332783994	21.217764463577428	18.951142532574796	19.573567220527856	18.011589467637148	14.553240907517981	11.892986752986316	14.648330853225229	11.798886888278627	17.51157004356557	13.21778030597929	18.15355818717209	16.914418845121194	9.459967139787052	12.609138825495283	5.769092397471412	13.065753146087257	11.365992687286848	13.474860557844297	12.054039358955611	17.91484262358341	14.73798272486089	12.246454486378461	9.295311654937757	7.760811862603518	6.713441238474035	5.22499431866013	11.417804306081951	13.486931182207018	16.02548764077273	17.224989178995244	15.470586897674497
8.26257053356479	5.853606560006128	0.0	4.86313215715892	9.116054869681273	8.515351424795819	14.280134753054504	16.614366374677434	17.718606123090215	13.077305833757393	11.766083712046862	14.864401723393337	20.642355263559736	20.460429833584577	15.227831608703143	20.97880481235229	22.852072983320014	18.568099091045514	17.251914064009135	23.61008860106062	24.68391995657868	18.818207725148397	24.328163736786255	28.166302069318167	27.783977604114384	27.600287772173544	31.27643285729659	24.67633697779907	25.46441238711621	25.02027696877901	29.82588874495552	26.704902790545443	22.832339418600103	23.06143573186318	23.45212926006497	22.51466861569996	14.74786368048675	21.817072883040808	14.029874997690978	22.78041606602654	15.529122122785104	14.637179669249779	9.19067002077872	10.297613343317849	11.909981497686042	18.742895003121195	17.88996606140476	23.241149502586687	24.564294399272555	22.487731619893246	18.101635911284987	14.688697904772472	21.779353548819426	17.91308581312103	20.294451138325318	20.09972884752412	16.147428707437463	23.624637289778104	19.8755923274074	22.011433133499253	25.829195674705442	22.953370963523295	28.628838025814417	25.022550098962796	19.878933825572375	19.097825843232485	16.100679385876585	16.311068243077717	17.271158040770477	15.054464474363701	13.322145339169031	17.587554292701036	16.3269434711012	22.054562776561365	18.413998801652202	22.71524952341596	20.296547040166494	14.580254412503077	15.403136640324915	10.164815947960593	11.044572406973675	10.580083591308373	10.42253504484845	8.503548708913693	16.382750790851713	14.810480057283195	9.601038492632425	5.5028536583397285	8.731398896176984	5.023913352237033	9.041190996139314	12.115797721200495	14.572576679086584	17.870780812885528	18.963978650385503	15.210207170989042
10.043649035835038	5.623201444073206	4.86313215715892	0.0	4.667260338061281	7.057332896405676	11.159170076889124	15.075747601666531	15.834266042883327	11.891350512660228	11.532519974569707	16.13203366439683	21.040303001465865	21.593281479230217	15.429819770332847	19.965061787800252	22.97611428674429	19.097423448352448	16.36066677961077	22.534872797365665	24.803360610398784	18.689450881722212	22.936704967207678	27.38886542101339	27.48376462143413	27.611576628379687	31.589474584837976	25.09920665016407	26.643225757434873	27.202135627029975	31.455658595907526	28.80607178398241	24.251462342241744	23.952472749233205	25.117460997778306	23.771806335151986	16.896997061194604	24.110961897007627	15.700543478117362	25.564662079559298	19.063868024819836	16.7459422162259	12.182338017675457	11.651525543151099	11.278553736963136	19.264119990720967	17.144572209579582	23.312200305208155	25.863993533495176	22.989939401128655	17.23129957413024	15.021242261023195	22.162025274520726	20.21829739060853	20.77819407164864	22.194249741575476	17.661336051989114	25.101520930952063	22.59917905738212	23.81853932414543	28.348293020831527	25.860641518430356	32.219670029393505	28.48796979094972	22.415267022302825	22.345863044640435	19.921481631518088	18.757423931726485	20.208224722158622	15.176033856348756	15.170344829836443	17.260164856580033	15.579220418159268	21.247644957571875	16.20288593539805	20.03793338327745	17.338655051648484	13.04877861249257	14.079547398446653	9.587473014219109	12.621744700250995	13.458838770283005	13.55370616278641	12.882071869303388	20.343792338781277	18.010324127646278	14.249968796580143	10.328135122054627	11.382189896221536	5.143979631900177	6.573231780850682	11.563607422991279	10.79762979313729	15.712147044750992	15.196087767682098	11.770861155345814
13.519500417759883	7.6721095232637895	9.116054869681273	4.667260338061281	0.0	6.867534809902049	8.64160454013173	12.724124020477282	13.818233093558815	11.349397498031857	11.067049680511136	16.631135670583085	20.457438171703963	21.445820007324897	14.598899055828745	17.750386880904895	21.60984958532574	18.038135357609967	14.165724835706525	19.953573053349878	23.117764187220352	17.008023067706034	19.930065608769073	24.786359129754338	25.33154578469235	25.695724660861433	29.859414243064275	23.640743803471143	25.90325064883591	27.413305988386817	30.993738079829495	28.952862077099564	23.776016172007537	23.054963658702604	25.017268479111884	23.566954781357193	17.86471615253541	25.117623835577298	16.904672374638356	27.16334108341638	21.593853001794503	18.871149768211694	14.851567556301715	12.768505729791434	11.538427537174242	19.927487279882165	16.334954014522975	22.77782364141839	25.872521028102618	22.31594058907462	15.844906290152164	14.854817338665269	21.0768214683747	20.889576940977836	19.592602255726607	22.512558920645233	17.748001631179573	24.795212796627485	23.89214678169542	24.317710444038127	29.290656691624033	27.09081542612911	34.05356890586303	30.106734669345563	23.136902606146	23.92905037667002	22.25536447583493	20.082335043148138	21.43898359694643	14.051739993310058	15.730162112490813	15.560465176619545	13.984318199182132	19.218266637907004	13.456817275536151	16.387071409760793	13.28077014905893	11.19741635696464	11.642706043099244	9.094694659820632	13.390617229392486	15.081631678879642	15.618453450015704	16.113436851689755	22.70185571776539	19.678781330366263	17.753901348051063	14.2726409653537	13.218135926360814	6.820817824903154	4.929699085357845	10.23991048740229	6.642612091425919	12.37024450897544	10.776463511330283	8.514342257021074
16.025495880004083	10.422078637615062	8.515351424795819	7.057332896405676	6.867534809902049	0.0	6.51310347714107	8.781686905667796	9.272015040813711	5.398856126893814	4.876146492556976	10.025762367477354	14.178593545232696	15.246814025399726	9.332642929501343	13.50811208833593	16.59229253734837	14.499843775171135	11.483221927712657	16.763077515350012	19.60775823927541	14.981958578807513	18.59274396606785	22.78577579873364	24.30587073788207	23.345887087245274	26.931312867166685	21.184430429628602	21.62457953648744	23.043816627419915	28.155545865706785	26.725546068463803	20.526263915078694	21.537481856764273	23.659641002537164	23.6608886110108	17.290591352616683	25.18450095407731	18.30994437344564	27.233343625929198	21.075932097067728	20.85858489392388	15.352166245261026	13.863711646137132	15.503710270975075	23.382457562214505	20.166247736631394	25.757735894780268	26.732581822736552	23.68889299724031	18.967549055861127	16.811984297259723	21.327290003531317	18.756608210315203	17.912682251204377	17.971684762983596	12.718014722599131	19.68500726679842	17.736379637263397	17.824540887518324	22.98940656976832	21.290394724477064	28.42602571136148	25.094192379641786	19.710123468958443	18.750023462444506	17.261992412360716	13.718322082422745	17.43743490017288	10.489563348493	13.871309997706199	15.024061787489867	15.810075287016254	20.90741555371743	17.33189360617322	19.552734064920337	15.312301650714815	14.45303351224994	11.558217112850961	11.01815377694661	7.837865100083649	11.781072120868814	10.47078715377063	12.42047033169543	19.036883813545234	17.061910526930625	15.199954120100127	12.264470387146195	12.078136864191704	4.298787024807901	8.525384058979725	7.29551442259881	8.024891910301468	11.534733074804318	12.263267961572343	7.573806858183074
21.105425283691943	15.29662303613855	14.280134753054504	11.159170076889124	8.64160454013173	6.51310347714107	0.0	8.311295396875106	6.088124388691557	5.673357586611072	8.543808531137449	13.540048061840011	15.179793381094399	17.605105799668763	12.167039091664302	12.941749333793727	17.614675608207737	17.559724217037893	13.013226434009928	16.3616280150001	21.207040668234832	17.608130103615064	18.56032201692781	23.21779624121588	26.060978570110116	25.032272328611562	28.568861196741366	23.711181782724317	24.406377378659418	27.08542804215154	31.797166047670906	31.257818132663857	24.242864085723134	25.130746210459243	28.12326462162544	28.080384618897025	22.77002749656973	30.550266189681665	23.596515254172193	32.94916503347691	27.275805801404367	26.32186937614873	21.32040232235555	19.18458389534419	19.54243349600267	27.775692129154145	23.565206083179646	29.501884452315945	31.255873264117394	27.600753128599116	22.095743026652833	21.199220132010716	24.897471356798945	23.98676066466872	21.232455284946553	22.28507279872427	16.866997672981604	22.684863106988686	22.012912954730727	20.659122683505704	26.443710585061922	25.656303739913376	33.18966322873012	30.175609885056165	24.750114700516637	23.942575493902538	23.032356821202743	18.076735527074174	22.860617543324217	13.797097560683705	19.192245046208058	18.011801871529272	19.016618177410543	23.37726898877712	18.93890626240526	19.537004550862946	14.346643728340982	17.342275844986148	13.773871374099388	15.352964075114206	13.11048341490727	17.834915822715303	16.4335659919577	18.85504499727827	25.17504082170965	23.009393679514673	21.70652940660929	18.619370099149833	18.127622366682395	10.489440833385093	11.98339480654092	10.962900405968657	5.2365616281511755	11.186942560946438	8.483525500570135	2.0387445895493377
23.386223849809124	16.848265109316024	16.614366374677434	15.075747601666531	12.724124020477282	8.781686905667796	8.311295396875106	0.0	5.795196135987731	8.067719306949577	5.9381576706133545	9.749945204547988	9.792613474171567	11.504353955188034	5.7207982652726805	5.098757759025106	9.75394240707335	10.20214577149639	5.788668524212199	8.384164206990281	12.963863135569833	10.728908671372714	11.471036807416755	15.453901927248149	18.874725549291846	17.09536432185317	20.36892413271722	16.029900204094673	16.491866512644535	19.972136345824822	24.31609381879909	24.74466104408075	16.981312930751454	18.51552328436945	22.16698730428697	23.19484953707	19.287928191476375	26.715554503493745	21.84124330428316	29.64710202173302	25.22619039464828	25.845940029270448	20.835004521980043	17.825036415986734	19.942411771957705	27.085498677444598	22.42151769852359	27.040176664015867	26.996975078163114	23.51042087500893	19.927184076414328	18.965035616887985	19.662151394466246	18.85013666214709	14.636091033554559	15.688533836783439	10.725122589438463	15.244751348413192	17.23278556790606	15.356261229245106	20.906473950996308	20.140606940424373	28.04311085209514	24.692572567555224	18.837906904203383	19.00397926359437	19.55979863113523	14.235478023719388	17.6962955841943	7.353591231139834	15.00777004904836	12.53974049248444	15.857585218555993	19.05843952038274	17.414071964523206	17.03933668757396	11.752275951666357	15.890465067466367	9.353496882433719	14.271094838416985	9.678484094445267	14.666791076318871	14.02194262759059	17.92959230265609	21.557560477054587	19.080123154571133	20.87808659583039	19.264632510062594	16.282384625606728	11.640729741987046	12.923383105188936	6.697527602594691	8.542921241696986	6.044190651437259	9.560733491804724	8.015643658155872
25.25463308128818	19.255396646899793	17.718606123090215	15.834266042883327	13.818233093558815	9.272015040813711	6.088124388691557	5.795196135987731	0.0	5.432529148454435	7.743512974737659	10.725975439704463	10.067136397329643	13.219300944520878	9.645814076995515	8.548824393657064	12.989074648214899	15.466162720262382	11.574368322007686	12.743884072404267	17.86298028040862	16.4665438935866	16.668100111069286	20.49113730494001	24.531211227879336	22.42895756396793	25.283354818065316	21.52800996056677	20.91743931449103	24.205432294652095	29.480431121795863	29.961253635035707	22.094086530141507	24.152707292341347	27.585969644677533	28.62728884089548	23.88054048484304	31.606158882624186	26.022301046999246	34.22730746895579	28.916621837541452	29.39599959305215	23.981603285693428	21.7157968869877	23.38183227304165	31.148973342860433	26.775604350625922	31.969496895545838	32.33064670717043	28.89733345376557	24.686706202152788	23.564431659967852	25.293228482093884	23.692323695586385	20.306014241334765	19.831646257736455	14.602935786787924	18.89386863650719	18.948285557908164	16.395475663371833	22.383152691599754	22.474666429345888	30.18436813647253	27.70010437864091	23.372519779510522	21.85390491789411	21.843544544456012	15.485111812278538	21.614123924512512	12.560960039708084	19.629079734178102	18.169506840269896	20.89600735809885	24.52658441592218	21.821840084189187	21.50599485615964	15.868710390642558	20.254172043529294	14.640451608538616	18.20007029819959	12.348229397200479	18.180521931985062	16.09826980899965	19.7715175191622	24.756184919929414	23.10268937975097	23.070477694066984	20.84184871325228	19.84502252741593	13.357206911911778	15.852181934290755	11.312953654537994	9.47728026441629	11.056651353915333	10.919193584783647	6.69028240671389
21.039575873099245	15.794177347948555	13.077305833757393	11.891350512660228	11.349397498031857	5.398856126893814	5.673357586611072	8.067719306949577	5.432529148454435	0.0	5.374570472594711	8.66010264914381	11.090274827845262	13.36226487601243	9.415326447317602	11.900883678240517	15.115986479462524	15.827172089162698	12.803441111069057	16.090989953306078	19.79366666045307	17.10422098072469	19.45865418780642	23.307354155582605	26.191240749349532	24.33687560241591	27.377549113105974	22.65570588270782	21.818319894249427	23.850221638829414	29.779635102654193	29.269689124225224	22.126898055439238	24.201675493774705	26.80109261711435	27.5877716567983	21.563998873044266	29.477112360188098	23.31685606802749	31.610963082938	25.443684344088332	26.02335150146106	20.272667777114847	18.919315300079575	20.854825997610142	28.685669819390107	25.231504413471768	30.640811208709536	31.02730347417301	27.998417702784	23.69501148704208	21.716969612619504	24.981284542193546	21.985241663736844	20.47638577557758	18.99615473676785	13.562813898668235	19.321059298890145	17.068204290910398	15.801679246633562	21.514357240705884	20.96561980367062	28.272531871918368	25.799796582195505	21.92536318863994	19.60104552591644	18.58511832796966	13.016287776220187	19.523801986606177	12.330110210608138	17.601239803596137	18.216960121745476	20.158525791685157	24.713808916841003	21.61926284292331	22.7602870070583	17.68124060708937	19.175104654424548	14.800424378489861	16.077227404642148	9.534771692560598	15.138609480268798	12.402127641526103	15.367267106903908	21.561211140922143	20.388071413161867	18.684438167690416	16.10652800303062	16.60589386745791	9.4247615388792	13.654092762033985	10.293007370709987	9.863847641666615	13.020084786364873	13.1938913057451	7.387777199954487
19.290804936501726	13.54871560950741	11.766083712046862	11.532519974569707	11.067049680511136	4.876146492556976	8.543808531137449	5.9381576706133545	7.743512974737659	5.374570472594711	0.0	5.874210949655049	9.639976871401789	10.472116051740855	4.709855237312604	9.599580242859705	11.879787876778842	10.753115791311647	8.543922334782938	13.09446580222094	15.473239188056567	12.183055316542157	15.895497767380947	19.412957347755846	21.530823496032994	19.767275423726954	22.943870475554327	17.716536354472115	17.217510426014265	18.998918713233316	24.5963407118985	23.91363046132364	16.91633741324283	18.933577349167376	21.447712206622707	22.454934714263278	16.71937586733563	24.551276878907956	19.187330717578618	26.887363981651163	21.298412371837582	22.523678034478433	16.821450111344593	14.976557966387654	17.934283078160384	25.12412421628145	21.672662940074975	26.44037545225795	26.050273482650287	23.20702871355609	19.813903769185295	17.514388203589466	19.973745670724483	16.72430550528996	15.297770257665299	14.048278242665353	8.58877622065689	15.051653887811588	13.868051857165828	13.373693822268113	18.701757420740982	17.319634283974384	24.85638126383426	21.64005332960784	16.72137702225165	15.429739579386588	14.902088106933737	10.116966760073153	14.582002456089082	7.178411093988996	12.502690253707444	13.405585604157183	15.94021091254484	20.327251423646167	18.478723078536195	19.916858752431768	15.384403677588212	15.704221462953988	10.685948693760857	12.453062259334496	4.809191396019763	10.480508547833074	8.706668134955157	12.389380455189032	17.25488730837339	15.539751050539316	15.578225125596031	13.839860097636466	12.4224528853904	7.21606610421945	11.275221896048864	5.574947769378275	10.132079522963629	10.18883384681891	13.24127241914096	9.376523058351
22.49027500283697	17.728559492025717	14.864401723393337	16.13203366439683	16.631135670583085	10.025762367477354	13.540048061840011	9.749945204547988	10.725975439704463	8.66010264914381	5.874210949655049	0.0	6.301719437394508	6.0045078262099585	5.6518700007737115	10.776515664359763	10.292598085301261	11.12165507820061	11.534561634990597	14.374551712039088	15.111378259347743	14.099834401427824	18.317621872418744	20.490137017061603	22.87225874203745	20.051690226489608	22.255101840516268	17.92208193283988	15.084311185365584	16.1103689301092	23.23251370595662	23.013421091965565	15.926367486427237	19.61906680613635	21.70912395338102	23.89964538905252	18.178889176394268	25.51531635824268	21.750389800309186	27.569660945699635	21.970815600909745	25.023644594251746	19.034599929797814	18.03883896927415	22.19401698827758	28.51866501618313	25.761481693717517	29.684920492279062	27.72408436545483	25.66292631760174	23.81808306955487	20.86564245194999	22.072272765740067	16.70751043918353	16.556552038972164	11.505825839749305	6.794304160425195	11.81497053734994	8.516595248884453	7.8231966148674275	13.13321579599124	12.322133695817952	19.785316539034252	17.417923871175617	15.176976036667986	11.496266778399086	11.498484517522941	4.79521855201476	12.5834851906814	9.280158509431313	13.836105024834746	16.26248575287444	19.769750266495517	23.673193860884993	23.29527772776138	24.66736193371263	20.31339245036969	20.284864567471722	14.88420656993635	16.718234216246877	5.171999523472076	10.875431023283237	7.34033349530463	11.991522343241792	15.236706233011924	15.116792233241162	15.473845614983828	14.964408716191768	14.441448431128284	11.44379880524633	16.449963299311438	9.863709992376377	15.880608585168403	14.619485791437402	18.60592074467987	14.637343723140056
28.307759093417765	22.92490134747818	20.642355263559736	21.040303001465865	20.457438171703963	14.178593545232696	15.179793381094399	9.792613474171567	10.067136397329643	11.090274827845262	9.639976871401789	6.301719437394508	0.0	4.027199649967528	7.655881533347813	8.02138570988373	6.7867239952839205	12.196540473626003	12.267511492749057	11.753205707909267	13.449350998649821	15.303589483824519	17.12755578740226	18.555006645469966	22.6292971390789	18.931546983349534	20.3507548818392	17.856518818040957	14.07805552735279	16.846446341008185	23.661076185618306	25.019245872867018	16.962405972098495	21.227330592191045	24.23875782243503	27.017010565686114	22.726852146432922	29.712507396758404	26.69431419563905	32.1878851576838	27.44726871903845	30.494070784972905	24.75143520652526	23.044101045339175	26.889897029068276	33.27636116036579	29.710857575626665	33.402137538420384	31.16398451152161	28.820651557946054	27.244440322536303	25.057721024725772	24.50599977572166	20.392404561982996	18.188081539537908	13.399634450674897	9.694014467315386	10.89224246257041	10.87112591523283	6.867119810139692	12.750038381717085	13.856100861980067	21.38434537205409	19.745659805475846	18.17875797045353	14.96670612250836	16.38125141365316	9.071124026106242	16.460355240748573	11.569304157759882	18.152869044430187	18.41977319996119	22.909898120150142	25.814945180349582	25.99805593180658	25.96435199920063	21.097671120316065	23.756030227411234	17.085302984463468	21.051127957811577	10.690909925054799	16.266041832492604	13.444813825230073	18.224756131707995	20.198317853097436	19.9213772357614	21.631729992735135	21.21978747928104	19.869054473513625	16.62420024916643	20.579126630876083	13.087554097122169	17.664849957238786	15.120303497801158	19.085309091868584	15.94236092171002
27.641363611759896	22.585268948599335	20.460429833584577	21.593281479230217	21.445820007324897	15.246814025399726	17.605105799668763	11.504353955188034	13.219300944520878	13.36226487601243	10.472116051740855	6.0045078262099585	4.027199649967528	0.0	7.395399373369416	9.617816560439	6.22476929815341	10.263144986864187	12.159650955294568	12.299986083990774	11.81100309316283	13.93240602029836	17.047269315179626	17.767100567816286	20.982499949477532	17.136329389370697	18.294139433546857	15.636946996402203	11.028643031287451	13.027883492824555	20.33745541041752	21.58711537626989	13.855745046801086	18.685306493319988	21.26563313108546	24.495594821617427	20.423369708333148	26.933438241696095	24.90910842663024	29.315535202750496	24.968721789880593	28.80085694472392	23.20826474967382	21.68080886630211	26.19722477341877	31.832084216640666	28.70161248325582	31.748956299778733	28.65839716174965	26.798691596760694	26.221537205796896	23.64829173471918	22.47832236637698	17.43877791029513	16.10184808028899	9.75766240344491	7.07360021602091	7.368163068311943	7.548960958537413	4.107993807165364	9.553715174040674	10.062391439483592	17.769794385813146	15.826940108219567	14.698467126830675	11.32978815801707	13.401120268059843	6.847857481837166	13.077850968240002	10.57585401287687	15.992276520645198	17.154727135875287	21.89623731268016	24.581605477799865	25.744650525770833	26.123415381321593	21.863339401213494	23.234654603387984	16.767563691473747	20.387857378460392	9.675112883200313	14.196647173553469	11.754566086796018	16.59958436149959	17.057213660809683	17.069474215135106	19.744255282904625	20.10656978601963	18.25161661543872	16.7228806234999	20.711893958675045	12.890272988528277	19.452620937014725	15.944609117281367	21.06454936485081	18.310299250750308
22.05626755211749	16.172355722453947	15.227831608703143	15.429819770332847	14.598899055828745	9.332642929501343	12.167039091664302	5.7207982652726805	9.645814076995515	9.415326447317602	4.709855237312604	5.6518700007737115	7.655881533347813	7.395399373369416	0.0	6.858090884596448	7.655937606207771	6.617412844580684	5.893262679583089	9.631156691098992	10.913769366519015	8.919979297866522	12.812690945524821	15.476843886946206	17.841322875757623	15.482371188453483	18.37824096577227	13.534974101085483	12.598030412941041	14.982133331604063	20.443109050947555	20.51433816053756	12.850789613159343	15.552609019091486	18.52529735535268	20.35965322723344	15.86270097564437	23.204931019458034	19.451139670394152	25.89890968977096	21.374050611750803	23.517020261418278	18.142829280278654	15.750297492283092	19.477054517004134	25.768838057575575	22.056190464531277	25.881659630727995	24.342954943331467	21.661728810783572	19.62710994696037	17.471451975195002	17.693459188257023	14.492549768070514	12.027181626216505	10.356017323691848	5.11140591378804	10.681953664335637	11.886581469610874	10.965974583244536	16.008776248179128	14.6385462615397	22.483662842319845	19.006229720074604	13.754792762989066	13.289287531402477	14.117757930049171	9.21779027715542	12.275244822451041	4.2100437987792185	11.270419787661487	11.287210539061112	15.33505805707195	18.710919834664125	18.659168956122468	19.3982495881456	15.136322419403566	16.1827559798821	9.798662816789355	13.542950347286093	5.266765746845105	10.281544573946885	9.414522515035278	13.895281977968954	16.279245164086124	14.358706244738675	16.876059121055857	16.25155541907253	13.132569278031092	10.688259349973265	13.564137940632158	5.598468828714649	12.759741370853956	9.376068195969456	14.677878297308762	12.493189492412283
27.723218127358752	21.25456596897957	20.97880481235229	19.965061787800252	17.750386880904895	13.50811208833593	12.941749333793727	5.098757759025106	8.548824393657064	11.900883678240517	9.599580242859705	10.776515664359763	8.02138570988373	9.617816560439	6.858090884596448	0.0	5.689225545619923	9.452786347056763	6.767319443033618	4.6071823012115365	9.687156542225154	10.724362065171512	9.861631457674259	12.472141554192051	17.232700596017224	14.383213830313535	16.875635584126645	14.079280799865092	13.516449659925561	18.00440841394146	22.226608640325015	23.869803319884312	15.51622632309226	17.95584113960147	22.072295820706906	24.028062963738563	21.294551628817434	28.13785640136075	24.740837580892713	31.281853189542648	27.631423785514226	29.170991654320254	24.25453897831262	21.131959112101445	23.87666027222331	30.313009408280706	25.542912391616927	29.297746409754176	28.144146578197017	24.89923103379687	22.628112375585836	21.79373610819546	20.37279564945895	19.57532225991277	14.442778686869643	14.634953192579637	10.734346456967002	12.52308439901535	16.580494151373863	13.668929277091774	18.90471714818781	18.865061852317492	26.73931666371843	23.7124063565537	18.616083449991645	18.814939721836883	20.44109364252433	14.60933868157087	18.019149814019283	8.672638792224852	16.85201691627183	13.748609412922846	18.330412297347664	20.351427701970287	20.38623102299024	19.06530346698618	14.074133262342796	19.224971117730007	11.8999116801126	17.99330794597222	12.05689920369126	16.900403318505692	16.210075486609657	20.714771557255588	22.690213447929672	20.51685752657756	23.703539976294696	22.82544508665541	19.322075408279566	16.06317876588569	17.409582883964774	10.104126021692943	13.274414087440766	8.427274443183924	13.101768208825959	12.624535947649957
29.498977902816254	23.553402206283877	22.852072983320014	22.97611428674429	21.60984958532574	16.59229253734837	17.614675608207737	9.75394240707335	12.989074648214899	15.115986479462524	11.879787876778842	10.292598085301261	6.7867239952839205	6.22476929815341	7.655937606207771	5.689225545619923	0.0	8.104312571162318	9.193751426434668	6.611921387999564	6.912117930314344	10.932073435154708	11.718521810590222	12.044568605081887	16.447331777423123	12.400427003935716	13.730928307323978	11.932664378311436	8.820182680641649	13.38054912278418	18.450284376527737	20.76797365387119	12.30071370181367	16.325130430390697	20.08109415321724	23.168368216890308	20.866178160284026	27.03340978157028	25.300915812361225	30.053139621658836	26.887420596784075	29.859091294158702	24.896003938616648	22.202624098089522	26.087320721470242	31.59230709840543	27.465712307285973	30.243110198815227	27.481309127693997	25.02378416373362	24.469194722579353	22.967259839911332	20.187449568641906	17.799771642796536	13.576470330826691	10.912582314039359	8.698961574339787	7.351561156760506	13.007271183935748	9.886306407265138	14.171275786215524	14.42376600695602	22.023028579918932	19.2859441148142	15.625109687259652	15.32741342381723	17.940222589777164	12.442201878878777	15.30780199559574	9.427639665039923	16.44030250695478	14.685230442674197	20.051773943571657	21.59561784624327	23.343749739149974	22.459791832263747	18.281727548181887	21.74233518911971	14.469681080155937	20.099977239350466	12.268582831366246	16.36957981502174	15.566338142750904	20.367793474117203	20.380288896454186	18.948103913388163	23.241597834349527	23.371427143961103	19.739248240496053	18.336261937625235	20.499722509292848	12.355928570759582	18.212725530192323	12.693574778898205	18.503622518994977	17.635974900890144
23.665410574817507	17.911494638111524	18.568099091045514	19.097423448352448	18.038135357609967	14.499843775171135	17.559724217037893	10.20214577149639	15.466162720262382	15.827172089162698	10.753115791311647	11.12165507820061	12.196540473626003	10.263144986864187	6.617412844580684	9.452786347056763	8.104312571162318	0.0	5.647588067856224	8.90995317195154	6.306544048655279	3.9446080332154065	9.782011445291879	11.013474780256288	11.836060475660744	9.620088414195543	12.829752142254367	7.0781954402064775	7.997145096322524	10.73517347101785	14.267562285005917	14.686506551194409	6.800870072683377	9.227957741886394	12.774556717512123	15.249841167964783	13.11729184406277	19.174850078014718	17.632419133927026	22.378302408774243	19.834161066824777	22.47678831510388	18.217125166488657	15.060401650939935	19.295880158772444	23.865886616110803	20.04881378066463	22.33701644495663	19.512432305500464	17.077392631747248	17.093699886817923	15.284471836399474	12.448530632963442	10.401711418289286	5.993464809965328	7.15260344591904	5.3703683517696446	8.25681782647528	13.476085202109422	13.461531512117602	16.718928827837342	14.441847898328339	21.74226812229758	17.2461111108944	9.698628166870558	12.82513819670227	14.942282207208198	12.614900759396562	10.083681790991793	4.092722834538878	8.975666753139992	7.352890062574705	12.766568970615534	14.498467527354023	17.113882855313886	17.530154351598668	14.807692579631288	15.070620889644566	8.734956961814428	13.57976789697299	9.305810252446703	10.579983144045087	12.28008235117611	16.169393230445795	15.377298130220616	12.375638347944463	18.195046716964406	18.70850976739891	13.19514935781378	14.415874530559046	15.292646916819843	7.8474456737623	16.455038111520103	10.191156333995565	17.384250065585324	17.346337911675914
22.71092122810656	16.134174119809234	17.251914064009135	16.36066677961077	14.165724835706525	11.483221927712657	13.013226434009928	5.788668524212199	11.574368322007686	12.803441111069057	8.543922334782938	11.534561634990597	12.267511492749057	12.159650955294568	5.893262679583089	6.767319443033618	9.193751426434668	5.647588067856224	0.0	6.862251795714897	9.053754250993734	4.995471058163762	7.5619151358548855	11.330777308835119	13.425579113265604	12.184110074491604	16.004208132297958	10.734469983240295	12.892967764192091	16.3376886703661	19.294369536046908	19.5978347276109	12.188954097294495	12.87292506862373	16.791813630664162	17.863421712316274	15.269745371163864	22.053689031989805	18.385189001940702	25.326972921605226	22.145226296133703	23.045263298747667	18.74009738185996	15.02763681478431	17.742440070743093	23.7027638926372	18.90737203263014	22.5463518910414	21.796560976154908	18.344016237483036	15.945467244227004	15.13559074441959	14.125448322537414	14.391480547237862	8.977319476966931	12.465943832083273	8.696979629073436	12.864598281682552	16.924709220444388	16.03133029090792	20.563678250501862	18.87165997588114	26.547256750633125	22.343310194292464	14.800768966515545	17.195525108034026	18.385062915009623	14.808819697148948	14.610278038269344	3.74348253338331	11.189660948290479	7.156619076901019	11.59814865923404	13.988959592017636	14.261910158926353	13.970189241645503	9.983322499704688	12.808498856109376	5.386339970279512	11.895469434933759	9.690727995088942	12.526848236822508	13.762003974237647	17.479270025134465	19.15950512954986	15.793315369104539	19.797322252327948	19.047084512109492	13.979498154922169	12.43415613721145	12.235860093457964	5.138492106651313	11.28055570817557	4.64394676078175	11.761746813097298	12.396018187892679
29.518737948608475	22.90484163573762	23.61008860106062	22.534872797365665	19.953573053349878	16.763077515350012	16.3616280150001	8.384164206990281	12.743884072404267	16.090989953306078	13.09446580222094	14.374551712039088	11.753205707909267	12.299986083990774	9.631156691098992	4.6071823012115365	6.611921387999564	8.90995317195154	6.862251795714897	0.0	6.888356739203772	9.185600799612216	5.9932578440351625	7.9933855945775365	13.399456247964817	10.620335473630943	13.23156649870805	11.163978991395583	12.0587583630607	17.303403723598812	19.809113257244082	22.08658635100023	13.97652500893981	15.699073657621682	20.324700231240023	22.34090213006224	21.243662104188715	27.274608794721594	24.859261937462094	30.745419162159994	28.259353599420425	29.702735557945594	25.452890599186787	21.77375480694836	24.408816980745748	30.040719834269453	24.904739976190935	27.894123655961977	26.46447258231882	23.126125104467057	21.63099566558309	21.454871427911595	18.307108696407397	19.15647220540541	12.549581917970078	14.83505167575728	12.225340655137366	12.53816370345193	18.848737407358662	16.264934499082134	20.661236963473602	20.31182854078441	27.93459632135243	24.454074145057906	18.365183579616556	20.23344196887505	22.439534547269755	17.57350494774569	18.686367596230973	9.577005581448873	17.161871739125957	12.411247982424305	17.436884080499045	18.149481765116832	19.449079398510634	17.249729177931048	13.043602756106475	18.95572284753634	11.57627649390395	18.680513592351645	14.756521844455785	18.394682769061408	18.804789749975487	23.164426782700136	23.90159319630142	21.140485582257206	25.767205020011314	25.277520886059683	20.544117458302516	18.673315889386796	18.759861886653493	11.719793998177552	15.385336052377266	8.44342359891074	14.238560930408493	15.61897952407705
29.863016648241235	23.897996390267537	24.68391995657868	24.803360610398784	23.117764187220352	19.60775823927541	21.207040668234832	12.963863135569833	17.86298028040862	19.79366666045307	15.473239188056567	15.111378259347743	13.449350998649821	11.81100309316283	10.913769366519015	9.687156542225154	6.912117930314344	6.306544048655279	9.053754250993734	6.888356739203772	0.0	7.6003459389097445	8.19250650244488	6.5113714223667865	9.813030742185232	5.508714575133163	7.587522322001495	5.518817898420715	5.7555100880610235	11.236311722929717	13.068749370097713	15.989331717836823	7.997635732816411	10.862440916253759	15.234659061877469	18.445990987880315	18.541393165847886	23.34581133891175	23.167306656571952	26.79453325984579	25.435895078053512	28.22672685522091	24.37399079379846	20.9768810498394	24.801244423287702	28.909478162606707	24.59390822206727	26.112172427107183	22.73331153461955	20.353628422696296	21.25166903259436	20.398085037491107	15.219254047330875	15.021551377993916	8.924547573994651	10.21324456975426	10.311447432761819	7.966317611997957	16.41916445616815	14.952048506156048	17.592820110326507	16.523743420130913	23.407649762276836	19.509303115789265	13.418437428418482	16.551857860699656	19.672820217138526	16.538393838654354	14.721340164040544	9.705451359144819	14.887515224731239	11.354722615470152	17.111383451110207	16.991441820644322	20.738456166736025	19.45847935449486	16.819176888654365	19.72614540376834	12.982622356600574	19.21084071279469	14.913504105087744	16.7412407475491	17.96366740573521	22.16639787133555	20.39773840549958	17.826080317194503	24.26183847670564	24.938190583320026	19.433562324556128	20.27255643055513	20.695389138702737	13.249469172988885	20.104979771719194	12.654011181305236	19.756508944354586	20.74070202555261
23.00154443793711	16.947630806692302	18.818207725148397	18.689450881722212	17.008023067706034	14.981958578807513	17.608130103615064	10.728908671372714	16.4665438935866	17.10422098072469	12.183055316542157	14.099834401427824	15.303589483824519	13.93240602029836	8.919979297866522	10.724362065171512	10.932073435154708	3.9446080332154065	4.995471058163762	9.185600799612216	7.6003459389097445	0.0	7.610588271608652	9.79217066188805	9.516152801165408	8.954836998597925	13.111852323382381	6.6428030264443185	10.696244845471899	13.52934746166012	14.94258405347019	14.974310123800473	8.303048289859525	7.896215124574847	12.031241898716065	13.397146778792564	12.415140985231185	18.16038423732285	16.21538270460843	21.691989829717784	19.848198176956117	21.308941938955694	17.803439637608832	13.858083874019142	17.258252455358452	21.62580685500512	17.15253627137357	19.4366218023465	17.50944739488509	14.379284454449603	13.922766169272458	13.013123505286249	9.691322917535356	10.785812871007165	4.01908617745788	10.46138681112207	8.840074942445415	11.908482019177299	17.24466699731606	17.319706748239884	20.646517825202853	18.186356756720112	25.245304681429264	20.40796689216391	11.56335846647804	16.1069532234498	17.81859235522107	16.06621845258673	12.481870983826433	5.143469402212842	8.941556333677472	3.912122823814355	9.635293373096692	10.806654053316565	13.66457094600811	13.799942954724008	11.775946760558291	12.197998488074997	6.0367208075249765	11.833941601341584	11.426304312419001	11.866504933110507	14.55751848222994	17.80963607372527	17.415447442865435	13.462209698267424	19.439010794413857	19.602132079915233	13.18481045771148	14.630097077478235	13.761531889606212	7.712995429334445	15.346696117858041	8.391311879627546	15.750338931666612	16.994113559303653
