0.0	5.506340913311205	7.165908695534692	9.979619275844072	13.27365662113162	15.804050527632578	19.120299545642325	21.681091406804942	20.67987519498114	15.436453090265463	16.935674280067236	19.987724459982616	16.791435706909592	12.81689748235583	16.999374098334158	18.83812246025294	14.52908102294326	13.96243655218754	17.413608413463106	19.008559839652474	13.685001085578357	15.05373858880362	13.569958173931413	12.335191703045007	14.492854613894789	13.019425048874018	18.135463095053186	16.345836805534155	21.366292196201023	20.182430588033494	24.628735178095642	22.387611664750708	22.92196648596308	22.11339108799827	18.443238999133126	18.897963773826138	19.99518309693817	16.420611083476846	13.193080563404214	13.259327613542366	14.2481798877054	10.868775064316742	7.607192581142439	10.798635563686913	10.476302679977733	5.106687083299469	6.996933201404985	11.117524987395736	10.850369858516883	9.231518543333324	13.03578679933182	11.064598568209389	9.645331082712017	7.1009782139442486	10.75744450313341	10.610312100625693	15.551433881224243	16.708954201072153	21.08653187767849	22.02240801470417	18.877118894634354	19.136738029589885	24.87464930164482	24.700110656069985	19.876716317525037	22.39191983512312	26.995014682774695	25.043984068660922	21.729537430325653	26.934917675317234	22.62659980713667	27.63561256126851	25.26193036756432	21.78227387820567	18.141662246312567	20.65021198562115	16.986494186604794	18.686226988724727	18.04481963268081	17.7322630405104	19.78936842138623	21.730598853161265	20.732517427458593	23.807489110021063	22.52020731125572	22.149048550566203	22.05830938595761	22.633731515280925	22.667421281759285	23.681441608187598	22.426754350972544	20.293929205689764	22.09728074024671	18.681713634863854	22.218299172174817	22.10466167521626	16.456053556224113	16.92251486298171	21.556650264384	19.74905701760553	15.325063075588307	19.412009277712308	22.440849515263753	19.460393089419146	17.014084917596254	2.47917325322244	18.837639089376964
5.506340913311205	0.0	5.9078491561014586	6.990512471061334	9.8485881579058	13.033176693988567	16.569844537285952	18.576807125969847	18.86775965662252	13.615722967117824	13.949580426586532	18.048559431084406	16.131219472241487	11.533942394755167	15.238658891918648	18.44280310561102	15.346739243551964	13.850237254917465	18.114544907510762	19.88722052931774	14.37184163411417	14.086483210344666	11.671069281577095	9.232219309206972	10.285800411402064	7.761042315280014	12.885040012945737	10.8634922646792	15.9768986394337	15.374389411342257	19.499497491218456	17.02732752036461	17.984894877935396	17.085323310416523	13.152198140642787	14.35941381484335	15.652848479098443	11.944332681802681	8.7803712672741	10.686313163104112	11.305561977032287	6.594345441187111	5.321133651704168	10.045111813347495	8.802278544760629	4.958927235427626	9.377730715596373	12.101110065283487	11.51983539897841	12.614347205836038	14.937011575350526	10.97635812817834	9.380564685511319	4.578861351882069	7.20358869247405	5.394191126338799	10.795226001194028	11.84895336315927	15.847110642107985	17.168107852788346	14.723751025426395	14.881783655324105	20.244579421928695	20.696373676239567	15.743644781000631	17.445336717209585	22.34751561777405	20.978354314173927	17.304226502569733	22.24017725990984	17.48684473351148	22.359381936069052	19.926410084237506	16.292291410531575	12.835844587037869	15.516188152828805	12.525004693910958	14.5435497106987	15.056106128462847	15.285673216756157	18.46270698659617	20.929036955227524	18.983744618914937	21.679349684868097	19.195677097886243	19.759024035694665	18.7168749135627	18.432139741795268	18.367911092973053	18.62173877733115	17.512458542787627	15.608562822413925	18.042555649637016	15.550137582581764	19.40851501668893	18.584143353208457	13.023458316561038	14.971175008021403	19.230638682489246	16.844375457506793	13.59835478127787	18.48227460287379	20.631581093232867	17.698246188546474	16.778511311683136	5.961276406418731	18.683956574262456
7.165908695534692	5.9078491561014586	0.0	6.004227970835313	6.55895603365904	10.124108191242069	12.36813277178429	14.567776905219304	13.764625861728469	8.569942782795312	9.858761284415928	13.052674254107597	10.370742449788397	6.261064330753994	10.968409673947642	13.155600554095066	10.004187433868754	10.043767550561448	14.140800935757014	17.060885179082327	12.163866113457205	13.490204602996815	9.424289528350304	10.387672933104719	9.635410757474116	10.45317587300511	13.672389402952346	13.619427611561191	18.132244737309428	17.933953798869094	22.207752813589277	20.226796440404947	22.26030041852867	21.304436357644825	16.926180929372006	19.074739624420605	20.817079971924805	16.908582965542603	14.05008251812478	16.577695466401494	16.84998114854276	11.733763636758475	11.155717837327568	15.430635160173466	13.08480751540839	8.692284633133236	13.251085557126945	15.847274656321796	13.647885711388378	13.383832233312402	14.792891032505997	11.544982007482254	6.968339062619389	6.612196567317164	5.2307562623179695	7.170512498334511	9.913098585684867	12.453039613387476	16.232680369685543	17.630661147431873	13.711183060637925	12.89657985185344	18.931328975181657	17.94997958005311	13.239723435159068	16.65706970362236	20.696227276261343	18.376513571426283	15.79556361903389	21.360978891839252	17.605513530179174	23.12890081526752	21.954304813667513	18.868914898002153	16.083203098766425	16.896608934767272	14.58887264629398	14.182588669684403	15.085857927876045	13.02581436129228	16.530552997067655	17.684160067687465	15.428272991530683	19.084582224588363	17.644143226107804	18.81144211084918	18.890660833478517	18.898923562217572	20.488169207790186	20.86357330285255	20.93107021558101	20.08301944870809	22.049127186896126	20.4935514282067	23.711729418739335	22.02039211362713	16.79059129317292	18.815039420754243	22.333583045495228	18.93630991372491	15.805986759243023	20.758995664020095	22.047294760663743	18.059126187417476	17.366458537502407	7.306745779579038	18.619229899312668
9.979619275844072	6.990512471061334	6.004227970835313	0.0	6.005005154858949	6.351112931191852	10.85743577836438	14.1160807315921	14.02327950669078	8.906434433335834	11.030322734343697	15.268051955604655	13.28724474802652	10.43352325750278	14.941993317098738	17.419196088424297	15.08242041416199	15.620965139754752	19.807232695769592	22.89259223915808	17.989064063950554	18.476581924585542	14.112637948995962	13.768593406287565	11.523003875179606	10.434575980060332	12.67657843171967	10.93797558919314	14.439047021848209	12.974234925143307	17.754932363172387	16.939736583738465	19.03301963961632	19.300864922634453	14.133597630894347	15.705559949280799	18.78972536697269	16.065535879731375	11.830293256925742	15.419535022684705	17.09069097406056	12.093120283883012	11.161810484091614	16.639203645256625	15.600723174192476	11.752301343376415	15.812616924863095	19.043088306915223	17.99787150905522	18.244682156049404	20.282835560539116	16.49619189269781	12.65454506582457	10.255772091272073	8.147082906866618	5.450034572694704	8.519254145691585	8.028571818290734	13.286084245141923	12.980583977156959	9.075227316612569	10.282053898390895	15.758023866417917	16.142084778737104	12.308101519695667	14.642976846078636	19.240384849373793	18.306270124346113	16.17093630827272	21.38483541167808	16.602424170363687	21.958849660174746	20.77606201070917	16.509592037752387	14.941010015478343	16.660886911663813	15.95736911773491	16.07713755479921	18.52301006873497	16.983386242737936	21.36775352650367	22.68006773975133	19.584240867074723	23.06330992219067	20.461157462064048	22.75133120301549	21.8095324243128	20.620553923847925	21.775322199433027	20.610340919997046	20.467284241200794	19.123708679176143	22.597040207586147	21.20553970365723	25.205873452546516	23.59855608869647	18.50592072364821	21.366089478135123	25.0709265219928	21.83369392667244	19.48858626464675	24.679067770779124	25.89787470892915	22.320737746830762	22.27285278182495	11.24075159625665	23.75224368463148
13.27365662113162	9.8485881579058	6.55895603365904	6.005005154858949	0.0	5.906561861728766	7.186734626734955	8.787763743069346	9.724077273705765	5.262356793242237	5.094187744025444	9.803007892747528	9.408608962361505	6.6424815767572305	9.970872669305708	13.077454965122596	12.412379162481601	12.537168148325518	16.665198321417215	20.087570245684052	15.952262293804946	16.13059189852139	10.740614640343296	12.108384675782636	7.866627187954916	9.818123054676636	9.853959816875289	11.131205573751906	14.233368146910497	14.916912436094197	18.633788933886333	17.268266907272704	20.505148253474257	19.832162529118655	15.059790047049788	18.337407548553607	20.740293147988254	17.33464347999427	14.83892492826878	19.0170350844452	19.18408252755412	13.692406962782599	14.758198342066507	19.490460476710446	16.786753013137858	13.77786456408252	18.826743865184916	20.844180477140725	18.45579785439173	19.442761766321464	19.870249977170126	15.751178238708	11.077878299833362	10.670130064089463	5.466279191235489	6.546549729744409	4.88987146674836	8.166796367850832	10.969979100465029	12.517060450941472	8.358023956030815	6.437036693944416	12.530481629479397	11.45921612388313	6.998088050437821	10.754904679446119	14.521283893335003	12.690323472872072	11.005323880327538	16.530896849887945	12.849401863600603	18.56436623421128	18.52579202486176	15.576683134609935	14.348042745438867	13.849387180074226	13.929195914968979	11.978335072725699	15.234636691720848	12.51346964914109	17.525629454408328	18.329128632156305	14.531818647870637	18.056131479866387	15.523681046993879	18.715262886760087	18.11963522303669	16.840348926610144	19.364311419231953	18.36535461541398	19.4803398945702	19.575500080524634	22.14397954092744	22.15892460576773	25.308963206150093	22.598019556873574	18.18964133597328	21.542977902468756	24.164021765163895	19.957440330770716	18.53668444694518	23.82039403140106	23.78189518491065	19.6848506695723	20.759754734546743	13.520921613816096	21.733259896594436
15.804050527632578	13.033176693988567	10.124108191242069	6.351112931191852	5.906561861728766	0.0	5.453031150905428	9.710576975006742	9.53724326633237	6.0883524522407715	9.207988692372824	12.77456865055702	11.65919158789915	11.136596645836281	14.954801497848695	16.71533563862919	15.877258391509617	17.56400962085859	21.312603443727003	25.15758755244386	21.119609413901408	21.8545815309452	16.508539160531846	17.675109304327435	13.539948408103493	14.203146100943057	13.737949099633958	13.533098883126236	15.15037982968645	14.143023991806515	18.401124483961095	18.681951639240168	21.845673239687116	22.431673972245132	17.09748841398895	19.43133828684877	23.027403617712363	20.642700850011668	16.875633177446776	21.189397596606778	22.65421948013068	17.46024873581542	17.374038603785376	22.79992624566321	21.210706935595155	17.628973260274115	21.996772002572154	24.967422855692686	23.26031821722545	23.453427071295643	24.742756570818134	20.991665697517504	16.176811396523185	15.359932530844741	11.096916027047396	9.868750937670107	8.83980580402006	8.228165069194638	12.416113546575211	11.229864673084558	5.848135747573432	6.99932372194346	11.979750046021639	11.60493845059592	9.629964653730656	12.707524285265084	16.120710150934464	15.413786046235554	15.182177018507641	20.16472228920289	16.22477073646916	21.598144276917445	21.865846153100154	18.00742143825559	17.90520446501071	18.106304263949532	19.068557509015	17.446659829136983	21.08785998915668	18.270962702125743	23.26935120246189	23.591252166394643	19.671811894276452	23.44975699717841	20.96181469093511	24.54865801075373	23.822012451310936	22.099388256816265	24.400216437127135	22.481977898685972	23.394309270714487	22.96100206220258	26.53146017918138	26.239189361747613	29.950697564834027	27.556121068116	23.04716151231427	26.4570484542309	29.473705289561853	25.52102897639459	23.98735461934838	29.29468713100089	29.56260709498706	25.55585199590917	26.356939175296194	16.857470520926103	27.412209108104385
19.120299545642325	16.569844537285952	12.36813277178429	10.85743577836438	7.186734626734955	5.453031150905428	0.0	5.117382898825061	4.536195379500414	4.472406736140368	6.876646905982381	8.734938001021272	8.921583199520462	10.31779334525991	12.759912212148867	13.78698064633195	14.544624653607139	16.690286442101918	19.79237601301498	24.013982803800854	20.982015738820202	21.963757970980875	16.21428680386721	18.893171009158316	14.008971755618711	16.613886588403354	14.851712401487374	16.599165099566232	17.848898721288695	18.17275998475322	21.616062643981834	21.62425392118757	25.42363196394042	25.404069302073054	20.44197320597545	23.65222614336666	26.78404736986582	23.941027556930184	21.09602980865664	25.541505602282786	26.18584096648813	20.746484053060804	21.435817842770916	26.466983260387078	23.943665769010323	20.59611443670979	25.383874083306832	27.77266834737199	25.18351611988805	25.419072797847747	25.706023721620056	22.185183656168544	16.830862478041997	17.652429827136324	12.323098953393389	13.263502044839267	10.121634294787857	11.693358928778341	13.678662578079262	13.69315381405912	8.724897092741323	6.96556148980301	11.338853883663814	8.584526446662181	7.861647169977409	12.337750984145128	13.985169896638492	12.288713257586938	13.64580601214599	18.466932595500825	16.120285178800597	21.446014359822172	22.84943843977741	20.147483101548808	20.273152709690628	18.876370832568853	20.291152345648783	17.083104309098978	20.953490857306598	16.979854810360106	21.990750961105135	21.374846443966117	17.100461976619656	21.0259188516278	19.216477901179807	23.39146056422936	23.288972527422573	21.714133755712123	25.127626012325656	23.480548622200107	25.30181333425741	25.812273470478196	28.643345954703214	29.144576101574078	32.23626524613136	29.175142587726995	25.147569336958114	28.634983421915496	30.93235551979735	26.3894033150193	25.32980886538336	30.5156640322048	29.94377075247344	25.543154842130622	26.914150293251943	19.658456821210294	27.48619153796143
21.681091406804942	18.576807125969847	14.567776905219304	14.1160807315921	8.787763743069346	9.710576975006742	5.117382898825061	0.0	5.387304334908264	7.4356597050887645	5.53615685064081	6.509799616665157	9.694718294900323	10.868677081622156	11.018755912128196	12.796310281340745	15.200561657534218	16.247385991157874	19.077077947589075	23.03860995012353	20.68862165191273	20.967052854165246	15.264616424989262	18.38850866733207	12.902055933533568	16.708375154796354	13.612727506223044	17.020093484837194	17.932690764922786	19.751926082943676	22.20443162429235	21.624350992848584	25.899033557069	25.189402860077852	20.86260158446019	24.932037219212162	27.420162157060332	24.30626744879768	22.636025953737054	27.299843311420833	27.025645815338383	21.62371348898268	23.42798344201903	27.930312635048654	24.609276686470164	22.124916484997097	27.31892809926227	28.832606925265885	25.6945934438069	26.74900438561518	26.020127175133375	22.249698317748155	17.230299717587524	18.597962790126285	12.736633910948214	14.758295094717225	9.993529344076386	13.165448501194144	12.85634204161584	14.52470817438985	10.850693143790355	6.913899734196064	10.023093133290358	5.466052306526167	5.366910103753265	10.194512819471768	10.266709193255242	7.613772822909815	10.167660868140297	14.45840398805972	13.590760404436876	18.551432663601275	20.826722256873055	19.38019468680058	19.755899908128164	16.94741800363382	19.011801265689176	14.68006438935588	18.966277674449483	14.723155370845891	19.839273873829313	19.043365188888025	14.316377404607845	17.674525826705644	15.764807601314379	20.632882977450326	20.57954968227721	18.850133818522874	23.014630992492688	21.47014109318385	24.077239032043042	25.52578463231249	27.655751246053228	29.126184981256888	31.569145934854003	27.87564567586902	24.617057729556777	28.3504434823091	29.782679223725264	24.838635361998183	24.67933009271785	29.673955210242504	28.18221025084996	23.792619844229463	26.08335663913587	21.703986420562874	26.336408999174488
20.67987519498114	18.86775965662252	13.764625861728469	14.02327950669078	9.724077273705765	9.53724326633237	4.536195379500414	5.387304334908264	0.0	5.3778702576237	7.277990106113194	5.995543588148669	6.376149640297207	9.834563777709455	11.280047004118883	10.778601305899274	12.542311943751253	15.437790204897716	17.651892392397517	22.14984148925317	20.073079586414877	21.71143219275007	16.042810617016453	19.98041089083335	15.404766346320343	19.15309032972144	17.48894005681069	20.085380457733702	21.714384379576643	22.4924644697494	25.792101869508645	25.38019053146279	29.24845662887841	28.73862330938161	24.037431198242675	27.507662007079222	30.219972253025308	26.899783610160693	24.473678714071198	28.627211124619226	28.794976947863656	23.28349510291839	24.05271357109941	28.69917891555983	25.653263615571134	22.209309706633128	26.998841901905703	29.100099481587574	25.908119363304333	25.728423489268426	25.403954997939607	22.51505439578679	16.841166193921268	19.11061643693256	13.772015113289491	16.256210613700375	13.022023831596105	15.797397715634435	17.148039222966975	17.938767454107857	13.174527413869821	10.56760531522875	14.581990759731314	10.451946654895517	9.956733119131886	15.100183255534995	15.646047876241107	12.697480631822026	14.742522571371982	19.49030475262754	18.38181270308587	23.64152623006176	25.43083698618847	23.459252234222895	23.187589904917598	21.07472414064597	22.036132557014938	18.011699426708418	21.283353227855606	16.390840030333376	20.839598729818444	19.25329916355139	15.211827046075461	19.439288771008933	18.844126454723582	22.801363960883382	23.57162981711615	22.615454127385227	26.65550797064319	25.71220180624304	27.871398295305855	28.762748097285726	30.885520533377044	31.504464238319866	34.14266129570722	30.87529292452693	26.984443225621565	30.127983730057682	32.09108987033414	27.321812468671027	26.15959153498138	31.068387199790244	30.175759656737913	25.466767676360327	26.778728998410408	20.87032922071553	26.951133579707946
15.436453090265463	13.615722967117824	8.569942782795312	8.906434433335834	5.262356793242237	6.0883524522407715	4.472406736140368	7.4356597050887645	5.3778702576237	0.0	5.545164303723615	7.435800315938023	5.5905505414418935	6.320609581130956	9.946322273198899	10.732459793093021	10.418817644375569	12.799251652444207	15.977338694559434	20.199543186845762	16.970449209285256	18.52729269986004	12.934936097547792	16.03172240264694	12.086691842772286	14.958191053016408	14.666360812000685	16.27893087680351	18.835066409575983	19.076289507871756	22.95552293604336	22.180811286325746	25.532032980862798	25.06217473253889	20.197278101738455	23.23561697218408	25.89814111577146	22.5011098890043	19.678418117404895	23.535998794060333	23.95464664144722	18.476912425752076	18.800162293102165	23.55082964055585	20.869432187681102	17.12316182019671	21.812374802595535	24.211412201319362	21.43731679835892	21.21482987929803	21.562546941386312	18.436544227364003	12.83923266353435	14.293496292091907	9.39821323345194	11.49464256300104	9.725195169050737	12.3707635329144	15.071474388195629	15.833096063616427	10.778396751229053	8.924911679812242	14.504594786520435	11.879364841439628	9.12780683744374	14.048942196246282	16.418017011352006	13.845181978901996	13.922988746317065	19.379846767762704	16.850467525304	22.51564296323003	23.21682753804504	20.539360791842952	19.572034222621472	18.53425195387516	18.630393729013004	15.733344606390869	18.595119874158673	14.483357769104805	19.041747477816493	18.480342402056788	14.770793767854492	19.0648542584555	17.875659261765477	21.11553696824774	21.499068982915304	20.673543559351987	23.895884438937863	23.1523889361167	24.593619483697317	24.826358004335138	27.17627676778953	27.083205091881037	30.07477117057143	27.31552814609435	22.892573605043122	25.842115386301213	28.405227130993627	24.02913205262679	22.258755203325645	27.324780312479437	27.185928099179826	22.650913413180326	23.364922450390864	15.78451030107049	23.952084739393356
16.935674280067236	13.949580426586532	9.858761284415928	11.030322734343697	5.094187744025444	9.207988692372824	6.876646905982381	5.53615685064081	7.277990106113194	5.545164303723615	0.0	5.213806886410313	7.252896551111118	5.922152914517723	6.592127034386861	9.793506639286521	11.188840537316809	11.226164984273217	14.682018872509708	18.372888495548167	15.4284701635359	15.662503655548525	9.897853777418389	13.159364677096676	8.194333453809934	12.537062840252155	10.985130373954423	14.365959153064564	16.883300220807097	18.74311149124454	21.652586171434773	20.027914912674934	23.798453420214408	22.50670372833436	18.31987860722495	22.337795102004517	24.21552956840454	20.473487999794923	19.058439995268223	23.23203440341006	22.54050346700068	17.095316644573437	18.94696644093669	23.053044098481113	19.439562106606196	16.964959999349933	22.221563164702204	23.47672036026511	20.187333327678477	21.357072998856676	20.55467032542495	16.721246401777545	11.75116567372691	13.321793657869488	7.504195474667229	10.86936597873345	7.076796423622711	11.847723206597028	12.39648182989603	15.050889463482585	11.263653030213188	7.327472566865754	12.525215968195162	9.488935283742558	5.310282960437356	10.499346073387157	12.471829635858985	9.163556472384386	8.676179477790162	14.18627390934703	12.433477479844735	17.989784990989953	19.09610182573032	17.556080847737697	16.59955780700384	14.247037922079695	14.803354840192299	10.84348823983805	14.315488685848127	10.13216526442264	15.292792155589622	15.171767325807572	10.767656086186689	14.454728715406386	12.591711594948405	16.51688397865117	16.652730391459006	15.615741126296498	19.434506112139726	18.864897209658345	20.968220637923544	22.11750135412083	23.758582107928227	24.690063819819468	27.046863404325872	23.627065542669715	19.946847574087947	23.303167150837297	24.989390111392886	20.173446620687837	19.43462475623573	24.442104049605213	23.376643628039155	18.89123640541704	20.741781947554188	16.63205899997899	21.1382895874258
19.987724459982616	18.048559431084406	13.052674254107597	15.268051955604655	9.803007892747528	12.77456865055702	8.734938001021272	6.509799616665157	5.995543588148669	7.435800315938023	5.213806886410313	0.0	5.287132282083563	7.284288054112952	5.9923175095202685	6.389471732538395	9.814394523585962	11.107390713828288	13.065348649508916	17.242224081392894	15.800131604261454	17.056962711982525	11.659431887882278	16.469105591866967	12.281485493335264	17.30700890004593	15.752589531532593	19.54106664124501	21.915231678663933	23.82315893327298	26.661208585369412	25.10193307332686	28.95527752953472	27.465106118263314	23.4727848232852	27.525579421451276	29.246391626992512	25.278962966903293	24.030163585439126	27.905156141895947	26.984605296167288	21.602002948888128	23.234243897177116	27.028103913046102	23.089952511533667	20.402335934780357	25.443438423727972	26.53854516515073	22.671766182736654	23.14175109369389	21.684622805471903	18.837103998995858	13.552084206696236	16.855506533738946	11.566923712079738	15.78349918175537	12.263350932318753	16.900365318675178	17.126032861528845	19.67921506311299	15.652677831113198	11.719695630535556	16.010563673728605	11.60345437256367	9.316630429060554	14.59136858563457	14.914761002283836	10.566002182141087	11.726204192983493	16.514774738193953	16.438597031174904	21.56793099769113	23.309056570140438	22.43949524803871	21.441327315202045	18.4618174703336	18.751107062759615	13.992551064274116	16.560041240309623	11.136364049140367	15.258413156077706	13.470158884776607	9.27789792896132	13.514002969763881	13.630989770595164	17.280291928192113	18.65021296327977	18.364982028918334	22.874748796749063	22.922154025994384	25.388001840523007	26.87649617714353	27.895824042383417	28.935779858617913	30.82024777950727	27.234988437137112	23.815970043900574	26.710190056884933	27.99312924324111	23.011123052105248	22.177484829444342	26.729090121391838	25.257322889689473	20.447242613721233	22.18586613639621	19.462786196943362	22.0181393932593
16.791435706909592	16.131219472241487	10.370742449788397	13.28724474802652	9.408608962361505	11.65919158789915	8.921583199520462	9.694718294900323	6.376149640297207	5.5905505414418935	7.252896551111118	5.287132282083563	0.0	5.305410178112564	7.43717025322324	5.631281268761685	6.171242941992915	9.81362232511459	11.711345559016936	16.32824673400766	14.365871475441564	16.98480753952467	11.82690552758668	16.597422111345786	13.588977623085944	17.7329641942701	17.782671652793255	20.30943789094098	23.37278399375078	24.184014507615256	27.862893890385827	26.466203647376922	29.78001881778807	28.628825633986704	24.230861587558287	27.52366746984886	29.501363093872467	25.497310394246114	23.36969551748888	26.66053722398928	26.34859263250493	20.988446759949586	21.440931043974548	25.39770122996454	22.032226092427553	18.32994960248466	22.843616676810978	24.68696687491696	21.101879690641365	20.2977669460702	19.715245434268187	17.632543246555812	11.796232724709856	15.439364492489101	11.121015549142482	15.17297020892947	13.490038382304402	17.369584609585146	19.29339211487377	20.97008154774819	16.17643740993589	13.471390914323592	18.752141081157248	15.048274203621624	12.281804455851484	17.6260606340452	19.08116842744573	15.255624980589005	15.538445582526139	20.870780979808632	19.63712932829736	25.16608536991526	26.085869712358466	24.30603605801124	22.716613255354904	20.942564961466164	20.1893496904698	16.54026538862406	18.186447696503116	13.046887610005227	16.49253386697179	14.738542780971388	11.755587516799997	16.492508707724433	17.062486571106653	19.51729113190984	21.132175553435843	21.321640582745108	25.115486509866294	25.455083988494923	27.166782234540634	27.808722660278324	29.119720144983784	29.065745826171312	31.382078783594825	28.490658186055118	24.2742833148412	26.581319477343133	28.710340491470358	24.195970234972496	22.15795491511459	26.707889665248455	26.285536808781345	21.41179963879049	21.827973592402756	16.512703985786633	21.88300376073059
12.81689748235583	11.533942394755167	6.261064330753994	10.43352325750278	6.6424815767572305	11.136596645836281	10.31779334525991	10.868677081622156	9.834563777709455	6.320609581130956	5.922152914517723	7.284288054112952	5.305410178112564	0.0	5.285710922679362	7.202493097935448	5.989464596804448	6.549130904544843	10.224700772917258	14.089444906809808	10.696785319619064	12.496991847521997	7.158224117676889	11.375365762964007	9.015175056847468	12.941727938502293	14.025792188817187	16.31797135673601	20.16203443239618	21.23235382210794	24.843945522512136	22.7475049945683	25.694562157307438	24.168513018435057	20.077498576944972	23.369062724598624	24.826391895483177	20.56772979491816	18.859947781794162	21.92707524869881	21.210545273053892	15.923912483849932	16.758470406483745	20.396915947453525	16.7947786791943	13.434666038752777	18.276714894668704	19.744771210441574	16.200005745245786	16.226936343890547	15.66053580719541	12.763585477166203	7.010375709865985	10.259186995317435	6.121125567373091	10.942140893039323	10.213605173427151	14.667328716050315	16.680143615448657	19.052285663174725	14.860497149480729	12.160232292945016	17.972134651207725	15.329093238518267	10.936213371851295	15.615144169248769	18.210499714296898	14.676943383110828	13.124911088681191	18.731832585484167	16.67577927340028	22.253352845400578	22.328068080342664	20.50673246339041	18.218244355371645	16.936052120251784	15.343572062832722	12.506020045880193	13.700234941061407	9.431558105746147	13.23103299066601	13.024368508434327	10.151745557342569	14.465454858378934	14.105549693660453	15.963601680117913	17.072121775958507	17.39126584698763	20.56009521745941	21.265644702926547	22.546053246049265	22.985185860124034	24.08819817424296	23.817599348924652	26.13662942628262	23.43448947077688	19.03910672997772	21.308794268551782	23.6164844809843	19.278815408527066	17.04695381381008	21.79200479466652	21.692102849448545	16.989791691732705	17.334439462293215	12.197186089144873	17.767836223819927
16.999374098334158	15.238658891918648	10.968409673947642	14.941993317098738	9.970872669305708	14.954801497848695	12.759912212148867	11.018755912128196	11.280047004118883	9.946322273198899	6.592127034386861	5.9923175095202685	7.43717025322324	5.285710922679362	0.0	5.5226023894906975	7.722627698219577	5.90823614233184	8.620193886833075	12.098107449193648	10.267152662030401	11.11829966977716	6.053351012042127	11.56453722576455	8.9358864710272	14.38005382950409	14.232207780069068	18.089220739935527	21.585703690111128	23.859524192359437	26.63277282858907	24.021608131975793	27.33883697058674	25.092307253832473	21.74908168593191	25.792389357281994	26.562909595691966	22.037246005012594	21.63555101777502	24.823809991923312	23.08414010511935	18.051982175491794	20.08402470849244	22.928962694765957	18.433830143989194	16.373293005370833	21.357916948418673	21.63132436262008	17.368006471786927	18.40029616809168	16.227992019837558	13.339567851520997	8.686897517911525	12.742810965302363	8.545931974768404	14.03649417632894	11.761412758261272	17.258889808447368	17.48367052334077	21.016092906643387	17.552670744059657	13.67358251498815	18.560609711851136	15.198805096306504	11.033168139823074	15.508173023234232	16.906044232782307	12.504838347874937	11.114215626264041	16.081551538425398	15.714352777428623	20.75594956155082	21.50106332080526	21.07188495624252	18.89535949776857	16.110624142803754	14.78402949781706	10.435906325340737	11.35363909432565	5.757952248243147	9.573731981862263	8.719703207543313	4.9779171541354215	9.43322429994982	9.96937751742433	12.121559816386705	13.983690241553717	14.753430919971477	18.90370968002243	20.199811762460445	22.26948618207671	23.732267956721184	23.816542134272442	24.605136597588587	26.00177034282154	22.586289953251153	19.190460300359074	21.535818379414312	22.650742407787966	17.79510196612253	16.642837643078956	20.932864765498646	19.56534397153605	14.66602723435441	16.228729354824146	15.837727437154989	16.03050033106771
18.83812246025294	18.44280310561102	13.155600554095066	17.419196088424297	13.077454965122596	16.71533563862919	13.78698064633195	12.796310281340745	10.778601305899274	10.732459793093021	9.793506639286521	6.389471732538395	5.631281268761685	7.202493097935448	5.5226023894906975	0.0	5.2655271029302995	7.281766005893322	7.431627569196453	11.981489297308231	11.706832969719416	14.547981999485579	10.41803391710747	16.224575226911387	14.189433034901858	19.244321667618735	19.36856482812466	22.79861506187258	26.21763292184126	27.87123358154691	31.09177348511119	28.925014008981393	32.211872790551446	30.267088498570256	26.579981975608746	30.274978132571867	31.393114607185037	26.894398264903927	25.84297836050214	28.738223103820786	27.441372733035728	22.4010177584559	23.50726523179938	26.467536208051175	22.311085355062215	19.392351484089254	23.819114662162608	24.60556930968188	20.26808172761923	19.761710122124995	17.755344004632107	16.38493235513271	11.288081192426196	16.339624568279856	12.725905134305215	17.987040757843037	16.144490050608216	21.06407595721533	21.980435393851607	24.759536209156668	20.53503917808173	17.043765021902097	21.978857528972654	17.900103771611832	14.79465387420798	19.878895842102427	20.71403253745734	16.090033996249954	16.01367075449475	20.81562755300569	20.79979765535781	25.89770179461282	26.912763683898486	26.205805905588374	24.107999387968	21.563465517004737	20.140671954502164	15.950348533915465	16.318771546576453	10.677913372156654	12.64266925105248	9.777148731677984	7.791063144469776	12.481940685878834	14.779499621111688	16.26056717468259	18.966655333568887	20.12797248370127	24.322532924243028	25.714386658407378	27.710107847655117	28.915726501922318	29.070937702194243	29.378026980773186	30.824672349190486	27.697955414040592	24.06994349660179	25.867187058114887	27.215072543612923	22.611622705783837	20.789345809159233	24.653801719086644	23.628709892671377	18.65144749183109	19.221947657343758	17.834291461404728	18.671668204830304
14.52908102294326	15.346739243551964	10.004187433868754	15.08242041416199	12.412379162481601	15.877258391509617	14.544624653607139	15.200561657534218	12.542311943751253	10.418817644375569	11.188840537316809	9.814394523585962	6.171242941992915	5.989464596804448	7.722627698219577	5.2655271029302995	0.0	5.734457557472736	6.67969744208881	11.168174329168378	9.424852318206646	13.443276951430825	9.845701481867362	14.919309584639011	14.203981703116721	18.13418890691494	19.785912536145997	22.019363082974728	26.09554704553237	26.911382959994054	30.724526031123066	28.541746069647814	31.217571571615462	29.51227699591782	25.633613848579092	28.597401394136796	29.767798585965117	25.277406683465006	23.60832153463498	25.81899652254549	24.982670377340664	20.145738695328344	20.241098410276383	23.131368532973205	19.560265620766454	15.852582660613956	19.699708838334548	21.087184518377757	17.13857846890059	15.508568299590554	14.524580498709696	13.7808115746782	8.422630685395653	13.556879661661993	11.386576373525646	16.270192676549836	16.197391483292062	20.471577974156848	22.65585082957849	24.894700839025496	20.40228454963563	17.86330059983551	23.55121881727105	20.285843067324002	16.474380789160985	21.395315497570277	23.40765250719134	19.30336917727775	18.248302354026173	23.56996899930265	22.287106153540538	27.69739748089992	27.802554455512766	26.282398448299663	23.59263617023973	22.279014588082294	19.894217417206125	17.06242983699654	16.708170593901382	12.063844925206329	13.636168937089872	11.958184762140329	11.030200347065852	15.53430841765616	17.25854034114924	17.73569747627281	20.157322501601055	21.535279262370906	24.788096476460503	26.368266496406523	27.548906387983035	27.911948880025534	28.33513390219455	27.568064175829143	29.44147082773811	27.080703921497665	22.72038408107255	23.940432895621566	26.179917181404235	22.18615887844578	19.19732180051829	23.08358920089272	23.278658172441386	18.466087447187103	17.639826112040137	13.603510457255222	17.547951367706933
13.96243655218754	13.850237254917465	10.043767550561448	15.620965139754752	12.537168148325518	17.56400962085859	16.690286442101918	16.247385991157874	15.437790204897716	12.799251652444207	11.226164984273217	11.107390713828288	9.81362232511459	6.549130904544843	5.90823614233184	7.281766005893322	5.734457557472736	0.0	4.563709210679838	7.603198232023301	4.742604746022434	7.821382237390355	4.988003852292664	10.360006949772472	10.897263450121812	15.104561453435574	17.11436762275496	19.829347098386037	24.28772126377065	25.939709654699175	29.172333152600537	26.148699308891356	28.636170369385216	26.197091008681188	23.12183452276684	26.432092150203413	26.683896932443794	21.841739542285787	21.40256834788946	23.390473835763554	21.496054965263262	17.026006846008688	18.22267205552648	20.15893429262098	15.73272558972148	13.349568680167916	17.549138638967474	17.62401495309442	13.080970875946003	13.163118575895984	10.757066480993839	9.177100988915967	4.8430187199916945	10.583548621106068	9.25364871015706	14.823298300228583	14.832353401919226	19.848317518250756	21.138684858305513	24.432061379531643	20.851682112119068	17.82194743184153	23.295764688889903	20.53287701412948	15.86879591554083	19.971292567383205	22.232595478373085	18.140167484999296	15.793440285814098	20.7229835909843	19.627237064844845	24.599615201400727	24.26127373319955	23.49530221495267	20.248739713820413	18.675435363635888	15.491341987875979	12.956529479179741	11.388968394463546	7.4172400246090096	8.297794820077478	8.144619788686239	7.846333496015314	11.454660085232296	12.994944900021183	12.397111045552357	14.922916889344906	16.90463428406255	19.9040466301422	22.28081691700112	23.412842836752404	24.135005731798614	23.670447376352246	23.25874813630379	24.507996888697438	21.977123151795386	18.055736969521842	19.10832458366641	20.79516681694894	16.743784683235	13.998815025425912	17.738847789741108	17.570272000621205	12.736161346151906	12.30602922774529	12.285960675440851	12.175444541232775
17.413608413463106	18.114544907510762	14.140800935757014	19.807232695769592	16.665198321417215	21.312603443727003	19.79237601301498	19.077077947589075	17.651892392397517	15.977338694559434	14.682018872509708	13.065348649508916	11.711345559016936	10.224700772917258	8.620193886833075	7.431627569196453	6.67969744208881	4.563709210679838	0.0	4.752211500261924	5.93916323425893	10.051943212947679	9.05531515563345	14.342816002403062	15.171894299982661	19.576666206448063	21.362394850304042	24.353994478697388	28.728483931489706	30.460157247845032	33.66301317020989	30.60772310285405	33.116780073219	30.51384197471597	27.62575579238944	30.946703180166033	31.018186958645376	26.09633330599347	25.840474305822728	27.513943856242722	25.4376661256472	21.286987815215177	22.29411224668797	23.742072802931634	19.313201076640613	17.077359246419036	20.605090727007962	20.35653836423849	15.60916379479324	14.862558418018214	11.643936172678684	11.970329472773042	8.90703426653605	14.778878337239346	13.798657666352543	19.36625796741021	19.147674233492236	24.250773850739527	25.34717917052762	28.696100770801774	24.940079739526272	21.72094771669112	27.015477314441235	23.696292583928543	19.500999542326376	23.837507450096666	25.459556723732145	20.948477945688253	19.19461104836047	23.72582355393238	23.4646819039474	28.207064946587707	28.166864145214703	27.823214173874558	24.57391632170894	22.63586380205997	19.4027375860991	16.535560313728787	14.30975016328151	10.217381003981673	8.933673866428846	6.789136669782012	8.681833222051837	11.871543762995257	15.207938459358974	13.77781842478399	17.344889582840665	19.947532332871866	23.205935114902868	26.054652776399397	27.363708844008862	28.29617779860479	27.292462964315913	26.916667219491277	27.64213730343226	25.161465206640553	21.669639217177615	22.11607022796555	23.322837769793203	19.50000815391485	16.78206419484574	19.537168372508575	19.118789400334823	14.433386288424163	13.54549927490116	15.648043751177772	12.644990770104481
19.008559839652474	19.88722052931774	17.060885179082327	22.89259223915808	20.087570245684052	25.15758755244386	24.013982803800854	23.03860995012353	22.14984148925317	20.199543186845762	18.372888495548167	17.242224081392894	16.32824673400766	14.089444906809808	12.098107449193648	11.981489297308231	11.168174329168378	7.603198232023301	4.752211500261924	0.0	5.596942035502906	8.830660278452909	10.638686502828394	14.747724899589624	17.0174055790911	20.975296233709635	23.24634580852206	26.192056043813228	30.823747600084204	32.84391112897933	35.75758734164595	32.17982035199911	34.29932471784591	31.219370574706616	29.051797259837038	32.274947402052966	31.586327918563097	26.53124595177545	27.082949408628306	28.10192398199716	25.34910658970172	21.985284157289566	23.26732979107823	23.57081272825869	18.943707401955365	17.753929625851864	20.617305484897056	19.281697172597664	14.384484528806896	14.165743335352722	9.658136931076921	11.201574549467132	10.62486954633279	15.927080290601143	16.264112746828815	21.65976638969589	21.891275278664775	27.07595949183977	27.852231506335926	31.635956868921966	28.35094266932415	25.107589549215874	30.254206996580294	27.256897677037514	22.758472379573703	26.51932199489621	28.252755361649303	23.843697684000357	21.42768672850773	25.40574616588906	25.35316636361828	29.581072487321748	29.099492569721168	29.28331834477383	25.5739083079142	23.742138526391077	19.758851918009167	17.632681114461523	13.96703463610686	11.487991010496414	7.859855695497668	6.967610045754694	10.76757908734184	12.200456987158836	15.930690515744072	12.700874806635696	16.6858984607918	20.111702320611062	22.780565210002635	26.50238351297182	27.54122089691005	28.544339588907373	26.614514115479366	26.152478536958952	26.11185354851246	23.935163365226614	21.020811017627977	20.593819052967696	21.23681040082815	18.036809181984008	15.261276376143622	16.799684705762697	16.4069123010607	12.304685953358694	10.706226764699913	16.85857544731089	9.229401053833646
