0.0	5.56729460814707	7.821575790592387	10.005015829742254	14.697544253360883	14.827014800542644	20.084120699998092	21.21639322340115	23.075403979201585	25.264914132453086	24.28330169115019	23.767740766204213	24.702376796488977	22.083924481952224	18.92315385853646	20.47276301679033	18.675245822822692	22.152698702435305	17.156036836477593	20.381970262389046	15.326062597536904	16.9801977226728	20.836241271439288	20.736437724844453	23.116439724687417	18.225533065854133	20.623718488474058	15.169253704098704	16.784713592232606	14.598449140966782	10.510848298254796	12.521655260364907	16.270402895485066	20.797894394086413	22.207319644090536	27.18942677403251	28.308429060832005	29.70818188866851	33.1155916766114	30.703844375479523	32.78454695335098	28.770101330834674	28.34401257262125	31.382922036248527	28.77705414153019	24.461627492436985	26.587358110402587	28.156947032125814	23.70338630836559	20.728200604994775	25.092217668371475	25.329392104566733	20.163733653314917	19.64193146617755	24.848851169005798	24.177731663085336	19.212962137839547	21.415999117793785	17.021162120753065	16.01883835581882	11.042917738492555	10.413021029388254	5.337684742238001	6.982842047104309	6.373402955491862	7.401566937464897	10.457986256740703	13.812002758223343	11.748591549156512	16.489584058067585	17.897046906539387	22.259947254628184	22.6173521290512	20.525434160782762	18.363852853255523	14.668889177104166	12.409739071582178	9.587431850833028	7.76446214449179	12.74827163012808	11.23516065844556	16.834867394322302	18.07031968374059	13.63376360320574	15.778293361441337	11.379633244519352	15.26085616515467	12.581518660693282	13.746412134054127	17.706707726025	18.87145841130947	17.883846336868718	19.708656765494776	23.343534043042943	24.176251897117112	23.607083227234163	19.8635266704196	21.943631672917743	17.723898742316383	19.446264170790457	17.497744045657534	15.495713031548727	15.347266664806273	15.627163659336544	12.047199751801857	10.327314008947004	11.3973229353012	5.761904909636974	8.496162693144512	12.819376571870214	14.039465998243013	11.85947059527802	13.928237543563293	17.57871793775106	17.70963225620709	17.59803778114539	20.389659510251214	22.67335855014093	23.0013975453226	23.64749510360946	26.383010993342438	27.75501989832873	28.423952203608838	31.95163871573086	27.28780854003278	28.13779874897152	27.03032149939536	28.348254781375122	32.88881089940287	2.575014480217666	33.7293083129617
5.56729460814707	0.0	5.397462755299689	6.935849759743145	11.10000469828825	13.114748560819665	17.787525869426908	20.233844825066935	22.154780940720652	25.147319812761012	24.90616876237849	25.07345297758039	26.851064831963864	24.568918097800143	21.961806114114577	22.46722262314664	19.562825201052764	22.23475548211142	16.57767043238076	18.416394282762734	13.860390891473132	14.239631137479812	18.08200289222815	19.069158162573064	22.089198133425427	17.968614270895394	21.62026047010053	16.316894489358518	19.48177331881489	17.671554552903682	14.643800084160945	17.38981303721796	20.333950318153953	24.984967608284304	25.47269860485327	30.68156846183377	31.43969468930731	32.102110333218555	36.02847908150701	34.15755226506192	36.33231985979841	32.081240990963984	31.24046945925312	33.720578934851396	31.384344396983142	27.28517034290764	28.54576030047318	29.790116133533363	25.78056549105727	22.486485205545907	26.027168205224022	26.09339249009902	21.12793900119598	19.854919007643414	24.544548985890874	23.771665907029064	18.36094540425556	19.221824284225097	14.616573533883358	14.763531407474643	9.419078650398164	10.050032208099532	6.850260851158881	8.498726422762914	10.974401564643177	11.46085149954328	14.060577171799833	17.01534371563979	13.181696616759375	18.042083950082745	20.775479453084216	25.099870034795455	24.907945015739543	21.985866212531402	20.34616396398788	16.099521431550958	15.393577483305435	11.375086496126455	10.914586437834433	13.982781559773247	11.359623008166631	16.897496294103423	17.01679718997398	13.093243599688764	16.64717167931948	13.827496596576122	17.10978792641697	16.06436677314938	17.09238924431774	20.02734152574443	21.996206360868893	21.906998418403855	22.967638831435764	26.247708097928808	27.85811186911307	26.698340626710422	23.620411188659425	26.480477784377644	22.676163846213452	24.14476703503961	22.086298744824433	20.829683798463687	20.17542305165089	20.646150166097424	16.678551955481286	15.00259869319812	16.897524886161197	11.319181877137488	13.448180859392881	18.29991566622493	19.12875900625411	16.29075066326888	18.6539963298522	22.675520768524674	22.09576818006411	21.571655808549533	25.011347392097573	27.30427298496347	26.867652686553697	27.57837106142955	30.869800757488093	31.866316862365114	31.99206413653732	35.87769079389364	30.794620924401976	31.51711003631817	31.014433393190448	32.56109107984227	36.65475580565894	5.515088254361677	37.74161136664413
7.821575790592387	5.397462755299689	0.0	5.731290566822792	7.9797234883387045	9.57298165565586	13.8096018764503	15.638425837972834	18.505767334441902	21.132081944820488	20.443448582849257	21.50857833306646	23.23784054640784	20.812519932615277	18.980104909912193	19.46681501073875	15.69107137509792	18.85674227290383	13.128093489391087	15.43221756314795	11.979335152831577	13.766998183966617	16.39151201012099	17.863856302921437	19.68564656531293	16.129478026930492	19.236743490959363	13.675030602263277	17.612634758214462	14.90887745559787	13.593355522947293	16.38181550948537	17.949629347109358	22.882252714939288	22.23028887505999	27.493456394044696	28.481788210377285	28.433625678148868	32.77710082832495	31.027288033122893	32.922497103057125	28.41747417105419	27.53275525291506	29.515474639879088	27.152245407391117	23.44357112415468	24.354152925167007	25.0921352544626	21.26936695623937	18.134525117075714	21.271599788168903	20.982687905360415	16.134184960505127	14.983029801655317	19.423143313346138	18.396692859657815	13.010977691964941	14.071232477165646	9.509592852443802	9.883415924070373	4.2650695313498685	7.2686370738246415	5.097946989486484	9.614525274359169	12.209389305638728	14.64866078485089	16.423242519838354	18.411215845715578	14.329586772161624	18.448816226923743	20.44221548870379	25.200303630470845	23.90887381988789	21.427009148628464	18.922299674004616	15.070868072711775	14.960369905417812	9.672670144243234	8.650070035567573	9.985733881466633	6.371772184308752	11.660561577455454	11.725351629065042	8.186047774581017	11.90169072408382	10.187735611273265	12.80861076083558	13.18094318035912	14.005030095320192	15.811705433984885	18.34949694199259	19.118726867824815	19.54436368355183	22.251264688810515	24.48766661083156	22.86385823628832	20.589875328035856	24.308955228880475	21.20069327427935	22.696885376632643	21.310754611486033	20.80920578002685	21.034896577780913	22.639287828730314	18.82838711539197	15.997618479284748	17.980177983208286	12.748917866396711	12.726475506539858	18.448506123952495	19.18033280025382	15.084646184673455	17.023702000136872	21.71566353936911	20.62000645785893	19.009380299949157	22.941474283412173	25.588568173893243	24.288979511155283	24.573964402762837	28.50846072442669	29.36402663647997	28.730470088263182	32.71901225452596	27.248452374465842	27.780330719543635	27.921363027329978	29.687755614448495	33.20449490570487	9.116220143074464	34.53139265689376
10.005015829742254	6.935849759743145	5.731290566822792	0.0	5.45531793163605	6.718727916591468	11.409446765901535	14.477966412059095	15.638845953431424	19.137446130115958	19.878892896206636	20.0515288993049	22.764406077812918	21.327662017656003	19.2201948573251	18.181948384186335	14.694146455906063	16.212292226347287	10.451154202236294	11.523760281231633	7.271701669060675	8.109102548351467	11.344988699267455	12.617422899359404	15.412324815393102	11.953410224639255	16.297337449572925	11.63020966609744	16.188712210425656	15.447362052153633	14.111518516773133	17.940634947950777	19.480985276014575	23.616052251349686	23.06401510853833	28.306280362670087	28.15648182525763	28.13028770387209	32.38630929244238	31.4462393748909	34.11231624112925	29.997433946458884	28.220787661829082	30.239580162815724	28.809309853974273	24.63574476099228	24.667241113786215	26.277507291073984	23.223500834244845	19.07152706986951	21.734380658391636	22.647976541856565	18.27377658739377	15.428930777650972	19.83367941081162	20.260383745283725	14.646219263295048	15.822167005145308	11.423407067608505	9.82607623442831	6.405728390485916	5.264832524535216	7.05205377837736	7.651884331251573	12.468927854378057	14.665949566588077	15.155104611760226	16.293893705200205	11.01947155276377	14.771628386616406	18.067593352010118	22.400670145366302	21.023343371797633	17.705213859332808	16.24795962044899	11.984266216941107	13.294199307515205	8.545985928817654	10.749579711161985	10.769999861810119	9.950175283753678	14.122954797324006	15.100576235816867	12.865370126321427	16.087903827831823	14.030791641498356	14.863140962027627	15.450845737659703	17.84537738973652	19.20605919563272	20.614050981130116	22.12533800849409	23.459602400358357	25.41654185622354	27.33967713369454	25.025801884950106	22.459459284243366	26.113000300268673	23.533396681322717	23.711162898794832	21.451636378055085	22.124307396907685	20.825062976240954	22.89154064761657	18.579331008599635	15.884550359562665	19.466497201488977	15.011618253369253	15.876446219170944	21.00209775099099	22.84577130627991	19.227373398719305	20.114139458429694	25.021023989506126	24.925353991594438	22.943924407069577	26.141088012883003	29.470797050090308	28.607060202057692	28.03926332670576	31.91505135561228	33.48883804029979	32.72429695469467	36.168456678113785	30.574953100729395	30.358332905597425	30.122816779413093	32.65426139358927	36.018958646603195	11.332407760613917	37.2005101038342
14.697544253360883	11.10000469828825	7.9797234883387045	5.45531793163605	0.0	5.446588924664563	7.4715473706713045	11.653304660478053	13.564886024847866	17.343375433635806	18.435672834893293	19.90885192853439	23.047562609275136	21.860912029174166	20.835252468972673	19.202393497002408	14.555522840644276	15.454882035663474	9.813171267149349	9.215089302109801	8.087376750201182	8.79756183840907	9.653810611707097	12.692982116913972	14.517596190940587	12.94326749212651	17.257147480373785	13.254466050603344	18.710678077130694	17.621787033350667	17.86074662403574	21.557504473698827	21.95099623643859	26.111157866821245	24.337145618892027	29.477071389220452	29.29787320442897	28.2490035165028	33.007843141938686	32.520191748497	34.943071404211906	30.643882197527276	28.65078818399475	29.829603406502198	28.646537674463165	25.113010609590944	24.25740147663025	25.174947805682137	22.82733262325963	18.857460988777248	20.260327261325624	20.796404511107657	17.154007833182515	13.838936160076296	17.038069152550506	17.377225896742917	11.921485092139779	11.733896984915408	7.907573841102689	7.503703683416927	6.374107338051011	7.874654037843715	10.94955677634611	12.806870574054663	17.40718302547216	20.029123992103617	20.400254443250603	21.045416085280145	15.64072033024907	18.484141740898163	21.57895865169325	25.90716166640962	23.549377147466185	20.34865833584484	18.691241586814783	15.000491827940488	17.224941934803507	12.071963054760365	13.941632667204564	11.845724726826877	10.390860440774945	12.747002224633205	12.764129071098028	12.259949944602756	15.746858613494199	15.627636575830683	15.40665389551629	17.719914367020237	19.642280188886637	19.627546152190405	21.708969711189432	24.092035634302185	24.56147470558097	25.821702342716197	28.501105283167824	25.66284575840069	24.167111925094755	28.559833285883926	26.61236421062383	26.81232385584738	25.061866690921914	26.23711171936493	25.428722154237633	27.947656804426142	23.7347454110628	20.66415358042441	24.11589018929019	19.636858223076615	19.52072864304027	25.067045436999116	26.53489800634914	22.221699659148246	23.096216940464597	28.265096763466747	27.53019011711491	24.921609536927974	28.58620790425654	31.958355662494824	30.248611522671705	29.51634306297819	33.934045144575876	35.153076297885036	33.65819189969174	37.27889736090658	31.37894581645064	30.97537094914614	31.53335105787222	34.21877794438021	36.86554761859915	16.005048518314204	38.32264625865356
14.827014800542644	13.114748560819665	9.57298165565586	6.718727916591468	5.446588924664563	0.0	5.553942631238891	7.938984943879675	9.168141885999367	12.608608191525585	13.757265979491592	14.558791929505258	17.842277359086847	17.055019585104453	16.02962021337727	13.851007506109891	9.35829459692282	10.251951008937354	4.428184350139575	6.062067840060223	4.665973940140906	8.487989773293824	8.678571167683327	10.057423871596987	10.469101121425593	8.392018105758838	11.961747685775691	8.139863588711538	13.822355110220132	13.304431712442295	14.519283879689034	18.40174752835926	18.049318105382905	21.632334437448396	19.6483791044507	24.669566609484974	24.065295611379714	23.077489265881802	27.735285244995314	27.503828767188406	30.249122478746603	26.228984873703062	23.81302620297234	25.160359815487837	24.444197496733107	20.591100832632325	19.462750850735066	21.079124120888864	19.040958230352757	14.482237300018614	16.038961222768407	17.596216529587494	14.119867026542037	9.9556124211326	13.876952167018496	15.4907824533854	10.306985415558962	12.516310254768886	9.329925737555238	4.900222229661667	6.534622500499743	4.899501001595997	10.015905599738211	11.291257127370132	15.564992449870996	19.18191481557338	18.51757011015898	18.141954229618253	13.178542576283148	14.95079181780184	17.24995707237653	21.61365512696198	18.673030493366817	15.953518063331087	13.78408268297744	10.68094476377887	13.442634414232971	8.68169078231313	11.63971088475812	8.043579572908754	9.396814340027987	10.729535756414434	12.880247636121352	12.710892534717864	14.65980376901194	13.818648788426628	11.987429947354089	14.52603108738443	17.518735471106755	17.04445234143363	17.9971770920548	20.993152900080933	22.195515173384536	22.731936864798897	25.012857961199295	21.73713367807163	20.15154264175471	24.577409444817647	23.360879619593394	22.744174403393018	21.012906674819167	23.16620080562415	22.274705939517595	25.664676603821366	21.654601275671972	18.057345703323197	22.00583912013486	18.61689042579169	17.830074291373144	22.953877951686078	25.16586999411433	20.8879613593622	20.561497146330858	25.9248627100478	25.939883116382614	22.684122008091173	25.66231824270341	29.66521512795039	28.2248970923551	26.563777592586366	30.933674590583777	32.805760369292194	31.13840327037405	34.14222220865986	28.2413909038016	27.233781127425658	27.505710849353115	30.73546178785728	33.19403550653253	16.788181793544823	34.513498109629055
20.084120699998092	17.787525869426908	13.8096018764503	11.409446765901535	7.4715473706713045	5.553942631238891	0.0	5.563657082905208	7.148199349557749	10.893332284587418	12.963512074686342	15.176045621830875	18.939218800522454	18.769136579094216	18.96962136442005	16.058502990487202	10.981552361376803	10.289230342129224	6.640926380097031	4.701824778059722	8.467214977924368	10.968464334406294	8.43857415419299	11.23525840965756	10.093628884722909	11.007562628553119	14.009690492677295	11.947214208677437	17.611145400612173	17.15003251426907	19.484428868490372	23.13581512691841	21.862888129220437	25.115888077134848	22.03864500098894	26.64533783654898	25.787269050890608	23.67541350087553	28.691634827918197	29.16041653833559	31.71673096895071	27.743214884783846	24.98292727548644	25.311503843375892	25.170531580519338	22.129579162887374	19.80830420430204	20.761692342794067	19.92251436575374	15.717770006400942	15.373003542459431	16.81864977203356	14.760125077734182	10.029959552998816	11.674622034316242	13.871387216046353	9.704983922341913	10.581892304707235	9.296482243017758	6.0941864785579085	10.243314617371064	10.395920971491144	15.220720125767011	16.811704279234778	21.071508039547005	24.727070379315975	23.97170367236152	23.2517652397792	18.26986712062485	19.266909640849143	21.449895002746203	25.46624266006379	21.741037066563912	19.22343764587591	17.275674102844587	15.05220826409289	18.385903996061142	13.968211082204036	16.537187433166256	11.87010864720231	12.781473491016666	11.86427606013178	13.19453481243299	14.93154193725368	16.679507035426884	17.51282601554959	14.715379260325673	18.54362926539207	21.088242052218906	19.334293780543327	20.630069201847345	24.390240190429257	24.89143872227999	24.553473482877646	27.410869662909356	23.612386655283196	23.159155676579715	28.050724088305767	27.53469239682887	26.779179229022898	25.44958064248598	28.062639200602757	27.38981197746541	31.059653686879184	27.118562652512082	23.4200955314812	27.30909808696289	23.953969206580435	22.69139089515547	27.928693543233226	29.906840473567613	25.259077194941945	24.85406107418675	30.27470179582347	29.884132662317025	26.15221771695305	29.319365052880197	33.35295566879685	31.26308549014096	29.334659863952435	34.07093453672192	35.70522193175307	33.35032538032927	36.31846777264182	30.259002618977714	28.91799748371007	29.911648385788784	33.34823780863962	34.976039267966065	21.939142714964476	36.50896149407171
21.21639322340115	20.233844825066935	15.638425837972834	14.477966412059095	11.653304660478053	7.938984943879675	5.563657082905208	0.0	5.756051901456788	6.929333899191565	7.591654705420189	10.971418394995242	14.232772283405245	14.096108172726133	15.27146320815415	12.5977731872973	7.261285176551455	7.763723003859061	6.3389267474275615	7.911238802725236	11.065935380942474	15.096914328504456	12.832271617533543	14.09622631203303	11.004616646126962	11.729804497973706	12.255075058535823	10.611646587103554	15.502231573809789	14.424995709141141	18.19773560307679	21.255612843919412	18.79072877102846	21.6244384090982	17.683588273584412	21.930896220412997	21.306200093828643	18.66390209430482	23.871684914022175	24.34132809548427	26.634294860290538	22.708384823512336	19.8831134804186	19.859641447397276	19.88279773754824	17.210408021426925	14.489456648881388	15.273284326619272	14.954117311863808	10.908229950139795	9.84431467111293	11.759031366594051	10.488574657824529	5.341797759469251	6.635418616452245	10.076037235581168	7.29889380381542	10.55688523363681	10.447742238824068	5.866405196407497	11.4729224648221	11.464242680579646	15.915374036330968	18.15221788492092	21.296680110192646	25.704571923025576	24.66058761416249	23.483940712657404	19.49456956029283	19.830743447454847	20.46312070371065	24.561205087031666	20.246829318525357	18.94626300168242	15.949893262105185	14.939918486167349	17.822836096580545	13.893284855142152	15.763920574002569	10.033776256877363	12.253463903074344	9.291363765431765	12.118977058058915	14.530600483575	14.58948022439536	15.789192115043633	11.533532213659965	16.137388777070505	18.701713565330873	15.909912113020217	16.671585986725624	21.084872369390773	21.519523479060215	20.24963920185997	23.122837686473844	18.959512941086942	19.260281494572684	24.39376865475754	24.737552420155346	23.79541700734939	23.199067519429356	26.275555891238334	26.375414692164092	30.60301719444738	27.160741682010247	23.036555788263925	26.527151543910065	23.978061948141818	21.654657154943283	26.53127195057647	28.57177593190634	23.793981539560136	22.593904801528254	27.941718058702875	27.669622811964413	23.310103787562458	26.108432963468765	30.381255699793922	28.08439605639125	25.4822159723842	30.31038407876343	32.122043466682456	29.344680669431213	31.89329758539449	25.865376668996362	24.108574200326114	25.387433381726122	29.055491653296105	30.148234377192576	23.42524602872886	31.717501409369877
23.075403979201585	22.154780940720652	18.505767334441902	15.638845953431424	13.564886024847866	9.168141885999367	7.148199349557749	5.756051901456788	0.0	4.776131818755839	9.029386649512146	9.638339738226142	14.179394140467897	15.52149912180004	16.07125049370524	11.656937680519269	8.116717865950255	4.204444125636324	5.93267850128771	5.614241238803116	9.7284012248555	13.347268798539982	10.299286100762695	10.276666991858221	5.7885609061413135	8.446912100745509	9.042050261120943	10.048915372063973	14.570826792105704	15.745394448111318	19.124216151301106	22.675328557885457	20.49381618790447	22.283056920366004	18.934853563365696	22.816744826359585	20.765838813451378	18.460001509706906	23.159246568592323	24.60511388000588	27.795750124995262	24.61267112402639	20.929138733806315	21.21616676357406	22.383234912435334	19.150295545465234	15.793223296345184	18.05191429168395	18.43194101227128	13.714653052430526	12.676456031359567	16.144380734324844	15.223433299853996	9.843218622313064	11.141146377171331	15.55141676733023	12.957362424446204	15.87742621414483	15.211137978827871	10.059930350074355	14.84971464489206	12.688888392820074	18.03104577737584	18.386271674650683	22.045549909318364	26.20248983503593	24.246534756808767	22.211788070043806	18.214893520616833	17.306021968646018	18.42214662163481	21.724884621758516	17.092940990939354	15.454613352053848	13.586397017471853	13.205938407791452	17.147518363034514	14.580562427744901	18.048435549168076	12.726434372389106	16.2860772083869	14.443816386655076	17.614447699538097	19.34817410830393	19.56385821314348	19.538697890442577	15.137446915660632	18.73513714855302	22.355584959060707	20.150350166288423	19.637092537133594	24.051721241199573	25.519114439268634	24.073075950773216	26.17408080099787	21.803265990268557	21.41547287898681	25.9789248898821	26.664038728107833	24.568832133393318	23.217496806487713	27.192777122356954	26.122357001424454	30.655848766286265	27.114276641077552	23.24006722330764	27.625398027013308	25.722114191525236	24.109293939862702	28.404006280985776	31.239017426461686	26.99036131215586	25.202433320353	30.49892132586027	31.131651032360615	26.8619126103835	28.875653083797708	33.57880389996903	31.972241389937626	28.849997045068925	33.28715115421354	35.796651119286395	33.2703442564999	35.19797459739092	29.378585551568516	27.051697557723227	27.59066948260924	31.823102078524837	32.98106979413016	25.28877256069864	34.249498795215224
25.264914132453086	25.147319812761012	21.132081944820488	19.137446130115958	17.343375433635806	12.608608191525585	10.893332284587418	6.929333899191565	4.776131818755839	0.0	5.368659401651778	6.494720850834547	10.683297570129618	12.664377402054628	14.2933747467523	9.973675917729816	7.396931394576063	4.441913597883306	8.788252464365005	10.319284591299201	13.606766653050991	17.78404453172144	15.043655831207886	14.461936229210174	9.393510955843258	11.428903602317973	9.35327678507646	11.201102347803184	14.360938046907723	15.196565474573296	19.64715769032561	22.5507962314863	19.351651745877728	20.430605166174498	16.29030015004884	19.473520159729862	17.342046152776955	14.288175587855088	19.125363146079284	20.910343530193867	23.94263248835764	21.05508694846981	17.101650158888763	16.886909922138226	18.660211613065464	15.927252963622866	11.795660655657422	14.219397115622598	15.589755511017385	11.327491542416828	9.219327404838726	13.516065241628013	13.780965818870252	9.029622987062318	9.27978415904561	14.448489149640587	13.420708834007707	17.23150354236967	17.31432346865269	12.104268280849118	17.23741935768682	15.30203683982028	20.089285986110923	20.919169746519067	23.650777376168804	28.24877627711126	26.122317752920555	23.760089340607042	20.70313838111791	19.290628826559345	18.966673730338155	22.100138231830005	16.983347083983844	16.700023967345906	14.057151080217679	14.958548390886298	18.289966691440995	16.341025835676717	19.107752644317266	13.461145350801369	17.609812888300816	14.608934828048433	18.401402618995537	20.526104253837115	19.6019469822805	19.840121624523935	14.577486349188922	18.445921608062296	21.964766036000533	19.005863458840576	17.81462369026377	22.682971909741756	24.119579471341215	21.767199701460044	23.70643053477012	19.039900588926614	19.41875947082881	23.992791907606637	25.58868394550424	23.220921614362506	22.563685129832628	26.96227132500394	26.52977279537851	31.463460497036838	28.41163443261705	24.309721864242814	28.275574910592034	27.07268065295208	24.70282667449157	28.550453150778093	31.40092189125775	27.16724944988965	24.736408343148327	29.80873574792912	30.57519870262779	25.876545549855322	27.41708531951854	32.26879932917722	30.540817174009735	26.804308462763462	31.191216126964175	33.878886819057435	30.991617327171014	32.38587574954701	26.75110628206101	23.92960151654837	24.678981549120433	29.16743872853057	29.692552947729265	27.66082267947382	30.946485128264513
24.28330169115019	24.90616876237849	20.443448582849257	19.878892896206636	18.435672834893293	13.757265979491592	12.963512074686342	7.591654705420189	9.029386649512146	5.368659401651778	0.0	5.828804818894067	7.667837980245859	8.485656113469428	11.30551682237174	8.890497514621478	6.1474138521152595	7.730133187230593	10.365124395625928	13.722586811875356	15.815435668548927	20.615950026565386	18.698988433535316	18.29057922698427	13.888809982804526	14.21591062090766	11.286624466618196	11.411963682058827	13.701276809457909	12.710150482384792	17.978952579677888	20.035907470487793	16.030213037584186	17.349608693304745	12.362044833188211	15.530440286736523	14.71313031580687	11.297548536585293	16.627190789479368	17.427100253393	19.714932163475815	16.3226227453227	12.898595240499507	12.536596422138333	13.555245425942157	11.197038146588792	7.245929241149531	9.067512102894462	10.292457031850615	6.593301599420966	3.972781104776156	8.681600795105188	9.373497176453242	6.094940389337056	6.465631841494287	11.142480350054258	11.250139052832168	16.055286198413075	16.451039174520034	11.628713960749437	16.48309240641245	15.424409925679416	19.102320352134225	21.089561641088714	22.750937879840773	27.711950095922113	26.02221824074322	24.042189861851003	21.680282861330937	20.82952519330389	19.366072692089077	22.99705517342184	18.1418559110807	18.72788729229843	14.908412883912273	15.961265909413898	18.077740547262447	15.904810560994832	17.230841277203474	11.597248104116522	15.602946250111943	11.675422373482538	15.962620316982916	18.139556404192234	16.110153827567586	16.748982932225502	11.062811199368523	15.3308618159888	18.220333347773106	14.580701306342226	13.337483314037087	18.457711101343648	19.46083477815478	16.631865828017645	18.77019654231154	14.035808209860187	15.242365370093696	20.147958298022782	22.071296445308164	20.304019593453855	20.610129167209852	24.585909825133736	25.335680563191197	30.248087780299645	27.637831457977146	23.309525388305605	26.370336239505036	25.386326259949698	22.148684338445143	25.855491307966027	28.2822267295379	23.912322459117124	21.294325866942742	26.158426710339718	26.60792207430096	21.630919252867983	23.182827420093584	27.89458915460117	25.83778659095603	21.951403462323725	26.47791559159466	28.962342204259024	25.82919619413066	27.228301454826642	21.567710129762393	18.782478504566384	19.992099973976707	24.294767190914364	24.594310009619083	26.773099853709937	25.994148536046247
23.767740766204213	25.07345297758039	21.50857833306646	20.0515288993049	19.90885192853439	14.558791929505258	15.176045621830875	10.971418394995242	9.638339738226142	6.494720850834547	5.828804818894067	0.0	4.843150927833638	7.6873298439291995	8.853997344210084	4.41409396698817	5.907771766897691	6.028184987215598	10.325409621060627	14.131142901757672	14.953337325739312	19.790743423825578	18.465147229462023	16.574933106053454	12.234846382535178	11.725614872627215	6.9511464482516265	9.230469424864308	9.709239177749756	11.04850842718486	15.87931097807054	18.128688732455725	14.482097649468647	14.453507339750361	10.691895625337642	13.65901189275223	11.143221570047556	9.249302278481434	13.739623857484041	15.06743747939276	18.661545904878814	16.174249636193192	11.973611739148764	13.198822552550943	14.982129761003389	11.213427116776778	7.97832753467093	12.31949963056413	12.95374383631122	8.538733903037674	8.779952504312819	13.695172938693556	13.279111704168846	9.97051989247551	12.166615608081276	16.558974575176524	15.527655343443763	20.547487341505025	19.878944848527272	14.171855101376648	18.121091103937097	15.202036302371289	19.00847393177733	19.44851248849493	20.819407433469358	25.651773779603012	23.116860090468208	20.335098168082382	18.804920516402053	16.854594550871777	14.699109450300853	17.728843501576417	12.658143252882674	13.965395773724723	10.302390142174906	12.66447414708183	14.852363192837196	14.492538462477562	16.886477834172567	12.147209451406919	17.495329256769804	15.165916916299917	19.960402299199643	20.983581073214022	19.119013580740887	17.968199543897178	12.589743077562455	15.07418102326308	19.171467358343882	16.78575729391195	13.898221206612016	18.507357025984682	21.01748419563181	18.56626237621907	19.35457094053081	14.867317231481147	14.468186175156319	18.367773725147426	20.564262880493295	17.464101712257392	17.052384630892323	21.971980397087318	21.78542351831713	27.05030785250848	24.64251979975185	20.539779597893006	24.1858599949078	24.217697928430113	21.566027702815795	24.35361066853563	27.663658408089546	24.07427029250163	20.702056438224655	25.339699532409394	26.973188546672635	22.31000884776909	22.77106355811354	27.918935404487186	26.957812709797423	22.64117440620545	26.4451529019572	29.828324109824273	27.39175180398253	28.085864316114353	22.8680058012087	19.71915573392376	19.500922668033176	24.307440960053363	25.21712937988893	26.30817269898891	26.106494789563556
24.702376796488977	26.851064831963864	23.23784054640784	22.764406077812918	23.047562609275136	17.842277359086847	18.939218800522454	14.232772283405245	14.179394140467897	10.683297570129618	7.667837980245859	4.843150927833638	0.0	4.334284668053914	6.784597792695808	5.642562776987559	8.50486345451949	10.729454585884524	14.018501640197591	18.481794709830947	18.660060530211794	23.710754215654944	22.868803726464964	20.974718444362452	16.977583617273204	15.725824041226343	10.675552201167475	11.803437356846235	10.440906705137198	10.452452164589358	15.748007449372883	16.8180105878743	12.249846432987459	11.311945182450811	6.7435515711915555	8.908798420250847	7.129664779543342	5.371755903654725	10.00780750651252	10.44273086342828	13.843843401646787	11.467376399823792	7.197042970095313	9.235598944516418	10.876586977768596	6.984986522289679	4.621591488928714	9.763098645322389	10.25557581960333	7.254083116206359	8.457372416549745	12.880254925081934	12.805659281544962	11.47602491167078	13.57993617898386	17.126936447738526	16.989857869537747	22.439526274318958	21.937178097106575	16.668855040111183	20.062018929801784	17.59671596983282	20.26754877875902	21.270671913509407	21.4107964164399	26.40434324627547	24.047851094936654	21.410741837225377	20.969817572499068	19.21272793899057	15.736496411417491	18.686279874243954	14.1610977773885	16.606438018815183	12.380879949261278	15.143617475779928	15.964546236509669	16.129339184421898	17.266950843069758	13.28588000262447	18.46535453245136	15.885127792631582	20.879761051419823	21.660891913530648	18.828872297613373	17.536111744799438	12.233427396658708	14.06400486880474	17.703256987881282	15.128191370299081	11.220190966416272	15.73530964087902	18.410420124446954	15.364865420005	15.47501907264324	11.06716236387599	11.142125759792421	14.709452867799426	17.837325088459924	14.730309680920092	15.446762080014398	20.269284232761457	21.139748471150888	26.444311103867896	24.740966278063762	20.635818034486704	23.34661541991347	24.139743757051317	20.80808703031328	22.839126204908823	25.987914995670714	22.69584985264769	18.739961742133872	22.810964748189566	24.63858176213838	19.82459632688654	19.556456974660513	24.715195662863803	23.881969775384526	19.040404921280476	22.53901053637428	26.165810441764588	23.68624747964078	23.792544388385995	18.941803998810776	15.43493554525609	15.017676849551362	20.000817314321385	20.65804366873445	27.27526419591227	21.428008173240688
22.083924481952224	24.568918097800143	20.812519932615277	21.327662017656003	21.860912029174166	17.055019585104453	18.769136579094216	14.096108172726133	15.52149912180004	12.664377402054628	8.485656113469428	7.6873298439291995	4.334284668053914	0.0	4.544122048866246	6.833610726443554	8.218599925650821	12.466903580558846	13.98491968441141	19.066086786021078	18.57076485337142	23.75670818469675	23.472771920597072	22.044455289773175	18.728912611085306	16.62577481117038	12.450416771571962	11.429242476358175	10.236726764366542	7.856350614099302	13.431371565472581	13.900015388929514	8.904858554171708	9.317936019128611	3.8920663692008013	7.924138870034502	8.900167461996451	8.120946894977797	12.410850722100268	10.889336471930145	13.203815269107997	9.53909904709432	6.899590256009491	9.56309626115488	8.898603526353577	4.0243039147410595	5.032406342576317	8.611107562956263	6.9104081089332805	4.310704177242511	7.89274564280568	10.910707569945792	9.804386121122297	9.993625707892374	12.924452348273018	15.206862507720798	14.957083864441042	20.592825887944457	19.8966309170356	15.193500384538721	17.855818033412177	16.13682223851048	17.808799075200074	19.753355528047543	19.263532015888803	24.36380714927792	22.654624369986976	20.741737127419157	20.3766973610692	19.607620559032846	16.11008009987687	19.78545728249637	15.982434100599587	18.052024516543153	13.296661559762146	15.156109849603972	15.039770019117553	14.515307126578895	14.386354683952689	10.925076852105304	15.56179959159797	13.121154783936204	18.11719824895188	18.476583710221917	15.201544910549192	13.831387098795028	8.792531913221172	10.467905002889779	13.58592932515299	10.978442389006268	6.900320147019125	11.596018949527737	14.085196617731885	11.328213430488045	11.670039342435976	7.281585289609999	7.314998252899775	11.774685845529122	14.46724948059474	12.476084309832146	13.893069636244139	17.7508700732235	19.634235533665958	24.591084942603853	23.000209917557978	18.776046353578764	20.705764539375256	21.23883883742653	17.377668772235936	19.60008213016488	22.282656088306933	18.779573332474225	14.944277322125348	19.08594158045765	20.495371452264017	15.574274896125523	15.694295174878087	20.74380055562151	19.662149018970368	15.039997203046214	18.888208409593602	22.218952170468324	19.811346930869853	20.48839645686098	15.271761702551661	12.32626232424653	12.143161153033919	16.726372419047635	17.96569256785173	24.630548309967153	18.945515706238123
18.92315385853646	21.961806114114577	18.980104909912193	19.2201948573251	20.835252468972673	16.02962021337727	18.96962136442005	15.27146320815415	16.07125049370524	14.2933747467523	11.30551682237174	8.853997344210084	6.784597792695808	4.544122048866246	0.0	5.5635977110107255	8.29665374768817	12.609182219591666	13.215691739007603	18.62114717670445	16.78387523326266	21.826253348653896	22.39736174547174	20.457095672180518	18.071852580534834	14.777953574335799	10.898717297031993	9.149500145910647	6.435242156982589	4.351996288566297	9.366892512049365	10.034418416345082	5.755926957858742	6.390601413302865	4.285950482414538	9.221435204821967	9.640495857351535	11.031614160624072	14.251908128888244	12.315943653047265	15.293385765668544	12.068316263690113	9.996953566680482	13.637737128579042	12.701275210680548	7.393648197541479	9.401912783023672	13.086489689527632	10.40400067133291	7.1250060737017815	11.690630722793005	14.511876871159913	11.97165145210061	11.595927048953804	15.816967047787472	17.878746119286266	16.259758918644806	21.82038283463077	20.151712645646292	15.195313393244938	16.70732566620688	13.99828189107814	15.163895121899516	16.286917804795696	15.293628637917688	20.299901077004307	18.349324372044943	16.386850410373683	16.62033645082416	15.944955411056444	12.098596898029179	16.037582970257578	12.991118764798397	14.994454860853512	10.130607414672195	11.889721970919366	10.920582594105218	11.410969790611349	11.582503459247176	9.515572516017919	14.63520510669792	13.939386622582186	18.96229729599898	18.201271611735816	15.538127830696533	12.505110780066191	8.60127404323859	8.06738653579164	12.35459320156203	11.634309277519797	7.191994562636894	10.46982921822492	14.301832313203832	13.11456726763949	12.603870460313097	9.438734105719853	6.438595927243327	10.00398419486246	11.71565923417882	9.051274690388937	9.603043648853939	13.74842422658343	15.13352538461507	20.165509319810155	18.563456321701917	14.405897955491684	16.629325652038588	17.622606646888727	14.302536911480654	16.09124337223823	19.433009571404252	16.480921510927104	12.370674708314091	16.631308186621045	18.86387588970151	14.573546857614785	14.29057306659325	19.538675189436802	19.438393881327343	15.282880469042425	18.558148635854895	22.28977418043057	20.866183309970907	21.68520013264631	16.758810433569405	14.493389803644604	12.965622766472102	17.251158766416165	19.774592226777045	21.45100029712989	20.400385012360577
20.47276301679033	22.46722262314664	19.46681501073875	18.181948384186335	19.202393497002408	13.851007506109891	16.058502990487202	12.5977731872973	11.656937680519269	9.973675917729816	8.890497514621478	4.41409396698817	5.642562776987559	6.833610726443554	5.5635977110107255	0.0	5.6347616290795886	7.698563357367257	10.015272969598984	14.763943212433032	13.790160356242485	18.746849608796445	18.555562074707563	16.207805119710216	13.108462895441546	10.64022321548404	5.791313389139519	6.6552290678943695	5.411952344282887	7.420156084025612	11.799238181558112	14.070412817931336	10.96110216565476	11.027203188410457	8.699873371477842	12.537808260576863	10.461662007986043	10.678875873834155	14.391521235265373	14.529836518556486	18.350217179787418	15.716279510946942	12.152505070059215	14.777691392049785	15.512581882578045	10.699245021939182	9.664337743060168	14.136066981172625	13.140659847559265	8.479276164051633	11.105034308168236	15.285107426632694	13.45967564365534	10.769157624705773	14.540682065361795	18.026025246096438	16.065509874937852	21.320425076712677	19.781303158489106	14.008103605276535	16.694460838644595	13.07260512077872	16.15873019977035	16.16364950117583	16.884492569335972	21.70545312373403	19.071398531736055	16.31020521397423	15.438064709051842	13.673899543731995	10.840694798856795	14.385216611815128	9.937309710413086	11.460427145164813	6.978457272371136	9.517542145520606	10.816582277736696	11.310807081611209	13.69839082893871	10.086353602255953	15.849305963018564	14.823920861441767	19.818878496279996	19.77639475128443	17.994306318000373	15.587825863380324	10.940036810281782	11.951804280644621	16.606354211285666	15.367492631123671	11.939339768160508	15.798854299040455	19.122629368598652	17.556941716466767	17.71505068499303	13.836227078660194	11.910322540307025	15.330594248347607	16.96534168803646	13.649065411116078	12.779377178704825	17.725286650055132	17.374750587529455	22.64502342538738	20.34187229045624	16.269888237291866	19.93353136510603	20.36982217641844	17.96411740266248	20.3442396983019	23.977489691643587	20.81906694934653	17.249035878637596	21.812685068785754	23.942577875544814	19.677445789609145	19.81925129100923	25.0352431185444	24.71430186445062	20.62442439149189	24.06978890902582	27.71715227676437	25.954232922720816	26.74448730593835	21.66241576580639	18.94238009503677	17.86481522741891	22.482638304263144	24.354385801534548	23.01323456327407	25.03184339659275
