0.0	7.582320054296941	12.839965110038278	10.390223092184224	15.288180005033421	14.021155839231259	16.595037552358086	16.307113038263676	19.286188687633718	24.063473085440766	27.057288551741802	24.14910715897882	28.398748448992247	26.994007994178915	29.204323939242638	26.534371612566115	22.227438586495307	26.944425517790982	24.66684276701612	18.089978786212985	18.43485444364107	18.953155808052813	17.14605887056449	12.264297708343365	12.346370166228647	13.394263050731194	12.85141658194917	16.34450671537218	21.611818740458165	20.403486056141347	25.067138587257265	27.470876369909835	27.90658256232643	32.97491047732517	30.844252204415067	32.36991186235801	31.250248155667574	33.82596310579581	27.380245457661527	29.83701963308757	29.524485072196754	25.984703352588213	16.679569780180437	21.46471524866187	12.39196648286716	18.12168751357465	22.725923929542027	17.91802759004791	23.506564144556872	22.5076902256144	26.07157551221611	29.094484354999864	32.236036522152745	41.36070789331242	36.24886057630336	32.465390294544676	30.49771611665062	24.944110922124565	28.61850180802345	26.32072697313511	20.055235933803193	19.92207775751003	19.570653430499185	14.125678879706385	18.131164141267554
7.582320054296941	0.0	11.29645840995314	3.9142724681004206	11.372045110221084	9.725650655754778	14.014439265712033	14.384592963823843	15.887120810105406	20.230432233218025	23.35090750265089	21.884034293355885	24.57342750065052	22.055515958160317	24.97652865150649	23.835062112094594	18.029926859885464	22.05769227453193	22.041922318605803	15.674428800634196	13.530941814447777	15.065805707904525	16.73001344724027	10.767977455648484	5.808439380769156	11.621198309318281	8.07723231316965	10.847966675379471	15.747699702747141	15.369202798793038	18.251832699900785	21.315921079624818	20.925265115457726	26.335804718302008	24.76013255259234	25.74803936372434	24.081403517869504	26.716862343805616	19.957288971443475	22.28769316788571	22.417424003794743	18.47387894603368	9.378400828422889	14.592092035832636	5.890738031140221	11.55824715814665	15.207401568970344	11.600168033489163	16.04621176632588	16.815256188502854	19.361663159344776	23.407275064897505	27.21914526845866	35.70635644265306	31.528284367832722	27.147974384427023	26.26084907626281	20.07336298769267	23.331198823776635	20.361227752004016	15.441037606602212	14.94843325372049	14.166920173934502	6.881862726828721	10.602517690920955
12.839965110038278	11.29645840995314	0.0	10.027791340963972	9.094367474574227	4.82392006579341	6.76752345642981	3.6712225218107877	6.841848630239051	12.322594253265711	14.53454389816574	11.367469524517263	16.229558680914995	16.020420218376895	17.864882437234403	14.114860572242442	10.608635766381306	17.633046623254145	14.87913316889889	6.66471984287673	8.583966926956965	12.278313544129196	9.588419780938688	3.9417419365793154	11.49312826850494	11.948106260551457	13.066063716000127	11.54523038154887	18.29437707429754	12.446054321116794	19.19532962872071	18.30616495324903	20.199204875646167	23.71171807016377	20.95041764665191	23.806408667583227	23.84860428671905	27.642663086476706	21.990929103122372	27.008657687394102	28.459188194162607	23.860454000942624	17.198397053440114	20.84895407309494	16.04628165268136	17.457248050956135	19.478818950256642	11.127322672784613	18.770762091078907	12.748558578826474	17.895996497482848	18.264693978270156	20.402154771910848	29.956348766354807	24.020018630659834	21.26380261838383	18.072231264552325	13.408463996380084	17.586787239940577	17.201276893582776	10.555020346299727	9.180351162332117	12.582146412940789	11.274441844923377	15.405060164852573
10.390223092184224	3.9142724681004206	10.027791340963972	0.0	7.841970787367525	7.815081269226948	11.092910549652904	12.395576990620365	13.606617917500854	16.95576832767254	20.39655494825074	19.535105151652704	22.448112947692337	19.939706006828295	23.153875385771585	21.987263015479897	15.93721096383686	20.77671021545008	21.41150261814128	14.534135127480749	11.600560810670448	15.017559919699075	17.05731776856251	10.594901297049063	6.3217066113236	13.384087532341846	9.80456536624552	10.584611090769508	15.86913622491119	14.376099918882847	16.819006114379363	19.113567409124787	18.29473668040786	23.42528697094513	21.255199189802564	22.249587083786594	21.16139987815155	23.443009131454627	17.18262894437605	20.3095469212727	20.360110974794075	17.056113695866113	7.970144489539147	14.615844882096123	7.545195853146718	11.97569910936777	13.546710683170346	9.714163224221744	13.463420098775769	14.427700647803757	16.075572408618054	20.5243128178485	24.075874669651803	32.49710910384271	28.62376640619387	24.66855199533983	23.505259494548437	17.438082060984858	19.88563569306319	16.672142586708375	11.797520539103028	11.9602023648119	10.264486722808932	4.449994693987273	8.31040321449716
15.288180005033421	11.372045110221084	9.094367474574227	7.841970787367525	0.0	8.409135903780346	4.913598517470112	9.115572218545616	10.759668549665477	10.980441786116389	15.286440775221804	14.910391767283112	19.842370686147817	18.586981221421315	21.703564603173493	19.158280191035853	14.232527255407824	21.41036954298893	21.716864710029288	13.906843932904415	11.712288568827928	17.92801724711485	18.365177547208344	12.124671612422576	12.820537895017944	18.324737955558376	16.280077057350415	14.772596443079275	20.608660629310076	16.330666484037334	19.32320446755694	18.886802706363945	18.088178472531183	21.629211871483943	17.313570499688552	19.039886386268826	20.235965139851785	21.590749604119694	17.502559577819035	22.44868393061118	22.195481913585848	20.577907428929677	13.113717713396284	20.25212337726903	15.169123065219836	18.037903724159076	16.92211697680487	11.927874161157451	14.877299481067439	13.755109665491982	14.119451066218467	17.858094788259205	19.73114013305141	28.442667735420336	24.51964143633554	22.462449827018336	19.470020026364985	14.772244400743148	15.132436507290011	12.37339033472964	5.709288420642497	9.036915420924217	5.170720279706518	9.301266424469677	11.885705237118318
14.021155839231259	9.725650655754778	4.82392006579341	7.815081269226948	8.409135903780346	0.0	7.953061910131774	6.296087487892736	6.244546649413098	11.778769489225496	14.033470460652957	12.590733911508105	15.030305805000364	13.30271590411941	15.965549038976086	14.251397015201455	8.564277061299547	14.595520866806664	14.116989936709711	6.897845537884316	4.821326270177739	9.648938611397309	10.941775341152733	5.275797633241652	8.003961989573202	10.82074461983874	10.193729068389832	7.564214988950581	14.153060116009799	8.805013573579723	14.521556906354702	14.34000722286382	15.772378217839092	19.870374473604354	17.9057274742786	20.307344676852768	19.55935069687389	23.736660307641245	17.50617525925809	22.395909246565296	24.35925721766307	19.170220665955053	13.503904535267413	16.418200429407623	13.064928640411866	13.283300540021571	14.73414441584121	6.343815169741275	14.171853878618853	8.881582213692262	13.921615208312447	15.191182507690517	18.417529981287437	27.513793834271915	22.353881395793916	18.55073823694374	16.789360405648512	10.935080553611298	15.315793135360092	14.23036618336338	8.960681307528235	6.274107784476969	10.245478350599031	7.276257609094299	11.053801258018808
16.595037552358086	14.014439265712033	6.76752345642981	11.092910549652904	4.913598517470112	7.953061910131774	0.0	5.185015330876857	7.67614119773678	8.138624238164338	12.012037905102591	10.504053009360064	16.85292261094511	16.844946991935522	19.273900616660885	15.396938259740331	11.934375319541587	20.124780404898456	19.042828683325183	11.0364058385904	10.807676753654048	17.096933457016725	15.79533362401377	10.52626050269277	14.81277547984232	18.079051960659438	17.62322537633258	15.39675219104212	21.70955337981039	15.776865932615575	20.52983450995266	18.66818652271717	19.244242555846988	21.93577331385653	17.40548733169909	20.170897941587537	21.82042366395679	24.092849036854407	20.175090652622643	25.820632436031186	26.382998587264655	23.815202282350803	17.221236014647587	22.92178996309491	18.407753190707542	20.300118434741492	19.75528036631893	12.875085708524507	17.719672952816044	13.243413600666635	15.456896405953998	16.852204775090517	17.839392078213848	27.170182714622175	22.142517629838608	20.84238359829514	16.655541777245613	12.897683331632557	14.037409253034753	13.142927024699997	5.61649296147213	7.971331610762223	8.086959450403707	12.241074185917133	15.287075228181171
16.307113038263676	14.384592963823843	3.6712225218107877	12.395576990620365	9.115572218545616	6.296087487892736	5.185015330876857	0.0	4.5551053589326544	9.13926350870649	11.193429688271765	7.911751570229369	13.884620020951335	14.46013911407623	16.13876223988692	11.640669227630998	9.006556433491632	17.092556285663065	14.446323085113958	6.2995006905633915	8.535334415494374	13.555137133662676	10.889484969674868	6.869171800749432	14.100407526462234	14.818339013532494	15.928702562413033	13.351334157177641	19.85071064191674	12.99174493889596	19.617445249230272	17.415424990808393	19.52036748912209	22.186044571347576	18.828804217699744	22.12317862134502	22.93010986767282	26.669035051863045	21.79996855775785	27.469818984618033	29.088553565647956	24.815058573223176	18.968784987368714	22.655773708401213	18.81464679049543	19.557236744353887	20.401867884958076	11.952216216004878	19.063834516623135	11.917853024816841	16.821556090677372	16.25833845677654	17.570636355142646	27.24104829057921	21.107191090981196	19.221532150104295	15.136535081716525	11.332905342685347	14.988033083420207	15.407226821073948	8.82573223067021	7.702273509712224	11.842490159905713	13.030106464359227	16.602473551921953
19.286188687633718	15.887120810105406	6.841848630239051	13.606617917500854	10.759668549665477	6.244546649413098	7.67614119773678	4.5551053589326544	0.0	7.352954568291729	8.279842021851307	6.584686137981222	9.822708088405022	9.932691188986409	11.87341656249125	8.625957469624478	4.562827421963469	13.000466117156327	11.692909777412924	4.878121630778105	5.457660675173067	11.384911563488146	11.115549749886261	8.365052399967803	13.920354275938973	14.87212426853089	15.658870297349798	11.6922889562381	17.45695751223826	9.870657235969919	16.28099265520587	13.149434696505763	15.861678105985705	18.121498599617144	15.484787037444248	19.01220294680397	19.475785152874206	24.073577518865648	19.137379184161556	25.14292178960297	27.677768971029035	22.64825809589781	18.684893270399435	20.90687331794764	19.15364717037516	18.158078952977746	18.202324746269024	9.650209644820809	16.7594560352682	7.912902104206216	13.725734321353269	11.960179506123652	13.745736817236935	23.313798015671892	17.19540178518059	14.714974141977626	11.276563846497073	6.870564597018643	11.69478182578705	12.873623355111972	8.213229249336363	4.67468759667195	11.516201668065136	12.681495618067553	15.435884972245434
24.063473085440766	20.230432233218025	12.322594253265711	16.95576832767254	10.980441786116389	11.778769489225496	8.138624238164338	9.13926350870649	7.352954568291729	0.0	4.689589402444492	7.118723371742478	11.594470689104513	12.352554390115055	14.564160974677481	11.511694137480529	9.317048974448312	17.210883681564972	17.64572959638294	12.117807824713376	11.074056753553974	18.069366546391656	18.285041870467317	15.087648616352062	18.959168269017884	21.88817253554135	21.57942074003473	17.481548811962103	22.539155713928658	15.551657157076722	19.279813444712634	14.865027587301487	15.997067053897416	16.496654366354743	11.372728121268393	15.238539223596574	18.053247719145926	20.977396183980503	18.572857917520494	25.265490900923602	27.07466038786767	24.176455951673674	20.862996628676342	24.666896079214897	23.275105942711914	22.728916245670025	20.269557273458307	13.92421276391531	17.44061628778299	10.842064909855633	12.244582807487243	10.82889371691969	10.089146904260732	19.38531784610497	14.366631514551825	14.558599725261445	9.455871392442935	8.000196232379004	6.978597371888623	8.980558531599852	5.960579090245047	6.791534599263401	9.80931333269438	16.02789167251169	17.532640811946635
27.057288551741802	23.35090750265089	14.53454389816574	20.39655494825074	15.286440775221804	14.033470460652957	12.012037905102591	11.193429688271765	8.279842021851307	4.689589402444492	0.0	5.650899020976383	7.906426971053147	10.180370517894284	11.329641102633529	8.219498785757237	8.440129115014654	15.390799901778305	15.544573226188193	12.113027978693644	12.000629450972955	17.976854598731908	18.091334983975816	16.579382659750046	21.26390238478976	22.822326622189973	23.311605059768006	18.64882580272192	23.11562414039529	15.513052638380035	19.72390560785599	14.049315721779097	16.557989517105874	15.895429157363939	11.884534659490564	16.326768263132976	18.858769757491686	22.864324198859524	20.507593394057594	27.316834920296486	30.038850505567737	26.171171423818635	24.12815999424912	26.378325989193193	26.146478683392697	24.447211729315214	22.22849025576	15.529853750533894	19.67215656777057	11.105344213241098	13.911197355115773	9.415120415351183	7.4160509381247985	16.886214206018717	10.553877782240926	11.611527281466401	5.243782885959945	6.750143561678185	7.1546487737153175	11.417856285739695	10.285590343462717	8.953419531926137	14.039410516556785	18.981414703120883	20.3806408408115
24.14910715897882	21.884034293355885	11.367469524517263	19.535105151652704	14.910391767283112	12.590733911508105	10.504053009360064	7.911751570229369	6.584686137981222	7.118723371742478	5.650899020976383	0.0	9.059476436866204	12.24803975828848	12.55507686015212	6.357607526806498	8.486995817181086	16.328569765809526	13.561274356387502	9.039946735332908	11.725550800909263	16.670249557185965	14.169121671488382	13.403507135455785	20.4484303505267	20.329010467281183	22.01895437165383	18.051827875793062	23.449618299162267	15.389482181789242	21.703535263111295	16.943614474557062	20.124798034089768	20.58343075661419	17.032014889048103	21.28422226859488	23.141769218920103	27.360127742505817	23.909508356807763	30.416035282318	32.88686971345797	28.48684150545602	24.861430745832827	27.302163815236145	25.603707778539945	24.666243447846522	24.174081442246273	16.026178503335153	22.223565907509325	12.87116884088226	17.665330287369144	13.776122171354428	12.815604676497868	22.20913000357722	15.100409115257529	15.393114591165189	9.342211904202738	9.384822571400447	12.34748960597431	15.511614207981905	11.56945401169871	9.948152529127576	15.584613472418162	19.042451562643162	21.580125036013886
28.398748448992247	24.57342750065052	16.229558680914995	22.448112947692337	19.842370686147817	15.030305805000364	16.85292261094511	13.884620020951335	9.822708088405022	11.594470689104513	7.906426971053147	9.059476436866204	0.0	5.353424545742939	3.827098530584169	4.478127250768119	6.558952539955355	9.339920747009108	9.418962065787023	10.733912036111013	11.242387128141138	14.14224844123823	15.417020433552972	16.428397434505417	21.01760711164503	20.375321966141826	21.87020633572539	16.742076537413393	19.830196899274945	12.143100564284946	17.250307671668438	11.146616881756874	16.07557038809846	15.48171032774432	15.061454633010563	19.192098145545074	19.468121206940058	25.5816520867011	21.697716919518655	27.927331685624686	32.13111308810516	26.026902460177865	25.674848158616484	24.93753247675514	26.549548234632248	22.944721099311522	22.035781831161962	15.00064350432669	20.631555403063874	9.989013447872793	15.900736514746873	8.94206708491784	9.381032735796815	17.29068495652488	9.895613771896857	7.7052908919277465	5.186646723487241	6.261117182272488	11.624547383235369	15.768609852220175	15.485651982481023	11.354517744193725	18.77460616307816	20.213509992866253	21.57222746098812
26.994007994178915	22.055515958160317	16.020420218376895	19.939706006828295	18.586981221421315	13.30271590411941	16.844946991935522	14.46013911407623	9.932691188986409	12.352554390115055	10.180370517894284	12.24803975828848	5.353424545742939	0.0	4.131872262808917	8.894946109235686	5.505258490304603	5.495119102306912	9.92786535140948	10.963021123011346	8.657554080122072	11.480856581602728	15.794710915276426	15.732981207377643	17.734831596192507	18.34187341982417	18.65907538265223	13.207018935440914	15.274210620548487	8.4631300354475	11.98426930799483	5.899499116510697	11.242849810383753	11.676776136717136	12.820968612996252	16.213340347757363	15.107219831267923	21.88460177040048	17.148142206820765	23.013257207828442	27.674970195888754	20.995586294662534	21.810656682431908	20.108500055225015	22.99445185696795	18.544937409659063	17.16676972533937	11.181963175996056	16.07886864050259	5.910249911468675	12.127055448045136	6.010370329759334	9.682535516407203	17.011028754755813	11.503800100157909	5.845442472416169	7.784637557654513	4.4497035475967746	10.690820013454426	13.476416683237865	14.396636999226354	9.560242328743975	16.78955181747723	16.899951486029956	17.526007366302295
29.204323939242638	24.97652865150649	17.864882437234403	23.153875385771585	21.703564603173493	15.965549038976086	19.273900616660885	16.13876223988692	11.87341656249125	14.564160974677481	11.329641102633529	12.55507686015212	3.827098530584169	4.131872262808917	0.0	7.392986988154732	7.661086007647611	6.236106458337677	8.305698707940053	11.88327107776338	11.569729533932867	12.830375930823754	15.777074465730553	17.30877049302843	20.714475241434123	19.707017326061735	21.11279785320382	15.866792043679526	17.750886979055412	10.838284877263613	15.32247559408947	9.452548017930491	15.094899928309346	14.706082144915358	16.028709727101777	19.67330868817416	18.787953739200706	25.648850565619977	21.18841180536003	26.921975171930672	31.763573703152968	24.80909871040604	25.600402377608646	23.39726444247193	26.22181606203091	21.63535741590131	21.015836907744305	14.660907830925089	20.159273289197188	9.811593735686548	16.154551205540557	9.169966490208603	11.135973867494746	17.71785311368284	11.17885023676601	6.628074455420335	7.973519330420114	7.579155334727306	13.511568049776026	17.12057998845648	17.576634981381364	12.821393552787649	20.386726193134187	20.41562157891578	21.40855208953561
26.534371612566115	23.835062112094594	14.114860572242442	21.987263015479897	19.158280191035853	14.251397015201455	15.396938259740331	11.640669227630998	8.625957469624478	11.511694137480529	8.219498785757237	6.357607526806498	4.478127250768119	8.894946109235686	7.392986988154732	0.0	7.150649603219284	11.990516317982667	8.59395077297121	8.675439460044593	11.581563464942743	14.206552880229967	12.801530445031927	14.457661035323271	21.02247916250573	19.300651368283493	21.710649776710056	17.1787535655933	21.349589859571232	13.197528154487507	19.917608938384234	14.652594949364895	19.35797674282124	19.456409280418494	18.069485755729673	22.328380444658038	22.930051417458923	28.611332899284015	24.440864102997615	30.67647309274881	34.34949505841931	28.40702808537682	26.502545561586338	26.57503645047349	26.683362326302312	24.031283065016478	24.133472038506866	16.002698617031523	22.84560564229469	12.029253564730979	18.527932771778023	12.632526334131285	12.55882459354939	21.05133860767323	13.263781299282435	12.16583998512969	7.960371305428654	8.580731757846706	13.965982508471873	17.79545613062984	15.565919335261793	11.852672420952281	19.235708047375248	20.57176737918468	22.77998590779361
22.227438586495307	18.029926859885464	10.608635766381306	15.93721096383686	14.232527255407824	8.564277061299547	11.934375319541587	9.006556433491632	4.562827421963469	9.317048974448312	8.440129115014654	8.486995817181086	6.558952539955355	5.505258490304603	7.661086007647611	7.150649603219284	0.0	8.635626494108287	9.031510671787789	5.977169720360759	4.77257425493854	9.568973050409706	11.783773754471454	10.738906591623197	14.632765765298823	15.092302037806801	15.852386537189226	10.890067719735745	15.297183824019056	7.260779414708001	13.507243759763833	9.396193887510012	13.360254340522182	15.208353075134804	14.18346817355945	17.752481136803578	17.357579375579093	23.121806887119014	17.91290267438542	23.897444524995752	27.4996838652432	21.402467605306008	19.54606863794774	19.710532294314604	20.141068663489907	17.324252655334483	17.056720385275558	8.943835664115818	15.904591298674399	5.196635460668602	12.563174870776056	8.956352645330528	11.72964148289381	20.719400891628883	14.59841167255473	10.802874236230293	9.097318938609389	3.9110442085864165	10.908781967146599	12.877069858448909	10.830036206647234	5.784837126850111	13.707159071705089	13.813469343663856	15.699715836341321
26.944425517790982	22.05769227453193	17.633046623254145	20.77671021545008	21.41036954298893	14.595520866806664	20.124780404898456	17.092556285663065	13.000466117156327	17.210883681564972	15.390799901778305	16.328569765809526	9.339920747009108	5.495119102306912	6.236106458337677	11.990516317982667	8.635626494108287	0.0	8.354326308117264	12.096172660053973	9.961629869984078	8.831796387906971	15.01845276670169	16.09063544544872	16.9590026183643	16.12451115380453	16.8004776988318	11.670517759619637	11.930779715974365	6.722555380009581	10.385435872583797	6.962280574737173	12.684464206445828	14.319029875751408	17.23005134076415	19.84761192977276	17.06858832437913	24.50570204403224	18.54649667131546	23.24141763294403	28.555057069225207	20.431433110116938	22.10005461741678	18.098910954540138	22.178033651947544	16.519825104348342	16.8060909128421	11.449044872451227	17.03739545828148	8.266717659797399	15.139223808520459	10.625644955853993	14.940229811345331	20.98800417941359	16.065303330651552	9.419242469990316	13.01227008642424	9.383218549515176	15.832057103643963	17.667888781939805	18.226667671701545	12.927857397193568	20.06923124111824	17.469860254367713	18.076848271758095
24.66684276701612	22.041922318605803	14.87913316889889	21.41150261814128	21.716864710029288	14.116989936709711	19.042828683325183	14.446323085113958	11.692909777412924	17.64572959638294	15.544573226188193	13.561274356387502	9.418962065787023	9.92786535140948	8.305698707940053	8.59395077297121	9.031510671787789	8.354326308117264	0.0	8.334357929715877	11.093410465981835	8.481609583125124	8.808205636324557	12.88437161222271	18.16944336051248	13.849977468700128	17.33781180997327	13.38879856784236	16.217742030188674	9.443421186529832	17.231718661972536	14.279190202990812	19.701760718897063	21.39861216408236	22.295043947122394	25.750598813203474	24.167165794012075	30.948982720715584	24.926211250394378	29.935266282904372	34.35691151553442	26.60066029061695	25.35384554256104	22.843322780599784	23.917123492466043	20.04184128767126	22.42862440285357	14.517783932760848	22.64782520014357	12.440743919910593	20.604539481215664	15.817759350679712	18.345396286202515	25.941960964667032	19.022447353621587	14.705184815596557	14.515452880088146	12.037994104805012	19.274807106729416	21.73023626628659	19.471302196308717	14.444129941155461	22.214136692396398	19.593818052416836	21.935102441934344
18.089978786212985	15.674428800634196	6.66471984287673	14.534135127480749	13.906843932904415	6.897845537884316	11.0364058385904	6.2995006905633915	4.878121630778105	12.117807824713376	12.113027978693644	9.039946735332908	10.733912036111013	10.963021123011346	11.88327107776338	8.675439460044593	5.977169720360759	12.096172660053973	8.334357929715877	0.0	6.223522175864991	8.381643899799442	6.3317348278456285	5.862185894293442	13.328169768900823	11.373066158813744	13.848206403992346	10.404417823473969	16.172847541546908	8.610244281148441	16.82450407914082	14.577234441077703	18.244317584399976	20.962955899679756	19.567937988213224	22.96839206921268	22.43355325852433	27.768819221777438	21.899797205182008	27.29301276098331	30.251538127268294	24.070075730499838	20.05430686471072	20.80749893966121	18.966825737218294	17.556886594351234	19.546621453073506	10.437576655339228	19.08280946248039	9.844290438391868	17.208548278936785	14.90535737258402	17.235306135453342	26.491487336810238	19.8479181268634	16.500947963516428	13.996061293387926	9.758932285359434	16.01499647234599	17.256529325305866	12.687071381315269	8.65160101160427	15.485664358809998	13.81727828527694	17.117446554142372
18.43485444364107	13.530941814447777	8.583966926956965	11.600560810670448	11.712288568827928	4.821326270177739	10.807676753654048	8.535334415494374	5.457660675173067	11.074056753553974	12.000629450972955	11.725550800909263	11.242387128141138	8.657554080122072	11.569729533932867	11.581563464942743	4.77257425493854	9.961629869984078	11.093410465981835	6.223522175864991	0.0	7.419165587306503	11.268119008418628	8.185265483319787	9.890235487143395	11.843077430378639	11.446207904951818	6.670118806963089	12.059035974965331	5.040585384185155	11.246157748203325	9.842772129244509	12.43087514082088	16.08433849742127	15.254928935952913	17.9343421734439	16.66160221417449	22.061647559899004	15.747905951382137	21.089585154689207	24.301909721223787	18.028773948467226	15.131328728841263	15.679656077052764	15.369341808211761	13.008788041584342	13.51902809152456	4.604723232314859	12.914244496533172	4.545044158659004	11.610786647906366	11.201623569007436	15.068632726445879	23.781276155777203	18.622891643400056	14.047478659894995	13.400476725296395	7.095679846965081	12.842473076412658	12.745257113006723	9.839925696360154	4.823091252413099	11.596798867391268	9.25575369490051	11.558970637704224
18.953155808052813	15.065805707904525	12.278313544129196	15.017559919699075	17.92801724711485	9.648938611397309	17.096933457016725	13.555137133662676	11.384911563488146	18.069366546391656	17.976854598731908	16.670249557185965	14.14224844123823	11.480856581602728	12.830375930823754	14.206552880229967	9.568973050409706	8.831796387906971	8.481609583125124	8.381643899799442	7.419165587306503	0.0	8.881022175559863	9.309401493383408	10.36819206363378	7.295947731025424	9.122687021875802	5.404781834513062	8.753565651293062	3.9893777329091704	11.823926664130182	12.517917220795695	16.270552831494204	20.23276499551601	21.43466807747208	23.78903470693453	20.980346537079633	27.349980112475937	20.012337728439768	23.898212937555932	27.948119277820524	19.82728579401505	17.99535938139736	14.950975587462267	15.868530978132398	11.790540758931167	15.700673333358978	8.4014524686114	16.921996772946866	9.853403684903686	17.42923544227695	16.124094047381575	20.471135455340033	28.29561066959259	22.843013727496047	17.06941084045887	18.082859202217413	12.621177500163421	19.436333657288927	19.655095277490222	17.151300182375326	12.23258428386694	18.506683892615218	12.803700814092954	15.128000519495323
17.14605887056449	16.73001344724027	9.588419780938688	17.05731776856251	18.365177547208344	10.941775341152733	15.79533362401377	10.889484969674868	11.115549749886261	18.285041870467317	18.091334983975816	14.169121671488382	15.417020433552972	15.794710915276426	15.777074465730553	12.801530445031927	11.783773754471454	15.01845276670169	8.808205636324557	6.3317348278456285	11.268119008418628	8.881022175559863	0.0	6.696803752336062	14.791969393535537	8.798776950222466	13.737566056586369	12.191624731990528	17.320427916520465	11.525145842313185	20.186462808389926	19.215269538708178	23.208240436001198	26.366039686794206	25.705570354715878	28.9293110558637	27.690099721265174	33.32630257500826	26.747662128570887	31.346665487214814	34.36430027017519	27.456280178125645	22.975623791037012	22.632186168381704	20.091447080639142	18.943136086509657	23.070924795591353	14.368872450613589	23.53394319615627	15.135244018552832	22.848238785424275	20.61864745115075	23.15906830775689	32.107458849570186	25.165355024898943	21.42700319966337	19.532055764448767	15.69254539119054	22.298100376310057	23.367690817979152	18.457247203742387	14.666348048664691	20.83044304727498	17.02845576985305	20.772094429120315
12.264297708343365	10.767977455648484	3.9417419365793154	10.594901297049063	12.124671612422576	5.275797633241652	10.52626050269277	6.869171800749432	8.365052399967803	15.087648616352062	16.579382659750046	13.403507135455785	16.428397434505417	15.732981207377643	17.30877049302843	14.457661035323271	10.738906591623197	16.09063544544872	12.88437161222271	5.862185894293442	8.185265483319787	9.309401493383408	6.696803752336062	0.0	9.903352487311212	8.150162807541426	10.370642403674186	9.274924217883633	15.843196006885332	10.542896682750499	17.989008178422395	17.86884156111307	20.316764624532134	24.232408009126242	22.58780083918131	25.318962970275518	24.414698538448068	28.96759146474667	22.502665297484253	27.023782699039096	29.060506301572048	23.330895975091046	17.25174906476016	19.21168892091283	14.924435312790136	15.523046952670445	18.93855279815572	10.420720696422851	19.02736892908004	12.725144401583858	18.97339728307719	18.986879944919203	21.842705217752478	31.165291752946853	25.096667251241207	21.40607642125255	19.230433495221426	14.142603756951345	19.503994990018853	19.208252300506842	13.423849986498045	10.722800041432091	15.119479540737663	11.281734286933943	15.483632762351009
12.346370166228647	5.808439380769156	11.49312826850494	6.3217066113236	12.820537895017944	8.003961989573202	14.81277547984232	14.100407526462234	13.920354275938973	18.959168269017884	21.26390238478976	20.4484303505267	21.01760711164503	17.734831596192507	20.714475241434123	21.02247916250573	14.632765765298823	16.9590026183643	18.16944336051248	13.328169768900823	9.890235487143395	10.36819206363378	14.791969393535537	9.903352487311212	0.0	8.888323160207534	3.9147067370900412	5.440662506293274	10.013288588430635	10.343597961924571	12.834342356968323	16.445999288788823	16.563846859120655	22.16104677418367	21.894066848704423	22.91768102919361	20.262140221914578	24.265623362240504	16.666281978397574	19.19411067183543	21.052731167956924	14.887262819115643	8.761756250243845	10.129612243646738	5.809262951626415	6.591979905296963	11.124273467195325	7.025247903590676	12.663350673824917	12.655666858633735	16.17987900555594	19.557620098177992	24.086402754312505	32.09354738312524	28.056706510355465	22.811893641230096	23.14374267155659	16.6235204839388	20.79541737603445	18.274947460877048	14.845637082218138	12.562972014847006	13.99475888441869	4.784348484347743	7.978614029318784
13.394263050731194	11.621198309318281	11.948106260551457	13.384087532341846	18.324737955558376	10.82074461983874	18.079051960659438	14.818339013532494	14.87212426853089	21.88817253554135	22.822326622189973	20.329010467281183	20.375321966141826	18.34187341982417	19.707017326061735	19.300651368283493	15.092302037806801	16.12451115380453	13.849977468700128	11.373066158813744	11.843077430378639	7.295947731025424	8.798776950222466	8.150162807541426	8.888323160207534	0.0	6.088572985656362	7.730124656592047	11.75091790221657	10.513239838594442	16.857238394230635	19.130436622435116	21.71934783539021	26.46355066386983	26.82818083463354	28.878648737317032	26.184378947184864	31.555488573749052	23.87140857852974	26.78805537216415	29.60577426207853	22.19154986198184	17.619314485484175	15.958121874156934	13.187963004779222	12.081896357460746	18.353479553839847	11.899526003369202	20.131116296420835	15.57121354626663	22.12422463095551	22.459560121699983	26.57414349529802	34.97531715862016	29.394967743821056	24.081015042546355	24.11732728467401	18.472048050199145	24.68186608841029	23.96453446781983	19.749128268156095	16.10981177478175	20.49592536793059	13.030449920715066	16.439126795650758
12.85141658194917	8.07723231316965	13.066063716000127	9.80456536624552	16.280077057350415	10.193729068389832	17.62322537633258	15.928702562413033	15.658870297349798	21.57942074003473	23.311605059768006	22.01895437165383	21.87020633572539	18.65907538265223	21.11279785320382	21.710649776710056	15.852386537189226	16.8004776988318	17.33781180997327	13.848206403992346	11.446207904951818	9.122687021875802	13.737566056586369	10.370642403674186	3.9147067370900412	6.088572985656362	0.0	5.5001207078068965	8.870266555961203	10.417410833545471	13.699203048765128	17.672653207113704	18.645839631767146	24.17175829412819	24.662042361223317	25.849887940471678	22.681642151896675	27.35203698077241	19.43872898230142	21.49719352293464	23.9186886317437	16.79277403374002	11.995293571900776	10.562139639672713	7.5305198109382046	6.635205026425817	13.293728064314676	9.194506278780937	15.525318315637373	14.394468491273704	19.060080503719423	21.44459140783408	26.144873059593433	34.062302222448075	29.652893833133344	23.97596009159227	24.732390424531058	18.341713544642896	23.429508432567236	21.462584616368378	18.1020933591868	15.099713944172313	17.681977727464613	8.655804606881071	11.363551176923329
16.34450671537218	10.847966675379471	11.54523038154887	10.584611090769508	14.772596443079275	7.564214988950581	15.39675219104212	13.351334157177641	11.6922889562381	17.481548811962103	18.64882580272192	18.051827875793062	16.742076537413393	13.207018935440914	15.866792043679526	17.1787535655933	10.890067719735745	11.670517759619637	13.38879856784236	10.404417823473969	6.670118806963089	5.404781834513062	12.191624731990528	9.274924217883633	5.440662506293274	7.730124656592047	5.5001207078068965	0.0	6.770292840382354	5.114995638466624	9.618917293606673	12.347838959133446	14.091707435813419	19.18547188442144	19.922548949895848	21.51400852064899	18.486902867355713	23.986696426886134	16.263105170116944	19.659428565735336	23.064127254983177	15.413573286002526	12.613861185652947	10.625226313745538	10.856384082521366	7.227657479268083	11.211551468781197	4.653887958858422	12.683274883378875	9.090098037461368	14.760212220117392	16.098769190080734	20.899219959854186	28.70260962933718	24.250893052176984	18.47588932127003	19.53033383196308	13.133032853265151	18.60497556836586	17.310412159592197	14.854376929841537	10.8108860359609	15.10412185390333	7.806996279065248	10.008337059358357
21.611818740458165	15.747699702747141	18.29437707429754	15.86913622491119	20.608660629310076	14.153060116009799	21.70955337981039	19.85071064191674	17.45695751223826	22.539155713928658	23.11562414039529	23.449618299162267	19.830196899274945	15.274210620548487	17.750886979055412	21.349589859571232	15.297183824019056	11.930779715974365	16.217742030188674	16.172847541546908	12.059035974965331	8.753565651293062	17.320427916520465	15.843196006885332	10.013288588430635	11.75091790221657	8.870266555961203	6.770292840382354	0.0	8.232756840554464	7.034263312298012	12.492748521500182	13.811343200354242	19.020053799808153	21.947768976363545	22.6711041978117	17.977788238605697	24.15171910339858	16.062889079793145	17.698252783366897	22.442607159038154	13.122497630349109	14.64409571557158	7.424823030599573	13.190889494147854	5.878960117676561	10.185215945307982	9.159591801783403	13.157476429531478	12.266324682967387	16.565544189726282	17.958907135363006	23.468785789382107	29.56363563313143	26.265950292514255	19.4311208760582	22.696732247758348	16.670938874002477	21.82762630133951	20.427607733558563	20.113869931168356	15.909545401203825	19.82741570825067	12.319246511421204	12.216310506850913
20.403486056141347	15.369202798793038	12.446054321116794	14.376099918882847	16.330666484037334	8.805013573579723	15.776865932615575	12.99174493889596	9.870657235969919	15.551657157076722	15.513052638380035	15.389482181789242	12.143100564284946	8.4631300354475	10.838284877263613	13.197528154487507	7.260779414708001	6.722555380009581	9.443421186529832	8.610244281148441	5.040585384185155	3.9893777329091704	11.525145842313185	10.542896682750499	10.343597961924571	10.513239838594442	10.417410833545471	5.114995638466624	8.232756840554464	0.0	8.769731142689855	8.711148909599261	12.38134094976799	16.301279389396413	17.585620269782797	19.850767090023595	17.087474385658187	23.56368978537389	16.482161799654058	20.90621106469024	25.182796994286207	17.296934793672843	16.4442475976531	13.77152183587223	15.802271237905366	11.220535106373747	13.05968146088341	5.739827987840948	13.713026488299269	6.088983347613328	13.600242362472336	12.422856466610126	17.14076128108925	24.764149393217647	19.86050484339672	13.88130642737748	15.378956106713371	9.463931022795013	15.936924549810604	16.063502832909833	14.637400985806519	9.49638722275461	15.903332500069176	11.347695801170222	12.884537475355025
25.067138587257265	18.251832699900785	19.19532962872071	16.819006114379363	19.32320446755694	14.521556906354702	20.52983450995266	19.617445249230272	16.28099265520587	19.279813444712634	19.72390560785599	21.703535263111295	17.250307671668438	11.98426930799483	15.32247559408947	19.917608938384234	13.507243759763833	10.385435872583797	17.231718661972536	16.82450407914082	11.246157748203325	11.823926664130182	20.186462808389926	17.989008178422395	12.834342356968323	16.857238394230635	13.699203048765128	9.618917293606673	7.034263312298012	8.769731142689855	0.0	7.1153928175597985	6.999412198174186	12.218886899243612	15.826125313657911	16.113875240187177	11.09606459175128	17.85011857220107	10.306476700477148	13.328543697875286	18.936354287430746	10.143996643465979	14.44464664378263	9.230898946935334	16.01658070563656	9.522592983231178	7.137630899179447	8.259422834636215	8.59259675229574	8.897207026536737	10.756794303273791	12.621333643708422	18.332578762292382	23.390401034452275	21.364875560972507	14.647414476705661	18.764838598579285	13.153482285869798	16.701347882585832	15.219369719223636	17.261036501041335	13.38182373289861	16.867148919039785	12.449891316804035	10.675778158101208
27.470876369909835	21.315921079624818	18.30616495324903	19.113567409124787	18.886802706363945	14.34000722286382	18.66818652271717	17.415424990808393	13.149434696505763	14.865027587301487	14.049315721779097	16.943614474557062	11.146616881756874	5.899499116510697	9.452548017930491	14.652594949364895	9.396193887510012	6.962280574737173	14.279190202990812	14.577234441077703	9.842772129244509	12.517917220795695	19.215269538708178	17.86884156111307	16.445999288788823	19.130436622435116	17.672653207113704	12.347838959133446	12.492748521500182	8.711148909599261	7.1153928175597985	0.0	5.940652602376095	7.874198001329097	11.251139560805292	13.144608890832775	10.153703290346463	17.580247758276826	12.219312640563588	17.566437032683204	22.82930016216365	15.812859217786182	18.767019809382923	16.045728469155968	20.824422124476236	15.504425615612941	12.538147948706753	9.726384934064189	11.638508092466843	5.639556353392632	8.828627370189796	6.045732078729392	11.662046784781602	17.112424029932832	14.28373807135609	7.603491817522428	12.054703312208956	7.659928668900974	11.35229726944188	12.113765087558157	15.015548637737096	10.697683614595881	16.039182114265213	15.205125064593222	14.36657328798405
27.90658256232643	20.925265115457726	20.199204875646167	18.29473668040786	18.088178472531183	15.772378217839092	19.244242555846988	19.52036748912209	15.861678105985705	15.997067053897416	16.557989517105874	20.124798034089768	16.07557038809846	11.242849810383753	15.094899928309346	19.35797674282124	13.360254340522182	12.684464206445828	19.701760718897063	18.244317584399976	12.43087514082088	16.270552831494204	23.208240436001198	20.316764624532134	16.563846859120655	21.71934783539021	18.645839631767146	14.091707435813419	13.811343200354242	12.38134094976799	6.999412198174186	5.940652602376095	0.0	6.110631787742691	9.338748645244916	9.185539930383412	4.740644126219651	12.00380980941657	6.505647378356488	12.194609164628437	17.320750515321265	11.560313680915476	15.914448267674196	14.389037424170786	19.584737017821528	14.95553042729327	9.154450020408822	10.496155256314468	7.197116084229244	8.433442467046206	5.173866393933159	8.382932754245113	13.546660617731536	17.768618974304065	17.172407209664215	11.801327852905422	15.56598016731826	11.09266845251308	11.507840436956963	9.81130775685909	14.552059294741136	11.945032529052103	14.148157208227913	14.13632277422987	11.694672897267704
