0.0	5.639354915756403	6.411749461733213	10.578986011046627	14.562090432330365	15.851679477480834	18.14879935091396	20.746776285050718	22.746466557966627	20.651088521798936	16.56079096620247	14.484248115435037	10.019250201883693	12.037035097926456	11.374706359203742	15.545940611158658	17.119717423590483	15.465226681594201	11.757350739564401	13.363747359964298	9.042330139487463	14.217474662671236	12.637307572645234	13.845914009468984	17.92540224736224	17.230444256546548	18.876486125345473	17.093305519846737	22.94167944956697	21.603630701179185	25.067056978309214	28.292900892667852	31.22935281238402	29.304317888683826	27.19462354180197	23.548419102716835	18.957675632805074	22.47148711132976	17.339879664731686	22.491996409117412	21.875000494186963	22.614340090490103	21.429034453239904	19.121423020023393	18.81388062300106	13.840897352746152	12.742143194377352	15.714618079577678	12.283186548747182	15.89575461147514	18.61505697146317	2.475507168047157	19.374628873560717
5.639354915756403	0.0	5.894986246660176	7.94233615516342	11.716411344991478	14.861038323934768	16.509627252572013	20.153265509043667	22.271996829227078	21.2567556380776	16.993717672776864	16.454021581601896	12.350524054115224	11.688393396947795	9.186770444658059	14.665308783313348	15.926724812136966	12.79906260710339	8.97136061274731	12.806862644362797	10.04982478148803	14.87335735009535	15.01644928979998	17.45667239067276	20.823996932146557	18.971102080235955	20.02336741701009	16.71432331367439	22.436658500258687	19.99141885552538	23.18589368997515	26.677431197229488	29.140484636840053	26.508928492159207	25.20284647871619	21.069512888882972	16.980062559709452	21.584522238108434	17.459381305853952	23.113059365020717	23.761819785750088	24.711121014377024	24.02799221108368	21.011057891120515	20.40788304964523	16.428918044436983	13.286312305223817	16.695669523467163	13.109876897205263	14.804620762324921	17.564704245512875	5.7808652974875745	18.35788028635743
6.411749461733213	5.894986246660176	0.0	5.485498220510036	8.327145710808606	9.73262401817367	12.56688732248208	15.23084289455204	16.904962306387535	15.49872175218516	11.40230893846324	10.637878441385757	6.899382301367969	6.108286113992764	5.338375680124568	9.717549656670945	12.203284157501589	10.467096859617634	8.322676296808096	9.611268272132612	5.264100330066265	9.270070670459361	9.898669544254874	12.459003612649756	15.350757636414317	13.455495942333794	14.142616975114837	11.226999498851596	17.06855106924018	15.303154479289752	18.718475802339878	22.006897450573078	24.862553558282414	22.94619982826345	20.936624640495033	17.485881005719797	12.73059685300654	16.70235263988257	12.277364195959622	17.650775896625817	18.358631882973956	18.96192289012846	18.278409822173614	15.18466134804006	14.962771622721906	11.413530013137182	8.298364658805234	12.970180032850612	11.21277289306947	13.309803072260527	14.391813547547189	7.455267039681504	15.784373264325128
10.578986011046627	7.94233615516342	5.485498220510036	0.0	5.350877193260757	8.21708611220408	8.601373218532151	12.67001136612213	15.50705758349123	15.248516164508668	10.797350424867385	12.725529566499928	9.672455786315227	6.385301431950509	6.394230803150091	10.837668401850367	14.254977749839474	11.665953772952019	10.85338886338823	13.143546307116443	9.865888717972227	11.650680665879861	13.978822779273319	16.282408582552872	18.46923287265453	16.368085565602904	15.226510954053023	11.459032197661815	16.677076625797763	13.099645218747556	16.94446391502815	19.778288981548517	22.76864927000455	20.67069182539757	19.64226355558447	16.669754124795112	12.072855988643242	17.095548844871924	14.29772693242572	19.267471019105212	21.193399303122455	21.1131980946031	20.17319007550316	16.215817572709305	14.739240366005985	12.523679045893505	7.41260551919695	11.154688034925812	9.601027376670396	9.35197647839963	10.265347070596178	11.95041347382162	11.580689351846702
14.562090432330365	11.716411344991478	8.327145710808606	5.350877193260757	0.0	5.463024888200007	7.219681900033312	10.706196551643158	12.13579527230501	13.051507966505934	9.707840122173241	12.50835714379841	11.32688763535075	5.9145165873801115	4.992521195201228	7.519565424633671	10.997220404060931	8.678632059844748	10.207069058822713	11.598557564845796	10.289926282162417	9.965029231490842	13.853049816309344	17.04484237910488	17.981816827803904	14.8350687242527	13.309749023210133	8.271298485987542	12.659165457082308	8.705912670976382	11.939718523073292	15.20442612935449	17.715854828077575	15.396128952730356	14.444025284268845	11.471861852135923	7.1566097368906485	12.677147098851236	11.387840324148645	16.064898121723424	19.16886675162413	19.36932929780286	19.378358547843764	15.384652430432473	14.74592813702286	14.279375248318527	8.952851572034932	13.715684694689259	13.999949849215689	12.866442657821743	11.424559207992411	15.447977590629176	13.422533766357319
15.851679477480834	14.861038323934768	9.73262401817367	8.21708611220408	5.463024888200007	0.0	5.764883891517061	6.471436071705593	7.44962027484794	7.627460298932667	4.5263562903898125	8.317622413358357	8.870366552750536	3.923652581483434	7.475263003375663	6.183526383773089	11.248242985674839	11.309711663334829	13.345673226480336	12.321164352955163	10.010954319900405	7.11725629649081	11.43258998335697	13.802740974814173	13.868467943494181	11.226076022607346	8.28467593910601	4.226093615517556	8.650771710721825	5.939760033259491	10.101950439381977	12.57427135358486	16.089764224306542	15.30024338722277	13.12196779622024	11.864691470060073	6.87130250756665	10.294136665777891	8.870939309650701	12.292258672020179	15.311992474375938	14.64345230813088	14.351018183149204	10.18912886394667	9.7894206363067	10.639943981718549	6.218324032858478	11.33253419440117	13.609167333029346	13.325749983542192	10.26391535361671	17.086563846388902	12.688087632529271
18.14879935091396	16.509627252572013	12.56688732248208	8.601373218532151	7.219681900033312	5.764883891517061	0.0	5.166478461427411	9.425050437922364	10.64841718838138	7.416153600383402	12.629162919523443	12.292188010400064	8.168437383010057	11.326757480201	11.732169810506809	16.51371732656437	15.499938396825723	17.12511210607152	17.476719769507156	14.709854016514837	12.74304162968066	16.58262137528563	18.128953501447693	18.52116246961412	16.633954778947373	12.747638870556846	9.757742182428695	12.456981527255271	7.636512456353134	12.182462858550018	13.274422097571703	17.155760659691328	16.425423578477126	15.702104544945772	15.230581166269186	11.109176921466597	15.004697642932927	14.598960164993889	17.42138696358732	20.578873887838725	19.154744741560535	17.994631301699012	13.455482969876474	10.961559536787309	12.395256886708701	7.309778515566929	9.495886696064815	12.017543070805287	9.643554072155807	5.408103277825271	19.78445603745208	7.82840366089532
20.746776285050718	20.153265509043667	15.23084289455204	12.67001136612213	10.706196551643158	6.471436071705593	5.166478461427411	0.0	5.481364849095366	6.6396947039894165	5.510068816333871	11.139145258753718	12.634275107176055	9.558475225645282	13.845956424762967	12.057495587367034	17.083642115300137	17.531622704902727	19.77112649405307	18.594987890539937	15.882852967437094	12.249710583630021	16.080128034682264	16.953571632712066	16.219964787036712	14.835870821974883	9.78095617582755	8.748501768158661	9.592035642686731	6.5630484410091885	10.889000103704136	10.794306697324252	15.392070423003473	16.136409259181796	14.475765174014562	15.518009345427009	11.65772571212378	13.480849418207999	13.676181015887837	14.77772181486215	17.949455614992775	15.731585695334914	14.480931623759423	10.11201581723619	7.8476150368846165	11.521563135968485	8.380816940316455	10.2662271424764	14.56246575328628	13.271369977171492	8.128335610445232	22.40169226572779	10.50649116003073
22.746466557966627	22.271996829227078	16.904962306387535	15.50705758349123	12.13579527230501	7.44962027484794	9.425050437922364	5.481364849095366	0.0	4.446626249012453	6.936364441267686	10.967773176607992	14.018284750816106	10.816541794603731	14.316288412129087	10.413724523158196	14.758522719359455	16.48333620111421	19.673000575490402	17.256288066309814	15.903930786343434	10.894980140526126	15.139471068119503	16.606732408056125	14.580493481463586	12.422927656853952	7.431091477648566	6.83632111347157	4.526591909125877	4.804614878554335	7.332251126649664	7.311125456154544	11.71462932087514	13.268864596319206	10.408715450190956	12.484221576710649	9.568120101942611	9.129301961035878	10.851749388676625	10.363793259887538	14.434984374975162	12.56790372352676	12.803912039957705	9.314152036582202	9.69943557559073	13.805306347251127	11.569124374201689	14.88087536366975	19.013768019725994	18.32370050986091	13.490310834625921	23.99567111478804	15.930549222723876
20.651088521798936	21.2567556380776	15.49872175218516	15.248516164508668	13.051507966505934	7.627460298932667	10.64841718838138	6.6396947039894165	4.446626249012453	0.0	4.787122471207559	7.30633792927261	11.06302239744467	9.618208238417424	14.044113697416929	10.151736176303846	14.700528281740942	16.93419259752425	19.35754440052072	16.289565829219537	13.954942018072387	8.888483946702596	12.115272720516616	12.682085314638321	10.573633885279566	9.430225409533461	3.794995804434562	6.367446660523865	6.304796633334466	8.261280053534716	11.128539932109023	11.621746247453089	15.813332054619629	17.25394433500624	13.82587160450543	15.028074484573606	11.221676666351039	10.331919868729125	9.739148028925271	9.142763917958172	11.667488794968234	9.137820948297815	8.555131330192843	4.870452316837031	6.27615223169971	10.317029090287376	9.745087719357402	13.090954312054842	17.369985006544937	17.950590589976734	13.753491936765197	21.995097762133046	16.07686700844452
16.56079096620247	16.993717672776864	11.40230893846324	10.797350424867385	9.707840122173241	4.5263562903898125	7.416153600383402	5.510068816333871	6.936364441267686	4.787122471207559	0.0	5.69789268363537	7.48654657718293	5.6610852515555665	10.82775450499456	8.847204397159196	13.958989665410131	14.991271612011541	16.543916577876498	14.57825286540539	11.122388832828369	7.564301016477418	10.728608738553913	11.514812692349677	11.255446753040541	10.077119463035928	5.844067148490941	5.700091107495687	9.113187284894092	8.344292657654846	12.481845008901017	13.831586744687	18.00467142443589	18.312641053231967	15.569404964221443	15.353354720052295	10.548273918728501	12.031352684866835	9.935552312457046	11.904099796724608	13.886238628631341	12.066713774277607	10.685642899289315	6.206742325977051	5.309834736663413	7.236609349604432	5.007554360966803	9.181514986260412	12.82505935821598	13.571396728291573	10.148477648309786	18.118499688428912	12.4429329116159
14.484248115435037	16.454021581601896	10.637878441385757	12.725529566499928	12.50835714379841	8.317622413358357	12.629162919523443	11.139145258753718	10.967773176607992	7.30633792927261	5.69789268363537	0.0	4.751824224551834	6.811881942534645	11.153487216764631	8.881574278468424	12.90455172378717	14.926374087547044	15.642081074343594	12.37639680418962	8.354242809876919	5.257736272199007	5.796733124764717	5.8969133839808014	6.132846067160329	5.924232204952707	4.887547422728467	7.1284317580079035	11.205293758888274	12.660720090221943	15.889442763133784	17.871805067351158	21.542195446193197	21.770169681439242	18.2165540499448	17.24863403619537	12.471100094313321	12.743569442740622	8.328201689575485	10.473036451496835	10.197077528899465	9.01913014528323	7.6827241460496705	4.924864547148314	7.116839894326162	6.0469237655061985	7.300865757792746	11.759259910179662	14.297319994347578	16.852905137527575	14.841439427761653	15.744071315479323	16.83274039441448
10.019250201883693	12.350524054115224	6.899382301367969	9.672455786315227	11.32688763535075	8.870366552750536	12.292188010400064	12.634275107176055	14.018284750816106	11.06302239744467	7.48654657718293	4.751824224551834	0.0	5.632011391195803	9.475850819918378	9.940652706373903	13.728164009777474	14.331947558989325	13.687696298578029	11.932122525662805	6.43230002908719	7.020568550618609	6.564761163064241	6.863355721426561	9.651924924484629	9.448165498214887	9.371835707813206	9.39672281125923	14.667546191436703	14.506859926168147	18.252028474775496	20.633394647750603	24.259288735294444	23.70664417538938	20.76586973564133	18.826781942195485	13.691104574472645	15.665423252441443	10.788155574588448	14.509449312845309	14.173426063469634	13.597978546367441	11.924301335711482	9.124148807545897	9.252546208712053	5.212502941693408	5.483726686475669	9.968651937075554	10.723373142259703	14.017589719878528	13.603149139240422	11.592332272151415	15.209919679556116
12.037035097926456	11.688393396947795	6.108286113992764	6.385301431950509	5.9145165873801115	3.923652581483434	8.168437383010057	9.558475225645282	10.816541794603731	9.618208238417424	5.6610852515555665	6.811881942534645	5.632011391195803	0.0	5.452372176581076	6.08691792287251	10.696416554760798	10.475126955457675	11.149072718338415	10.272868249153454	6.615810296557437	5.700313042875438	8.834184380366274	11.298903535163387	12.53001496238561	10.233987838506042	8.939603797013751	5.746098390420274	11.411421051612079	9.757314125981166	13.543945732941731	16.35758649073593	19.671019341382756	18.56159736146299	16.176508033029524	13.970993806800216	8.744487161199524	12.162755166026702	8.70482973582932	13.190626488380593	14.969115744169082	14.753468987591747	14.160964810945774	10.380089264884976	10.229570918752065	8.89193389306099	4.785945593214028	10.68992186230596	11.756154389827012	12.80021495197853	11.33035739162588	13.285273957364474	13.41849638938948
11.374706359203742	9.186770444658059	5.338375680124568	6.394230803150091	4.992521195201228	7.475263003375663	11.326757480201	13.845956424762967	14.316288412129087	14.044113697416929	10.82775450499456	11.153487216764631	9.475850819918378	5.452372176581076	0.0	5.786724114668113	7.975969844182403	5.733513329673478	5.984227652700889	7.049141475050993	5.973172959403853	7.608955682723378	10.421136783343774	14.28523032103815	15.767111283809792	12.435294337062444	12.896447295713212	8.321590538415766	13.671680971426484	11.744592347209911	14.351026815725433	18.16494524088575	20.377743312420932	18.054931037994457	16.17139036618446	12.279094232607866	7.87156218489004	12.485877721210851	9.256230442720573	14.890008674217603	16.963749477364598	18.049491655558995	18.44119937233715	15.183007638693434	15.643235101252545	13.878786964952642	9.780797938728098	15.333062626287782	14.893222954989502	15.452147455483159	14.969949643721966	11.727177239246208	16.866698041846806
15.545940611158658	14.665308783313348	9.717549656670945	10.837668401850367	7.519565424633671	6.183526383773089	11.732169810506809	12.057495587367034	10.413724523158196	10.151736176303846	8.847204397159196	8.881574278468424	9.940652706373903	6.08691792287251	5.786724114668113	0.0	5.1836542751897055	6.896065279160925	9.750936630615602	6.9374491960892	7.273276185609131	4.111872875978247	8.67098987262654	12.750522662103265	12.494710879354441	8.309612927049887	8.607491171212036	3.8574018315543723	8.524476735420663	8.789868711811264	10.538536225222897	14.362469891180812	16.540039517657114	15.164768651843431	12.03554162037954	9.138431229690728	4.516124582430483	7.010362979945889	3.942547392381183	9.23469133709329	12.162661401492691	13.362868192667662	14.708613226315322	11.897000822634894	13.70452417857589	13.602070616780091	10.599873369373094	16.45629932686115	17.826163452970967	18.45311531348803	16.274298716855597	15.938071517577203	18.60170618446611
17.119717423590483	15.926724812136966	12.203284157501589	14.254977749839474	10.997220404060931	11.248242985674839	16.51371732656437	17.083642115300137	14.758522719359455	14.700528281740942	13.958989665410131	12.90455172378717	13.728164009777474	10.696416554760798	7.975969844182403	5.1836542751897055	0.0	4.917282933264865	8.344937598481412	4.52896690389846	8.84548757490817	7.64946037314979	10.421694650629009	15.177468067984373	14.873913823227156	10.252762021270094	12.590278114530234	8.718603592902225	11.718981623630553	12.80863606956668	12.96101121552798	17.283478425694952	18.200051748983157	16.163790661715918	13.050856341650046	8.85503845767433	6.883485881799817	8.001131748462898	5.639483355006092	10.511700042441054	13.01171972616844	15.67528121802137	18.00711046898355	16.112674019254012	18.581587801145766	18.028747203406276	15.404749081974156	21.337575235126067	22.05562545857039	22.839222380819823	21.15014940226875	16.74721130173397	23.40680751542303
15.465226681594201	12.79906260710339	10.467096859617634	11.665953772952019	8.678632059844748	11.309711663334829	15.499938396825723	17.531622704902727	16.48333620111421	16.93419259752425	14.991271612011541	14.926374087547044	14.331947558989325	10.475126955457675	5.733513329673478	6.896065279160925	4.917282933264865	0.0	4.868123788944498	5.639711420569278	9.188699865027823	10.031097099240549	12.864723627299494	17.52964039009889	18.205772197221226	13.949533704101269	15.462277813968008	10.568565092237183	14.407455005096189	13.378863951015978	14.118797992317193	18.58311308108328	19.463886517383074	16.440632734819896	14.636593205913595	9.55584086928769	7.4494107518005634	11.35443433323809	9.486910334458305	14.849974139790543	17.469519976274512	19.64999680059383	21.26024597322356	18.614835486806705	20.02848824713398	18.90022961973453	15.157290383514015	20.86125906073491	20.606979222233555	20.8015111984803	19.90471449699595	15.001048214061367	21.924965254080806
11.757350739564401	8.97136061274731	8.322676296808096	10.85338886338823	10.207069058822713	13.345673226480336	17.12511210607152	19.77112649405307	19.673000575490402	19.35754440052072	16.543916577876498	15.642081074343594	13.687696298578029	11.149072718338415	5.984227652700889	9.750936630615602	8.344937598481412	4.868123788944498	0.0	5.8227920550818135	7.98323260246505	11.489001273735157	12.748074708542688	17.091810001002884	18.93305415867725	15.397982528881895	17.55634894801263	13.283711073332698	18.12595904026488	16.88767291689167	18.456252678332213	22.745448020366325	24.062951240046743	21.058605189216884	19.345137231018214	14.386566620013127	11.607806434405102	15.545155646128654	12.178871154634672	17.954003306738862	19.4039982664633	21.596600026507698	22.610600278421806	20.072820673845314	21.145822467010362	18.69479945027819	15.314423227448478	20.677162349077594	19.222014003475635	20.15247205223131	20.570049406397047	10.84312265596584	22.246083607008963
13.363747359964298	12.806862644362797	9.611268272132612	13.143546307116443	11.598557564845796	12.321164352955163	17.476719769507156	18.594987890539937	17.256288066309814	16.289565829219537	14.57825286540539	12.37639680418962	11.932122525662805	10.272868249153454	7.049141475050993	6.9374491960892	4.52896690389846	5.639711420569278	5.8227920550818135	0.0	5.820916309383456	7.682991219674473	8.497964477111182	13.294391466051541	14.27422913246857	10.398521443504503	13.715311032174789	10.510968495506997	14.884449049960525	15.588564367196602	16.73716915257621	20.9165440354938	22.346087122880302	20.260595566499745	17.32150353586242	13.061454575577798	10.138478436506086	11.949771632961623	7.56653031501251	13.01977145673818	13.894512910695182	16.610661728199556	18.281847642701596	16.55357249362933	18.804577240246047	16.869870671463005	14.744557326913899	20.568849075269565	20.37152668979933	21.987473121465047	21.346143558439373	12.674525448375555	23.360702496724596
9.042330139487463	10.04982478148803	5.264100330066265	9.865888717972227	10.289926282162417	10.010954319900405	14.709854016514837	15.882852967437094	15.903930786343434	13.954942018072387	11.122388832828369	8.354242809876919	6.43230002908719	6.615810296557437	5.973172959403853	7.273276185609131	8.84548757490817	9.188699865027823	7.98323260246505	5.820916309383456	0.0	5.719628036568414	5.32283040706785	9.194854251252417	11.526702551217609	9.078986868489546	11.49842583852756	9.343077218759378	14.90044921542389	15.017704885600804	17.655416139307675	21.177126932996682	23.747022756690374	22.24223233819745	19.30639225835775	15.941687542107509	11.45164847229486	13.801461759536604	8.377297665978578	13.706757477463496	13.748534686279994	15.148271771923806	15.350021397242438	13.180075959790345	14.634912614047026	11.600430707498369	10.059942498494664	15.522936837986506	15.141863410391215	17.61797871815557	17.49043015050148	9.254549178584158	19.28759052975604
14.217474662671236	14.87335735009535	9.270070670459361	11.650680665879861	9.965029231490842	7.11725629649081	12.74304162968066	12.249710583630021	10.894980140526126	8.888483946702596	7.564301016477418	5.257736272199007	7.020568550618609	5.700313042875438	7.608955682723378	4.111872875978247	7.64946037314979	10.031097099240549	11.489001273735157	7.682991219674473	5.719628036568414	0.0	4.971482171140705	8.67848872631102	8.589721135232898	4.957952381476474	6.225979139769476	4.494895347831691	9.477714281289309	10.944991786732452	13.281717028606563	16.404408743748135	19.18795729555272	18.574642958962517	14.994660445427712	12.920610410111395	8.370590894700285	9.066152294321133	3.774553896667825	8.42995561197811	9.624370210464207	10.485631146179307	11.322548690174965	8.951720511790398	11.383850190962507	10.632148810459348	9.28530639853324	14.987019248779266	16.613190987268162	18.341845137189566	16.396653254397677	14.826315264930033	18.62014175495535
12.637307572645234	15.01644928979998	9.898669544254874	13.978822779273319	13.853049816309344	11.43258998335697	16.58262137528563	16.080128034682264	15.139471068119503	12.115272720516616	10.728608738553913	5.796733124764717	6.564761163064241	8.834184380366274	10.421136783343774	8.67098987262654	10.421694650629009	12.864723627299494	12.748074708542688	8.497964477111182	5.32283040706785	4.971482171140705	0.0	4.858586392315185	6.433056255481087	4.863721352891129	8.753474622831291	9.347280100071249	13.816717599222313	15.805466131769034	18.159396130961483	21.115286662978562	23.92989776239459	23.432235990670144	19.665380663140315	17.418069168768035	13.141298608670015	13.250976450589025	7.348226869283077	10.84513329335349	9.244542931301611	10.565743470060799	10.92991673799267	10.058434524280838	12.890920228211725	10.440479448788887	11.235591687427476	16.265399847990803	17.216089193790655	20.247855382930197	19.253403686655126	13.039894672078704	21.178752667740135
13.845914009468984	17.45667239067276	12.459003612649756	16.282408582552872	17.04484237910488	13.802740974814173	18.128953501447693	16.953571632712066	16.606732408056125	12.682085314638321	11.514812692349677	5.8969133839808014	6.863355721426561	11.298903535163387	14.28523032103815	12.750522662103265	15.177468067984373	17.52964039009889	17.091810001002884	13.294391466051541	9.194854251252417	8.67848872631102	4.858586392315185	0.0	4.622101849583911	7.049657726496577	9.578231919787008	12.247427175026035	16.143859298194762	18.328463516485012	21.143163170712935	23.362540541017484	26.72878676519377	26.860965211836458	22.996048492259746	21.505375027050444	17.01463374707793	16.72041382925757	11.296942642944096	13.170961117165	10.264963648530028	10.059927229656768	8.728393185001362	8.91708086345936	11.540064458982796	8.498354435056907	11.74450160742114	15.342526799897836	16.725187853845814	20.564206858454718	19.700423655474648	14.725850219919947	21.357153632436855
17.92540224736224	20.823996932146557	15.350757636414317	18.46923287265453	17.981816827803904	13.868467943494181	18.52116246961412	16.219964787036712	14.580493481463586	10.573633885279566	11.255446753040541	6.132846067160329	9.651924924484629	12.53001496238561	15.767111283809792	12.494710879354441	14.873913823227156	18.205772197221226	18.93305415867725	14.27422913246857	11.526702551217609	8.589721135232898	6.433056255481087	4.622101849583911	0.0	4.781673774062219	7.163483730547043	11.291734095881306	13.603432180063919	17.08950003705521	19.23827874574475	21.047412530053812	24.266439453295956	25.058717542805994	20.786540764868608	20.185010142298534	16.261162833078547	14.463810684487907	9.967120079674547	9.773321382410758	6.339884065275033	5.511450348917058	5.236832224231838	6.923790252277638	11.062566229589885	10.39512140177358	13.342090632667418	17.094960607732666	19.626397126694272	22.757034329634976	20.753910193851052	18.718885726152973	22.68930087562304
17.230444256546548	18.971102080235955	13.455495942333794	16.368085565602904	14.8350687242527	11.226076022607346	16.633954778947373	14.835870821974883	12.422927656853952	9.430225409533461	10.077119463035928	5.924232204952707	9.448165498214887	10.233987838506042	12.435294337062444	8.309612927049887	10.252762021270094	13.949533704101269	15.397982528881895	10.398521443504503	9.078986868489546	4.957952381476474	4.863721352891129	7.049657726496577	4.781673774062219	0.0	5.669659938564155	7.824938294256929	10.394914303860771	13.97452147183012	15.577141614305543	18.099434504183186	20.794235612619477	21.066693462704244	16.782375413939924	15.660548582111383	12.022700769091786	10.149375556618278	5.277314491614776	6.292667794999423	4.948421838304411	6.341235175243296	8.221488347868455	7.9912232999120825	12.060415479720618	11.837351328799933	12.649270488526811	17.609629706483297	19.854670767710147	22.18949419732389	19.941775872966637	17.71908441632872	22.13932652826136
18.876486125345473	20.02336741701009	14.142616975114837	15.226510954053023	13.309749023210133	8.28467593910601	12.747638870556846	9.78095617582755	7.431091477648566	3.794995804434562	5.844067148490941	4.887547422728467	9.371835707813206	8.939603797013751	12.896447295713212	8.607491171212036	12.590278114530234	15.462277813968008	17.55634894801263	13.715311032174789	11.49842583852756	6.225979139769476	8.753474622831291	9.578231919787008	7.163483730547043	5.669659938564155	0.0	5.618643139483983	7.061167740972313	10.20903082528899	12.587661048384938	14.066543049099757	17.656655471616993	18.64662614092543	14.693833601005142	14.957446418955582	10.978415499847287	9.50683579956223	7.1349317922436954	6.83391619991429	8.300893270422332	6.446955019869698	6.656593132642839	3.947283018861616	7.5877311803069	9.77741026422019	10.049014881580066	14.296097942503502	17.825220726414322	19.292004225598504	15.944433346277826	19.962724033000356	18.233350594560445
17.093305519846737	16.71432331367439	11.226999498851596	11.459032197661815	8.271298485987542	4.226093615517556	9.757742182428695	8.748501768158661	6.83632111347157	6.367446660523865	5.700091107495687	7.1284317580079035	9.39672281125923	5.746098390420274	8.321590538415766	3.8574018315543723	8.718603592902225	10.568565092237183	13.283711073332698	10.510968495506997	9.343077218759378	4.494895347831691	9.347280100071249	12.247427175026035	11.291734095881306	7.824938294256929	5.618643139483983	0.0	5.862944588874234	6.49715035721789	9.1356007103465	12.04678906375891	15.117282540819902	14.758735117298823	11.413681132947952	10.311143544539151	5.620983655066696	6.79670260352498	5.0211342890008535	8.14265571107421	11.459914729473553	11.369967107103163	12.188315963946303	8.853815742487857	10.465130489246294	11.651692338591335	8.96893872452271	14.365630731561302	16.87143323290511	17.326465861642134	14.222389523136702	17.957234022657943	16.668693168543026
22.94167944956697	22.436658500258687	17.06855106924018	16.677076625797763	12.659165457082308	8.650771710721825	12.456981527255271	9.592035642686731	4.526591909125877	6.304796633334466	9.113187284894092	11.205293758888274	14.667546191436703	11.411421051612079	13.671680971426484	8.524476735420663	11.718981623630553	14.407455005096189	18.12595904026488	14.884449049960525	14.90044921542389	9.477714281289309	13.816717599222313	16.143859298194762	13.603432180063919	10.394914303860771	7.061167740972313	5.862944588874234	0.0	5.979605979404503	6.045485153523595	7.755737131374256	10.693897647246754	11.948550380569765	7.843448915151798	9.683331921246076	7.623921425088512	4.890002131274221	7.940665285616082	6.697899551624396	11.699574961427322	11.059554275121	12.869034689145533	10.37330616667105	12.47426164610538	15.682438485491408	13.674097580491669	18.079767617409924	21.60263653011095	21.383663625885752	17.112215431219038	23.769027388902007	19.623912436764343
21.603630701179185	19.99141885552538	15.303154479289752	13.099645218747556	8.705912670976382	5.939760033259491	7.636512456353134	6.5630484410091885	4.804614878554335	8.261280053534716	8.344292657654846	12.660720090221943	14.506859926168147	9.757314125981166	11.744592347209911	8.789868711811264	12.80863606956668	13.378863951015978	16.88767291689167	15.588564367196602	15.017704885600804	10.944991786732452	15.805466131769034	18.328463516485012	17.08950003705521	13.97452147183012	10.20903082528899	6.49715035721789	5.979605979404503	0.0	4.717098332902748	6.768756418400453	10.284558650441586	10.088234924178845	8.266737220536593	9.107405295772988	6.30183117064232	8.43551033220975	10.702639723572736	12.113343305487396	16.70225376899356	15.90748928584281	16.511846076084478	12.723770913519155	12.711057237110989	15.53177854329569	11.63587908555411	15.608854965096782	18.672013423479644	17.17957145857349	12.803751981273539	22.651684595111554	15.273757216057097
25.067056978309214	23.18589368997515	18.718475802339878	16.94446391502815	11.939718523073292	10.101950439381977	12.182462858550018	10.889000103704136	7.332251126649664	11.128539932109023	12.481845008901017	15.889442763133784	18.252028474775496	13.543945732941731	14.351026815725433	10.538536225222897	12.96101121552798	14.118797992317193	18.456252678332213	16.73716915257621	17.655416139307675	13.281717028606563	18.159396130961483	21.143163170712935	19.23827874574475	15.577141614305543	12.587661048384938	9.1356007103465	6.045485153523595	4.717098332902748	0.0	4.588356457469768	6.179812296116313	6.143305109746717	3.663581001909362	6.581421854686929	6.90219069860138	6.984302026612367	11.6521375639624	11.909612163971317	17.25019403311186	17.08313300686377	18.746629012539355	15.699623502465812	16.606847017008466	19.656545000381687	16.103171974920407	20.293187598286714	23.29583225216417	21.73027668357389	17.366906231096863	25.78930322058203	19.78764145616673
28.292900892667852	26.677431197229488	22.006897450573078	19.778288981548517	15.20442612935449	12.57427135358486	13.274422097571703	10.794306697324252	7.311125456154544	11.621746247453089	13.831586744687	17.871805067351158	20.633394647750603	16.35758649073593	18.16494524088575	14.362469891180812	17.283478425694952	18.58311308108328	22.745448020366325	20.9165440354938	21.177126932996682	16.404408743748135	21.115286662978562	23.362540541017484	21.047412530053812	18.099434504183186	14.066543049099757	12.04678906375891	7.755737131374256	6.768756418400453	4.588356457469768	0.0	4.834310302143252	7.709868150144248	6.539322757332528	11.000487093554884	11.222929927087296	10.478967390551508	15.090826052741248	14.060549646208388	19.25215418857063	18.159234631797087	19.401358302146193	16.455816580566292	16.84874465229474	20.95120457275806	17.850000189322248	21.0027896853003	24.77409740411323	22.841389537324236	17.76737041714328	29.278392961839725	20.05199271659426
31.22935281238402	29.140484636840053	24.862553558282414	22.76864927000455	17.715854828077575	16.089764224306542	17.155760659691328	15.392070423003473	11.71462932087514	15.813332054619629	18.00467142443589	21.542195446193197	24.259288735294444	19.671019341382756	20.377743312420932	16.540039517657114	18.200051748983157	19.463886517383074	24.062951240046743	22.346087122880302	23.747022756690374	19.18795729555272	23.92989776239459	26.72878676519377	24.266439453295956	20.794235612619477	17.656655471616993	15.117282540819902	10.693897647246754	10.284558650441586	6.179812296116313	4.834310302143252	0.0	4.911232628187859	5.256984459808621	10.387779269895232	12.761397714523532	11.55559697285302	17.134681506838177	15.974775473032574	21.45081238905796	21.119074585635744	23.093714238900233	20.52063426384219	21.402715481451136	25.19592516565029	21.86833861789434	25.449699331337285	28.828553819950145	26.723515062381658	21.92756267459904	31.923325109568825	24.182942853718913
29.304317888683826	26.508928492159207	22.94619982826345	20.67069182539757	15.396128952730356	15.30024338722277	16.425423578477126	16.136409259181796	13.268864596319206	17.25394433500624	18.312641053231967	21.770169681439242	23.70664417538938	18.56159736146299	18.054931037994457	15.164768651843431	16.163790661715918	16.440632734819896	21.058605189216884	20.260595566499745	22.24223233819745	18.574642958962517	23.432235990670144	26.860965211836458	25.058717542805994	21.066693462704244	18.64662614092543	14.758735117298823	11.948550380569765	10.088234924178845	6.143305109746717	7.709868150144248	4.911232628187859	0.0	4.863575526973955	7.451543140411416	10.792403342313834	11.394292222210584	16.567204337669683	16.979415001642835	22.4536834687718	22.794009509459165	24.794806618112535	21.840343140394154	22.576276692113343	25.46640754061309	21.376033484871343	25.419344199634455	27.93523631057491	25.607438188165244	21.49958222389844	29.779804131684582	23.706000286438773
27.19462354180197	25.20284647871619	20.936624640495033	19.64226355558447	14.444025284268845	13.12196779622024	15.702104544945772	14.475765174014562	10.408715450190956	13.82587160450543	15.569404964221443	18.2165540499448	20.76586973564133	16.176508033029524	16.17139036618446	12.03554162037954	13.050856341650046	14.636593205913595	19.345137231018214	17.32150353586242	19.30639225835775	14.994660445427712	19.665380663140315	22.996048492259746	20.786540764868608	16.782375413939924	14.693833601005142	11.413681132947952	7.843448915151798	8.266737220536593	3.663581001909362	6.539322757332528	5.256984459808621	4.863575526973955	0.0	5.533186669649314	8.311000445477834	6.889313020297848	12.552441664355893	12.231211681294445	17.73456977000555	18.23183231544445	20.62450952000752	18.139313332218798	19.677166057314448	22.581426650551265	19.238185585359737	23.742756973125637	26.567124175900226	25.14163428231145	20.960721133414104	27.64105463917233	23.379606037007203
23.548419102716835	21.069512888882972	17.485881005719797	16.669754124795112	11.471861852135923	11.864691470060073	15.230581166269186	15.518009345427009	12.484221576710649	15.028074484573606	15.353354720052295	17.24863403619537	18.826781942195485	13.970993806800216	12.279094232607866	9.138431229690728	8.85503845767433	9.55584086928769	14.386566620013127	13.061454575577798	15.941687542107509	12.920610410111395	17.418069168768035	21.505375027050444	20.185010142298534	15.660548582111383	14.957446418955582	10.311143544539151	9.683331921246076	9.107405295772988	6.581421854686929	11.000487093554884	10.387779269895232	7.451543140411416	5.533186669649314	0.0	5.234747562829274	6.608698786787293	10.547258996116561	12.604073956111128	17.535180833350083	18.95792659719646	21.332643761753985	18.663686325101978	20.252373862032403	21.78231560240553	17.94446038027115	23.13894621591876	24.870025271990727	23.749806542940707	20.624109340447525	23.654578067657575	22.986920700934906
18.957675632805074	16.980062559709452	12.73059685300654	12.072855988643242	7.1566097368906485	6.87130250756665	11.109176921466597	11.65772571212378	9.568120101942611	11.221676666351039	10.548273918728501	12.471100094313321	13.691104574472645	8.744487161199524	7.87156218489004	4.516124582430483	6.883485881799817	7.4494107518005634	11.607806434405102	10.138478436506086	11.45164847229486	8.370590894700285	13.141298608670015	17.01463374707793	16.261162833078547	12.022700769091786	10.978415499847287	5.620983655066696	7.623921425088512	6.30183117064232	6.90219069860138	11.222929927087296	12.761397714523532	10.792403342313834	8.311000445477834	5.234747562829274	0.0	5.908458745750662	7.150532534922004	10.731944428614963	15.053082883178892	15.97804569642622	17.563302266914825	14.424504498147797	15.6775977882405	16.685386997380242	12.785280541503578	18.174937175670383	19.841723668620126	19.219462474841205	16.349718698970488	19.36769058944042	18.74464468296519
22.47148711132976	21.584522238108434	16.70235263988257	17.095548844871924	12.677147098851236	10.294136665777891	15.004697642932927	13.480849418207999	9.129301961035878	10.331919868729125	12.031352684866835	12.743569442740622	15.665423252441443	12.162755166026702	12.485877721210851	7.010362979945889	8.001131748462898	11.35443433323809	15.545155646128654	11.949771632961623	13.801461759536604	9.066152294321133	13.250976450589025	16.72041382925757	14.463810684487907	10.149375556618278	9.50683579956223	6.79670260352498	4.890002131274221	8.43551033220975	6.984302026612367	10.478967390551508	11.55559697285302	11.394292222210584	6.889313020297848	6.608698786787293	5.908458745750662	0.0	5.9915788135142405	6.049620063776341	11.264216432343606	12.50249578963596	15.31086199658109	13.403685023189388	16.09806555514682	18.060409236728503	15.749962100549908	20.99702750226891	23.592970765403454	23.59361441817128	20.064770486196284	22.7959485671176	22.57759457417619
17.339879664731686	17.459381305853952	12.277364195959622	14.29772693242572	11.387840324148645	8.870939309650701	14.598960164993889	13.676181015887837	10.851749388676625	9.739148028925271	9.935552312457046	8.328201689575485	10.788155574588448	8.70482973582932	9.256230442720573	3.942547392381183	5.639483355006092	9.486910334458305	12.178871154634672	7.56653031501251	8.377297665978578	3.774553896667825	7.348226869283077	11.296942642944096	9.967120079674547	5.277314491614776	7.1349317922436954	5.0211342890008535	7.940665285616082	10.702639723572736	11.6521375639624	15.090826052741248	17.134681506838177	16.567204337669683	12.552441664355893	10.547258996116561	7.150532534922004	5.9915788135142405	0.0	5.854462331659955	8.387432102807242	10.239260148561486	12.475974142774017	10.762453548913685	13.84967557874054	14.08401886389442	12.5925540154392	18.27043538088544	20.156019547665334	21.390266171919542	18.935154217169732	17.60357283335465	21.30358165045672
22.491996409117412	23.113059365020717	17.650775896625817	19.267471019105212	16.064898121723424	12.292258672020179	17.42138696358732	14.77772181486215	10.363793259887538	9.142763917958172	11.904099796724608	10.473036451496835	14.509449312845309	13.190626488380593	14.890008674217603	9.23469133709329	10.511700042441054	14.849974139790543	17.954003306738862	13.01977145673818	13.706757477463496	8.42995561197811	10.84513329335349	13.170961117165	9.773321382410758	6.292667794999423	6.83391619991429	8.14265571107421	6.697899551624396	12.113343305487396	11.909612163971317	14.060549646208388	15.974775473032574	16.979415001642835	12.231211681294445	12.604073956111128	10.731944428614963	6.049620063776341	5.854462331659955	0.0	5.52695729734963	6.876253704968357	10.561300588678424	10.295765707139573	14.348749458205571	16.246801610814945	15.958747207646617	20.856849507093436	23.892059937106872	25.059361357688523	21.650833626635237	22.909116186459244	24.092056175966565
21.875000494186963	23.761819785750088	18.358631882973956	21.193399303122455	19.16886675162413	15.311992474375938	20.578873887838725	17.949455614992775	14.434984374975162	11.667488794968234	13.886238628631341	10.197077528899465	14.173426063469634	14.969115744169082	16.963749477364598	12.162661401492691	13.01171972616844	17.469519976274512	19.4039982664633	13.894512910695182	13.748534686279994	9.624370210464207	9.244542931301611	10.264963648530028	6.339884065275033	4.948421838304411	8.300893270422332	11.459914729473553	11.699574961427322	16.70225376899356	17.25019403311186	19.25215418857063	21.45081238905796	22.4536834687718	17.73456977000555	17.535180833350083	15.053082883178892	11.264216432343606	8.387432102807242	5.52695729734963	0.0	4.5023134468696675	8.512883957222966	10.293493606432358	14.998711546425685	15.749191452568208	17.172173228015897	21.72454846817893	24.464301499756594	26.750209816216213	24.02130841255667	22.19694491380919	26.27424812324336
