0.0	8.009245640429786	8.026881292838535	11.020794320336229	15.501872957074317	15.550148371617631	22.237657008900452	21.543422318447	23.176118419063872	27.78862954817763	22.883148478754546	24.239071872861977	23.42599455897149	21.599416962022087	19.52448991074693	20.61507735117374	18.96390695820022	25.139854192637852	17.03586762157789	23.647757220943507	13.774092954161802	14.054753704914951	21.80864122153723	19.621786172765137	24.289813242690748	16.711538827268825	21.68545846155231	14.176792377591811	17.677969646774613	15.010701252854313	9.370439257708826	10.737608232025993	15.736414054659917	21.22431552425243	20.522343266070134	25.566839205068284	26.699669625117494	28.052488293894942	28.610887854000737	30.31829523939187	34.12713253105149	28.900849759603904	25.762674726120654	33.00208067827181	32.98374036488317	28.865471549134295	33.09711093197779	29.908137864966054	27.587128414444457	31.12276934220975	30.503391691177363	23.71682795474042	25.876412335812986	27.862008976175638	22.051181360713333	19.808453358998683	29.54173551881652	28.540730209296953	17.49259043114473	17.19596669706158	26.594091974547997	26.34094438581136	19.965895464327847	23.310816434136587	19.093710708885677	17.8479054067107	12.641870715874537	11.228915387742907	4.547238105551632	9.882478987117265	4.9790640688251635	6.803678927017954	9.48254340914676	13.84827335066064	8.546745462890762	15.393834383690443	17.8007479752303	22.836287355818996	23.37709711271841	19.79632101343301	20.005014908946908	14.201204838746133	13.122149049118388	9.757546824944933	6.627419121651626	13.792112584083938	8.965561778069857	17.34847682064566	19.657427731359114	14.197167882141677	20.37157672462325	8.986148381905165	15.444995717194837	11.672676725409117	15.704285468373673	17.568443867212878	18.764398350541597	17.20520552480892	22.964382955224092	23.773047821953412	23.686270753647634	24.20827921719696	19.271876560765882	23.27308008035476	16.59521443742305	18.801468280474797	19.614856625426945	14.58681126535107	17.22899980944201	15.848636852033488	10.348714551374739	9.098827703119811	10.309015771386617	4.106985743536061	5.625375606608271	13.863910064128795	14.741153919972055	12.37523786094886	11.869864753785826	17.300566865307626	15.896543317779402	17.23835316710563	20.172567009273607	21.655235086033255	24.149561595585894	22.879846921720866	23.082765861772724	24.35167622182447	26.366662470050716	32.90390597420891	26.792259756972722	27.644276037759596	24.322314307126987	24.80154129558213	31.64438982420831
8.009245640429786	0.0	9.35752942921992	5.222423719146615	9.845236849079594	12.524054169172341	18.505248400991466	20.328249067394623	20.359798116291326	27.585070876969127	23.370328626246057	24.220702497745286	25.816812893271326	24.411825063422704	23.004006579635558	21.948186123158916	19.355333545811515	23.596326845313058	15.695207275347842	19.745773341240483	9.558517733200269	8.339789148130778	16.350731111127548	15.780579700929437	20.825467026673543	15.072290716105504	21.19687840790047	13.234591853944115	21.61333720327219	18.00350581930637	13.931303841634042	17.361466464255958	20.94054302587416	26.077801523964972	24.452641791723025	30.10011044840911	29.91857411625615	30.958542918008018	29.964793887923157	33.31030989490199	36.59428681700734	33.08862554210172	30.446392048742318	36.53426860844037	36.19854718743551	33.3399938608084	38.180620921755164	34.6687146314508	31.201588012425013	34.197273545621535	34.05769482630313	27.366352423243434	28.061090728056406	29.998708635096737	25.216318246312085	21.574733628138418	29.66092277070069	29.775526104604037	19.730415639425672	18.323738826221707	26.206603855475556	26.2134641494867	19.13032254699193	21.28302412596009	15.673913748390039	16.85532229611441	10.210319833999582	9.747856151706326	8.264513714517163	8.647026928417437	11.560687708378103	13.780565816748624	13.197158237285057	17.178879200798367	8.200403546619537	15.034620806998788	20.001047723340374	26.301446602468808	25.664694174809817	19.917858637913216	22.401561436603888	14.440982503542138	15.867090452907714	11.093478566470765	12.661052106132049	14.623616226715617	11.438543637136014	17.838861240640888	18.717612855992996	14.712112848584894	22.357400772622217	14.223595588017329	17.95702913461352	15.936090358950539	20.946073441640355	21.188729077004563	22.54699597924638	23.024804438790813	28.43671496308072	27.972140532164925	29.096477414470563	28.455990483395897	24.281591350830535	28.515888514421384	23.444845670502286	24.742159300349176	24.647057556532918	21.598794697159416	22.591465642744065	23.228133120937834	15.540884454406823	13.963734787769091	17.827757154396398	12.094832295694008	12.446366060441301	21.602369361589584	22.70457177268704	18.540407110730875	18.42387144522449	24.812114638670593	22.283306234106984	23.4333506304669	26.96777801054963	28.851111145552117	30.410765555134585	28.87482896899281	30.22520994269635	31.409739645172195	32.08896565922992	39.3747193068583	32.14737611464924	32.3365842900905	29.585271494691757	31.20813011709745	37.19591970361288
8.026881292838535	9.35752942921992	0.0	11.079964885279383	11.430625762561517	12.408167226926443	17.823514782091152	17.18048548897123	20.980172064367395	25.450078332846456	19.57230902033832	22.49812782426318	22.472139419083152	19.635549468177288	19.49853736547631	20.476267321931655	16.707407970511593	24.081372840862095	14.598997196372553	21.19922001153995	13.788969163331343	15.478763833891957	20.170889559398134	20.297488738427155	23.39208466515555	17.992030509279754	21.93811650817697	14.081979482244567	19.01057481149816	13.87452792358972	12.608018717767	14.110727697489255	16.00838641416884	22.39829140838627	19.195988105316786	24.756462157818007	27.11343777469852	26.608923813487838	27.15658683806724	31.87740968466622	34.83178499409742	31.315834587749436	27.45398101359048	33.15612951335854	31.95880304817925	29.301144502017078	31.684316203399796	27.9895102958244	26.088568636611814	28.939670268579913	27.666406071724847	21.638499761253073	23.234470323680377	23.913684122974363	17.74390437132816	16.6351860127633	25.235266358732048	23.950198116918127	11.890168638472357	13.862339147203919	21.65681941593889	19.94104671626473	13.42475034826864	15.41143285346643	11.748871401796972	12.112498832426624	6.027168606304291	9.580295070306581	4.3027760968801285	12.162104700190394	11.482258850767138	14.386380681688157	16.558372028290847	20.24920563031324	14.100336483561481	18.914416579456923	21.005260313102866	26.988896136569554	26.355447469919312	22.66126577965298	21.710103100468245	16.245376022858796	16.729950548822927	10.51443258559018	9.244110388794498	12.000658631314279	3.7670275683792864	11.19957303096749	12.158469191138256	6.470839089772394	13.912691797207067	6.933515329434303	11.607751544905597	10.673867338329288	12.502566077615304	13.202508193955309	16.104322639525865	16.083938725950485	19.74053926273606	19.65087468189653	21.79024292896324	21.388247572357123	18.429239041973926	23.62346549927866	18.313490185002628	21.121381518705856	22.501277221753856	19.08107346539627	22.179782866970804	22.23689097550092	17.966574895142802	15.204568560520016	16.46090440910322	9.844209056150795	7.284999451539562	18.13855786346201	18.09056810000734	10.657161751008408	12.327378600647508	20.29988833676059	14.346719233122549	15.55851874694046	20.94235406505642	21.76336537115704	21.983441646914518	21.162232886044773	24.12794445362228	23.78054774428063	23.45089549912274	32.06116537330265	23.92341655338445	24.8615689897789	23.532017618508565	24.63263666893385	29.724484714758802
11.020794320336229	5.222423719146615	11.079964885279383	0.0	6.972209431234791	8.25492449515627	14.145173395170026	16.486291577425092	15.352132638415052	23.26131623517073	19.77831816727761	19.990017950452025	22.684098132452817	21.814487298356354	20.61693982757436	18.347231896013504	15.6918528779033	18.75262994564816	11.511650336418327	14.63793792446419	4.486301619153076	4.490660657376768	11.312976634290584	10.859820533711146	15.636929124783213	10.718395687959031	16.808359565871108	9.19511353637519	19.5533395002425	15.89283592211773	13.198902499374872	17.705567317892367	19.984526324218425	24.407832089430222	22.51753747657737	28.248070816055876	27.02018558706029	28.021347237591456	26.166191551286463	30.237862513050977	33.12422714624652	30.797018394649324	28.48346013145242	33.66211277655713	33.24583250027713	31.163353811266568	36.7160483132427	33.16415814583567	28.751094912101795	31.435775754269674	31.859002889579777	25.24988815330315	25.043489193589654	27.327603598374562	23.742883472765868	18.813352970612595	25.978912840045446	26.81680222934099	18.64969710107361	15.50198695829073	22.681151943340858	23.70945663374545	16.829987353740744	20.419790633314946	15.087083904478122	14.15358494214644	9.567541759175592	6.474551676038191	9.872550293340634	5.859297567500958	13.005283327442072	16.5290089959379	13.907175011459842	16.762860477276007	8.392389080735041	11.958988332073368	17.331539570573888	24.23138019395018	22.717085279331155	16.364899249345804	19.402793594659638	11.068714197916075	13.90800900830681	8.930796187134757	13.269588319436718	11.677950931092637	11.820405855066682	16.053912844743934	17.384471123915223	14.805932171906592	21.606231004444787	15.1566371655949	16.33648403426143	15.082156928097572	21.55753885600525	20.47042270247401	21.03150771025787	22.922190734041294	28.970125107267535	27.30932839729128	28.477872488928774	27.063739339540607	23.144450463481306	27.11865419795461	23.703196554844094	23.981633743510052	23.2369312661456	22.154246980914174	21.969089090047074	25.261662484679643	17.04532501871562	14.166779808207139	19.644993269339835	14.89866601178936	14.41266003057381	23.045360894774873	24.92437716597153	20.17149940810321	19.10004644238705	25.74214980257524	24.423962866089575	24.240390733545606	27.181285872246065	30.085250835592962	31.546759452099057	28.961016041249383	30.732719850082702	32.95379488262145	32.62391558541426	39.316059362379505	31.91800793327452	31.21321849544591	28.389406679031488	31.017787225373574	36.46901914995099
15.501872957074317	9.845236849079594	11.430625762561517	6.972209431234791	0.0	6.738370165137086	9.826309384907324	13.684833402705772	14.221794005169132	22.347469471396465	18.422025199367653	19.855193748728862	23.543227522858242	22.041629139101406	22.427399351326173	20.00178048876255	15.574999708307866	19.01370953739613	11.141982203871871	12.822555965480197	8.258804008535394	9.92764253546697	10.323087045699136	13.573919376933736	15.866411607183805	14.341107273937766	18.721833024878112	11.805851554326074	22.403404817936167	17.252998288249138	17.466940781075962	21.544369210499063	22.124611200442747	26.9536794075172	23.360486027053597	29.258736958712966	28.852383435827463	28.33640566322921	26.265378696587167	32.86025814113961	34.95137610996229	34.08271300917918	31.28478467610754	35.128284324205566	33.76455994320043	32.977906807112696	37.121245324704866	33.267564102426405	29.116300575345488	31.091392398721254	31.119968445374184	25.366875764955015	24.416408202560312	25.589229076938043	22.37936447877417	18.116681566499683	23.31094039861595	24.30799192903431	16.787301432434088	14.839610074705456	19.418190188547293	19.43944860130616	12.618501700075207	14.591418797023014	9.228513790310668	10.70061887063978	6.464587752719257	8.330863144036124	12.642411712129798	11.503791574378472	18.13892316343276	21.927545283819253	20.351303384467407	23.080328298196957	15.234770400141498	17.359727673868072	21.76203543377765	28.97040550476451	26.70514110244774	20.725924434864268	22.549827614988203	15.324446863990115	18.755727070379358	12.4622613382584	16.82853044193842	12.69709719687182	12.246640656396426	13.223680577250049	12.671760938375039	12.169011815791903	18.81576180683326	16.616408982986904	15.853276134966926	16.816837843096014	21.73345468032074	19.617901769979753	21.09526063205522	24.13364960353121	28.614483378038265	26.161763195042248	28.888640247573296	26.72301286355251	24.415070286658107	29.027301103039548	26.52859341284775	27.25502541097784	26.973981003935013	26.55742848989107	27.002218841795486	30.521144213377397	23.301259977707705	19.888938126344467	24.606835042461462	19.01218981466446	17.277342205570747	27.12029021271798	28.38623221788803	21.34335125906609	21.373403211335948	29.201733360798098	25.399598037481606	25.128617068938873	29.378505520493444	31.804019632022047	31.822110066680583	29.55354127600188	33.02300362533687	34.1917761566721	32.312645874120825	40.215572732895964	31.57259627202893	30.798319173716568	29.491710072738623	32.53533648312272	36.6025949303334
15.550148371617631	12.524054169172341	12.408167226926443	8.25492449515627	6.738370165137086	0.0	6.886609391894879	8.306787781746824	8.816142523531026	15.964280585086406	12.275246878214466	13.213761135363326	17.009758895420735	16.007143208631756	16.34497917398952	13.375112080038123	9.005703092678672	12.913562789421196	4.412509815888009	8.803367356367607	6.23794880671121	10.430286893594033	9.089058760127505	10.294510846348322	11.385014949937927	9.468282769400956	12.416727408541572	6.186306864784863	16.631908301139763	11.776204852040614	13.633222736631689	18.05996589877609	17.30708474286604	21.220659581589953	17.71502829551932	23.464055560830822	22.313392247382996	21.94679889329363	19.612794996833845	26.31610846465087	28.242415738510367	27.87934641017489	25.23145696145611	28.547457000885792	27.287937914524687	26.75803457759128	31.676171472574396	27.956948151619958	23.01664691328728	24.979917468577106	25.57874899035464	19.679754043216814	18.292430701491604	20.22944479459634	18.107806326255915	12.345952004896064	17.92199274348396	19.2164163764653	13.754148812298704	9.166950047896746	14.570834662582433	16.385848706847188	10.265038885420017	16.340345875312227	12.94546386849443	7.30928279631919	8.450373981965214	4.577166866768881	12.235433143362204	8.954328052285824	16.362535345085917	21.069039541866196	18.40141486902179	19.988712617613793	14.423725346601183	13.415431187933953	16.366573717402293	23.571107055463532	20.8175363447748	15.595448768166891	16.374132973820334	10.334960975510597	14.134676313990463	8.399540913914848	14.271215724385701	6.969429710396693	11.131020199746022	10.32179314738367	12.365935405225752	12.389094258428312	16.705385393466887	14.771728035761674	11.501168413931726	12.743984840268253	19.327297189147544	16.19534808818365	16.204065568599248	20.263805262568425	25.921961128689887	22.546610108246977	24.470159808196154	21.862218205450098	19.398173445722957	23.471587870544557	22.571592228672593	22.2734793166979	21.563988329519496	22.917170941491623	22.546539653174882	28.305352347930054	21.526972955405974	17.045003928444213	22.44349563396362	18.37656170772931	16.15628954828551	24.306502306729715	26.413998551629287	19.842576631021753	18.36473712610371	25.7423561555701	24.322081170151723	22.385573292160696	25.318621438263648	28.91868404625124	29.422775242000487	25.826686674126915	29.10935080733771	31.775689035544314	29.44240435713439	35.90256907997204	27.827442192848665	26.12776836264536	24.249841259218954	28.08586644813104	31.966373888752603
22.237657008900452	18.505248400991466	17.823514782091152	14.145173395170026	9.826309384907324	6.886609391894879	0.0	6.846678130262923	7.278462220110003	14.543793432760161	12.209605657441568	13.31296616907093	18.93964932378102	18.168892471503003	19.90811867108923	16.119767976955885	11.240626379287233	12.537652509320177	8.007153781416196	6.226706070059298	11.847408152694744	15.492254064497313	9.000777585711491	13.176215701640496	10.901333067456905	13.993690270152833	14.609449496425105	11.835963833525454	21.107250071312944	16.222389512141657	19.984609726164503	24.158998871780902	22.035108362083886	25.2195773106181	20.76573483427447	26.039915351643238	24.607836569245247	23.019605128884486	19.657643140352995	28.636134267945124	29.43024339561544	31.242530093560525	28.779286584417576	30.084682904508803	28.079649310545303	29.345982136037463	33.56035830906873	29.80528266150853	24.55735637860699	25.42021098533159	26.250008091327278	21.72080193466725	18.828266992616093	19.92021734285221	19.784625242833055	14.238543977616724	15.314694732640023	17.83589748145733	16.217503013411818	12.019658473185185	11.850008444274676	14.183622037196704	10.031182849139034	15.38568471750082	13.564851797569567	8.452869055313823	12.531271693531831	11.419618635397137	18.608562558690444	15.58792950763912	23.170931083424282	27.91665404785905	25.129239150761094	26.297595979814442	21.02235533423934	18.789619561664765	21.23519278143068	28.20293575418771	24.61736807883885	19.735472539389132	20.264489769614716	15.860816330442013	20.025758110287743	14.964850650475716	20.682140798101234	12.121313229774534	16.577750415857423	12.193241580862962	12.653566435773303	15.660345424163205	18.159005379622315	20.3246149197348	15.099458017080009	18.05638758210488	23.503044802154477	19.259224437414076	19.281258534342076	24.592287301210224	29.11759375930094	24.604422310338435	27.53023298278617	23.981469495005882	23.181321527702163	27.050917978282378	27.80001312061029	27.208677523718272	26.390615766048075	28.96816808850932	28.319101021761817	34.90864400107658	28.32622771033424	23.7015785833733	29.06837841901107	24.97823724390538	22.378713363619816	30.466349486486685	32.45950490568187	24.957838133055468	23.85157862696592	31.380887129843153	29.194440164616296	26.80462879411528	29.98148558780143	33.61185034648283	33.16033678226409	29.38616056929645	33.75588183077866	36.20118530359736	32.44035401867495	39.01257545628154	30.383917850376992	28.045581345798148	27.371443566908876	31.91436753074154	34.24355199618022
21.543422318447	20.328249067394623	17.18048548897123	16.486291577425092	13.684833402705772	8.306787781746824	6.846678130262923	0.0	8.323458534449609	10.019738211766718	5.630251432153816	8.814969860952788	12.990894499862407	11.702119352072737	14.343120395447416	11.690401874147883	6.1275264286538516	11.167067635818631	6.145221148196085	9.920959156990163	14.024822459807538	18.45687387319646	14.140830362176455	15.611120428555163	13.088081511648303	14.066077134964877	12.5233323435985	10.911154135083963	16.286778775427965	11.310403035891582	17.225106902966296	20.53438389095094	16.86425469587252	19.63829952629915	14.516808147206705	19.513202597880912	18.97047589253776	16.558696898188135	14.13763650596495	23.786292227890627	24.466218268024658	26.188097721071077	23.21210532840194	24.118742640326293	21.745810954284483	23.15431644546018	26.761746619288594	23.025364283660195	17.885817452680854	18.72787118650782	19.41276975392472	15.048089209053368	12.112586355673535	13.206079309774202	13.610555174325896	7.791750111725458	9.713944128892626	11.495953617244021	11.569637230014365	6.5276041757478	6.323995709315882	9.944188984806049	7.351555068071295	15.831267729543292	15.672567802293734	5.808453676603728	13.347972210837746	11.20143160441858	17.55737109906368	15.803316266122506	21.48972148685972	26.47881107339855	24.191111693425274	24.866049336272567	21.540719569690815	18.480936401542646	18.547015586972783	24.853764776556755	21.37480137098473	18.52707758380655	16.320292108748035	14.572118200937403	17.685329891368056	13.261014648041112	18.06151014137479	8.821251067405235	14.655074258961141	8.469683429171427	11.33612158109458	14.167907172973434	13.909933192074487	17.30765222409218	10.104936616808148	13.940281561196139	19.032048974363345	14.071105371569958	13.224225927075318	19.243032832392718	23.828276963949424	18.69723533435348	21.293124070077642	17.430380063145787	17.244424594997334	20.951877564298247	22.88760318662059	22.13374934265411	21.712479805273894	25.095909869337145	24.80005764345834	32.00154288734471	26.96151400561915	21.848071875222807	26.395069149200353	23.292177576894932	20.140056958096693	26.72850139181722	28.82775161935962	21.416809053145094	19.724059783677106	26.831620859695306	25.54877300459157	21.979261464893362	24.525723176788986	28.52997986584317	28.03904823459743	23.5619945827454	28.22128623927812	31.18716292280612	26.88172779226481	32.62427433564975	24.283633980733963	21.458986091876028	20.968475495038884	25.84675614709702	27.640026401241773
23.176118419063872	20.359798116291326	20.980172064367395	15.352132638415052	14.221794005169132	8.816142523531026	7.278462220110003	8.323458534449609	0.0	10.23999275623324	10.821032212297911	8.52921521891201	15.34036765992331	16.31031028976598	16.937938633618348	11.483655091990126	9.051939388769345	5.51499462498072	6.953997593400705	3.2587698857465006	11.363513691781955	15.171050184867333	8.542255568745093	9.303440700202565	4.858579974322099	9.766652678267187	8.317706481992268	9.549481734636851	17.871459402784204	15.014141711141933	18.469156130882343	23.04433152911535	20.734369159582442	22.127141854776685	19.148163955331995	23.80293629658726	20.07843934706358	19.8705869395613	15.24297179244616	22.973773536236028	23.698797104782653	26.16973015292801	24.705152881862467	25.590766461369494	24.418773411035918	25.67493458576895	31.966340631539214	28.646155799565523	22.084192003878897	23.082396829603088	25.162360742751584	20.308322494666186	16.86714205955663	19.686660719473142	20.998774232386882	13.700448058874477	14.860412301243262	18.24390726245193	18.930842814176643	12.116906650510854	13.090078677879008	17.974338723246284	14.806494280748376	22.030777878958677	20.04920105779913	12.467444996875178	17.020652267356393	12.136363795918964	20.261176137850363	14.498387747179539	22.648702382722476	27.57356733943213	23.23123678871962	23.09335371763122	19.949822059215442	14.793249772610032	16.483748646707078	22.9865381967543	18.832113604153722	14.14051532996367	15.397390304833207	12.333473113858227	16.74804775319036	14.15810970131854	20.684147943056992	11.470957632142815	19.040612344769787	15.743666197720485	18.233934937113677	20.084073335783188	21.80424764678017	21.879668554332913	16.22879302858602	18.043839762634768	25.30583959174856	21.034439102420194	19.210824847105584	24.689294087330865	30.864950113826595	26.12159986440809	27.404839095686164	23.85012083625063	22.086768341610398	24.641499680690607	26.74301334551289	24.667919265608493	22.784198881078172	27.085912751896405	24.847192734413294	33.456713529806635	26.6039398405588	21.77165746743414	28.086768935924333	25.666883315210125	23.551328080235468	29.53429523518821	32.50810115877071	26.74634083337718	24.099007201813905	30.272131065964018	31.260031958259507	27.91673941553384	29.144672973221926	34.00662511247128	34.71950315174139	29.790709485875844	32.909964992591995	37.18037254754954	33.96362749153111	38.46934874733192	31.222878800993072	28.014353835866316	25.890317376287463	31.02394135381873	33.826858437644354
27.78862954817763	27.585070876969127	25.450078332846456	23.26131623517073	22.347469471396465	15.964280585086406	14.543793432760161	10.019738211766718	10.23999275623324	0.0	6.809020879475223	3.8250672866668936	9.14884518677153	11.214223757574802	13.250309603889406	9.166399781578455	8.945901220860753	7.574048477199192	11.981337358464666	13.240784344200419	19.55043103383782	23.816114118610187	18.770926239029745	17.92417970141623	13.443615959802207	15.888174768648776	10.049981964323004	14.94203351616969	15.646406333874458	14.416264576568178	20.573749814814754	23.57962938662893	18.74733225810981	17.859743637692766	14.635892450560014	17.26458080151417	13.307515850725492	11.453363325973871	5.974599935919513	16.790359516466374	15.999037402564435	20.788418431077734	19.25006525309072	17.136153881460917	15.157456611127788	18.47603240771076	24.236453113736584	21.44193903321277	14.296148216226413	14.119038765385698	17.20678728007029	14.278032796120836	9.334195054014197	12.717777060573413	17.33064733900364	10.858876007121896	8.161299391254724	11.866113784114644	18.626071772637726	12.081139803849016	9.719557946883768	16.32873175710309	16.830503240878457	25.499957854260877	25.680109935063246	15.467474185893666	22.65690723091549	17.95424617709561	24.56516753636219	20.623738188015075	26.04889276541401	31.059752897970483	27.337770999095167	26.197113160473247	26.04513629155862	19.78207081927367	17.35909249444731	21.713385713694887	17.32118825529613	17.09861654210369	13.696346528149393	16.54760167103203	19.02694540472289	18.21040527163956	23.052026741208362	14.098392719819486	22.347632482783297	17.123331998921024	20.926819103390123	23.25498653352655	21.21347172975489	23.67931096699582	16.041332738071613	18.612331731549133	24.602848651756478	19.597252734826373	16.11059295949416	22.385203328847	28.076491570428797	22.29002227560388	22.70321331837336	18.50110291902805	18.38808399724773	19.402226815794084	24.816175834854004	21.87199726774073	20.19306065362766	26.716974406729186	24.488421627404005	34.475670105670005	30.027544237353055	24.760575441977085	29.774793047117313	28.967835602897242	26.257658241440033	29.528563520802518	32.68898876835329	27.409269956543675	24.0310236239352	28.793582479636473	31.446234024518485	26.3976016996679	26.034306251245557	31.58508940321748	32.08834901443952	26.019047542789465	29.413856182040714	34.72840469308217	30.364400282045192	32.561090141453086	26.52274731455261	21.992382540203792	20.314992095320875	26.34337700074228	27.324654582308302
22.883148478754546	23.370328626246057	19.57230902033832	19.77831816727761	18.422025199367653	12.275246878214466	12.209605657441568	5.630251432153816	10.821032212297911	6.809020879475223	0.0	5.805198232738778	7.866754631831297	6.9177969272846935	10.261602368118636	8.504835523637054	4.705501680958752	10.800128315205754	8.525839959699189	13.502109416948374	17.00887441755071	21.53604909069369	18.18471000587012	17.855178311719698	15.13959653083859	15.01554488444724	11.39229029714601	12.189052789351013	12.943694589626165	9.347021995559421	16.55107830058917	19.06990845109385	14.040311228648223	15.362384696329663	10.260578544907618	14.486339156989068	13.84668710936203	10.938511326899427	9.080996301469423	19.049714809834644	19.511713725568693	21.502928999211644	18.440073906427592	18.606869977545895	16.125600817703702	17.82218073301081	21.765385834431378	18.255001631913387	12.446746161639364	13.283508561800218	14.53339554227073	10.25799553187962	6.639161937788269	9.011423617707452	11.183277270830915	4.526471013126259	7.116319285241276	8.325122534968852	11.817982613706919	5.8991178268848055	6.136723232090811	11.215130377276596	10.89043607930822	19.925447623303054	20.36561214206657	9.665667616164548	17.1771346536131	13.699951166890818	19.180280440379715	17.466691350621225	21.6932163536075	26.683072656488463	24.313415830264727	24.17590115255965	22.984764371939345	18.750610371018674	16.645008876904754	21.850557016540936	18.38410604777581	17.640262077138097	13.242321432958	14.65520555097204	16.68093531341915	14.074095352224749	18.000433134925967	9.32455873967937	16.312349122778283	10.571099020295257	14.872285746104462	16.834652279923414	14.50911924591617	17.613067895304766	9.53495667348988	13.036963949611465	18.155793478928757	12.983506253365398	10.252429786955547	16.78200128977387	21.953272540000032	16.351505506899986	17.7135526539508	13.556539761066368	13.630374776179721	16.3920117416296	20.18725097782101	18.635219441608914	18.159169351620406	22.921122982741434	22.320281623386602	30.58319146170353	26.73155105230613	21.421004191812752	25.488346890710964	23.820152564931554	20.640973426124958	24.98929139923867	27.489934386102153	21.12915180007628	18.434939251633978	24.32937271019957	25.086974678583026	20.331285594908746	21.35618672293574	26.137685738040588	26.09705399253012	20.607716897953008	24.903255777246212	29.02968839663288	24.565157156372283	28.5604774153527	21.218732543443746	17.50462096681407	16.519702099049677	22.015642363859836	23.427026068680235
24.239071872861977	24.220702497745286	22.49812782426318	19.990017950452025	19.855193748728862	13.213761135363326	13.31296616907093	8.814969860952788	8.52921521891201	3.8250672866668936	5.805198232738778	0.0	7.4448602637904875	9.574015995298375	10.605518826206884	5.69780414697278	5.854868127938314	5.841981207512263	8.958883917397927	11.764759289415139	16.285713500127912	20.539869045313335	16.667865087228225	15.00783345050048	11.591713167260458	12.358198297338564	6.778229820418749	11.329810746432479	12.554848034365726	11.329659123291883	16.91934806231923	20.215939740620655	15.968959429982185	15.539480175750773	12.741363201060151	16.224853853613517	12.110596398354645	11.510564786028516	6.866188554472152	15.766219818542258	16.13773259786541	19.1658563471453	17.45233683372249	17.21299790976385	15.898303188440456	17.600623786473196	24.154847882988456	21.195420409093447	14.0382387156942	14.970603572807104	17.719736067219078	13.292556356614584	9.374717176183127	13.432400597455826	16.359632109696747	8.990095460509236	10.339027572584767	13.06129197432823	16.899018928622898	9.574407852109557	10.637345214713127	16.641082550019416	15.620123361125323	24.51823522573564	23.952833628292062	13.679559487502159	20.1099840023901	14.645123209251247	21.240750654043794	16.95712245121852	22.37125786883752	27.374861098369184	23.518493545108505	22.449646523555888	22.292803380066417	16.103554267369034	13.822458060158116	18.78765878479478	14.539343522434166	13.721044904559905	10.464506119400406	12.75159880436108	15.251454212344981	14.57792803512487	19.59748752937354	10.760004105046043	19.419419590526477	15.372859485102929	19.604678513424986	21.056041377945135	20.004551862079524	20.701145900037062	13.667931578165732	15.531021789197041	22.366097087650417	17.767674871392135	14.215552937255225	20.108313102327312	26.583064313132134	21.350067095283308	21.383762301671183	17.631720444204706	16.289075834502803	17.635903982474844	22.083986381924547	19.14705039752878	17.317785510737053	23.453297645194922	21.148119009433458	31.012049467860926	26.24532020756099	20.99066265044972	26.23547038324529	25.47386836040826	22.975623968338265	26.316897956442755	29.611566105548725	24.711421678129348	21.095151120886573	25.928376940792973	28.931958706361012	24.150433783702724	23.76011956315801	29.386452535560615	30.38827509486135	24.42126623069646	27.286425694528578	32.7160094482791	29.116996944556142	31.645858423174545	25.583249722325704	21.49559295940574	18.963396360249718	24.712910275010984	26.855729932196276
23.42599455897149	25.816812893271326	22.472139419083152	22.684098132452817	23.543227522858242	17.009758895420735	18.93964932378102	12.990894499862407	15.34036765992331	9.14884518677153	7.866754631831297	7.4448602637904875	0.0	4.4686887089192755	4.821875769826173	5.5873535534169365	8.134122144915596	12.627788094630382	12.747868415290508	18.492193526941783	19.771753095037457	23.904162498596527	22.61010701958441	19.865696358994303	18.160184926836255	15.637172798523716	10.859409842026938	13.866157281497387	7.770380972351083	8.788565215565564	14.910169554705028	16.38700289991321	10.829131601276737	8.787147344702271	6.651142189976866	8.97612026602198	6.082975730655743	5.631702147811566	5.9232678849817315	11.746157305104909	13.057816716708459	13.713107143648692	10.770540013809526	11.644313696560143	10.573593675154171	10.506009744484073	17.370302802193695	14.662285968431403	7.444683470854688	9.866647579318732	12.45573463253201	7.237390110300342	5.6532808265566175	10.802033783448952	12.977590525646093	7.575541651436724	12.447980917987739	12.431160410630099	15.519644822924015	9.769205299974816	13.437401509416052	17.98099706477344	17.561432650010964	26.607497598694774	26.54676795829538	15.944964574544946	21.909589832792165	16.62668741484679	20.744410329481813	18.49020089449782	20.64225569614898	25.246822102468006	22.46978785019379	21.08803518865409	23.03469195696447	17.640700425069475	12.710565216909167	15.75096615744613	12.778744842412022	15.277300260693027	8.157325621511353	14.066544401614893	14.120646123331923	14.874888711440335	17.45838499374733	11.511539817515615	18.859732501902066	15.919890812496538	21.11560429770311	21.2794377521916	18.750533878603346	18.474050096224484	12.042652487609747	12.892587588182465	18.681824256795572	14.791476690318087	9.875486722352328	14.884144105033634	21.772597647321575	17.038467980643276	15.24573859158769	12.129642199468181	10.233841997526376	10.369861625107145	16.379575320717507	13.024442199647355	11.853254011157583	18.67871052932786	17.06426036171537	26.825883968183682	24.323409717248847	19.205162206848275	22.762069100626256	23.435345702289254	20.88403203018771	21.591724418645757	24.94232815228402	21.351058025023715	17.034261729087675	20.267574904857728	25.073123167183752	19.422792360425117	17.420946395511752	23.530390177926524	25.12636877851329	18.526284314423336	20.658259229954933	26.99307647714694	23.808351617277193	24.688988883432906	19.956730693993553	15.66556202109896	11.949405849948043	17.838034816454094	20.304967538847603
21.599416962022087	24.411825063422704	19.635549468177288	21.814487298356354	22.041629139101406	16.007143208631756	18.168892471503003	11.702119352072737	16.31031028976598	11.214223757574802	6.9177969272846935	9.574015995298375	4.4686887089192755	0.0	5.015721325470541	8.14036327322459	7.694309724749928	15.029076120831517	12.242995334148617	19.171075326763347	19.597149565859866	23.840951640380414	23.031704853390817	21.094660024945313	19.83455630606341	16.8462239569431	13.436736159148987	13.9236238978843	8.331413894944742	6.679004186426472	14.021727040139794	14.845067766287654	8.576695813334808	9.08156788118018	3.5351914024023388	7.874229412150682	9.551498756838754	6.9871276989454145	9.259701711903459	15.683629177670571	17.101977431882773	16.65531673536042	12.603584864593396	14.403647585559114	12.424570406953954	11.931665894816868	15.99794389669507	12.586578247756997	7.093189066768025	9.797141371411493	10.537343298891768	4.120789312701936	4.561900466858394	8.230461464302683	8.563438759970493	4.421353726298837	11.700297888627379	10.161298125217769	11.416038702803297	7.286028620999596	11.810245123514052	14.897937114093232	14.540942428430359	23.294364346991312	23.713283517716196	13.352148574307654	19.352984994116824	15.408358028126855	18.459264149992052	18.158066588167394	19.378096119175915	23.941033513087568	22.38139453414563	21.876126946848842	22.767018452411605	18.967300461402562	14.772143017642922	18.408985816756577	16.11654607803172	17.741584214390944	10.853390345729856	14.908534002253354	14.799258780663301	13.89593640189727	15.484602062629357	10.141114607700294	15.906375175677335	12.486282532561791	17.754891996270405	17.784018337944776	14.5001308784474	15.343880758126177	8.425164417526185	10.21049697897827	14.6671454908196	10.467882413726128	5.622112531262611	11.419223315331237	17.63716917727725	12.733703214437815	11.815086204888	8.362742180773598	7.260502169372173	9.513810658626735	14.302317986034154	12.518820823334273	12.8204244051131	17.80522399898626	17.845099558505034	25.91238446029295	24.013408184371553	18.90934921089747	21.509720026132555	21.366179028492418	18.30577406073221	19.941653876335057	22.595667512561505	17.8041313469422	14.14792314216294	18.49456923075747	21.370610938987657	15.68360489085553	15.008211078981915	20.414955675456472	21.265145106315156	14.966099090334344	18.39892220034228	23.593654562084847	19.86310410052863	22.29444877831371	16.212273911721304	12.367119229345327	9.772014574955268	15.408253260137375	17.695892468014616
19.52448991074693	23.004006579635558	19.49853736547631	20.61693982757436	22.427399351326173	16.34497917398952	19.90811867108923	14.343120395447416	16.937938633618348	13.250309603889406	10.261602368118636	10.605518826206884	4.821875769826173	5.015721325470541	0.0	6.355806893014658	8.723349724609626	14.9677461654303	12.612535634383837	19.81772850041292	18.35506339043961	22.15937336669159	22.891202174755367	19.5680105684947	19.451654131906526	14.681297597403978	11.830677357941621	12.475531871133024	3.428429155312014	5.769972861378553	10.78000701330204	11.640672905870266	6.362491743501965	5.38054243786277	4.591884613842147	8.372654747136751	7.661445700736035	8.94269457162241	10.698532812110413	13.009841065610559	15.771122625357389	13.095912983478858	9.2636428995792	13.790024731718027	13.565946659619906	10.639538870220534	17.44866911703622	14.648069032193666	9.135928003259636	12.76405086545125	14.096087448836508	7.35753168045782	8.888511583065672	13.151067033670392	12.383619788462399	7.854047009247037	16.038329672075157	15.124568049246907	14.095638783204327	9.156741202249696	16.021409896969622	19.315590860650286	17.556867764078802	26.204175675819407	25.548634641242593	15.672754050560432	20.106265734489067	14.691430624399747	17.274086816343715	15.949777018085397	16.381147676285305	20.761757978613613	18.559098608172377	17.454359548641776	19.830368973098434	15.624836741046025	10.42650825653832	13.572749577206386	11.864345842213114	14.260364246081648	6.7285772497371354	12.048471151273475	10.7952861720885	11.993743744728494	13.26864113786512	9.735687579809538	15.901727796194974	15.088963772833129	20.538396012820005	19.31152244213222	17.718300788147477	14.76616257220584	10.104895514230126	9.177515940922488	15.476496166286088	12.73658934829257	7.874809181650128	11.265109566739422	19.279666056640043	15.788849466434248	13.161919022016843	11.353482695299032	6.952904843751181	7.847403953469791	11.888955839909487	8.693336385622063	8.038287891153562	13.917153127815615	12.980589031629593	22.06529036825316	20.044180095759163	15.062264616893936	18.008572467996753	19.10001344789484	16.78423298499625	16.79067094668706	20.256554731837493	17.502995509762965	12.692727005766075	15.683513086935527	21.255955654118136	15.864236088434943	13.54372688724929	19.759823625532686	22.146387013215765	15.800198524696096	16.987493806897213	23.470119568251302	21.532657833227056	22.84952547407687	18.289866898556195	15.061720998597327	10.053110935087934	15.018753060672289	19.374921307788547
20.61507735117374	21.948186123158916	20.476267321931655	18.347231896013504	20.00178048876255	13.375112080038123	16.119767976955885	11.690401874147883	11.483655091990126	9.166399781578455	8.504835523637054	5.69780414697278	5.5873535534169365	8.14036327322459	6.355806893014658	0.0	5.914229712689039	8.766572407139735	9.1597498096798	14.518077544296306	14.988592698684565	18.924314018438082	17.947717739078417	14.460766090354733	13.4570155577082	10.171711108593223	5.6282892021386814	9.185294335962864	7.2699262700756915	8.013788198597354	12.237191459416872	15.34947318650172	11.787846428102055	10.992358233629062	10.056228695281767	13.795570966825714	9.326348818575113	11.118462697763887	8.745815072572173	12.993360802408636	15.089467079492023	15.136123526601452	13.241600048816261	15.723810349092943	15.615432494172708	14.769300363385037	22.634685254675293	19.844211196740893	12.968885714479597	15.378297152585729	17.840029133972948	11.910559535848254	10.280894551042442	15.057033437463128	15.974860509854556	8.810027553878125	14.655098495341983	15.81166816473631	16.37881053715913	9.043818608144264	14.551382520528557	19.38165769123912	17.116233331458318	26.029619156292437	24.737105241929843	14.709101930450686	19.547243565430307	12.93875785055468	18.299528925399457	13.977382450632305	17.913062729140123	22.720704499384983	18.761558113693816	17.326102471537194	18.62828432710232	12.415686223043437	8.60181312151119	13.59411728531864	9.943278748612006	10.088308229185316	4.978257542118187	9.017170012632178	10.18216498241578	11.281689188643995	15.539989649032231	8.664326281510801	17.273462002394783	15.680826106188182	20.64522147238285	20.392608709884367	20.09053929792093	17.668539624608734	12.217994971371002	12.124980286683135	19.907709477823833	16.38001251974684	12.272192230256493	16.840415102791994	24.577982181889745	20.406772034324106	19.05337527154885	16.35664019531367	12.998841033705716	13.94362790030175	17.548179872703553	14.113431171044727	11.89016993850973	18.111959502048375	15.452615453733845	25.621381859504254	21.20482103757315	16.013534596284003	21.153459999626996	21.3981293810784	19.36495814905555	21.29783128054326	25.003795190649452	21.60229839975228	17.183506393264768	21.075159524466763	25.84859177197698	21.119998302412373	19.71383615123093	25.72310080211725	27.807102594945825	21.750649613915254	23.23133796707475	29.393345099739275	27.134369523959787	29.03202240053204	23.886022177199077	20.306983107745005	16.142533882306697	21.36118889892058	25.11567956469181
