0.0	5.355887786399863	7.329400137353941	8.832723692743476	12.535167934455025	14.366318071747758	19.437767728592167	20.745597801712165	23.661747799975196	19.72871481583395	19.293465454436625	22.47075179010512	27.028519690625014	24.89510047631675	20.456310223101987	24.9606129261614	27.152153024705537	22.711646854140554	22.46981878154003	27.7481381941221	27.157222368525137	23.14304911845371	26.79156455820709	30.72430928435639	29.3850673271923	29.831209932996064	33.09575870264244	28.030943958259257	29.534062279003766	27.294656530357297	29.713475486098638	24.337338495088314	25.210194132327885	23.360438914774967	23.013209806760337	20.806330836644666	15.834424720139054	17.60287511123489	12.222982940644469	14.9473598227263	10.54477749350635	8.890535183864772	6.62326685969469	8.412106357886627	8.897679194617508	11.877147217170377	14.801697196709462	19.7913023295047	20.99930202907246	20.153979237489178	16.651265809119053	14.926376414714888	19.757539846689188	17.980777979551707	21.06042491891147	23.506378639819804	20.780283271273063	26.522678262967197	24.741202206729223	29.336731890073438	31.438097820044625	27.6800808685796	31.855421092882573	27.160799413866986	24.816373133601203	23.205230216309317	19.04678779558606	19.45494829027437	16.903755672106076	17.64819845067602	13.765555269946336	18.10433811085508	15.609349890025506	18.861755823998614	16.833414709585224	21.16921436281687	19.194517649631237	15.110557611227334	16.32217759866525	11.143463766228606	14.421911382615459	12.663965627694004	15.849204672371906	14.333724857950672	16.53345774741913	12.966114866168935	11.540839844362672	8.768905673893643	8.13951000598861	10.961440858357511	10.872232973184	15.811053883766249	17.27664217472507	21.205873778818436	22.53299750851389	21.725801429440192	2.481592631043838	22.377702662479557
5.355887786399863	0.0	5.96487271869501	5.249760167780433	7.7548731854513795	9.882486106328805	14.641728933846169	15.631604319281312	18.856601829163836	15.52621503220759	14.940166244635922	18.774985340626934	22.786621035348354	21.07779174377508	16.11397794764117	20.153974918745178	22.783173379351886	18.58114080634015	17.604504525269128	22.930534566310683	22.944339806642798	18.78867879720757	21.96325514148505	26.178896082046926	25.3504917231317	25.86271778089557	29.34139263014994	24.645240558641312	26.314087442627386	24.75294085629227	27.580024551233528	22.46936136174802	22.195682152094534	20.508372224643463	21.22892779959031	19.415540635181294	14.293723701976143	17.746800621271447	12.30734136144034	16.522889013532758	13.024757841510405	11.78832046276096	8.0164479056149	7.228979349171113	8.322987407900126	13.167633522595507	13.964282256195707	19.322117040263098	20.629816275364597	18.609791660294853	14.940506020122411	12.934980053657519	16.94154621124557	15.723407235061556	17.578423100069983	20.61887514791447	17.29213798713097	23.256626752406003	22.286640054861728	26.250545550884084	28.91576100810084	25.650973305058255	30.354323413606878	25.83355866801103	22.862431819543602	21.539335270793636	17.82356464053335	16.70683687934832	14.347088781768239	13.61996387163404	10.781765263304662	14.251837096706005	12.126169623285847	15.826332354853001	13.017165927585252	16.665917429938407	14.118338695518256	10.792196346116105	11.490978617978074	6.971492177238915	10.29751124108709	10.498407694036864	13.668628412106727	13.765187853535176	16.149929522199592	12.601776534475562	12.357951731663736	8.48953914529557	5.418595543306571	6.767146352677663	5.521031588641086	10.643759631784848	12.058627110448887	15.864629221946124	17.301824026538192	16.761336983918216	6.092845234586241	17.345968877793695
7.329400137353941	5.96487271869501	0.0	4.646998971525657	9.190426730789753	8.485693142284171	13.872124821924595	15.831162044334251	17.72486846367006	13.100993822110595	13.35710062451197	16.36270555120319	21.03799910719582	19.675219596886322	15.401429369155416	19.93547095132844	22.54250620099427	19.01591833576213	18.972831531734613	24.07540548657676	24.203563412807082	21.112920038422004	24.384798414652987	28.301801112154337	28.239796599666715	27.74348403049209	30.733068138676106	25.906336001837623	26.35768395573349	24.996431681629314	28.627229019366315	23.22592710700621	23.418293695076496	22.865390311162475	23.28874800360027	22.666130771427873	16.96930509587985	20.441849072863327	15.632601352686429	18.22404604015588	13.929402652370063	14.664330805573913	9.509255764366968	11.439663207701335	13.846786188982541	17.75596039087047	19.11046354731741	24.281562928729617	24.7124806730574	22.87905138876799	19.91681974500326	16.82683358193883	20.12122678488756	17.378910452632482	18.92784826823148	20.472339724349148	16.407205928777547	21.98606865364061	19.69542494198728	23.62968750767261	26.172508527871287	23.02380778029996	27.806532825038833	23.81031728812467	21.84310197619552	19.347602482477512	15.156862453508344	14.758769904272429	14.281776327206776	14.756393102573362	13.348565210929255	17.751464946527573	16.786498138179482	21.039893048181778	18.42061599061095	21.398701539258262	17.924037351875455	15.682994858307778	14.414086138451326	9.657227585148913	9.754316645180397	9.434673355618887	10.744610480157036	10.119751422556574	14.132196261411968	12.453315076146364	9.678125190304742	4.859749208940169	6.524399728860946	5.535463561560668	8.96629896801137	12.149495212668596	13.5110299840285	17.757385002694374	19.099573774083897	16.942758417298133	7.527636130966377	17.217276910433444
8.832723692743476	5.249760167780433	4.646998971525657	0.0	4.828887631243918	6.521475837520588	11.003093579728443	13.624938927768365	15.502305575333269	11.705088387938753	12.820266985843261	16.969723647641704	20.782562187768267	20.22898785542514	15.174639288995964	18.776697866444596	22.23445205486075	19.01377187088317	17.645844656763778	22.817816063877334	23.82518477772898	20.25033036381508	22.689454355975453	27.121007797563706	27.34987201281323	27.391369695888272	30.756259773280092	26.39284992407487	27.34901263573118	26.52788168772646	30.14523402046853	25.07734679462259	24.278980466688754	23.411210698476697	24.659335738997363	23.63794701173487	18.278785886924197	22.32702037594611	17.156695602039605	20.95908919239742	17.103033837521654	16.65719366738665	12.182682521881118	12.185141036334281	13.381010772096797	18.404481302333686	18.95520159761797	24.32363710626248	25.522695206337367	23.12044830863494	19.59004110623595	17.26126618325459	20.358223478362696	18.741634044519582	19.4173555955545	21.8854303273198	17.415835624645887	23.199933752703146	21.838322885659537	25.02777192062662	28.16454873883779	25.50580979795108	30.6432450780255	26.738610736560638	24.1714815167691	22.126907916404594	18.381127097443198	16.683862083445103	16.070511985729958	14.840928117506671	13.99860297754085	17.0422115800368	15.748009987849276	19.618564511293	15.969663346556546	18.333972202189866	14.807869101998858	13.562469023942452	12.876279691792588	9.497645889481877	9.994786977767637	11.895635318293513	13.378719472082416	13.993189138846235	17.720847255695812	15.508006488090542	13.924826246171028	9.115601401656361	8.182410017142226	5.103574809814646	6.095998148666332	10.139082947849705	9.800838969158457	14.856239588403202	15.234049719837788	13.355681851297103	9.906072788044298	14.122561380854577
12.535167934455025	7.7548731854513795	9.190426730789753	4.828887631243918	0.0	5.763131919722524	8.045688807191828	10.629215743343645	12.77756284445809	10.563876317825963	11.867766789179797	16.800118426041887	19.48693967308144	19.63235440895962	14.115440525844837	16.493624234776295	20.60003323635994	17.847854820954307	15.190884663714103	20.179993066172077	22.057547185347595	18.243916786420172	19.692794327068427	24.483718444273485	25.13477030863748	25.591655054705278	29.214379066288487	25.471648336794466	26.851458862355155	26.67065693717498	30.27641282095586	25.72407121014946	23.857934810239815	22.881215560074008	25.029013066378898	23.966947648516808	19.131756901822197	23.843284705809122	18.81076024824056	23.512269452466303	20.36925683363753	19.443379049559407	15.306695988748473	13.694396833773279	14.281877199033813	19.92283911191273	19.211756193342374	24.465834153451237	26.069739834383835	22.983851708970533	19.31716519290008	17.532856113451544	19.849546463531784	19.304931210120905	18.843593197361855	22.051227169434952	17.41000984494218	23.096212652062288	22.83200987834707	25.20414965974872	28.832292129188996	26.717343302092605	32.10391757226329	28.3626068051113	25.210676208365225	23.729683190623003	20.629484790320994	17.68726455312863	17.037589736659054	14.17352856628062	14.37547745495963	15.71036448142382	14.594318544122793	18.03587259651071	13.620775310196533	14.794080648208995	10.998907097473282	11.457223260866254	10.842796427692983	9.778944332505903	10.178006120429188	13.923302974351177	15.386563359902118	17.176896821513697	20.433149896487183	18.0162510816868	17.62427953809905	13.015936259578323	10.510084819539829	6.577784381366159	4.526612454503564	7.764017363215151	5.380157632586085	10.93672426921608	10.550189480891346	9.357350640448658	13.624663226064634	10.472725067209895
14.366318071747758	9.882486106328805	8.485693142284171	6.521475837520588	5.763131919722524	0.0	5.619056987215519	7.761254555691967	9.367079930592334	5.688256103922872	6.650146608744373	11.284015144285584	14.461927088025078	14.688113894675471	9.608007969112592	12.672295485084724	16.532428182047973	14.32899499634926	12.827065270885534	17.555240918494196	19.270827709712428	16.64967099050319	18.495862917383793	22.703699311545297	24.033180171588626	23.364142989101307	26.46988566812242	22.65758183216084	23.01430636982714	23.18072306884047	27.48816427519723	22.917007606881757	21.113648813187943	21.257805389291015	23.36783193917191	23.584291505611446	18.36945531895657	23.528533280100994	19.229783845964025	23.089906415139286	20.059229402749125	20.69066743580657	15.338809493948503	14.774434959363735	17.159179180855983	22.142400670618375	21.30930156096743	26.362865495338585	26.861012502366666	23.686706891354675	20.959500730602922	17.862801967320355	19.16426294741088	17.39112098480955	16.259552588480112	18.270789990729547	12.98652432900278	18.336713190066867	17.60938551029291	19.71651381417702	23.39918661022457	21.56169572929731	27.09296087096852	23.820026172029948	21.094614965703563	19.11517002889628	16.27892195463593	12.939904253470418	13.82285205022311	11.500062968651314	13.401844527451894	15.471570226822188	15.839817166090043	20.08744628410202	16.735101074449723	17.5695459324154	12.974436402862418	13.678333863067198	10.46551303153042	9.259238523766825	6.3543038671268555	10.88523342587341	10.839660603371321	13.425590336840354	17.01388523203452	15.938780426928762	15.189847760065225	10.92544476541976	9.66352262770862	4.012768630783551	7.0349645987534695	6.279255527919317	6.631690736350151	10.527965629505841	11.807700964433597	9.104120619631795	14.642639862433189	8.882653434348725
19.437767728592167	14.641728933846169	13.872124821924595	11.003093579728443	8.045688807191828	5.619056987215519	0.0	5.545717767516994	4.857100751765113	4.619655606141805	7.595630009861364	12.301454220237707	13.333544366777772	15.420530561349707	10.665283386466156	11.11973807720415	16.09961959897053	15.468796535602287	12.5887677389769	16.33728590664379	19.575352973931203	17.429847818136622	17.622741085270114	21.976542313534992	24.363696171613388	23.78861302970163	26.889888841519763	24.080866852809677	24.3926680946892	25.570195013924273	30.04668878976087	26.152420602865426	23.2845134289997	23.72553835430387	26.67756375888831	27.113476553976884	22.44225551352123	27.991996234180473	23.882423233849174	28.175895357396104	25.474339568685835	25.804086904093296	20.705971338204773	19.402543308255535	21.20429811066886	26.555569384464192	24.970937933867827	29.84257840770492	30.625328261856332	26.93805143142248	24.230542943014598	21.6115930490918	22.004702333557205	21.060335054191217	18.595365077725937	20.776789162001048	15.318192371957306	19.78155439668002	20.01873043664897	20.557387888576653	24.834385241940378	24.0316948175755	29.723191012895917	27.081325200115458	24.196708062677825	22.520803692117116	20.465408564947435	16.19112106170076	17.707002981322734	14.133600826758713	17.32793129211331	17.74871676942587	18.54208664579384	22.209218391474547	18.33068710491941	17.501441068474662	12.69825869674694	15.721567186159076	12.367323778863579	13.508795122737153	10.392722331352395	15.804727405297042	15.204991737764535	18.4306033475219	21.83196956915629	21.001489749136226	20.643230866186236	16.509365164650887	14.923316257213804	9.53080999615453	10.469773731836774	8.023940066807507	5.27315083660087	8.476021175742652	8.075078330896352	4.022583170259893	19.966017599040526	3.5311063048964444
20.745597801712165	15.631604319281312	15.831162044334251	13.624938927768365	10.629215743343645	7.761254555691967	5.545717767516994	0.0	5.415568869946992	7.269744208284754	5.71902179668641	10.148091574371117	10.24939081786881	11.630680955666707	6.779887168385265	6.224492547453265	11.155574207077645	10.584551719326456	7.179308095449674	10.831903180446576	14.151817812130815	12.312761660243089	12.329733981624221	16.480278359668233	19.082752613630877	18.338080589998015	21.447065354806746	18.966272418852565	19.58419668876864	21.122629201144797	25.451415459902318	22.138907987239843	18.555990052225635	19.209802334586254	22.681410323360655	23.60087796479608	19.554909485848786	25.45252685284365	22.132533161273663	26.55940425716923	24.817836665126606	25.422312907514755	20.403083963988994	18.378199053247474	20.74226005852329	25.650334105850817	23.108294470216187	27.44429719518123	27.738006175416988	23.697256389786894	21.72140431217561	18.899805535001008	18.06708398359721	17.592735689650333	14.121198554743172	16.635762411588004	11.691578574016704	15.836181706181474	17.46202264251706	17.79172259149597	22.045279174917333	21.35949815751424	26.906654353043386	24.205792248024032	20.705144404782075	19.95421348705088	18.799457318332642	13.708019234242453	14.765813507300157	10.23877191610049	14.62619016570891	13.917129634935181	15.769847933377916	19.37234632868977	16.469507733706052	15.118720836616008	10.268529660140102	13.605030143709518	9.012540031014533	11.949608634325958	8.699784201242126	14.440016810517822	14.17984458451032	18.18047834659886	20.350593766491805	19.424113821599196	20.521567123482647	17.21096297344552	14.52709946760537	10.43692631732888	10.787571217635882	5.64995677795893	6.450816885772019	4.868767389259287	8.079833063252998	7.110728119964751	20.75942799891115	5.2343430171524785
23.661747799975196	18.856601829163836	17.72486846367006	15.502305575333269	12.77756284445809	9.367079930592334	4.857100751765113	5.415568869946992	0.0	5.459880622322718	7.440545093130851	10.761254134810946	9.919264701259554	13.403402110610491	9.964949812383841	8.476035120420427	13.592906301596436	14.605285587788048	11.962008102016343	14.284572550185642	18.191070036852125	17.334273611620226	16.75771110641504	20.44860878504539	23.80484925849571	22.58250817964495	25.207773931204486	23.145580807984704	22.818650741830865	24.841594486301123	29.629796094100506	26.34330130577641	22.93296087660946	24.178391968218087	27.500324720146097	28.75007636786776	24.421939534281353	30.23192363185605	26.76440892193019	30.810380205515088	28.539573142165136	29.419640378887046	24.065022179597754	22.77673651724591	25.077981586785285	30.17677700588178	28.10830692075716	32.64338042242886	32.944757073939186	29.015106317872085	26.932084937184513	23.996986266709012	23.30798196634873	22.280861687131317	18.782444969432767	20.254718052045217	14.85309979684007	18.045131229326824	18.886958995299338	18.06385616641396	22.624202109387767	22.747300272452556	28.39621757998401	26.488436586544577	23.75642394131144	22.235029277469152	21.07204374021556	16.210455054122853	18.69964396116753	14.984102038785549	19.45610596233771	19.293633554189125	21.027818562146017	24.641218094001427	21.31827677059952	19.705950690722414	14.903625672284221	18.61523865346665	14.31995277003353	16.411670575087744	12.296477726105355	17.81312519882206	16.35107300405518	20.1863019756631	23.204469940027657	23.130966962009506	23.09955879117654	19.53864427080174	18.1499591	13.056913046390594	14.51309544904558	10.447315789652622	9.089490347925057	9.27760479199995	9.676305248206951	6.193605651801853	23.892741961408458	3.9064795636793272
19.72871481583395	15.52621503220759	13.100993822110595	11.705088387938753	10.563876317825963	5.688256103922872	4.619655606141805	7.269744208284754	5.459880622322718	0.0	5.475454817377128	9.018812887204682	10.988063375778383	13.101413998687297	9.324510175782052	10.837768025925785	15.107431702144805	14.814596203236892	13.52299484784049	17.005741663572625	19.603110568895328	18.376487841609983	19.319376342655367	23.035185991925694	25.553578889777057	24.11588962946791	26.704627938305084	23.60289716095601	22.957501275911934	24.108179130560366	29.028849615848404	24.94813206889278	22.642477773961257	23.821635347719063	26.309223120354293	27.461091230563994	22.438713079102254	27.86726472785165	24.128146650413758	27.57190772221116	24.709702214593598	25.98408613202312	20.32233357394466	20.064422077305274	22.75280084827576	27.62403248094104	26.486703696313807	31.330373189225774	31.43582923038021	28.01860899495128	25.78212303254351	22.383865834882798	22.622580342198834	20.567620647361313	18.240025968035145	19.17532407514808	13.410055703918077	17.41049156458259	16.66741397435155	17.14923323369492	21.313935660354268	20.61491714573504	26.30673823675542	24.067825067461985	21.869308516275062	19.52334376253869	17.48526894151487	13.52402696519248	16.323462395904826	13.94615384433104	17.52380173952407	19.011913116397483	20.309294557994292	24.50058087246119	21.274346899371903	21.028789767400497	16.124257828561415	18.213427685665135	14.010988498051098	14.070161137205352	9.487472148884343	14.267340452291274	12.406278737337914	15.650031496308484	19.41040888062392	19.64760088957593	18.580610505022424	14.868689245141159	14.635725383232788	9.20522803372426	12.444351539100243	9.665166119535334	9.264215956630657	11.652706749939284	12.506675412396998	8.38380515383667	19.88440506942469	7.180293678133339
19.293465454436625	14.940166244635922	13.35710062451197	12.820266985843261	11.867766789179797	6.650146608744373	7.595630009861364	5.71902179668641	7.440545093130851	5.475454817377128	0.0	5.172420569888309	7.993575454345782	8.284940012200472	3.9129023288096323	7.153602626468071	10.42922000642911	9.453945655346997	9.232585304823822	12.870099971648694	14.544691956956179	13.682409519996826	15.41795797988789	18.64656948773298	20.883339382588506	19.06468908713291	21.541590167429767	18.19611565846022	17.59942053988814	18.679877097006713	23.586439507781527	19.681601792899254	17.210621504974597	18.682243895822026	21.241374018754545	22.92020290472274	18.193303360720492	23.834104382195555	20.83494274319636	24.15833983972926	22.12204117118675	23.85301226137551	18.149411110779628	17.53763801686935	20.99788000095434	25.290422124873288	23.578671117863383	27.98454396700012	27.46613760554588	23.95441989548735	22.441086770196208	18.57841901341493	17.99208651579189	15.753782785570202	12.965811297937517	13.779033394419372	8.063893895225577	12.40819363761469	12.514221475110352	13.569942923904435	17.592513199151828	16.52378318120742	22.193209177977796	19.60525746173188	16.84482084501484	15.152816370077302	13.756635783047171	8.912650212822896	11.552057920266819	9.026513197337986	13.512937416595017	14.870963614286712	17.014748341021107	21.387790629900994	19.236809973043577	19.204015469346817	14.437578724786519	15.824446308560901	10.61076108993267	11.148238467725278	5.812187110779553	10.79357141948964	9.141638192717435	13.312855674867954	15.836675296901193	16.08056738477804	16.377625621985327	13.601882911840038	12.424729323914981	8.457417301960923	11.671237289858462	7.2144712892828755	10.048119086089326	10.147542063140538	13.407397338297756	11.059612670404565	18.856662699847895	9.272858909737266
22.47075179010512	18.774985340626934	16.36270555120319	16.969723647641704	16.800118426041887	11.284015144285584	12.301454220237707	10.148091574371117	10.761254134810946	9.018812887204682	5.172420569888309	0.0	5.505899328108916	4.901646518882136	5.249948373973788	8.203235561593795	9.080154599197014	9.383019981653385	11.5031183466808	13.645545684182506	14.364468264694137	15.271628008203281	17.34671156384196	19.315908257881848	21.8405269571396	18.90022367623674	20.416747303930435	17.20300443122833	15.111540461710065	16.563285303223754	21.970713975782697	18.41319737381299	16.392460976725445	19.062802652964308	21.187981396046165	23.991023988951664	19.50508613346931	24.843976210262493	22.801775161763914	25.073582151301704	23.422254737839438	26.153713947778623	20.269343921733558	20.42545837217382	24.56840158716286	28.14485740082677	26.539687000382322	30.52805143774846	29.161644727778373	25.9040550767382	25.23630991145131	20.8051868900089	19.46591873383679	16.282732085844266	13.271275389902817	11.918564951116881	6.601054896157202	8.75868537967997	8.147984636591925	8.49724813349558	12.556775305481189	12.02787606756272	17.71406439442779	15.957123890962114	14.01810523225036	11.87989050887129	11.610983439565702	6.821713901161592	11.529055358746865	10.76202825873443	15.633874304181282	17.412868215951146	20.245888316351493	24.699809295232853	23.400354925638133	23.461687812468224	18.899944489811336	19.868976523019214	14.30300031933887	14.470126181564279	8.902022953643215	11.84865097576954	8.622066357399966	12.904569589752922	14.791884272308353	16.587774870742678	16.783032219267387	15.283107755809674	15.19976250912122	12.313934139072257	16.280680753568447	11.844813469622148	15.202650562666467	14.49830655912658	18.13796623343163	15.689195532530583	21.603929661314403	13.62515567840251
27.028519690625014	22.786621035348354	21.03799910719582	20.782562187768267	19.48693967308144	14.461927088025078	13.333544366777772	10.24939081786881	9.919264701259554	10.988063375778383	7.993575454345782	5.505899328108916	0.0	5.458119245946579	7.34386169708057	5.876950055138469	6.768609451976367	10.085820999241589	11.137022891713004	11.2259461234727	13.360448089239815	15.418191282474906	15.888718092667576	17.28072566261045	21.0310860742523	17.86910884827912	19.045215941152232	17.315795197930434	15.090962508827618	17.96713296181478	23.275039105076083	20.858626368489393	17.586956125333405	20.61215301146126	23.59297246056727	26.64789416730938	22.901403129029212	28.531082793489592	26.75391580498893	29.505961877642594	28.289563882254583	30.67161845596322	24.998491469008478	24.35881196494493	28.140750115641193	31.986059023089723	29.622069070925722	33.33401318671074	32.08378559122994	28.363829927435223	27.900487714125877	23.874857150629396	21.56773497862517	19.409896763617542	15.078524321433681	14.037116838151368	9.722022271650928	9.682497846772893	11.432527774497288	8.814783671983601	13.434599524021925	14.629578699878937	19.880736212378842	19.04677042247576	16.85362396842044	15.731403340323208	16.53242509511066	11.440337320484474	15.47139266526105	13.316917879138014	19.016775078489516	19.21508977371937	22.516234925706623	26.465555797822443	25.10946587286142	23.99702910224517	19.53804016800972	21.855398111590468	16.15814055421155	18.042559530645942	12.877054280318717	16.69268878438502	13.995868932743733	18.369716940573564	19.800936006492996	21.327121558727438	22.146629290623665	20.483836313414013	19.650575807478145	16.38564832493923	19.27172449026467	13.929720989999003	16.45010553707208	14.228318910044445	17.694962099596108	15.692315196778305	26.331825536099835	13.238007934313641
24.89510047631675	21.07779174377508	19.675219596886322	20.22898785542514	19.63235440895962	14.688113894675471	15.420530561349707	11.630680955666707	13.403402110610491	13.101413998687297	8.284940012200472	4.901646518882136	5.458119245946579	0.0	5.657701114336318	7.283988726229588	5.155031504687417	6.341553480105828	9.915719563890704	10.640860745277838	10.36182313174951	12.656722839211648	14.773849368561462	15.64159619200882	18.277207919247484	14.718826228569117	15.755674642851288	12.951637936502518	10.498839842531346	12.72690877526642	18.144429488548866	15.494604243319854	12.720991986243034	16.08640796752411	18.573295086369477	22.06660246508341	18.505453532979868	23.86524351402562	22.773915726754336	25.008122675755928	24.369471334345953	27.169870047106095	21.69724828582375	21.21851614129692	25.52002997851583	28.606033028426918	26.272153329301773	29.59842591561517	27.751579601810324	24.33050402538282	24.4775278630242	20.057265619227348	17.46813680969831	14.693658984077672	10.634247972468813	8.655849630411636	4.9824839167051	4.666335065086917	7.364876445092852	6.994637359381921	10.768484026292567	10.61133538876755	15.865014909259616	14.206610794947345	11.484356762030393	10.940380997060414	12.313670620269098	7.157386829452866	10.876736793896022	9.855421862178833	15.326570163842085	16.086999506853743	19.70069388763495	23.789899586074792	23.417925516610794	23.158887587096384	19.084671831788345	19.997053996438293	14.236936236099714	15.475917156200554	10.790618036594003	13.187674355146068	10.89151560672564	15.237501453926079	15.456050325508704	17.07891582186804	18.755227479802876	18.043108702873774	16.986340884421956	15.261995789066667	18.24741941103415	13.15363949690582	17.358532830840733	14.983376172073976	19.565921542622753	18.236091309412554	23.77080132367526	15.99135720433239
20.456310223101987	16.11397794764117	15.401429369155416	15.174639288995964	14.115440525844837	9.608007969112592	10.665283386466156	6.779887168385265	9.964949812383841	9.324510175782052	3.9129023288096323	5.249948373973788	7.34386169708057	5.657701114336318	0.0	5.4729956254132395	7.209703969320609	5.561428749786418	6.540499219718959	9.91532530939375	10.769589157164397	10.426478565107145	12.655010238411819	15.32369696221733	17.430615353354675	15.284039568572311	17.67901417695887	14.303410831510186	13.876067796404634	15.107756702633267	19.954359204961357	16.435835261595106	13.483959261863246	15.26925736512694	18.105179517170665	20.26745596774151	16.082539392488417	21.86718358948631	19.61416343774148	22.898624703896587	21.691525042085285	23.60464047197264	18.16184184725131	17.07085140640376	20.869710548288033	24.661143092044703	22.352472488322743	26.259827631834284	25.28951178455955	21.63160488550615	20.790789373369883	16.751029184109345	15.17937800375375	13.099650149411614	9.487140802561155	10.360341985775209	5.021982483598955	9.405568725030088	10.95080899836928	12.162876841451256	15.942180629353725	14.766978570421307	20.230115632239162	17.455535923757115	14.056708339878648	13.326126998406721	12.841945564523298	7.354812462991075	9.363591961162445	6.333310511089502	11.816391058040933	12.526224537296947	15.480156669696989	19.73615204951147	18.505626921140298	18.391617983479936	14.008170131027885	15.046526433463171	9.32105936513218	10.766835266558841	6.043384081461273	10.34451782925618	9.28256405200431	13.775531306961831	14.94545821468218	15.071643004241249	16.67706087145985	14.763815184021407	12.764859772946787	10.361460411880202	12.746522365429096	7.535626964132288	11.866430017845945	10.124364091227068	14.666925601060761	13.528179950369433	19.678123941391377	11.5872460337456
24.9606129261614	20.153974918745178	19.93547095132844	18.776697866444596	16.493624234776295	12.672295485084724	11.11973807720415	6.224492547453265	8.476035120420427	10.837768025925785	7.153602626468071	8.203235561593795	5.876950055138469	7.283988726229588	5.4729956254132395	0.0	5.337353503414887	7.337274188684359	5.793006515141307	6.58926118811646	10.02677321777803	10.740062790271775	10.496706968338142	12.96554591121867	16.611816143673195	14.518953896420168	16.805637724526253	15.130390454295052	14.830727393492195	17.44242092613987	22.079353199684792	19.726160838609008	15.52019794340429	17.488550218154522	21.230153142187913	23.465659841492947	20.124415811792588	26.06087024440147	23.97995165027331	27.735601899103838	26.826443481395927	28.298166886438427	23.141720394186756	21.331215199516187	24.515531650803304	28.64502092682234	25.617571133653968	29.242437413452777	28.566141764481475	24.445780435664208	23.683967718419595	20.310425418222888	17.8611130856051	17.07119730530393	12.273013734266092	13.496235264096837	9.37681882765699	11.357003234607818	14.431695508268364	13.446863999285403	17.696585456491846	17.88251335451731	23.118014346927296	21.159022374310656	17.681493951406367	17.58452780550393	17.90917717841609	12.306856493101856	14.250359786736862	10.175800419025904	15.951182092624451	14.765685143765378	18.00272038427158	21.51155180871155	20.01523218928733	18.380910927821994	14.123498503341194	17.036028242255046	11.56159007859985	14.926735931491477	10.94781654923578	15.72646393476337	14.651284225706103	19.172566809312954	20.260091555446404	20.304717604704756	22.136484465536316	19.969343994459738	17.58882534383031	14.576359811037236	15.777127079151539	9.955757078680032	12.590312155703913	8.930781392534032	13.185774755819597	12.669300725733775	24.450738571307905	10.318958978407752
27.152153024705537	22.783173379351886	22.54250620099427	22.23445205486075	20.60003323635994	16.532428182047973	16.09961959897053	11.155574207077645	13.592906301596436	15.107431702144805	10.42922000642911	9.080154599197014	6.768609451976367	5.155031504687417	7.209703969320609	5.337353503414887	0.0	5.397610271640596	7.399342427875583	5.901419399991908	6.717927423541113	9.963313783744274	10.651919709408515	10.998867005739132	14.563977758813495	11.120379587674064	12.432798439783447	11.040877225179935	9.846620759748545	13.16710914035215	17.87519724194717	16.374771884490738	11.980154785957307	15.059155157500774	18.638990725476855	21.917999038416887	19.317522023027568	24.929282684761592	24.013758258791675	27.037093074316658	26.950456878141836	29.058064558681206	24.070641848906437	22.47241494462479	26.24380698652193	29.503302144846884	26.263994374554205	29.192359638331556	27.63049440450055	23.70482189664542	24.020778498187067	20.261651946596803	16.73506729742406	15.587594371526007	10.292920669702855	10.080552218301744	7.976940214096622	7.404635142379074	12.105855054593745	10.836113450054437	14.366005438276382	14.782412515661337	19.3920455700392	17.761480819485087	14.186228779669088	15.055682060164438	16.67921795431797	11.35931507693398	13.240433068582345	10.341162332375442	16.190888042822365	15.007685973707114	19.002731244176744	22.393955006742033	22.20468511221046	20.963568718718452	17.336067964073216	19.175452364505087	13.597950485472618	16.636601607995317	12.940263179143773	16.201940681193836	15.028710419060891	19.4720265367439	19.275274363613303	19.884434492800334	22.496241944534543	21.453701318882477	19.190947248284196	17.48954807495351	19.025794814739317	13.338344311561407	17.222356571669106	13.208809297629442	18.09930376316459	17.936497483342713	26.190844477739436	15.62510004274504
22.711646854140554	18.58114080634015	19.01591833576213	19.01377187088317	17.847854820954307	14.32899499634926	15.468796535602287	10.584551719326456	14.605285587788048	14.814596203236892	9.453945655346997	9.383019981653385	10.085820999241589	6.341553480105828	5.561428749786418	7.337274188684359	5.397610271640596	0.0	5.4332031689262	7.339644204290854	5.6478404698824685	6.431538299967426	9.684132789587625	11.058725967406048	12.591489375950728	9.945583019281678	12.33638262324774	8.800541850194117	9.28409467060225	10.66567201172442	15.075772435551787	12.454992885249403	8.37859037749182	10.602491505387013	14.015614336059194	16.849307443484836	13.945576280220925	19.641987983048605	18.640734948641505	21.827834122627902	21.919450275151032	23.86131026849781	19.15328319188159	17.350583472665317	21.285601160637793	24.220349085553362	21.06769916633406	24.040818727355045	22.447650621569878	18.633728178091744	18.907793875123044	14.92503754781879	11.68050498592968	10.349751432177541	5.188596676981877	6.754561058774303	4.852554309757681	7.610201380957777	11.504939870364318	12.905911168147142	15.790948647905871	14.442269419772568	19.089180796294674	16.032740784815857	11.615019780710599	12.854933451658727	13.699165331737701	8.622015027065634	8.47825247023238	5.2524567624641625	10.886996547187733	10.156998711247768	14.161111511620375	17.862563706422137	18.13371556670705	17.941419209489617	14.560823537919106	14.930855056451291	9.462519495794357	11.962685613619692	9.336965517609988	11.854162328540271	11.965587180728372	16.12030430420714	15.390320286592887	15.079165098231435	18.419930535023077	17.587718683632037	14.66486603250205	14.18246902466971	15.339802648752482	10.271135991174964	15.373953864788332	11.96294060466314	17.417866227888844	17.666918048974978	21.585861932135106	15.77269465796615
22.46981878154003	17.604504525269128	18.972831531734613	17.645844656763778	15.190884663714103	12.827065270885534	12.5887677389769	7.179308095449674	11.962008102016343	13.52299484784049	9.232585304823822	11.5031183466808	11.137022891713004	9.915719563890704	6.540499219718959	5.793006515141307	7.399342427875583	5.4332031689262	0.0	5.3295901908025	7.344377786216182	5.421617185995692	6.247496959677298	9.891955449301118	12.084937526974015	11.237013808566656	14.625388488891335	12.295276886710086	14.013200099554275	15.62066725636278	19.299767600030545	16.890293758278244	12.34922411960955	12.976246048703048	17.119634779776792	18.570669836829143	15.787633934456839	21.74357051010931	19.745134514475705	24.11843359421303	23.807400763484196	24.62404882663331	20.214420515747506	17.400613001479382	20.262135496652625	24.13178344838116	20.50676553522817	23.827536578043695	23.38278937906885	19.05777638005828	18.323145110772632	15.41468609881281	12.738575403923678	13.249067730482961	8.532482763578473	12.025419834900774	9.218196898749131	12.611218619606912	16.164887313829354	16.871720758948847	20.428977087159605	19.47648393328762	24.37877320450186	21.34945392756974	16.937397265688837	17.845260883691505	17.865612541618358	12.613622840738653	12.029307125546227	6.70434267127603	11.845050816433174	9.30066525736217	12.708350429325316	15.898310374098479	15.00696048832521	13.635023864154125	9.99554710945251	12.164111403684416	6.9562588643610335	11.569761666173932	9.75413342968889	14.060368505454754	14.766410243416622	18.936711429297564	19.157141431040078	17.84539961556693	20.89444870417348	18.89658870250205	15.120345499687902	13.580034769399692	13.124455139471149	7.601782218939976	11.578675931285403	6.953280606463037	12.525742282766839	13.76522050437796	21.883409868732585	12.076831694507948
27.7481381941221	22.930534566310683	24.07540548657676	22.817816063877334	20.179993066172077	17.555240918494196	16.33728590664379	10.831903180446576	14.284572550185642	17.005741663572625	12.870099971648694	13.645545684182506	11.2259461234727	10.640860745277838	9.91532530939375	6.58926118811646	5.901419399991908	7.339644204290854	5.3295901908025	0.0	5.545439047843974	7.2290228268037104	5.244334111776246	6.432130393843267	10.765336950657602	9.006294765819144	11.656488718413483	11.42035683816808	12.756819784357502	15.739293636742092	19.208999923294503	18.26714433309239	12.902813536309043	14.473684436716484	18.99946346246489	21.25276533768049	19.501795704921523	25.22194162173885	24.078271157954877	28.112733614443425	28.345510142216128	29.42460657243825	25.12826027929802	22.325510667274347	25.200248595750786	28.72640067929427	24.668767559850888	27.297233515375964	26.457327480607542	22.052970684273685	22.125659077674996	19.436031904375948	15.589387783704119	16.467468771252545	10.951570984342013	13.29078250762847	11.796219447019018	12.69323698030211	17.520414440794934	16.736791757289193	20.16006709126992	20.254707174076668	24.660638433274357	22.478188935588076	18.178714274532283	19.744427236072617	20.87845466725547	15.523842497466623	15.623670915072067	11.068214790036476	16.337557218930378	13.106505300207901	16.942863499528748	19.36824265282392	19.125035600723944	16.831807065605215	13.953585120700607	16.745617110757816	12.052139204512784	16.75177086989925	14.589430816357197	18.518217117435494	18.60544774770493	22.965675828086017	22.69371227026818	21.991839100547587	25.292372747572287	23.72180639793016	20.227450403009705	18.66683287011339	18.3985806862782	12.807003626307692	16.004187439095233	10.572288366805108	15.52677966450506	16.99274556161939	27.065049939850773	15.005489802596522
27.157222368525137	22.944339806642798	24.203563412807082	23.82518477772898	22.057547185347595	19.270827709712428	19.575352973931203	14.151817812130815	18.191070036852125	19.603110568895328	14.544691956956179	14.364468264694137	13.360448089239815	10.36182313174951	10.769589157164397	10.02677321777803	6.717927423541113	5.6478404698824685	7.344377786216182	5.545439047843974	0.0	5.486009541639201	7.157060056616446	6.048029083444257	8.08494417985179	4.658762807452547	7.346496324706926	5.879282088769179	8.152527345299301	10.621805240264349	13.68196199154343	13.203537865891612	7.612942755623636	9.79679028458264	14.138839846410134	17.177753915130495	16.142670690174043	21.406069943704672	21.348779640029328	24.684267507343232	25.721642380680013	27.275710172153143	23.337681638443428	20.76221843254757	24.195925171631664	26.705228260081824	22.64452697597401	24.614905742013054	22.871667050284653	18.7992179248273	19.93309298527907	16.810440681882508	12.104554229249208	12.722278524868056	7.200293081901265	9.203395797501766	10.136966954031864	10.341146035205655	15.607198714172961	15.972856397804376	18.347732174738873	17.68367360098888	21.378400100134968	18.768131314638925	14.09387848325292	16.711189111577536	18.44290653607357	13.829315391348706	12.87716328815696	9.638606753985078	14.20469139314289	11.350893163584438	15.717891972041345	18.18636970738634	19.40470018378171	18.31652114803818	16.034195816639766	16.888636925327447	12.35968744908956	16.105715766244828	14.624540157642254	16.90836011973753	17.454247601151536	21.417869613734506	19.909726284489246	19.24269092499945	23.384202856499336	22.835796419133526	19.33524016739579	19.275113596249973	19.33345947322376	14.297465101491833	18.877453421073888	14.091671985371628	19.592701124874736	20.943176316571865	26.03279090379162	19.047748149665917
23.14304911845371	18.78867879720757	21.112920038422004	20.25033036381508	18.243916786420172	16.64967099050319	17.429847818136622	12.312761660243089	17.334273611620226	18.376487841609983	13.682409519996826	15.271628008203281	15.418191282474906	12.656722839211648	10.426478565107145	10.740062790271775	9.963313783744274	6.431538299967426	5.421617185995692	7.2290228268037104	5.486009541639201	0.0	5.348408624234932	7.662155106625113	7.455330260522669	7.498389295566005	11.49804265756292	8.788660591211762	12.384026485331944	13.117758932036569	15.491057772196708	13.750533508170925	8.831837200920708	8.29714977419773	12.944124198890059	14.266844332506894	12.912960246701802	18.47141388992718	17.51851769939702	21.84409607668376	22.6581350757584	23.30237292997946	19.82751348000726	16.432270582015146	19.265454953718848	22.10986077654116	17.797541527415262	20.145797174209083	19.251299411301733	14.828155867898218	15.11310237410021	12.537464453771983	8.489248079346165	10.562491109327924	5.994600080541936	10.852609447118631	10.712952172853178	13.5556030861299	17.673418397307817	19.21656044950123	21.885699633458664	20.334017105749332	24.445283075327964	20.897303351751724	15.914680919391412	18.103389252801342	18.557634213817515	14.124221843019525	11.596563918108819	7.039353931080157	10.447213050901127	6.289816858822452	10.477339404064233	12.908007933048857	13.932182356936975	13.201218561109734	11.253175298633876	11.533966495529091	7.721086173926767	12.123634865076076	12.27467792108486	14.814024077705037	16.610623475670504	20.25044469167807	19.105687147541243	17.08412483330094	21.439588243509963	20.320567853844317	15.89294849124928	16.26395279602387	15.059936580019981	10.801709407869712	15.416400747141344	10.965297160546104	16.487733121943567	18.530403453604016	22.23820739000292	17.14046645362358
