0.0	5.71220193027222	6.6074924991892425	9.774772456025199	13.968741164110511	14.753271568558725	9.695701484161637	9.80616960714478	14.8955774508886	13.885217984468078	10.432144140751012	13.964610015170813	17.4027313450402	15.295613499376469	15.070239765073369	19.64175758209213	17.5447508225943	21.28821008449579	25.488830634380616	22.124593560156598	26.108304753543926	27.325417995621812	23.229699204989902	24.028829817486194	19.33939868928458	19.924190522078128	21.270650590460452	16.810269758087887	15.428431240013644	19.020935365538794	17.265577992175533	12.07693317692256	15.038313439275587	18.025628877339734	15.020285587675973	10.95816561000717	12.238922834017364	8.698765346890657	7.665171176728721	4.733302456816094	7.534309343341255	10.982994145040594	14.36939998418434	17.771058872026874	20.719106099701065	23.450588925619627	28.074743645838545	29.09229732871393	25.99033829925383	23.54572413058066	18.916432546435097	17.34858202527353	13.991695883715986	10.321661816444681	8.874764557586204	13.540289734537955	15.322819390970286	16.281182382509773	21.076602781704302	20.778472837232076	25.468880965618283	25.042562945939572	20.75721249666674	18.75138088732881	22.752009706410885	20.122396184537127	24.47614269546638	24.632174068712597	24.593199042066754	29.8536660376179	30.326221736959422	26.208967984385335	27.582772335667524	24.53767634000248	25.243695442940428	20.27958481141894	23.64657826094073	18.23113029588781	18.31236537760979	17.079207390628177	14.692126915726561	14.137824656254079	12.585371787488048	10.046398337678292	8.263402929934816	4.050316468009606	8.191762902904351	8.587774533716184	12.811444927665418	13.383652793623558	11.456860838249455	14.350933546909449	17.37951961617794	17.395637824973246	16.925092672043824	20.56403426128586	22.329890677234516	21.317614587386437	23.08938501193305	26.309105593133157	27.283310599818556	27.570821334578348	29.39791081758243	26.168239033151814	22.883453483107527	27.105326161012727	23.257731354790447	19.979053794370945	23.376005172214715	19.379562439721926	21.16477649693584	25.50618867452992	25.2274421637537	22.267600232926384	21.981099436974326	26.622522785711286	29.027021085233862	26.284932278516408	27.58890229076648	22.871194500652923	25.09629380680212	23.354644612221158	18.690942742673567	19.906532151303495	22.122116498580674	21.317907376584387	17.825902634676623	21.26960033438109	19.803730758140073	2.48666039089472	21.501891168540972
5.71220193027222	0.0	5.708262048650456	6.9340824737316895	10.928444491646577	13.240829741396418	9.45022147598802	9.278602137168653	14.214371494768544	14.783785418918598	12.648614938095239	14.905187150535918	18.53682330515106	18.02321534594027	17.850716079095015	21.844351164886078	18.80246273932888	21.974765349671934	26.053931189847436	23.34136358635831	26.972340849568123	27.525258231738185	23.063842146795416	23.329115698637914	19.06217375873615	18.428084494088573	20.164234462719264	16.611576856073636	13.800899138460816	16.520268597936973	15.863098578751162	10.701102212206163	11.495897933912069	14.658501222773337	13.223516027638128	9.065047926051548	7.76167083934551	5.34996061396114	5.040075129151946	7.448088165254019	8.488746166203564	9.540769143727722	14.29180733961649	16.31210485745528	19.98929844590344	22.60420636753982	26.82411554402832	28.801759048790515	26.057481632133932	23.830302585877373	19.33891197457144	16.942389150437325	15.44082375203299	11.341064346674763	9.354470632634166	13.979007828226576	14.553285390883534	17.550132003007047	21.477939819675413	22.13516215094877	26.224063253864884	26.268040307093955	22.53284396159503	21.27121515549172	25.66551645999072	22.194953826173357	26.839897975227206	26.091858620538744	25.830612243837848	30.588984760601274	31.5666281288212	27.950633855018566	29.492604580134778	27.393198421917734	27.52026600230694	23.13234019700966	27.273754810863522	21.892520366631448	22.059011427782927	19.48379138870302	18.184344334193387	18.261899551211663	15.266070104552	12.909697776628573	13.140967111504153	9.731520683347743	13.409422364495105	11.889097554087368	17.210875753475865	17.422438279458884	14.012790449289191	16.967253867723432	20.83848509911498	19.986436906767505	18.399159116182748	22.802363739162477	24.688501830653962	22.474300153402748	23.91338216377991	27.999955441246737	28.69717854467079	28.12172194917058	29.176298928969306	26.202897619249434	22.22863364047956	26.17119130538068	23.18307756470036	18.975033799016977	21.365328350603985	16.783608277032315	19.477548861797306	23.591412122217037	22.224463492250777	18.834992470174807	19.471632024211363	24.364830246078768	26.405816895840537	23.08834666381562	24.694653735316514	20.727749506655535	22.937607235141062	20.114190371038156	16.10366434565286	18.33845464845821	19.200667626347133	19.030039564261536	16.58745374243315	20.736063524604432	19.81655517693997	5.574113675742169	21.80718011071977
6.6074924991892425	5.708262048650456	0.0	4.2734504776561915	7.5288059296729655	8.878932423179407	4.971112529500337	3.7712802144216986	8.821273940386602	9.361195213423299	7.338888291342098	9.478269457928835	12.83027893820339	12.705722428532416	12.857910613031821	16.49247531908409	13.667517201955127	16.429580027008882	20.725643804563862	18.420159986643977	22.488206915651336	22.721437052584697	18.544944450426495	18.359501415666585	13.716467926654754	13.823680890368395	15.96041630632187	11.971274546307143	9.265431816041088	13.289607494038618	12.879397643360958	7.594581932857235	9.765640718316755	13.759717821129161	12.310991851460885	9.352944894408973	9.527999613125873	4.203040073453447	7.935690339705724	7.703838995100636	11.478936364099717	11.613981037721272	16.704789861185358	18.08393873682705	22.551673481991777	23.938031585728726	28.414082144932273	29.80807776959309	27.639248004342193	24.516403548699433	20.82245059807622	17.459630315285676	15.835703857014476	11.41639889024533	7.332128105481799	11.605327169780924	14.318182439465572	16.2398997776224	21.027395906089115	22.46722557505538	26.09184587174437	25.054437662679003	21.089075228039945	20.59108059841604	25.505316095762296	23.166402461605642	27.853722321133237	27.821031829046838	26.556015463763057	31.56154976728298	31.757597102585244	27.998118018647503	28.48281731480671	26.39887848473475	25.55135047940234	20.993098880899154	25.339428516480034	20.529280801771932	21.97732332803419	19.831253946356913	19.090434042138806	17.383250629873867	14.62847595826456	14.061541940941611	12.762265256884197	9.650669979648693	11.121926908247644	8.102204093231167	13.860720144033001	15.337773664508877	11.50327288014103	12.75689554626812	17.384099876751563	17.496146018210684	14.946607999763822	18.69571519077143	21.534120217596126	19.674767024557774	20.10211208759533	24.173116041642604	25.72031647904347	25.359727200875263	26.330973520945115	22.693990647473253	18.819079968372147	23.61165806775351	20.827552171991176	16.826746256093198	20.600116061568258	15.799040879826082	16.8703035243092	21.615539176050174	21.235675378037964	17.563186725739776	16.700273993642977	21.67216919936195	23.4095324974999	20.380859115544332	21.18462291607252	16.771787025730248	18.59571270725131	16.819863599432935	12.21873438133725	13.49278070333034	15.61908224578109	15.228645165618783	11.833771651039573	16.135221668661043	14.401719976995208	8.032772101676713	16.430916237532127
9.774772456025199	6.9340824737316895	4.2734504776561915	0.0	4.83069778488497	6.424682686687003	4.422887334546372	5.71399815957758	8.5706404979119	9.638852356740767	9.909728823357332	11.632752685916032	13.867231107592403	14.73694824376622	15.84515246357475	18.784217636068025	15.991876410333953	17.518038235655162	21.913119901206514	20.67046677482713	24.7204385367802	24.166108778426377	20.08611389281441	18.75727804217744	14.27203977798709	13.802913451649736	16.92919849973396	13.79194861199738	9.550472561044957	13.408726688189576	14.614774080578222	9.831939154165585	9.69921516294996	14.315285542552683	14.533708937163068	11.931533664503272	10.08936008579845	5.632741991570196	10.300517862085778	11.654810990828201	14.648364667810725	14.334206366488113	19.78443983924776	20.59400512833344	25.285885447881835	26.670940094210614	30.866401055096222	32.76204238827065	30.765978484519565	27.787224062720203	24.151383332015534	20.51586596159209	19.61661292510813	15.158373990199806	11.069774536506815	14.95994259003693	17.230974191169086	19.935935038056325	24.3434941813096	26.171372310630467	29.52665454546446	28.59810057064196	24.869652958845187	24.645579795589054	29.623369830125046	27.025790104508296	31.771402762622586	31.424423234811066	30.184913861201906	34.97073587915458	35.36612572380072	31.800944612626203	32.285131375570494	30.492508108842056	29.37517057752545	25.006953758806738	29.498808208752784	24.767085383099133	26.190849487383247	23.826157124558144	23.130161346528663	21.6498374449054	18.75120315770426	17.96893090961973	16.863248421272154	13.198494912184174	14.973721726286932	12.106548548962287	17.779940912089454	19.574115219440575	15.58486959536364	16.31880799239429	21.258905386974252	21.437196648519997	18.324191079396666	21.969834843389993	25.161060115259584	22.952615424958733	22.79084714566518	27.212104225486602	28.937205901304914	28.194042966942664	28.611277878734068	24.933753630031074	20.695666241880787	25.5305582977525	23.51676742600742	19.06652601618238	22.342973809473012	17.101913075860647	18.30789569122737	22.97796983055884	21.919362729330093	17.664200424331007	17.071657361005407	22.26837474849014	23.23741306902888	19.594193951744746	19.82702744442986	16.445827105623604	17.246434551322572	14.780225955547847	11.11485450373758	12.204125720853668	12.785384616560941	12.142310375804353	9.844242859314253	14.09613308382009	13.675766042183357	11.115096883176992	15.659435194164317
13.968741164110511	10.928444491646577	7.5288059296729655	4.83069778488497	0.0	5.044481137885054	7.077731737666338	6.343459904913637	6.372619697528072	9.71850283758883	11.183102021225073	10.814499630773318	12.588349214879827	15.196787191356753	16.08062467151408	17.910313631935846	14.696836194954338	15.170762258083904	19.14992149367005	18.869743035661728	22.556041010727686	21.22619366166913	17.290489369595825	15.145561887223318	11.34337143399571	9.971257153544272	13.70503126686372	11.739400512469226	6.495284842785371	9.907114511556802	12.636090646702419	9.234782181617922	7.598589065516245	12.389444305922428	14.056135069860623	12.914228502359327	10.864202176931721	7.383439672735181	12.920163188571541	14.75612175148648	17.91688558274289	16.16455437688685	21.865376938523077	21.465410450395577	26.787124196228444	27.18034457319061	31.11877071748056	33.115905985544806	31.809032872223003	28.480573091675932	25.631225037402427	21.171343591600387	21.309844914330977	16.961292875770585	12.414188850640661	15.054772192636245	17.538890488855095	20.52906480469787	24.560278591456722	27.356129401017434	29.89091342241346	28.610554081472237	25.308984303681914	25.999167688249536	31.30470443492951	28.97435001389215	33.773311907383835	33.36228735807304	31.37623034622965	35.86605724938932	36.042402453978994	32.81117180831868	32.721596156345704	31.61933386910575	29.590076459232506	25.739872731337012	30.64644701697543	26.439438551112577	28.53329391394995	25.73179118869121	25.960344244735385	23.989434576447984	20.6172878021411	20.840790930115453	20.06217507309016	17.137238356448506	17.9880572917116	13.9917844901378	19.593919878926496	21.45672447742669	16.858818383461774	16.681002023264135	22.008852120983082	22.063692514962487	17.94927089902649	21.40210511942013	24.974581530616504	22.266922457188624	21.184371120218774	25.99226675248865	27.939606770714224	26.726428294085743	26.4630126208793	22.719289052926964	18.27374601304113	23.187552295687677	22.156118335409865	17.537976856731053	20.795558372111774	15.42512540108738	15.840088132383526	20.44786413267753	19.396560687399052	14.815126414956055	13.678464093931186	18.833146941127513	19.129827201388267	15.325730515191397	15.084732669128806	12.219881321651316	12.619246198451863	9.96629372299998	6.647218294712386	8.183642064444777	8.344297223603123	8.884942787547521	7.2387582381368425	12.46398227488118	11.52383417727196	15.168651538960193	13.75624034522046
14.753271568558725	13.240829741396418	8.878932423179407	6.424682686687003	5.044481137885054	0.0	5.330785278231168	7.3615351077445315	5.173803434253342	6.189819662179333	9.718064739972993	10.545464083730662	10.246595437425789	12.566219913899506	15.021652561063943	16.495945011153758	14.580870488696705	13.981147369269353	18.542562794833824	18.946800868929483	23.290694290534944	21.74173205505108	18.498096501966785	15.517307474752787	10.97892020991041	11.409465422289845	15.702843903821098	13.175162461216939	8.786845569832199	13.43180676518183	15.87219729146469	12.399228502530407	12.294567584172283	17.02419036413576	17.941876870532944	16.58502691482431	15.317157059467407	10.838341255430539	16.140441421041487	16.444686185409903	20.32472262254481	19.680669296530663	25.139343404554474	25.457015664365237	30.56148163575873	31.100677290371397	35.29404903997127	36.86487335878642	35.386322347952	31.862893295395732	28.89628851587695	24.701810630987556	23.91515687015866	19.56369407654193	14.77986123692729	17.565403461543646	21.07769408168543	22.98003201600529	27.688171678319126	30.138192603042956	32.95616340742744	31.173745445842616	27.49399856252839	27.96527425951095	33.155027924440276	31.4294262304845	36.102631336371175	36.22375354165672	34.31117290641392	39.13552088500559	38.95370945190002	35.4016383229232	34.980566515542215	33.31451415353476	31.299185237448114	27.03835615516622	31.485811933489124	27.50841479604033	29.84951656646111	27.919010181282037	27.538590526955787	24.912032842960894	22.452993082586307	22.736006152524787	20.672135359173286	17.267320913331012	17.402578935038854	14.106283031639874	19.030092480907598	22.02901514102182	18.195295115722548	16.88079954440815	22.15378024026385	23.381447579920213	19.423962995399258	21.842647056363827	26.041308755242646	24.241141059848907	22.665495023725654	26.93238716759541	29.62751081993017	28.97947709561661	28.996140299829417	24.749738336105494	20.753317386306566	26.205204099472734	24.946731162871792	20.864302434713352	24.919766014082658	19.73581912158604	19.26689990140146	24.136392998160666	23.78159090594021	19.30856814373578	17.2805257933438	22.195258452316743	22.140739080210654	18.687479313884957	17.168613630471217	14.462761214221036	13.28275308504245	12.250535026193845	9.361646362887129	7.576105953758486	8.677230495638213	6.709205501139137	3.595746664101835	7.854607022443605	7.935734848092864	16.586872039718937	9.749057648034128
9.695701484161637	9.45022147598802	4.971112529500337	4.422887334546372	7.077731737666338	5.330785278231168	0.0	5.245429307716022	7.117953330496883	5.880579094014351	6.703158513062632	9.78308491036714	10.925069992603136	10.968002262343076	13.097286616822672	16.021985999309834	14.240423736214037	15.447002492874711	20.23130811976775	19.107852565996364	23.690543695038343	23.22235477834529	19.622552511073845	18.085997338694696	13.00517250209376	13.95378510651031	17.218141715746352	13.409534600398185	10.10858496920313	15.062548067491003	15.816927309417101	11.13673483845099	12.634133396603602	17.194932926856822	16.572951516712774	14.156275630779861	13.723155067458173	8.510668939206434	12.776707506978687	12.014895341804502	16.021594664924816	16.583687802880146	21.61983778157706	22.994539751409075	27.519485410443913	28.7748401609779	33.243569709410295	34.55247334614439	32.494925591860806	29.20591414685148	25.658881550001347	22.20262860764501	20.410600245965448	16.080176708733667	11.721226940265552	15.448586725680384	18.912148926624283	20.32798740617857	25.408936830068352	26.972105911984027	30.497529130862883	28.987256499070742	24.912487002878155	24.568906904165065	29.450666916473775	27.620686793653352	32.19894113374882	32.48176544819426	31.137124337185444	36.23878463152946	36.16870708708364	32.30788565269966	32.36371887401261	30.066116120167496	28.90196258216447	24.178460554762925	28.246366886180915	23.809968349750125	25.617769665245763	24.12274414617177	23.02353109507225	20.686700618969667	18.69424564436058	18.325403688131953	15.858929075131119	12.053650689403861	12.68838611896127	10.306237302989679	15.335037095502333	18.181540608132693	14.92700894555736	14.547655543740563	19.39492914945985	20.644251567608418	17.707767978547924	20.436810009229625	24.11257274689819	22.777467795017287	22.259618359325977	26.143348085629253	28.48419107085895	28.314014162942758	29.088214540970093	24.9711691801146	21.189543661968163	26.51811436670453	24.174620998009313	20.317885605099626	24.515856739637726	19.531742098215254	19.73373744840091	24.705736574604934	24.512161912251372	20.42602125496136	18.84072933695397	23.856769337740793	24.789942865746273	21.58633005007524	21.106722014474368	17.32127961789225	17.547717052477434	16.383036681417366	12.378336015230484	11.718703390528423	13.691748272190633	11.994943181711275	8.416832703808158	11.691940384086566	11.052001207255207	11.761126243700653	12.719841803877866
9.80616960714478	9.278602137168653	3.7712802144216986	5.71399815957758	6.343459904913637	7.3615351077445315	5.245429307716022	0.0	5.457329260612841	7.1591948052435095	5.624340425444305	6.100443994447786	9.53065299225385	10.508634441807148	10.497231031812902	13.441546611360259	10.39136617965781	12.752922904202524	17.028669190115462	15.126619867651565	19.292654391016168	19.173335755971205	15.143451376444176	14.65245105201204	9.947264915029491	10.34365734073869	12.67038656830443	8.649251796557209	5.999214702208022	10.736209634951734	10.661681042083755	6.0734548177724665	8.784823895628477	12.867106088951035	11.77131037653051	10.153401469768493	10.914878732274286	5.774726984331119	10.437282127422497	9.854284943102263	14.144427187376948	13.278443280281008	18.410568659048998	19.015018160775696	23.95931012666522	24.432825913481963	28.88164744805079	30.02917705827765	28.392792460559438	24.785016000497567	21.813084911767287	17.782789628471207	16.623831219083264	12.3513228392953	7.48870581145994	10.520355162691168	14.27700207902362	15.748659896059873	20.657419806419192	22.824275902175394	25.848768271650105	24.19661726467221	20.363923584826313	20.643696738464346	25.852465270709835	24.12788795019138	28.791480857818126	29.011453167364767	27.021005748190245	31.9571266226253	31.726355426637387	28.083146810730437	27.86116250067647	26.122964192656752	24.441240845918184	20.106955559737877	24.704527100666454	20.476358791875263	22.764896550577895	20.5946274310821	20.581363985720756	17.987244244172665	15.146388539720496	15.83833726026361	14.30802007907898	12.053889080200511	11.980599395095684	7.660229507748549	13.272004566221245	15.254880727267482	11.005889467583277	10.815315694356165	15.988886465930527	16.45299894546134	12.968295212799203	16.298686831466572	19.743556867223454	17.84259206572679	17.4105939046761	21.623876414975747	23.643508875731765	23.214145069239667	23.927811089754254	19.954169355097555	16.103454427200248	21.328394155918318	18.959366552781738	15.094133677566088	19.52969151820533	14.748758614672852	14.655601008160316	19.647715494671097	19.860120186712127	16.135402246277412	14.290090366116251	19.163855585241894	20.664266865005796	17.92157971305004	18.309393189975154	13.609930364302254	15.377854049875628	14.365636305898443	9.421576835228082	10.266410333671738	13.435118732245803	13.366647651753675	9.44045953967559	14.156525589496715	11.400457765270222	11.279005555596436	13.603184966634592
14.8955774508886	14.214371494768544	8.821273940386602	8.5706404979119	6.372619697528072	5.173803434253342	7.117953330496883	5.457329260612841	0.0	5.143946847328399	7.327504058592631	5.871828896027963	6.246401811650583	9.69629403057285	10.946394042878365	11.940322913163397	9.542900666841723	9.244670591148441	13.75383406147519	13.796912717684576	18.126664208904867	16.774108219437597	13.506273356294582	11.06992925663429	6.124310373271847	7.3516378489479814	11.16480004711525	8.29061593030336	5.058584674532667	10.298142043897517	12.0027719180511	9.436979032750216	10.786077714941062	14.910601120721127	15.146736038270882	14.746193301889	14.972932945031639	10.44573653212321	15.652717333907956	15.192628634587678	19.588524419561214	18.27686921542249	23.46559507113824	23.38815449864464	28.684211030476828	28.430802952940592	32.68695884403626	33.759474632990894	32.67484718218512	28.731196151045634	26.417763919849513	21.893465119114676	21.250446157178505	17.213989104586457	12.24669409717765	13.902614842078515	18.185433474697156	19.340507120389105	24.10741509654875	26.955653587639766	29.30944542662137	27.03024953338542	23.48286246557132	24.51763802277313	29.842134961134526	28.711134309641377	33.28316582078256	33.707557891296474	31.163311751333378	35.93972373136942	35.32231702441832	31.86070473081786	30.87843538050781	29.488949604308424	26.907423861713397	22.92391617770011	27.515866718331843	24.06290129065961	27.05125853261384	25.078133506155027	25.429705637515447	22.1382628656449	19.5749998780923	20.97237469582181	18.990973989539153	16.796772675470315	15.756666756003483	11.401735546377173	15.970793879500226	18.8542491294685	14.80891222822574	12.654534261197268	18.032394645156636	19.28186846840449	14.887755083659636	16.980953547066953	21.359663789585074	19.618799132873928	17.64042899704428	21.85406527741024	24.728198920183093	24.17299062910971	24.26659320657346	19.8417216778653	16.122282236219736	21.80848720390721	20.50384634862986	16.897241807582652	21.65282206884849	16.916295991401206	15.377835061995862	20.380444833421755	20.984515148791356	16.98981102545163	13.972004689435769	18.55522565018317	18.94732074830644	16.29751943752248	15.13101358287399	11.062193371161639	11.09825603705925	11.416459983548416	7.1346672770480986	5.336750394576024	9.743631458542847	9.450002403244957	5.001973459793437	9.903798708750363	6.360049651057725	16.60001741290942	8.769503529009038
13.885217984468078	14.783785418918598	9.361195213423299	9.638852356740767	9.71850283758883	6.189819662179333	5.880579094014351	7.1591948052435095	5.143946847328399	0.0	5.240722998293563	7.287096143808486	5.706314733607842	6.487965947871078	9.921530234593959	11.52364202015924	11.010592504841847	10.817257387178357	15.791479227724027	15.536617195612406	20.467548905733036	19.627619128813535	16.92130859973136	14.759202927053089	9.51250772759509	12.14453267404057	15.493881983529594	11.758245323809843	9.859947577279845	15.24736384856239	16.031586915358535	12.663741045434914	15.014655966187211	19.252867160782188	18.49109014690663	17.21365649964098	17.859024566182374	12.619569834594824	17.116786959305912	15.23120217221626	19.992531037709423	20.158224301963187	24.928642557877343	25.95586663673156	30.71932214841199	31.094070694481765	35.63499090987769	36.34556165235128	34.760500878002226	30.90705326288547	28.112135032415978	24.293682786676058	22.42341713680531	18.461262477877852	13.7829249967904	16.152481616031327	20.851823452146597	21.05043637816703	26.438458280311913	28.423514976635488	31.432395020117337	29.01849099369756	24.975412869621156	25.266934333198552	30.220862555555357	29.47592815878839	33.85175365029438	34.74676878166815	32.68954040925062	37.843124147637376	37.07917097214515	33.2068095886944	32.31250141577136	30.059112068349155	28.09241701240081	23.504981310505475	27.357788475056093	23.852054042271956	26.650729414840477	25.70430326390211	25.06544914535852	21.473507572376782	20.058397402739587	21.000894967812748	17.743104530153854	14.987859695922438	13.462922149192975	10.596663181556146	14.244722732425842	18.177207517933333	15.355145305	12.810745005461172	17.660426998188363	20.03700039459084	16.612739982174322	17.875699817672288	22.388183998811787	21.770920241577205	20.14112986220732	23.5102461371788	26.748468956519595	26.948606164453956	27.692436474777864	23.088442366588296	19.919152447661965	25.712257312029436	23.65838159590391	20.561516316513604	25.6685298151966	21.089692186510987	19.694140367471576	24.774206324424593	25.646667014154854	21.79442088745736	18.86356626567458	23.33853873200666	23.914565254113512	21.428303558824407	19.98003598235982	16.010235356888256	15.459434221839986	16.193827828868585	12.24514397921416	9.47783548892683	13.414631659693207	11.410090510213793	6.574010300847144	8.76225179524337	6.231475032825667	16.082203756194314	7.641863602844622
10.432144140751012	12.648614938095239	7.338888291342098	9.909728823357332	11.183102021225073	9.718064739972993	6.703158513062632	5.624340425444305	7.327504058592631	5.240722998293563	0.0	5.28697465355961	7.1439735606262795	5.417373172082779	6.507006456087472	10.091076335649646	9.034059111803272	11.524463120721622	16.121776562282818	13.880707544698637	18.727268724764922	19.130574874523642	15.950619203316725	15.696856562188856	10.571085100129755	13.025653269194423	14.933974781520156	10.170826540830785	9.899549358233592	14.951422708532611	13.963446025630802	10.15134853421964	14.136428201005424	17.743472873876094	15.508769269805482	13.927388321509968	15.931035469151166	10.71886433743243	13.990185051698495	10.86286538372336	15.908300269870875	16.468452200769764	20.639753857844592	22.19234886676862	26.552428185773714	27.07279034717401	31.78635279854619	32.1176462004528	30.28487274540313	26.46551116852202	23.558082524580076	20.189719714435405	17.649475859559455	13.947512773862737	9.699961868207675	12.185147769272094	17.061461144846152	16.51363879868809	22.16403228801477	23.622673467169964	26.963342741921362	24.653484635971083	20.365912862137865	20.24228551799853	25.074835507985554	24.439856349502925	28.725341172340375	29.81035316391274	27.877462620922397	33.17513281968227	32.37010252720415	28.334214954367614	27.655396946265746	25.083396034919048	23.60054352420216	18.742192517443627	22.501492673978987	18.71357524343568	21.410646630920628	20.635807280917405	19.938621934002292	16.233819486201334	15.001674691467349	16.13040024896802	12.749989940636535	10.819656999344714	8.687808823201614	5.393555324724425	9.364679304447368	12.991182082483453	10.411612476807035	8.482667971886485	13.136221661640995	15.331780145270598	12.709992527040892	14.418143030603094	18.32491030569741	17.99671316075442	17.410560261315553	20.488597813813556	23.23531754645545	23.793699894925098	25.209299383924368	20.852033823641243	17.97337500540181	23.481609335122986	20.471129641634366	17.771753293682327	23.050641551981744	18.942351684016316	17.891654700220464	22.903873322787472	24.12741442857786	20.865917739995606	18.230172655847237	22.560824685165638	24.16128366784824	22.08801081543028	21.84558574409537	16.842472138711127	18.037358365352336	18.444690950958876	13.569856143304678	12.518858550757361	16.882608965713104	15.785110438333842	10.980903661323202	13.995986454482352	10.680487986192736	12.462449483097096	12.235994277410628
13.964610015170813	14.905187150535918	9.478269457928835	11.632752685916032	10.814499630773318	10.545464083730662	9.78308491036714	6.100443994447786	5.871828896027963	7.287096143808486	5.28697465355961	0.0	5.342281412420402	7.139803052857859	5.691217759227572	7.524450643722984	4.47622263337588	7.4260703052626935	11.56584881017513	9.35515818504585	13.992684201400325	14.06479804311646	10.694018694590724	10.779035945175243	6.112891870514308	8.586402607186606	9.823620181181324	5.140630838130774	6.549884696164589	10.989049895323019	9.963702045509988	7.961039613479069	11.992891904030637	14.924016545248996	13.148707182578411	13.176348342242509	15.537544594562474	11.136320306519256	14.950875245883394	12.87498004389397	17.677102230049634	16.496093822038322	20.813978102404292	21.05615952922441	26.013050375692952	25.37412852930607	29.853498244617764	30.129307083633442	29.07657040555733	24.830898035675133	22.912328208350743	18.649679467455485	17.363887298206983	13.937554031537418	9.39630754001475	9.904608934979956	15.219896331457617	14.766145605751365	19.955951145858407	22.56574416884316	24.887989589026766	22.1361999815189	18.384615926892845	19.517001823018322	24.758939981954462	24.384121142861517	28.709444773134578	29.66017246327772	26.794326898882144	31.720717799329012	30.636775640512514	27.02655826751025	25.664615096400382	24.065037824198473	21.396014209385	17.312058777715787	21.782562080741762	18.71152200637577	22.20522909138598	20.617833162350475	21.342309126775042	17.3410778648352	15.1457593498725	17.586323048323226	15.4084509733838	14.731613188455581	12.370716513539904	7.403954415527287	11.036303714403473	13.736311287567117	9.996814884593885	6.871217728083454	12.229504410332714	13.751290356761778	9.564980649720736	11.30226013423485	15.67268302024984	14.579108519334147	12.972105728130838	16.665388737577967	19.59323532130811	19.669615541391718	20.574688109995215	16.04265093117762	13.095797922559306	18.830576006208886	16.487879873365305	13.900696632684157	19.536429762899928	15.71643548215839	13.513664794446484	18.503865873987635	20.3022565665192	17.315489227705758	13.881697752437114	17.788526596262624	19.372525897210814	17.862743193674177	17.759583612496474	12.315285116743055	14.290288231317355	15.375445945487694	10.386791409216883	9.828181608220115	15.113538102676966	15.262662127966225	10.651692081016188	14.632386239290396	9.782603806168938	15.463517154716806	11.772856915738776
17.4027313450402	18.53682330515106	12.83027893820339	13.867231107592403	12.588349214879827	10.246595437425789	10.925069992603136	9.53065299225385	6.246401811650583	5.706314733607842	7.1439735606262795	5.342281412420402	0.0	5.3856010400703545	7.291199719741992	6.640165527825761	6.814499479703185	5.355349636790296	10.294429128733547	10.51224422689193	15.468185844986902	14.465048193960607	12.538614830417703	10.54590984850954	5.789173908302768	9.904929113038065	12.312590355266126	9.034430271521625	9.516738960404725	14.16348205684642	14.476699238361146	12.908738096001679	15.907614440920742	19.263891860249924	18.282990369685557	18.288140693703657	19.956256734511754	15.214011820428425	19.572168157026674	17.33879155216086	22.311748946279867	21.608061139632923	26.01595898818087	26.37283596233441	31.335146085396236	30.672215108909192	35.10825217660005	35.29180073551693	34.336182751813645	30.015600776077832	28.18166918728061	23.975467572813024	22.505859900354444	19.108964799701656	14.548907649329605	15.184488260418822	20.54023622714769	19.816467506431238	25.02790129571041	27.61003017152083	29.81706437363001	26.67933608593153	22.985708564428975	24.16283472686913	29.188332821641172	29.297610563857614	33.45950133801537	34.70471036587306	31.822545544757055	36.77579872335922	35.42631661688363	31.783116564096122	30.00052616735905	28.22016985621674	25.30223835779169	21.27340726305077	25.1667431373416	22.679280890757166	26.39061341185025	25.46228628538036	25.778173184804064	21.367099065217765	19.968403091465763	22.266399506952684	19.215072829295277	17.926074463758706	15.094576809114493	11.311928832400284	13.667087671029256	17.560027380482477	14.783060189307148	10.602687813957829	15.242422460522556	17.97301866081149	13.971504497066078	13.977979239717659	19.019959937704854	18.718813884993484	16.06145705370364	19.052832474005143	22.8735766429856	23.220113404651816	23.85448961228049	19.011565276792314	16.56070368132867	22.458321874528217	20.76984524875757	18.548785449190266	24.22069697362285	20.358176589668027	17.55481791391162	22.416772354734462	24.35169774844642	21.096323829016438	17.132712038682783	20.74333221145291	21.32911884192913	19.87321820079023	18.249911505331287	13.779098709432843	13.628376310886503	15.99639009714164	12.032468860751422	8.872886829484706	14.529955075789054	13.663056699752271	8.951664861931675	11.14805041196727	5.733145408875237	19.32584705446314	7.083404937903936
15.295613499376469	18.02321534594027	12.705722428532416	14.73694824376622	15.196787191356753	12.566219913899506	10.968002262343076	10.508634441807148	9.69629403057285	6.487965947871078	5.417373172082779	7.139803052857859	5.3856010400703545	0.0	5.240974317894318	6.960345425122769	8.73311428957068	9.710497474570747	14.105939372827137	12.619818915119602	17.742262719860822	18.008542417092514	16.082651241261313	15.44565755059051	10.754071812831059	14.582519771515056	16.304915279559324	11.994899543504099	13.003202458925125	17.92131432037424	17.02159255749457	14.447235537726314	18.48890450241694	21.849236816691235	19.633577364544433	18.755544605841678	21.098129902439737	15.98055757100778	19.274047820103377	15.618471364396232	20.73428852073307	21.365698687926848	25.10171455454125	26.590323995851314	30.861921530487837	30.87360467792477	35.58244271470863	35.35440573887488	33.813122374070076	29.68624225098748	27.351741952375924	24.03252388530351	21.286839628856406	18.17419093772284	14.262187277297434	15.549047126609123	21.02071739524802	19.32103049893178	25.047369234106252	26.55328385385451	29.511891659497213	26.446518698540366	22.240191665142117	22.464277111653935	26.99389797886411	27.454913995535343	31.347721979812416	33.05296894128558	30.744936814086934	36.045709260015606	34.627203804356554	30.570423633435045	29.083830989466765	26.348699370913558	24.37119259219943	19.678021303144654	22.73309133858955	20.063697378386887	23.460402189344943	23.5675447548401	22.954793152526378	18.313610641381572	18.12693408704156	20.03175074611279	15.921982788836452	14.734955020413182	11.114829625844926	9.008809321510938	9.858995003366875	14.628531848910304	13.327236020840658	9.314995687821098	12.974831347690998	16.66497779605512	14.179465102618321	13.776446776844425	18.370873177669093	19.207619629824457	17.671538357941003	19.725389343861053	23.404128427253866	24.556474871965996	26.089632007689964	21.39855149968301	19.410204880567452	25.090538486095983	22.292322037437422	20.52878760496476	26.33998931752121	22.699246618819693	20.503547477355223	25.384162078376654	27.42645337889391	24.409557028962848	20.909929126667198	24.6148596389382	25.869969311896146	24.42584223560139	23.35211121592891	18.5098783451152	18.89538748086024	20.714870962615873	16.284538559689018	13.736937292255686	18.905259897753695	17.379777485118257	12.44846726784606	13.798760904135637	9.797232901580426	17.38812028311133	10.460161799746194
15.070239765073369	17.850716079095015	12.857910613031821	15.84515246357475	16.08062467151408	15.021652561063943	13.097286616822672	10.497231031812902	10.946394042878365	9.921530234593959	6.507006456087472	5.691217759227572	7.291199719741992	5.240974317894318	0.0	4.859213198038687	5.394101411691519	9.196970830677243	12.575691026303991	9.033729028576484	13.847970143249642	15.239213549066626	12.980967763344571	14.255974876284835	10.359277248574038	13.687469843707795	13.826000963393195	9.260041678498455	12.19372481275344	16.15469300336021	13.8769603759229	12.173472798247209	17.087854503860946	19.47880719567782	16.39445268672751	16.177415016878534	19.626696549933172	15.190974794402335	17.68410352438765	13.78464310140426	18.751486473667775	18.722055868465453	21.875313598076858	23.04383531947095	27.208225418088396	26.66073004772719	31.32446900243128	30.70908514610607	29.428022719816404	25.104806576213278	23.320338222622443	19.978081319903346	17.364398099077953	14.852536057278632	11.52868362892816	11.53024719702922	17.214252007742502	14.681700065151684	20.31847257454402	21.982737244311725	24.594284712879602	21.310032824014453	17.191149371804688	17.82303361455462	22.478678991979837	23.281067165257745	27.07899247949537	28.887579182505878	26.115690334083514	31.299465146150872	29.65398806589623	25.708051996023332	23.950404991854626	21.492906132891708	19.18227798478611	14.653091230957823	18.088654051519534	15.679512341732867	19.60450528437292	19.409115539846535	19.680166839655406	14.688255724349784	14.182111434911098	17.146302341266768	13.79069459086982	14.250845270665058	10.16187571653479	6.817234452580667	6.889123070075259	10.726851898118605	9.243390760514883	4.30868410612211	8.150602477948592	11.624411921077911	9.212294021924185	8.734561055793678	13.16926168430717	14.105176610399326	13.014648426863141	14.918817267377866	18.298241813420283	19.61363757221051	21.535787973220394	17.0507995660367	15.526982017689237	20.86118121062989	17.568786875725902	16.473807240969744	22.461114077916662	19.55404389505141	17.105580248990922	21.68457077372214	24.29710705493587	22.006870769666843	18.500733207609297	21.67941008844684	23.711756282967464	22.8985663479168	22.818193672982503	17.248114000859783	19.182446823946176	20.91456631161984	16.028571019947716	14.885809644934634	20.437542707239643	20.00385275718191	15.104174393241953	17.787318883864312	12.91130108396356	16.623647894683078	14.13282030462872
19.64175758209213	21.844351164886078	16.49247531908409	18.784217636068025	17.910313631935846	16.495945011153758	16.021985999309834	13.441546611360259	11.940322913163397	11.52364202015924	10.091076335649646	7.524450643722984	6.640165527825761	6.960345425122769	4.859213198038687	0.0	4.894037200689855	6.068283923656466	8.550363087388694	6.332575202236999	11.262369947835362	11.937556764064837	11.0535653390947	11.762347258562261	9.051831399396848	13.039841038333714	12.968749730467328	9.71855933570957	13.235941932737797	16.65874271286034	15.072667047150642	14.78079484843061	19.04658863699227	21.20447993878175	18.89128002730264	19.576639426259316	22.754727479049834	18.512417283777776	21.658615715359492	18.342735770904877	23.25390321908153	22.537656754101885	25.827137409785127	26.253877048311793	30.72817278936747	29.413580635396954	33.83523740534059	33.06622316423196	32.40363143176357	27.805224000211183	26.786537353687827	22.989271696829274	21.132155416659188	18.835811474857202	15.342207561685063	14.386634750765683	20.111964191496696	17.551368901860453	22.658483430781086	25.03227675205151	26.776801907263	22.92131408956803	19.395161109087663	20.946447682565033	25.549326818283845	26.87861253229817	30.4923005219167	32.40476561384296	29.03108116814728	33.88968455223958	31.84042158085738	28.24514769679072	25.67313181347945	23.854567418765637	20.505666577062463	16.85964946162692	20.161826064619365	18.918202273311433	23.371905076800108	23.096913838305078	23.990945482516878	18.777673314298003	18.171287741814986	21.650475964886372	18.567926404452646	19.061209803419764	14.943257181483986	11.531171297950856	11.217375108213872	14.757915847231375	13.219040195298108	7.7462054535844285	10.619861780242147	14.179630927911024	10.972610827348385	8.676853436066585	13.890653001265884	14.992225945592004	12.219220384419355	13.6605784485352	17.992842095109566	19.266016234705592	20.68136320850937	15.901236726431373	15.048930991758393	20.459607486001573	18.131712149880244	17.601458015278716	23.738913695696397	21.14726088363733	17.56132052638694	21.851323261384657	25.03478685234611	22.897942572461137	18.608250154988355	21.066438235122337	22.521098637966904	22.331145972961185	21.52172880541877	16.334870094146936	17.65776697366643	20.57379234860535	16.338859745895146	14.332665973655777	20.33158145303337	20.103700183960402	15.485736912306463	17.58268801210526	12.054348065129851	21.232830498583855	12.886957036324858
