0.0	7.316264847644404	8.7187538761998	7.8624448050342695	11.695151357555444	9.756833485069263	6.841420508661827	14.740278278304967	14.415675574184169	9.513450734024712	10.324591974020874	14.524932715421622	20.17484556692089	22.53617770977653	23.68263716242852	25.293259458999906	26.766628040443226	31.050772653825724	30.446149509628956	27.957474154033083	29.64864848482063	31.7200516964168	31.833472268127963	30.76719037662674	24.31019828132487	23.72717357151189	25.848053521266948	24.20420228526806	20.265230879829115	17.22339804519131	19.09709483831808	20.072855995454358	17.62221905563637	14.44026938131217	13.920701884548206	18.190480674161638	16.633789333814104	14.288340138779315	13.532561075668188	20.401031995797236	13.749070209996614	17.44307511885998	19.218936570609376	15.88588399297932	21.025036324789024	18.63578894301003	21.301467271625103	25.024785718417697	27.454704334425326	25.609879658927785	19.360611668755244	24.825811516241984	27.16917603615966	20.625747711341287	19.49141791562805	25.266835545588556	22.699050938195573	18.981733265365722	25.80852539204706	27.138793278359294	32.81164114755249	25.15868247503665	25.85829258716027	24.99262802178625	18.975695442344673	23.829034625448916	17.71541963005437	22.20266709306931	16.17895625114174	23.901525631729847	17.433747921464978	19.166093983663377	22.483937800138513	27.705743617376182	25.98121691733761	30.516674442990453	31.14104895837663	31.693436068103416	25.222523925591453	28.46128585339856	25.13627045578526	25.061610466832434	22.982771341371823	21.798517668981283	23.181079584058878	21.2754328683911	27.6927750103961	28.839546004014686	30.677887489987075	24.93141796846832	26.92169837845372	19.231182837040457	23.920569862128332	26.814389014217454	20.33518969599609	26.673030492387543	20.676222096222975	31.078953182505323	27.426212703476892	29.195112050956034	29.11929496133628	29.21039194560051	31.580009734096976	27.751179229091417	30.503683538073254	21.619552268840586	24.409678457072214	18.018837736419837	15.601884248547362	18.530386995427033	11.826119926241724	15.295346856218433	20.189965554069786	18.01647597611719	19.63006936346676	16.11776641492199	17.253736865911794	11.312630759520768	14.408404397304649	18.966520726394183	19.182266202431475	22.22007334538996	24.290554151518208	28.229658751816675
7.316264847644404	0.0	7.658620939592613	8.458753258921366	8.9427215618061	4.615557809215821	7.109240202046265	11.049026192083325	8.80439172689427	4.1394336363423765	7.249375795129326	11.00175190731203	14.323739280684874	16.01453516333224	17.08020222543361	18.203783662872233	20.05123957469112	24.707208732983776	24.619125438080435	22.50759520012229	23.363359802705194	25.980539550991978	27.00021762906931	25.600106861110522	18.49341014829302	19.163850594613614	21.54502489131112	17.95662692431472	13.867348186049702	13.713146497681812	15.46607641139556	13.861545125304373	10.73867496496684	9.298831857249333	9.559886615841405	14.794175656976519	12.658656276553844	14.546939130553604	13.762621290933415	18.711173446243226	11.684264639408296	17.18222826850053	17.633008184787315	12.14286112530368	17.167590054526464	13.197081252312836	16.27370615189887	19.197944512685087	22.041909464900577	19.67623867863302	13.756008477061215	19.611788053328603	22.02020796663135	15.949816616847693	15.016539991731603	21.41671189455373	19.63668517598101	16.90053942520987	23.531003068540926	23.973022888580743	31.665321965564765	25.271192541212777	25.481802336788288	26.087279909900904	19.92183019674844	23.515022506270988	20.1984875021969	24.60701825606778	18.8444542174954	25.887353453519665	18.77560657683191	19.358207420690654	21.77354832368281	25.899554545806755	22.654700802704713	27.95910962784082	27.07664251105747	27.907728540415548	20.935787225050202	23.04997264188855	21.14849869879222	20.141707719801733	19.94757138649961	17.29098600061356	21.699157732733784	19.90680957696332	24.806740526513973	27.366031084352628	28.39068864316478	22.936985175174573	26.62813504528461	18.331109908855975	22.33498933259238	24.572558405234492	18.015476612676082	23.693517190488798	17.514851421954727	27.65906040072901	22.530268471547913	25.448762366631044	23.876282823952096	25.169869743618207	26.75075241639274	24.871483513448613	27.458290813232338	17.903014524210086	23.06194422524787	15.87159491478152	15.831924466325	17.056408333783654	13.675360695689115	15.805080434310675	19.97205607113036	15.787271267304439	19.399173017495006	13.511742868317928	14.110018959987583	11.047553980501974	14.650273189325423	16.027060272595964	19.1789736320748	21.01797591897605	21.449848247014092	26.098032815326626
8.7187538761998	7.658620939592613	0.0	6.7131219472495305	6.053836498273935	5.009915952483633	11.770212508223665	12.97715436612514	9.08662301926476	11.727184633907001	13.239773240856778	15.482652107657975	16.653083394512603	21.05274097583393	19.82805800819612	22.291808293433633	25.0178162900877	28.510999433957252	29.215679900879934	28.140823394415413	29.119617239870788	32.38756176922567	33.71253461957667	32.638285884617424	24.490209338551384	25.676530567519848	28.914628482230846	24.558898076601686	19.883679510380848	20.77430270490631	22.984045090393238	20.753086879689917	16.28320216892107	16.59611134671315	16.884105193879932	22.39017116225604	20.267307290067336	20.997914381134354	20.141183026525074	26.076832774527055	17.479613933913864	23.277767325573905	23.34469509342719	18.281901026640142	21.663338066688567	19.275672522896823	19.52991216573238	23.85570527738694	24.358229345684318	20.593273431371294	13.813794757704589	18.76658192320721	22.451027153494593	16.958605638482126	13.321295839978626	20.13943304337483	19.40924986618018	15.02345910158543	20.86463368095259	23.241048435197037	30.60263530853908	23.26970489348304	25.290790002382707	25.82338470759103	19.680868452508292	26.221509013954233	20.606911384570072	24.494411569585964	17.98854077430444	24.12568606901834	16.896888213129913	19.473702317949325	19.702031666073452	26.87067851176319	23.469174687781308	26.96276922589161	28.035413939218806	30.12753509718018	22.016777560337705	26.64820563790139	25.500048874593794	25.90455862270949	25.365803098588053	23.73128546128276	27.01782645594925	26.894769093996924	31.826731615035953	34.29102708501216	35.7027544750587	30.211110123151595	33.751359548151925	25.519598469474587	29.71024463499872	32.154934693902014	25.53794106767102	31.124041094050575	24.74050008139041	33.83510432356588	28.7410468840688	30.88587789403786	28.651796095869315	29.569446084064815	30.303701779977896	28.583582669788715	29.0592798590662	19.585261103389236	24.628715782890254	16.564151076792683	15.55628335691758	15.45630222235159	10.296589649132779	10.416421052700374	13.529255227851875	10.469242120187708	15.787738458670944	10.547989975662759	13.585395286757585	9.897629902620745	16.530124054943347	19.357751553325784	20.798055506591215	23.775194038474798	24.80476516868233	28.3872332286636
7.8624448050342695	8.458753258921366	6.7131219472495305	0.0	5.307382348710251	7.387543231987633	7.8190357423375145	8.968713191936924	9.722407985388662	11.086373823497206	9.826341357952275	11.179333645500623	15.122531798203418	19.891783591929098	19.373977411961302	22.519097839206655	24.24673105354407	27.00533949155896	26.856489357683888	25.518528321042456	27.799447444095406	30.667525484815194	31.12562760951222	30.928731246345972	22.50966928345576	22.67599703558509	26.82240026268162	24.019084110734866	18.812137871977807	17.8232305889794	22.802247848735337	20.94291903170627	15.991668715101332	17.319643150512736	14.877471302761908	20.576237279700003	19.83437075498609	20.3775940603271	16.69891506562321	23.539235477696632	13.124571072307369	18.81167606363048	18.4685882881695	14.667864554705496	17.353141959344974	16.892756463326318	16.404044203755728	21.537048306650707	21.909581631463887	19.9331859822047	13.730350915279551	18.41030657134984	20.704352906717222	14.318110079024057	12.858435389391305	17.904465666808996	15.470974112947099	11.237117089240574	17.972100376042007	19.714866217694794	25.603263869923126	18.03091843224707	19.3890515690793	19.441691500361635	13.227220035733868	19.865778472667685	13.949282161651908	17.92521087646475	11.552916879105172	18.171422197303997	10.963136901863	13.140491891272367	14.932818245424995	21.381454319290874	19.2397719001248	23.004316894983216	24.47685836128128	25.81723085624638	18.707303573240726	23.815385370574454	21.214207384623812	22.77469872067079	20.747270455649435	20.651310098720625	21.7450491203696	23.34891102600206	28.295558566594845	30.354350019543634	32.47914808264071	27.044919050345833	31.45074015272998	24.09070186461968	28.623130541324244	30.60451349871238	23.4222669171931	28.393547406195612	21.78384534723108	29.721604103592625	25.807430439606826	26.62759527224587	25.580765421342452	25.297442315723323	26.77141363803401	23.427810915408177	24.28441570145861	15.43752295979364	18.721345809619116	11.357610363939472	9.220369842142002	10.870195520742937	5.219302855414976	8.383718017434985	13.78780919354287	11.42623459742971	11.95830995248203	8.65650655003624	10.034448655974703	3.8711283028624894	10.04450272020394	14.324036140841748	14.328731517704776	17.73074634685341	19.63521661517891	22.82198140926874
11.695151357555444	8.9427215618061	6.053836498273935	5.307382348710251	0.0	5.297644598152841	11.268863667790663	7.8020753713772	5.364785909420893	11.844092849811403	11.525113848779402	11.6694082300756	11.767977241164505	17.594199198464086	15.643778917893378	19.201529351522865	21.64613735867544	24.01997578588677	24.72886321541765	24.255778491551617	25.875777986860186	29.426414869668292	30.71774742847599	30.387897586494024	21.213494922856952	22.612510752847406	27.14166256245086	22.661427789605774	17.23266287375357	18.944256004502613	23.62364996112199	19.90973499477914	13.961352922215022	17.42303029495005	15.69840908171568	21.757836017123434	20.620732065231525	23.017153368354293	19.861071682255716	25.63121729616533	15.141620031827529	21.74678226277028	20.518902628362486	15.47761731698114	17.13905189391329	16.187594713626634	14.415943013300657	19.53678995865474	18.934331017582814	15.655075292527432	9.08193391569417	13.7254138782411	16.866906833125007	11.210505039713777	8.07221867045985	14.317261154147811	13.370197922666948	9.230417397552749	15.332661821578453	17.226962594500492	24.988785029331698	18.347729961250607	20.07295457924289	21.438270951965197	15.46984525783235	21.842472668065547	17.626290459769116	21.120829720956504	15.153608376000346	20.360628505231542	13.038552279205554	14.84211604823407	14.433325954206229	21.200327311984523	17.473135144010627	21.025665550092917	22.04237869771908	24.314884478671775	16.0988135420972	21.554937795383957	20.68058676159757	22.083481744516586	21.51742230379764	20.67546423145756	23.64528652691172	25.64022767629234	29.51041142515438	32.469290502513466	34.09220717885559	28.920201373799237	34.13141409471135	26.418488477182297	30.52438076658963	32.204585987164215	25.153723547092174	29.6257863726533	23.022852587142854	30.246297126263844	25.258309619106917	26.664851965075353	24.06455149082897	24.648971511201324	24.982060133819775	23.519169234382055	23.182443076305837	13.815640252258278	19.343175586287742	10.999593801169281	11.169335233429365	9.863110191929827	8.099975385154947	7.897882300133029	11.640018173102714	7.31316904958947	11.243777163982012	4.901036345423072	7.560704640736388	5.923683316853711	12.842942957026734	14.499852804349093	16.42650940127716	19.063608755448502	19.695274845553126	22.94187225009694
9.756833485069263	4.615557809215821	5.009915952483633	7.387543231987633	5.297644598152841	0.0	10.023855444640018	9.828367998754171	5.252694183502059	8.056387781884895	9.926201119397883	11.86646258862692	12.449869395020436	16.11016143430291	15.353926817483702	17.467300445305185	20.05979782326498	23.867796751653906	24.515881161800593	23.371071558922765	24.129853247671896	27.451293948590237	28.985120036132386	27.860237372043983	19.609750237064983	21.14648006328975	24.468116564586076	19.655127031262946	14.920874034663123	16.79601855898801	19.387245882497147	16.09283638705149	11.279161199573686	12.832550589091197	12.841258261699066	18.548226895093624	16.54739213390798	19.153388040021458	17.778303251552185	22.776721838247827	14.262630200724383	20.5719996372329	20.11602644741153	14.303995346162482	17.741395061144726	14.597775108986854	15.423602662326616	19.15214122736541	20.39923003547051	16.938010822578914	10.425263565481798	16.065442707802227	19.25285957278721	13.643976939471358	11.162538989899286	18.131443755335606	17.26588988900489	14.036065838540319	20.16016758813305	21.2746887489505	29.588533258947376	23.2399835331345	24.2510971116432	25.429780455842494	19.276496038294294	24.163337179813933	20.571698652110474	24.600952181505615	18.592432212981986	24.777685856013814	17.42425422501912	18.60795445186243	19.381445039603744	24.77697438348217	20.817530781037874	25.358287727174385	25.051638233760816	26.80166138524459	18.878968477440363	22.31996953135777	21.511671143887774	21.311823825261293	21.546435032592033	19.263718194655645	23.81719066783329	23.612516240637227	27.799596560839728	30.814483053673776	31.886587663331756	26.6112831178983	31.029587938283854	22.813586534285697	26.68170001867111	28.66507657980561	22.03239448117158	27.12025696885425	20.775928172151247	29.63823615718134	24.07416504105939	26.715536460161793	24.09531613188198	25.520160703734295	26.185989231432906	25.165793660024775	26.23266097567108	16.46900720049489	22.525615876743323	14.490533450243989	14.929244906914525	14.61980067402112	12.031647688119065	12.683291786893655	16.05718937247887	11.425905292521325	16.500719245527367	9.865552354780974	11.510022778608002	9.599511999738382	15.11325303827872	16.112419974513884	19.282892857180435	21.35868243400104	21.52940059577531	25.695993913895656
6.841420508661827	7.109240202046265	11.770212508223665	7.8190357423375145	11.268863667790663	10.023855444640018	0.0	10.20720653869453	12.740301922234307	6.601671696536521	4.175738151658493	8.314319818256212	16.0029604756776	17.64704233093649	19.734773127317606	21.41723298440231	21.98232348276329	25.88865921415553	24.633895802311027	21.87470342301904	24.335722373162735	26.135480905193443	25.79715362464493	25.376756729311207	18.661998020249015	17.482255626168772	20.47382745941584	19.68477552216925	15.433383931843505	11.283404525406715	16.3684679642177	16.50303899520569	13.668038577110226	12.442652675005492	8.793525852696574	13.590179424738512	13.530196110854469	13.599696927635225	8.909626514962726	15.887177076222473	6.977014866376185	11.623894729398865	12.531912643473186	9.403147418876763	14.535714431125578	12.90205322727026	15.854965006345312	19.37031157519011	22.39670102202211	22.03640586199353	16.811433563980998	22.137098632494407	23.214663400134835	16.445732333695663	17.484289604236828	22.071515922513733	18.594448182318686	16.262195870361733	23.303328132194576	23.19577314988209	28.78506200620182	22.22940954391616	21.506158553348644	21.10689031556865	15.262026775275151	17.914299519603578	14.307680689692322	18.90335192845049	13.86385004554759	21.458238031550284	15.21763854803257	14.98714738023555	19.620164120796183	22.434453540219607	21.03504861205393	26.53406991596607	26.123544966247195	25.851514963361474	20.453010703420635	22.729058586277297	18.61762794021816	18.738846574403297	16.158216239792555	15.522739268955807	16.481731610824937	15.850062329314097	21.609498669924953	23.149508303075166	25.21899388297634	19.61864151787428	23.65310166129078	16.582012880456002	21.20274555745091	23.13214178535485	15.948930758814702	21.289956215075346	14.912587662119407	24.40150895638059	21.15998090407176	22.428667551680235	22.927902294601147	22.624510421871776	25.481024177025574	21.190601902501395	24.880296388402947	16.458273253209306	18.887277659618547	13.432054990171642	12.008699570965103	15.575390836503617	11.898396231173674	16.061490391164487	21.542302337789856	18.453049335177333	18.281230930732242	14.73637010904179	13.923698786455367	9.219100540743378	9.298719472910413	12.78480735701598	13.96703144810792	16.13265030690571	17.910909393092883	22.224476475387448
14.740278278304967	11.049026192083325	12.97715436612514	8.968713191936924	7.8020753713772	9.828367998754171	10.20720653869453	0.0	7.476428922843271	11.203521533169791	8.33157668996332	5.135536808916251	7.358374161303744	12.643688231604408	12.079774309201532	15.881867312533162	16.86962581901776	18.52685110369281	18.23434616815719	17.55308470692763	20.355793204894645	23.552957265177994	24.258861089633783	24.82628788043783	15.299533227383417	16.140707471251655	21.832169083081133	18.471657505553896	12.700766514664656	13.911722313674213	21.462821051235117	17.148857628963217	10.87998169838326	16.583451065953806	12.132442314489168	17.979775417253574	18.403641490687235	22.362989700393257	16.736959207842606	21.613745861142863	10.037618647170055	16.91566144611329	14.237332470170806	9.646531414551445	9.460359339696911	10.46950014540474	7.495913192845729	13.154071681789102	13.183235550471016	12.778625736104225	8.564644163354131	12.720639959611308	13.177648407275639	6.347521616407379	8.97225736080516	12.106686553933908	8.941202397122773	8.013812188728517	14.425590782688952	13.447148543158178	21.124284832827566	16.224435195135797	15.58857516338124	17.693188279607764	12.244319515572235	15.431714153672516	14.886034129590152	18.193523422014437	13.922792845736597	18.669677313688695	12.22413965606553	10.83322162071569	12.60647764476403	15.169205407992497	11.663775124786849	17.279763316143892	16.47482609114045	17.458535097542818	10.516559161757083	14.884031820232087	12.941287033260569	15.120500660928725	14.134529402241307	14.267318169500685	16.751995105213275	20.665679130028288	23.246177289539645	26.57813828293096	28.379210916596776	23.722717990309437	30.631549471943845	24.017168574763986	27.80354469744896	28.494132666592993	21.286125447732186	24.24851381692035	17.73955802426973	22.92507952144925	18.488013238234227	19.045437701708583	16.971565204288055	16.93676365606491	17.856656985439717	15.803810701688947	16.61195172165651	7.0521067086658045	12.976909812896828	5.3687078441813885	8.393746836750873	8.034415379824091	11.224411232163998	12.940143083003807	17.25961206804267	12.992582959084766	12.444166387456592	7.864832296501577	4.656380723136933	6.779245046057018	8.439870158442067	6.828127605680864	11.053491633807097	12.20575509512789	12.029442642909522	15.89045204199769
14.415675574184169	8.80439172689427	9.08662301926476	9.722407985388662	5.364785909420893	5.252694183502059	12.740301922234307	7.476428922843271	0.0	10.662066298403065	11.257561894604653	10.843781084492353	7.822913955728285	13.109030510379474	10.82035466009604	14.014835775484444	16.85513500968532	19.614948111720267	20.791961858902663	20.606968171825663	21.408824933994588	25.308866703231857	27.27485549863418	26.636940318151638	17.339055863162482	19.74286110372685	24.142002038530727	18.400543903628407	13.099736917753225	17.142166799143475	21.287300290022426	16.02350998456107	9.607553219955893	14.96743187252797	13.816823406859339	19.73027104601056	18.381586569184712	22.75360166066659	20.056782636134287	24.334804963372168	14.820922777720547	21.764818974860656	20.026431238708238	13.921380651491837	15.377166650312505	13.056232328231507	11.632081618514688	15.688290637946436	15.671229905304303	11.738600677969956	5.178066262183727	10.916209224748593	14.100994245536373	9.062852529639917	6.52108582066011	13.491894986260926	13.382396289376162	11.13852800622734	16.503987227744265	17.007855915963397	26.374128011303632	21.20319118470344	22.01665316687353	24.24631905444189	18.52785363225081	22.90097006964184	21.008551123232817	24.521268645533116	19.162339551247108	24.11883513313006	17.007102331334103	17.41132110390398	17.00694014870439	21.713058217520665	16.786690021614763	21.325528050120337	20.446049577298254	22.724669164408578	14.344557570047945	18.167334715791046	18.63101841433048	18.98597906944579	20.048044078372023	17.979703520750252	23.157934791025756	24.646319645376558	27.4610625127464	31.201757657950694	32.1742797614063	27.355193799902928	33.207534655805446	25.415527253978045	28.931798851694953	30.195745526269867	23.50288735966672	27.39815624561309	21.081435118658195	28.00652548029061	22.01264462673253	24.432698723909336	20.690700358349805	22.416409097104783	22.15244812798293	22.43248650090968	22.423582990752568	12.73868816842125	20.14646714538923	12.02847453539551	14.251935252015585	12.228818005076	13.182511183761326	12.811956729227083	15.422779528272383	9.751593797306738	14.891169360710666	7.371648862815951	8.20037718243542	9.923039312567603	15.042873084280702	13.92482098048613	18.29170258075452	19.665670331855303	18.866020974102224	22.804262642766663
9.513450734024712	4.1394336363423765	11.727184633907001	11.086373823497206	11.844092849811403	8.056387781884895	6.601671696536521	11.203521533169791	10.662066298403065	0.0	5.029080677665084	9.340079802882371	13.983352569001495	13.812854066452866	16.39718946797317	16.756673869733397	17.78762983734683	22.900303926998085	22.221611807676215	19.462220213485864	20.416470849234024	22.53140455712908	23.2369400943313	21.779142204122067	15.377124847715343	15.53337787990903	17.48028190724606	14.70339413184174	11.066877219757545	9.78045651396615	11.909205454584079	10.70361045920759	8.765019033794621	6.380356648454034	5.523616823794162	10.685476030182667	8.931266973214202	12.180589221766178	10.753145767816115	14.80135110991617	8.900834707384213	14.016199189844649	14.554177872395378	8.975725069643076	14.914814146548856	10.143548505470125	15.011269105470753	16.932965291341983	21.08923722592413	19.811940446113766	14.856770140263041	20.656779918355376	22.172293562590465	16.10425224141048	16.746181239285562	22.41147434557876	20.098109459727706	18.37147402297783	25.053587294568946	24.500285738506484	32.06217684396991	26.35035459065848	25.599778228343453	26.26165974297188	20.375784619629783	22.09529605004205	20.382088660495686	24.83080001133126	19.77772487500217	26.880647554918998	20.14278337352976	19.632581114540088	23.028438339909513	25.35914015741484	22.380656460946312	28.458394642775943	26.59774783188396	26.64883845179381	20.65858742040277	21.25596478970923	18.816423247879065	16.99713093311158	16.939357257843916	13.731778970621358	18.73515298000051	16.085984041401737	20.811197737214982	23.476423581529012	24.3111204680571	18.918480681552634	23.057082898649213	14.932873958169642	18.77931277467477	20.68462317132118	14.020395191457029	19.565959186276686	13.463069915602011	24.071236845893655	19.068278275615274	22.321359723395	21.300379939239807	22.690662664237973	24.80705972376474	22.776999921155042	26.536680594479982	17.414497195565033	22.29632364754851	16.080386783996968	16.59622288923625	18.365460645428506	16.143646240490853	18.854520155599918	23.333591848393105	18.902149324100268	21.50928524559987	15.803888011406332	15.19645437276997	12.846169082805776	14.351875294871375	14.615400315848712	18.626189362578305	19.654522966413214	19.696857026162235	24.79919202049447
10.324591974020874	7.249375795129326	13.239773240856778	9.826341357952275	11.525113848779402	9.926201119397883	4.175738151658493	8.33157668996332	11.257561894604653	5.029080677665084	0.0	5.197127674231666	12.902443454003492	13.597661327396393	16.279355412656304	17.64569068796536	17.899432860851018	21.929593478306778	20.600543578534804	17.795008801140554	20.16939966982051	22.081397507924763	21.999226744731395	21.616062837701413	14.49739769789816	13.639379072629369	17.10038541200926	15.794145797362875	11.369890272160378	8.019443411258338	14.402474010228138	13.11042804381557	9.997922355202373	10.475991329753272	5.430400682502801	11.036203984222269	11.380686514746651	14.139454325607428	8.932302140929295	14.263744851540586	4.468634202946179	10.742624258714143	10.438780487867575	5.6181471547307975	11.177240071484741	8.728586621381817	12.471476723735242	15.345230197610185	19.055345387640557	19.121396481931132	14.65937187296995	19.959090637774977	20.535517669209213	14.001935792423005	16.05909886934958	20.372877353004203	17.01504557369836	15.760818911504433	22.571056179491716	21.54740421618771	28.044097273315813	22.537919569634504	21.166650035078547	21.653207542890573	16.026034676881793	17.090094421742958	15.973547661046698	20.311478858622557	15.884676486494689	22.788123582947204	16.55012077636908	15.233395595804282	19.622966703081868	20.997563101166193	18.925231108883295	25.13701924254894	23.55548708462728	23.067513057618353	17.89677544038436	19.015632808636294	15.25187759403377	14.769820909826981	13.087102109429578	11.64970228958162	14.459001477264806	14.14506929357285	18.77489705762864	21.219559964876165	22.87508644235007	17.512936534440097	22.932481493051437	15.911207258985291	20.03181683544206	21.326691793137698	14.014289577863845	18.605035407237587	11.994601438208303	21.16892681694257	17.229652684401163	19.037770928598235	19.011306255057555	19.24186545781684	21.9513245157332	18.532144537687195	22.606542760990383	14.063962469347082	17.65236875536291	12.306930246377616	12.651745326039743	15.325422615742832	14.042781454512074	17.540794657029625	22.65973039936817	18.67836557433405	18.945447685141392	14.494339081046892	12.770882198060168	10.294621389938627	9.701438581379152	10.303541823955003	13.788138343969756	14.7743431203827	15.378331729889046	20.29220427138968
14.524932715421622	11.00175190731203	15.482652107657975	11.179333645500623	11.6694082300756	11.86646258862692	8.314319818256212	5.135536808916251	10.843781084492353	9.340079802882371	5.197127674231666	0.0	9.617392563085977	11.407378357394347	13.492925051071428	15.8842361058613	15.70999160031139	18.321886190312924	16.874783629201815	14.804127075083233	18.097799456160246	20.417725668036578	20.373038973527247	20.977352629701578	12.428930160818851	11.93502341114697	17.362993589944704	15.674164494408942	10.449011573769136	9.060889528195466	17.76154623572371	14.528207260047768	9.799451702497075	14.132724523414863	8.204032177627086	13.51282703020541	14.806882154540133	18.928478670523468	12.399888985927296	16.74683577960479	5.220047433356328	12.074969646051292	9.3620615090319	4.6933034045292725	6.569555595091937	7.078841453336519	7.8591018224507145	11.764575262479228	14.506617382566139	15.70631208480649	12.466969599123194	16.836569471025836	16.36740845467057	9.96629390537775	13.768668821981102	16.46712511917247	12.642542209424382	12.733817294892997	18.99687295313993	17.03225755887679	23.633125903788304	19.232685576920876	17.21679977088986	18.642237123837262	13.529636798198172	13.66980166180708	14.79657896835262	18.47960880562074	14.975350903679374	20.538480885257016	14.768327382933837	12.208304018974811	16.310807492406614	16.22340541944539	13.94562145290904	20.525683396773882	18.498735765066463	17.887004170686236	13.083980166377245	14.535699777017312	10.665313609854461	11.772197697449968	9.95417130255121	9.961115213801348	12.360985091465094	15.566974159190444	18.320531150205372	21.48011855136993	23.330094051371358	18.6271491132634	25.778187457676346	19.69212913747193	23.36421319324381	23.78895263582769	16.549113230605588	19.31188866120861	12.781935225273905	18.753791905497344	14.847369817160123	15.575018889856926	15.048255033244057	14.777064280607199	17.18730957767187	13.889286402279303	17.451840877377776	9.11423651879609	13.183272729552083	8.294708411657668	10.440228151079639	12.290401556239233	14.158868842342807	17.123110215792273	21.975886618512387	17.839179157330932	16.78434243864145	12.858855412825703	9.650318213137682	9.782036421281262	7.8599058179640116	5.279326767003325	10.655123780585596	10.719739020243042	10.512324674681302	15.464407985236203
20.17484556692089	14.323739280684874	16.653083394512603	15.122531798203418	11.767977241164505	12.449869395020436	16.0029604756776	7.358374161303744	7.822913955728285	13.983352569001495	12.902443454003492	9.617392563085977	0.0	7.904511879822863	4.831592513226778	9.52754732551609	11.225231661790918	12.277487622349991	13.432205660950117	14.279003374556927	15.675752418334525	19.89224648432363	22.00835279893095	22.321049364485134	12.172370402700869	15.328947318405199	21.056029360128953	15.295073464491118	9.81705846307502	15.724657559951732	22.065192905555268	15.237449025312019	8.342999048159239	17.195993620526817	14.084443101009592	19.262477754087506	19.314914946952815	25.61339703027584	21.138898048786334	23.837750865133057	14.433328252631584	21.14020005595774	17.78650571986388	12.178062696307206	10.423283058835624	9.713538724661554	4.979079413852477	8.794164081664094	8.035845074145298	6.255693498918271	5.098102313745679	8.303456565792583	8.355974729871695	4.3283382131141055	7.90977574817876	10.611801034419221	10.186460259308602	11.610264978242627	15.507310685150852	13.175902500871201	23.2341126835066	20.624767287925	19.766587427807952	23.184567643231826	18.610278058656267	20.020502260706056	21.857121259461632	24.70161892433682	21.021982311819556	24.637208416335607	18.675996768554178	16.878490025579747	16.698491048287043	17.460604913123497	11.659475289080039	17.554890994888247	14.12123670981192	15.936684653487086	8.356245181572236	10.431339099776348	12.46716095055296	13.286617098494181	15.64040882483602	13.956598872270177	19.85440586447101	23.32504432064644	23.909341295318896	28.490869754529378	29.276511397866308	25.38985826287513	33.115348788589316	26.49606693787324	29.357228361109918	29.42954414031073	22.99702984940369	24.798513930287253	19.03752529096198	22.663806684892254	16.475831264492218	18.478495003960845	13.512492166444302	15.696813535532655	14.549333521829976	16.683817216521746	16.527595753429182	7.815801049881754	16.596136204581537	10.533397101977176	15.199346226458635	12.647603003825388	17.678279247405634	17.75720422628462	20.307735346672434	14.829616831587277	16.95500553807386	11.025106416772823	8.309306298997894	13.552614097929247	15.386712811772671	10.335929470409866	16.964521312668456	16.41627331941743	13.697880169324714	17.73953346858238
22.53617770977653	16.01453516333224	21.05274097583393	19.891783591929098	17.594199198464086	16.11016143430291	17.64704233093649	12.643688231604408	13.109030510379474	13.812854066452866	13.597661327396393	11.407378357394347	7.904511879822863	0.0	6.480029763838734	5.341890716631856	4.4405195027480096	9.29824375443406	9.299600198166418	8.470886639166855	8.323154319290529	12.42419604545454	15.166539386710085	14.74901904132186	5.162928320975223	9.834060126095546	14.375847689547271	7.782845848528307	3.665535378082275	12.192176766268107	17.209392899842708	9.51807966568895	5.619634587655674	14.170384528548396	11.566643901397082	14.68065554986391	15.097652045265459	23.162333396555397	19.55293850235106	19.49438558782917	14.082079849027659	19.34062482620534	16.247797224342197	10.65763813951581	10.360139718345792	5.941397631045588	8.028198115232287	4.81276634107747	10.72965299772132	11.47449910588811	12.106159668712086	15.210244290771577	14.185115969321926	11.710642217315486	15.522652134699634	18.05772505866449	17.024002282246478	18.994029122835293	23.143632570239806	19.83841891112971	29.083195234477877	27.17544912269649	25.0560931259675	28.08168768223323	23.709872129339924	22.1902695459493	25.917254564223736	29.11692629684926	25.928844068473037	30.395542213736885	24.661181676080442	21.983574301930954	23.650467385926273	21.83091413327112	17.001932035656143	23.847375446445454	18.41053532866324	18.23512898477897	13.966235486853884	9.677557467081192	11.676596838146587	8.394170734704334	13.562721466661683	9.128374242792047	18.331682652665574	19.49244484678217	18.5788238668341	23.868658861536513	23.58099109240781	20.42512616256842	28.435486784293634	22.525495419953337	24.283582033203906	23.611048096784653	18.283513512016413	18.914479614741772	14.355946208522337	18.075235647815138	10.525886535223044	15.098624234326126	9.922413614846628	14.146167537187448	13.934626206915707	17.070460799001918	19.96503419519415	13.116759504094192	20.439815609148496	16.299198861561276	20.584891142001872	19.640740900462756	23.499815274834464	24.589016693636268	27.65601722191044	22.004618831041725	24.26719098756705	18.28928170713347	15.474192527182732	19.06452743567849	19.035935398381014	12.944414809205245	20.7109541843257	18.88120575745829	15.23675421047197	20.361425345959464
23.68263716242852	17.08020222543361	19.82805800819612	19.373977411961302	15.643778917893378	15.353926817483702	19.734773127317606	12.079774309201532	10.82035466009604	16.39718946797317	16.279355412656304	13.492925051071428	4.831592513226778	6.480029763838734	0.0	5.505413416690358	8.061759156324412	9.169635590277988	11.635841092166551	13.358452815088514	13.10581365974975	17.87567952160858	21.009530660273516	20.90261896118105	11.349734231239726	15.818829913910093	20.852193311999756	13.682950580422169	9.422019159466405	17.529818384910396	22.477231408539403	14.51891937255386	8.630131877909102	17.989893331154917	16.037857887804897	20.35594806190585	20.109076060721197	27.501309351770168	23.94368327815613	25.285211069341244	17.710263028338794	23.99238797780397	20.63023833642258	14.848197147029667	13.151706592998591	11.036055081533775	7.956342774505801	8.096395518070539	8.014182947055195	5.328985856427149	7.584151386054025	9.213175619949386	9.038832307009896	8.50642626653732	10.970418255011214	13.267002854606881	14.094836314639519	16.02235920272692	18.85348635910589	16.10932115089937	26.598525344336622	24.95980243054474	23.942020215550617	27.666283096012847	23.347132370345992	23.872945510214706	26.57212761381323	29.382722670400224	25.84048867092963	29.320052168107587	23.477313253022682	21.56152076319681	21.05046212265322	20.934486921228604	14.7502761415989	20.3684805945694	15.54805406129918	17.412162707869314	10.969627468767031	9.943051566811336	14.281796405959215	13.568541776372493	17.81574682136677	14.913840045637587	22.546515158498558	25.166857655211718	24.68448820534176	29.83792088160681	29.89623023915908	26.556140753690627	34.40364313022196	27.90328179251937	30.090297899566366	29.81865653117786	24.14822148227967	25.291665837192753	20.30333657583067	23.255165552921447	16.15894429745994	19.345056238470097	12.940688500255982	16.71091567354276	14.517909198067683	19.004335321893773	18.893225590294108	11.73392235331175	20.489139992749525	15.232726780209488	20.022912970051976	17.240612934448393	22.25420404754295	21.945711562693653	23.807735737968994	18.0191511810767	21.339630941998017	15.117951165109533	12.94999947513363	18.198351813892923	19.99135645171523	14.257719349277401	21.435271090929874	20.274000847088654	16.702964463356125	20.775405168733027
25.293259458999906	18.203783662872233	22.291808293433633	22.519097839206655	19.201529351522865	17.467300445305185	21.41723298440231	15.881867312533162	14.014835775484444	16.756673869733397	17.64569068796536	15.8842361058613	9.52754732551609	5.341890716631856	5.505413416690358	0.0	4.571641102829419	9.036727019899285	11.32455037914918	12.188689898225052	9.680355738966481	14.475488969177864	18.454362281075237	17.348857440377095	9.537087819343814	14.724176555464224	18.13487832377854	9.767613746431095	7.7333730939197665	17.00182210216873	19.877066015831073	11.338557453535357	8.036757631225132	16.29729220341243	15.673119307593169	18.66083560986001	18.06923484097773	26.38503703824759	24.079590378509657	23.79371921246658	18.926732955227003	24.40608817451704	21.548931187121845	15.660596364257444	15.32789492154296	11.022629328821495	11.630250430305662	8.673072107185156	12.018929426319279	10.45948315203546	12.177398585886523	14.376549628936639	14.235000450749208	13.642844476984576	15.852434780421913	18.77063513143015	19.303753038446324	21.07991836527497	24.338942179607724	21.45163405492901	31.66436356371101	30.034541956448944	28.59571923438654	32.028573576586275	27.557760755709626	26.99738256969677	30.182710972793277	33.335594938473236	29.733297111354165	33.92623829835052	27.915371537710648	25.81638749902865	26.187620094193402	25.329012285545794	19.590123866010497	25.61061772408541	20.047195920227395	20.98142527327127	15.962708295546065	12.068144682400376	16.26775109625883	13.194750644000269	18.824494588874934	14.268876550672838	23.658527631494167	24.324790068112456	23.20975198786751	28.665518310124636	27.872118698454678	24.976615521489215	32.440716720964865	26.153565618277536	27.544392389240564	27.01112383952876	22.34349941184261	23.104976788934596	19.07626433033514	22.61515366766217	14.774097077507925	19.685891318319158	13.291911485594852	18.252072753917613	16.552982205878994	21.520037782552293	22.978791948091818	16.295006817707026	24.515077810144714	19.6840756835239	24.158884997878104	22.159325171369236	26.15541540523178	26.279254290483017	28.340958272422007	22.369007773276202	26.331321990645414	19.709355772492337	17.74235482801155	21.97776181346381	23.313907355519635	17.476914388691917	25.106124901147535	23.549141424042308	19.732264882914162	24.386068227033846
26.766628040443226	20.05123957469112	25.0178162900877	24.24673105354407	21.64613735867544	20.05979782326498	21.98232348276329	16.86962581901776	16.85513500968532	17.78762983734683	17.899432860851018	15.70999160031139	11.225231661790918	4.4405195027480096	8.061759156324412	4.571641102829419	0.0	6.974873009546515	7.713901411942416	7.986626017453879	5.257764124348085	10.148702386645008	14.096172938167188	13.501858293782254	6.0791922423308975	11.420733171340734	14.970570495855418	7.736702780718521	6.9661656919122725	15.382698691217426	19.196699861309543	11.162738972833276	9.336905646042048	17.03076228296942	15.253947144993658	17.202667864759317	17.63239886777742	26.255106915397533	23.1560073614361	21.862392206437498	18.09873601059726	22.69357933496564	19.497547195064865	14.560547940520184	13.587044796398942	9.7717831636038	11.319792389751345	6.107001355185657	11.731374049794615	12.825865682662952	15.149203875413416	17.161633532195566	15.64914079216953	14.933089502823531	18.65679639926123	20.497048684412704	20.102223480820065	22.63593563317349	25.99302452112106	22.2333957076216	31.59604587223113	30.637287541020775	28.30708269156632	31.6720430245335	27.676410949532922	25.42950379438859	30.040787559978455	33.03995699162954	30.165049815438813	34.24579322259994	28.7586037936458	25.868685978219872	27.165271676250583	24.479190192844772	19.467559700156844	26.056596085675416	19.653716247644656	19.345885962400356	16.25859202203378	9.979292598173053	13.756028070435152	9.68443591652626	16.114418051081817	11.478201997789258	21.070991948728995	21.986723656262274	19.66630562224543	25.373124030165652	24.410130410773622	22.151288500664815	30.30852448181009	25.001121864879728	25.996688711026653	24.780438408009537	20.501252964085587	19.97003753927353	16.68047074712683	18.553865368649785	10.68745829376127	15.95167545311344	9.697510661182271	15.110450867717125	13.956803902004168	19.04151771195008	21.73682055940003	16.318067814903582	23.55062665967292	20.146324045548244	24.73158388033495	23.411607149342725	27.79697803140383	28.58856984627606	31.23373722642155	25.44949470512315	28.033679906960813	22.059269874134888	19.272789510331325	23.383428722393994	23.239664997051403	16.650781163883817	24.530537687842077	22.193159094512346	17.93137064946183	22.715081419001294
