0.0	5.561745973672997	6.623197625027283	10.995638284732424	13.368336989383467	16.696131520054692	19.999449736373613	24.048635740533292	24.792433436774083	22.374789704150345	20.47112418613931	15.820636812377835	14.923435282989406	10.831883395277103	9.166514011330708	7.164856992059465	6.2582777338669615	6.8651383177677925	7.050499693753384	10.689556147883494	9.824372366793247	15.096757199289756	15.334148137668693	17.9448003040551	13.729364631023365	11.949815566586787	17.235008161118166	17.306552609289774	12.91297516290835	15.817796642470876	19.963001845412276	17.843814392655393	16.33681547395059	19.367407642253262	22.391543578527592	21.54190259781956	25.081611877539896	21.075590311303163	25.946678595839373	25.002236248586247	19.83812083803195	22.101692363729683	16.085874757781536	18.81854431417072	14.075469271853269	16.67713203287939	20.46965123480053	19.1480497003263	21.440090398618803	16.039057435268603	20.157558689279035	19.988628188356152	19.13211091116017	16.744622035332366	12.79480498231998	8.7678218757939	10.84447957821545	15.202422214001842	13.538656297654667	12.878727304511278	8.878933908488216	7.685699236928534	3.9023999856524156	7.631630910015263	8.565342894701308	12.783865363788301	12.735074938210891	17.965433554830156	17.931134906580716	22.783831773420616	24.646021772885824	26.70314854346646	30.08268496255228	31.974503442121648	35.487035223070826	37.063185499439044	2.4975408925359837	38.22444443931754
5.561745973672997	0.0	5.857007238035022	7.516224456767826	10.89328904166928	13.677026757180275	16.755289479832086	21.23040783536854	20.97705822219954	18.28701364190554	16.163955553378504	11.475377669908406	11.023143147369332	5.8325058264552245	7.067693439034565	5.854738316847071	7.974827312784398	11.05165166668568	12.148405743432011	15.373433174363427	12.781676752577	17.951496067562548	17.225631519268052	19.66319877537877	15.533915603306532	12.71571949830405	17.31434904970108	17.463933509564114	12.170610487438216	14.134242465677692	18.62889490957704	16.26691892103089	13.324510829209418	16.17314632179236	19.83849547546515	19.352091740744314	23.75604227439702	20.84934655464661	25.615335032904046	23.61357993605321	18.995164793390817	21.622429503635605	16.10274025911056	18.543981647996148	14.969803158582534	17.93869843781034	21.069280853951284	20.7673530976295	22.28487583276561	17.44809346480943	22.391690556706543	21.74597136963789	21.989412886814733	19.964751240090486	16.873096936158323	12.18022958648106	15.682728636059203	19.14200560244955	16.460623385442695	16.543963226634023	11.587389801379882	10.895107860399698	6.245375271264636	6.106582750660889	9.107279975053311	10.755728450413276	12.077652478691174	16.54789643753211	15.978370034544069	21.37533201963025	22.616059838367892	25.787592049571167	28.26468349740345	30.95461608756201	34.003914241162335	35.25452281824283	5.757487218670882	36.493105852204195
6.623197625027283	5.857007238035022	0.0	5.4947726327568756	6.977465333464249	10.325686521118929	13.577665093670571	17.438006338483056	18.50731313608215	16.298562650041315	14.676378253829393	10.24628109289961	9.622224274055647	7.437148150758014	5.2907491696186755	8.144583283239262	5.789514134544807	10.274388884151405	9.921460042503558	13.41623277552157	9.897492610812085	13.999815025765484	12.089567093505146	15.47612415233061	12.432502175435017	8.326372344373485	12.98579194408057	14.625576965872405	10.127864213358789	10.83048896295252	15.921408660507943	15.101424053013776	12.835618720506078	14.313819939047313	17.79741025578666	16.06746517142277	20.15277844591307	16.804290184912432	21.168361181913927	19.34540285170651	14.305356228249215	16.224330188525972	10.499873436145968	12.974870283532102	9.351354318608866	12.929467362687708	15.659676335817611	15.081474815888681	16.442471825627187	11.67618947237068	16.864202134331677	16.773264652351966	17.274325477020415	14.94180689536175	12.987862167443602	7.843798088000111	12.431349774603003	14.53244093142182	11.282941815150021	12.658523936236135	6.829531857454481	8.91281783454949	7.222065023902393	6.924036938005792	5.008916647709957	7.1873988420574575	6.507900757338364	11.593547602463653	11.469339503682388	16.37025120034131	18.351503721719087	20.769160946684718	24.00934772160646	26.44165281412791	29.57195870600849	30.865748741614297	7.662204137217944	32.00944578806534
10.995638284732424	7.516224456767826	5.4947726327568756	0.0	5.879796396449155	6.258232559872354	10.480943104567986	14.230526379914497	14.629628204749382	11.539641637376988	10.651711514841624	5.263181571993198	7.495622258752228	5.856386627863822	7.6412592868144085	11.251126728744266	10.840512425143006	15.597420957976167	15.247907351926377	18.906322279326663	15.051589688315989	18.671975107047306	15.805979974417744	19.259830391064824	16.795425665860787	12.059356292556853	15.390729547706808	17.586891721536507	12.903211240159095	11.735973523667402	17.18007358688794	16.73398358044438	13.046001109387749	13.207702661759374	17.53169167785729	15.61751854865866	20.657246457967364	18.683438519040404	22.399334605255852	19.236743580857024	15.036664806253016	16.415120739675793	11.929000296773847	12.760403708633712	10.879681195496424	13.86391094319172	15.772543915192008	16.76960704526211	17.675817933620518	14.320326583076588	20.03094042305692	20.105383722853727	21.455911437734816	19.140443216337882	18.107226761554486	12.942109790530862	17.51289163770618	18.98575024014516	14.87416849245589	16.149420822525908	10.923343416193239	12.129955621620363	10.267865700292692	7.062255654830986	7.0375883603359455	4.273745236296291	7.202214261349736	9.845984778283398	10.244695365338401	15.04968095906785	16.967480415121543	20.51274473846721	22.9324690443945	26.429254317815438	28.785775654985386	29.471900971255153	12.006868480186084	30.613935274880294
13.368336989383467	10.89328904166928	6.977465333464249	5.879796396449155	0.0	5.942831139539025	6.800958105407261	11.106376760004771	11.955064804671995	10.849798181040619	8.831428644742205	6.641739253829657	4.906298838643164	7.811520816746192	6.203573990334639	11.770469425725025	10.132934048828032	15.474940650713258	15.792508232060225	18.156929432878968	13.151535122160954	15.488318172167	12.090785075828768	14.875776268627382	13.382910572539089	8.346468705904828	10.133445198137446	12.966247504216776	9.295989301552401	6.359700500442476	11.886311476808073	12.663633048931363	9.763167674811847	8.694101988953477	12.523376606558163	9.984658020973974	14.830585396171385	13.054678810572762	16.58729980501118	13.456188508060592	9.285229303918792	11.586840583450778	7.595331727509999	10.183104801605637	10.094582650364025	14.33542567775695	14.837800204502795	15.118981422756276	14.222166592144504	11.11256378375984	16.460967930420423	15.598784242299256	17.86662340646335	16.58195897106147	16.49443943247791	12.10913127263988	17.49665463268307	17.698857887330494	14.09408303230483	17.27570486105585	11.460791452267696	15.121230467230943	14.017087323163102	12.197922865304797	9.730675597587302	7.372613586729077	5.039300908177659	7.726813571427737	5.127702615382586	10.85649143451671	11.787468956722273	15.243015631402944	17.58350302287334	20.735192726106632	23.377995114610314	24.43446411028336	13.780381459614501	25.641647736163943
16.696131520054692	13.677026757180275	10.325686521118929	6.258232559872354	5.942831139539025	0.0	5.993472839944183	8.242487797803616	9.716347803182911	6.865705700583914	7.8200718021053826	4.885870631244774	8.263225152871629	10.535534299842903	11.477293191662955	16.441541773921205	15.137397570305183	20.247313866154805	19.499854689518912	22.8223239733583	18.365121851685206	20.48713884200568	16.34371055934212	19.96118385478179	19.03252895021309	13.763605271780468	15.172197880814542	18.69327361745335	15.222264402951081	11.74787551879075	16.950287304045123	18.163319789681466	14.606461547108994	12.320505025614786	16.484098425381184	13.387072694176094	18.48430530422685	17.69338769393595	20.06211885059141	15.925010840999114	12.789351388455763	12.777992471387435	10.483516055658997	9.506069723910477	10.696070988966714	13.4292728272967	13.299834328820552	15.43077406446146	15.070595075404523	13.765008593862875	19.369289027322957	19.774953207436695	22.101161770823758	20.0374412342325	20.671744639489223	15.989135115692452	20.84166705255766	20.68273361236656	16.135237383352887	18.554512926985574	13.80913260125386	16.401568100025543	15.963309065865426	12.626576842860333	10.648189161419143	5.427520364747968	7.121232747486585	5.54489988965553	6.741344689928859	10.065856874955761	12.42317942305391	16.27624596681789	18.3722947779495	22.55172127076274	24.15047695758213	24.299797759871236	17.7102046920327	25.34489611373915
19.999449736373613	16.755289479832086	13.577665093670571	10.480943104567986	6.800958105407261	5.993472839944183	0.0	5.375411918772788	5.313194859584171	6.007905100190461	4.8280275025972115	7.259593603921881	7.1452257401684225	12.19702585915701	12.356087508339128	17.738535837508135	16.796154183962226	22.15499880188322	22.46515671268978	24.657211635459184	19.407691556041925	20.740553306851943	16.6885505357658	18.942279022380387	18.670148554377988	13.938185246208262	13.312100386200093	16.60827678035429	14.154017684821012	9.358792711310691	13.323898348411204	15.404435582607363	12.158011073737242	8.075368383869234	11.709943109271663	8.529348630772189	13.79759382576433	14.600786091995747	16.30254018807894	11.388546254358435	9.933977788301133	11.185352308251561	10.829855912997383	11.441084164712962	14.25953489129667	17.767899263267484	16.538682708547753	18.05253788002669	15.73926763885085	15.021790194010668	19.84046506025708	18.91864526929249	22.19951853093407	21.399303165227366	22.443168457790804	18.457379827589723	23.799834140873216	23.089387978941804	19.229313582418552	22.763076625951022	17.49367758049285	21.125687117761284	20.247754732724967	17.49712558484333	15.382728457448472	11.031464009009818	9.997191288197133	8.210168775897124	4.869857365092793	8.40611630230855	7.770572082095331	12.922657856080495	13.45132819496024	18.00234980953497	19.39041751060101	19.664131369925748	20.382543166061428	20.88024860399539
24.048635740533292	21.23040783536854	17.438006338483056	14.230526379914497	11.106376760004771	8.242487797803616	5.375411918772788	0.0	5.543773913635518	7.035479374079809	8.909456847107512	11.223316361797803	12.474767488578975	17.140016149449785	17.15979229643356	22.69248279855433	21.020531721953983	26.22571741295655	25.75045629929329	28.1632602045347	23.135695534334435	23.602824431317682	18.86858715207334	21.581557358494223	22.342558667164187	17.50257186981431	16.232200554758933	20.39860786279878	18.76917651345205	13.66275747874954	17.077010009574323	20.056216902694086	17.328193542225634	12.795976721240118	15.510775576161981	11.583669197742722	15.675594609505039	17.031885093468034	17.182704641024092	11.988648235604407	11.782131695858562	10.49548754046989	12.451928008065515	10.84282177926784	15.31266731554202	17.854609018738177	15.314389452678821	17.710708390065857	14.940866964910313	16.21377317448136	20.521180943328062	20.51618005084805	24.01056284526573	22.98670783803216	25.09592809201723	21.416914145575543	26.420603903836756	24.786025524691716	20.679833564647172	24.34095454194372	19.944647391132616	23.74077915514864	23.828077306219253	20.821657223800067	17.99563394087856	13.272105010470401	12.43725585725919	8.173103375357046	7.384553575496169	6.272645656690164	7.0412527521273445	11.37606280141056	11.889220060682893	16.978704020725175	17.29394753467507	16.72130687661302	24.765939841429297	17.69561862084157
24.792433436774083	20.97705822219954	18.50731313608215	14.629628204749382	11.955064804671995	9.716347803182911	5.313194859584171	5.543773913635518	0.0	4.864775987556293	5.416848374043148	10.128671913820922	10.998936071149636	15.87478528899719	17.11483745199414	22.146806454286864	21.878796170726325	27.2649822202421	27.69491773579497	29.91916895224812	24.61184626626904	25.845990290243208	21.759741856791283	23.688004650969678	23.63240932613681	19.12412113906058	17.927115079965695	20.934826238994496	18.74434593110794	13.906902288766076	16.784814448258675	18.929652780408567	15.44725997644006	10.789603967403425	13.780759783641132	11.355512022661712	16.130338736728312	18.433345639388214	19.151760533300127	13.64245724910887	14.058378406064909	14.755897589351173	15.790149337778532	15.503512870664942	19.016294513721473	21.98614339428787	20.20477886467454	22.37729409757501	19.737855492711006	19.948669273288058	24.486171955061717	23.519870018053645	27.097623998711608	26.469059398861923	27.734218186075186	23.756186900424794	29.07090450618549	28.248123783814297	24.264266552342384	27.66234208687606	22.603767912530735	25.868378049178784	24.80546365696786	21.550170616327904	20.094462990626422	15.120576522858094	15.10446993231133	12.229311679628703	9.835789208032683	11.192542702972721	9.406007549045352	14.978881757222082	13.605963560827242	18.989824089571815	19.109723072053306	18.540207422270246	25.13043918011299	19.714874964734815
22.374789704150345	18.28701364190554	16.298562650041315	11.539641637376988	10.849798181040619	6.865705700583914	6.007905100190461	7.035479374079809	4.864775987556293	0.0	4.837211738133479	6.827130341955926	10.19214103970951	13.598757874039201	15.950572855151293	20.634986388580394	20.621218636598872	25.939813338115403	25.92505488910194	28.883639146523567	23.996754800375424	26.00743903467442	21.93300594242061	24.663434157540692	23.917530014220638	19.000723690186785	19.155110245212803	22.193965404556817	18.98573338219159	14.828052314840976	18.88094086414972	20.208565762363218	16.05675099319189	12.529607559196087	16.512212376913066	14.141832559365566	19.438759738092628	20.59637553909197	22.12661168680827	16.937050921208094	15.878842722922258	16.197579283441478	15.83965981011584	14.81869407193369	17.345242325555226	19.80988418453818	18.79473698688557	21.433771272725476	20.024239619276514	19.684273769167614	24.884769473953224	24.598479793732356	27.606007921157364	26.19178903144855	26.981642448739677	22.441978308042497	27.51041696233224	27.27263978202795	22.85356173998279	25.407684245116467	20.60079384053225	22.926015297142605	21.765300738502532	17.98344869150893	17.283149775117494	11.858852144146587	13.632743165293189	10.920628877598814	10.31914382000454	12.454205815430598	12.65178683497336	17.813976390055196	17.70081144101647	22.884114893035246	23.34000597952642	22.764498395082608	23.01399580257425	23.846220501763568
20.47112418613931	16.163955553378504	14.676378253829393	10.651711514841624	8.831428644742205	7.8200718021053826	4.8280275025972115	8.909456847107512	5.416848374043148	4.837211738133479	0.0	5.839760276851744	6.3835664777090315	10.745363495040145	12.878999188797437	17.37907857254088	18.011858855256836	23.363026983600346	24.271530326379924	26.581141939424526	21.397731825589872	23.656098434229325	20.231363445959154	22.10278097485379	20.898844133929586	16.49375623128588	16.484081255598458	18.626770754286564	15.297467514411135	11.428708259077915	15.052960814306473	15.835781947683191	11.503414687539367	8.151354540190825	12.359170078096737	10.958460369574732	16.529143081212005	17.758120611281978	19.965274933905818	15.061334085178915	13.921807289498	15.954001870817462	14.902205984803318	15.733394425323828	17.64607935119906	21.02811836415773	20.468961565529828	22.152948291678108	20.360949547337565	19.008934096246406	24.05612096252937	22.766429458600044	25.83817348702734	25.045616814293368	25.261435169833966	20.905562142915343	26.251777286450338	26.409528544848207	22.527909813190465	25.41831129622071	19.91044301967488	22.5661901379613	20.64321579909749	17.476758109734675	17.031992624743662	12.45928049150513	13.048280213866652	12.08918975877612	9.249111448385825	13.183524582257865	11.862476668776257	17.40367250033162	16.90894516806921	21.643209403980155	22.762131093213085	22.85960070287419	20.618012493746196	24.140790149211234
15.820636812377835	11.475377669908406	10.24628109289961	5.263181571993198	6.641739253829657	4.885870631244774	7.259593603921881	11.223316361797803	10.128671913820922	6.827130341955926	5.839760276851744	0.0	5.819280406602893	7.068576251223804	10.17065619894269	14.263092814762128	14.757685070908	19.900777788912258	20.156754819847773	23.30481569975398	18.782013273113606	21.884897255739126	18.611009138436202	21.464321469506146	19.510366634093543	14.731390727655656	16.55393557735529	18.812110708344118	14.459643049653168	11.853195011552334	16.811204953914192	16.792425010893915	12.33704040332182	11.010678716264563	15.649257909917182	13.922142062750947	19.483062701721163	19.011234125216774	22.07646211282141	17.89469431488781	14.98039026320966	16.500644732378895	13.619847167873292	14.043297923775423	14.238050213159102	17.234754824959964	17.87505117431745	19.581546148691487	19.289982405645198	17.03118443411275	22.64877160536151	22.196171985482724	24.4132893520598	22.69947690594394	22.288448408839777	17.375899008172965	22.33224028027721	23.206716932463312	19.01371022083811	20.937023444785037	15.674982964975534	17.338197728282687	15.344009525309058	11.784640297321923	12.024504437262049	7.4873124322139395	9.96293824367582	10.263318147242964	9.502578196602313	14.092535653246284	14.879275491781037	19.530789444811138	20.667985848715016	24.942259652194615	26.623055800898406	26.897738525241536	16.403886149567047	28.08828479611803
14.923435282989406	11.023143147369332	9.622224274055647	7.495622258752228	4.906298838643164	8.263225152871629	7.1452257401684225	12.474767488578975	10.998936071149636	10.19214103970951	6.3835664777090315	5.819280406602893	0.0	5.850986345561524	6.635103429655078	11.191401509672616	11.926468540583777	17.201664616433632	18.723155214624907	20.629886802976024	15.478178657501374	18.406596057998097	15.872378845856149	17.430856693416054	15.24641729381684	11.204953674781983	12.3890866951259	13.641433967357038	9.38660480136026	6.959469115166866	11.418099540037392	11.003561871348735	6.609701689229359	5.973399593453292	10.500025730697722	9.711635597484939	15.088258039599083	14.525028246359033	18.228513137781302	14.673050772553744	11.7504426001534	15.176365045527822	12.03454721047026	14.783620849234223	14.933113635766137	19.031912993439526	19.558710727226167	20.018050358434895	18.76700356868629	15.713430815084287	20.723214744715488	18.9294007093632	21.397954168040922	20.738499273466562	19.997268757881653	15.72348905425309	21.084939996935713	21.94103623559883	18.680479925533525	21.518972153847102	15.531783968300223	18.340425327224324	15.906405514817381	13.840767349156062	13.327464405313574	10.621942639556838	9.899182951235723	11.85465256448652	8.241049691929028	14.031621352853639	13.162546766620979	17.71469162571126	18.53152497176442	22.039415187838678	24.42173151247947	25.423609683955707	14.72184088164557	26.768211359963605
10.831883395277103	5.8325058264552245	7.437148150758014	5.856386627863822	7.811520816746192	10.535534299842903	12.19702585915701	17.140016149449785	15.87478528899719	13.598757874039201	10.745363495040145	7.068576251223804	5.850986345561524	0.0	5.755240039782274	7.657332948245455	10.140352502115448	14.728425420872576	16.330967617373062	18.895762361576296	14.779443328486733	19.14554036262699	17.531666764397457	19.502925677893984	16.023925004490344	12.490047763670447	15.651529571090178	16.053630569730704	10.695538735610405	10.991423067365458	15.480452558666714	13.481314369971491	9.257626374387266	11.283051670948101	15.416047967131995	15.19052550239669	20.19462934184113	18.55367252968602	22.932892425492504	20.032630479487118	16.272944356182546	19.36694585624459	14.861647255625869	17.355881829086577	15.575759306986857	19.149528365749685	21.059696715686705	21.37270913640354	21.581236704246763	17.54183991629999	22.77085454793208	21.46896621239902	22.88002143739193	21.525535376223182	19.4907304653966	14.766892937076916	19.43320178550072	21.70470816612495	18.541046441863017	19.96366879843342	14.256523412103892	15.242733129562682	11.55266271862695	9.610616653588869	11.3673505412586	10.117518819567938	11.248141877672918	14.545085844067176	12.702720431042659	18.44723473037062	18.649851784095983	22.74339025425219	24.20400904453783	27.466018537901203	30.083399055329114	31.118192444815428	10.625473535033196	32.4271125206324
9.166514011330708	7.067693439034565	5.2907491696186755	7.6412592868144085	6.203573990334639	11.477293191662955	12.356087508339128	17.15979229643356	17.11483745199414	15.950572855151293	12.878999188797437	10.17065619894269	6.635103429655078	5.755240039782274	0.0	5.6990183473553255	5.372699995914007	10.570924933458537	12.550881312810827	14.195783692598674	9.396005854202588	13.463151474223617	12.251438339676783	13.848987991725636	10.304539738615313	6.939439261244387	10.615123770035435	10.897186172198673	5.642207708281852	7.180983826985156	11.644530283101707	10.034088381331195	7.715158150265394	10.220996247445077	13.343837228779442	12.71180701711783	16.756074589022163	13.901598953471755	18.72816764717404	16.961430143160502	12.481611630373775	16.1369939916661	11.026330689999815	15.04259263701761	12.924332312453174	17.224009471479725	19.011416378468176	18.156927943196933	17.982218696005223	13.240228960916875	17.87762716600644	16.091349262159916	17.339799649080174	16.470730067944793	14.416431262550377	10.255059486226326	15.321113235666202	17.143297822719735	14.761824959426752	17.18397125373515	11.098864098961508	13.87958873455661	11.247279363412481	11.138536656432438	10.21835014400855	10.726691890031304	8.736249641489932	13.391861567348247	10.769260056240478	16.53355060315603	16.757165082212914	19.73878235772757	22.00008434674141	24.25937903184424	27.56870509324669	29.171013900145738	8.657169711991466	30.462850797246258
7.164856992059465	5.854738316847071	8.144583283239262	11.251126728744266	11.770469425725025	16.441541773921205	17.738535837508135	22.69248279855433	22.146806454286864	20.634986388580394	17.37907857254088	14.263092814762128	11.191401509672616	7.657332948245455	5.6990183473553255	0.0	5.796877939115547	8.419307919155642	11.94187592290134	13.030683222787129	9.856637771807028	15.136814525789857	15.730435037291038	16.54859692798171	11.74135821692578	10.662795928960083	14.835745231584356	13.344467677142669	8.266914361379552	12.102978893822357	15.229646915527914	11.905436339503195	10.305287941190516	14.526716904086628	17.11224106237075	17.609704281070332	21.14791232831328	17.975807316373885	23.19684394584756	22.08566929599132	17.692501479690666	21.561079280081387	16.145362343557398	20.180978283210404	17.023604781721986	20.838447614763833	23.492120835511344	22.253388299250684	22.805866145713928	17.497481302540592	21.54526126241088	19.564737593676977	19.81958248109126	19.032572763878527	15.423162049685912	11.90662143822368	15.615040701132475	18.982994629394646	17.530561425763928	18.71437817785368	13.335633419231003	14.307987718808924	10.249066595155474	11.661390022236564	12.737021293279188	14.664128878478218	13.685643863709702	18.693062163308678	16.467947054102257	22.198679560416313	22.312590974565854	25.17041355902768	27.33362915912982	29.237290386297378	32.77484723201113	34.56391569683851	5.313358819744701	35.88983029023084
6.2582777338669615	7.974827312784398	5.789514134544807	10.840512425143006	10.132934048828032	15.137397570305183	16.796154183962226	21.020531721953983	21.878796170726325	20.621218636598872	18.011858855256836	14.757685070908	11.926468540583777	10.140352502115448	5.372699995914007	5.796877939115547	0.0	5.3924787395661635	7.5668542454055245	8.89295197996707	4.883833333018783	10.067443782644744	10.373745439634424	12.108265154701144	7.804018192100004	6.129938767544167	11.25895996077085	11.086398899111323	7.1203690110282585	10.472654372678145	14.071996810122323	12.42143839831931	11.989516127312738	14.887949133644723	17.15416008341214	16.322476440325826	19.223201396729138	14.983794977353744	20.022342480617716	19.582175199678893	14.505313787723022	17.657877100294428	11.835447468942679	16.123654062441066	12.494098283476758	16.446672903986826	19.05692883100535	17.1093847647893	17.881222202473744	12.25128664246763	16.000353792160023	14.604555987639118	14.450752073457178	13.26104302793474	9.899013260697323	6.2656037933322715	10.572566030510902	13.287821928009349	12.086069667109781	14.008745996669413	8.539586488799626	11.305111773191227	9.38685430298051	11.452127647075953	9.71220888731739	12.814223080223124	10.113202714656513	15.653451662289129	14.04186748014512	19.053579663286765	20.071116335434215	21.79236272413293	25.02941662813951	26.39056305523408	30.19442760367678	32.12392406587436	5.666318675241252	33.32872957126695
6.8651383177677925	11.05165166668568	10.274388884151405	15.597420957976167	15.474940650713258	20.247313866154805	22.15499880188322	26.22571741295655	27.2649822202421	25.939813338115403	23.363026983600346	19.900777788912258	17.201664616433632	14.728425420872576	10.570924933458537	8.419307919155642	5.3924787395661635	0.0	5.349922653249511	4.761114366253711	5.007020876855535	10.151599985478212	12.59930219469924	13.590886970422533	9.020576566437722	10.038285859312603	14.85596203948879	13.708723998047113	11.059329499711062	15.291149086008785	17.904154259905024	15.795553917547961	16.37165264588947	19.84627084564511	21.551062429990303	21.062610672345937	23.171016424078843	18.345913411473134	23.39417903989908	23.923144015257247	18.84554980985951	21.800900011657063	15.993298251601173	20.18661165791145	15.800763530422916	19.03217735265145	22.234693236227102	19.55852084853255	21.024654493456747	15.184535749301736	17.601490626906084	16.378055660584188	14.766856192620452	13.66321342242558	8.664657382615502	7.390673237592715	8.682929046472792	12.841676653594643	13.416491450954666	14.176789372873381	10.522893293813976	11.957479697562357	10.434095661966825	14.157895896823211	12.884419183672962	17.224821239692506	14.720140069799704	20.328513262018998	19.138558389098005	23.738857336404273	24.94217751989897	25.98661756363623	29.56895882758588	30.258122575691708	34.38522182913077	36.57757399496202	5.854321212673676	37.7423045665621
7.050499693753384	12.148405743432011	9.921460042503558	15.247907351926377	15.792508232060225	19.499854689518912	22.46515671268978	25.75045629929329	27.69491773579497	25.92505488910194	24.271530326379924	20.156754819847773	18.723155214624907	16.330967617373062	12.550881312810827	11.94187592290134	7.5668542454055245	5.349922653249511	0.0	5.3686100831671695	7.1060051827127735	10.736373073268041	11.903737369321902	14.719199472061554	11.550343900515568	11.046205947475736	16.08389116510551	16.61538031133426	14.176775115128997	17.07482174502318	20.54934844693529	19.475827929056127	19.536087043327925	22.027275297316315	24.179388697090623	22.66231806579945	24.933404852628886	19.908917265916415	24.38352914291241	24.747784135745196	19.33839783984291	20.89390384963605	15.018130127765376	18.002479446504523	12.801439669126694	15.046503444731282	18.799971581297438	16.036745669994684	18.73545997248254	13.178095806017643	15.650523776074381	16.205250291413005	14.034987066557253	11.270418650490011	6.658918069269872	4.919707342756415	4.03298184412083	9.070092287607016	9.41706777629109	9.029244756634284	6.927554855474214	7.981899596027612	8.905457602520134	12.779162293885848	10.284566123980586	15.57087469566106	13.395227772448234	18.704139833502083	19.023677848813556	22.757391504903172	25.177564873405476	25.67364660656444	30.033588134168728	30.856227633567702	34.78729201128412	36.715019330182194	7.920005488618738	37.73806745864914
10.689556147883494	15.373433174363427	13.41623277552157	18.906322279326663	18.156929432878968	22.8223239733583	24.657211635459184	28.1632602045347	29.91916895224812	28.883639146523567	26.581141939424526	23.30481569975398	20.629886802976024	18.895762361576296	14.195783692598674	13.030683222787129	8.89295197996707	4.761114366253711	5.3686100831671695	0.0	5.696701030300933	8.234139868954228	11.738531500629033	12.557783283374649	9.260819031069776	11.332275741696385	15.503278552296216	14.742128344457324	13.71535657704393	17.519574939595945	19.611920059159196	18.340599402374767	19.754033868353424	22.705694489898026	23.88437445875053	22.943653260514925	24.161242002757863	18.779308316080208	23.362783603378766	24.804377619937554	19.73423240102677	22.083916952045094	16.640911641368955	20.744819101398445	16.30289317095055	19.097482421289254	22.15383915964108	18.6809863270308	20.32413553409253	14.697799237040291	15.615456692021906	14.855896092879853	12.088658029437465	11.084951627399517	5.626420175372518	7.489937321581826	6.399697333360301	10.058003367890192	12.384967057628483	13.316127883940476	11.226427498957344	13.348702529491618	13.580381604894107	17.465646591888806	14.960577615711795	19.714805443197264	16.407458012343668	21.786281950243747	20.953089000401366	24.704832514177458	26.278895967150333	26.273407695408366	30.448467637232632	30.40075900701831	34.75132554258699	37.145217832573216	10.321541828471613	38.200550801849374
9.824372366793247	12.781676752577	9.897492610812085	15.051589688315989	13.151535122160954	18.365121851685206	19.407691556041925	23.135695534334435	24.61184626626904	23.996754800375424	21.397731825589872	18.782013273113606	15.478178657501374	14.779443328486733	9.396005854202588	9.856637771807028	4.883833333018783	5.007020876855535	7.1060051827127735	5.696701030300933	0.0	5.626015529793046	7.945193491893507	8.66722352469962	4.510707527692246	5.8567441160407885	10.193052527655473	9.64744820824121	8.25899984709534	11.838094377085133	14.105821104744974	13.163810274789677	14.476994845810607	17.08771841727024	18.26470247120652	17.27697628045007	18.78464650493672	13.653129801254515	18.542112798889807	19.47084953811083	14.447263932794716	17.50864984483494	12.086665054414697	16.964693741059367	13.481558100580905	17.354795957075705	19.624108683164263	16.602928759302525	17.047141835230338	11.297769764828033	13.317214242937407	11.46783896671993	10.410769033286703	10.074807619964018	6.243841703187553	5.548550094410191	8.771441073030775	10.683245290802427	11.312344037267266	14.012659514127739	9.636100316928252	13.448309112947667	12.967313215274256	15.653382755191997	12.703537229475675	16.259563273023534	12.217071872437707	17.576853800072566	15.797356927302255	19.970641623579702	20.94272950004935	21.442398173673563	25.17775523081207	25.485639909945068	29.730058823219316	32.068725577676624	9.227449323356646	33.203679109807574
15.096757199289756	17.951496067562548	13.999815025765484	18.671975107047306	15.488318172167	20.48713884200568	20.740553306851943	23.602824431317682	25.845990290243208	26.00743903467442	23.656098434229325	21.884897255739126	18.406596057998097	19.14554036262699	13.463151474223617	15.136814525789857	10.067443782644744	10.151599985478212	10.736373073268041	8.234139868954228	5.626015529793046	0.0	5.331377119747593	4.570450871730412	4.66502638654229	7.262703852889604	8.90433224383198	9.269483505247553	10.868885674232214	13.04178746814898	14.068024048795444	14.774491215355297	17.188378995113695	18.69204645232116	18.863655548267342	17.275297750545395	17.229263014781942	11.551994792307092	15.542194551213175	17.843910609145215	13.28368916181071	15.754103456468686	11.608330086993679	16.62403610511355	14.203080087934714	17.91463715222261	19.15765208537782	15.327543180041568	14.783352381902743	9.841635160031654	9.37134977048006	6.834021982607124	5.069324145996368	6.794628118696292	5.513596470531447	8.044485128805972	10.221862237823405	9.238534711147233	11.283296801195167	15.299800911714902	12.033895465931298	16.989705634958227	17.782705303044537	20.13909993860921	15.953435758121108	19.061384234664214	13.856503876518213	18.31223160456901	16.420303962991426	19.235735200522942	20.17345269163247	19.18897344184399	23.42908946011044	22.6330143751663	27.155653684814503	29.80938002678904	14.789605385095909	30.81726494193267
15.334148137668693	17.225631519268052	12.089567093505146	15.805979974417744	12.090785075828768	16.34371055934212	16.6885505357658	18.86858715207334	21.759741856791283	21.93300594242061	20.231363445959154	18.611009138436202	15.872378845856149	17.531666764397457	12.251438339676783	15.730435037291038	10.373745439634424	12.59930219469924	11.903737369321902	11.738531500629033	7.945193491893507	5.331377119747593	0.0	5.501543360087857	7.26640546636578	5.520457661683053	6.524713998040572	9.929436984279114	10.793104906767567	10.696900474168796	12.98254785121124	14.952838368939632	16.27848810048926	16.391017580046316	17.152158366655502	14.359948674492262	14.980079780900985	9.727377007043847	13.055637957901304	14.31327023476739	9.341836264728586	10.72261236357141	6.575886836289835	11.413787599856425	9.898927528975495	13.883133430474501	14.327154974955505	10.855983526820378	9.69074502281429	4.754119754328094	5.9938623959593444	4.932288260841783	5.817238700209582	5.574324573761779	7.469017316128439	7.417857128800951	11.139986056970114	8.692926510558063	8.517678936170856	13.668960616912706	9.905455062233749	15.772941791677848	17.16951895216499	18.39275236496428	13.330220585903811	15.419921144053347	9.712762909937195	13.402093155792642	12.010836766665507	14.138501564681732	15.843514662548854	14.754485753793317	19.508991518799103	19.40033262782187	23.536870070015926	25.798822019754997	15.625997637163534	26.7511530266445
17.9448003040551	19.66319877537877	15.47612415233061	19.259830391064824	14.875776268627382	19.96118385478179	18.942279022380387	21.581557358494223	23.688004650969678	24.663434157540692	22.10278097485379	21.464321469506146	17.430856693416054	19.502925677893984	13.848987991725636	16.54859692798171	12.108265154701144	13.590886970422533	14.719199472061554	12.557783283374649	8.66722352469962	4.570450871730412	5.501543360087857	0.0	5.258322481530157	7.310075897152786	5.8266907649344555	6.61651768911367	10.080853986636567	11.012402516242737	10.786715115240558	12.715256584432437	15.69074773704885	16.356921912333277	15.700732573069951	14.053444518397175	13.053123511305579	7.365890027288234	11.160324953820105	14.02146173615349	10.226737391084175	13.378899163564517	10.611085297165403	16.071794174940482	15.249014899701477	19.375856788461967	19.550708258100045	16.09043921438306	13.880335934522044	10.00638033434225	9.228519340230873	4.316219755356818	5.844648491690993	9.126771227465039	9.819287276658757	11.207850834226289	14.419041401269869	12.601569855253572	13.737588723501208	18.536961351986456	14.64068390391008	20.11824062254562	20.59886012175836	22.187922316488486	17.89126553619916	19.76785047955862	14.070123953408178	17.66836668966691	14.709673221531578	17.14565310138795	17.086314806130012	15.839775899087018	19.62135831981842	18.411522356035587	23.060067545242223	25.919536268309837	17.485280697705864	26.963263655876183
13.729364631023365	15.533915603306532	12.432502175435017	16.795425665860787	13.382910572539089	19.03252895021309	18.670148554377988	22.342558667164187	23.63240932613681	23.917530014220638	20.898844133929586	19.510366634093543	15.24641729381684	16.023925004490344	10.304539738615313	11.74135821692578	7.804018192100004	9.020576566437722	11.550343900515568	9.260819031069776	4.510707527692246	4.66502638654229	7.26640546636578	5.258322481530157	0.0	5.361331709048434	7.219501220941085	5.563560583701373	6.632584636497246	9.961579469277162	10.642747167061447	10.35842184660933	12.975905927541504	15.209659392456967	15.328317472134856	14.648597183290274	15.150786989072389	9.917921427176204	14.911531447239339	16.52081123228374	12.131176373885234	16.062207337393733	11.682155672675096	17.31587460893875	15.230764205742508	19.550463627875143	20.81879308810647	17.736910191278778	16.70717318932701	11.581947380406222	12.734058964606131	9.10262221377307	9.245915109639737	10.85944525072205	8.783741033492369	9.037988507738987	12.590328440828134	12.957687040894772	13.742304003392476	17.522571180519435	12.914362359501013	17.489419259538685	16.89447396974129	18.9302988306691	15.727653529177337	18.169264008118667	13.298842302291133	18.02153459332419	15.016715298202186	18.97360350276362	18.89566069570796	19.11444735356781	22.386812459370518	22.123697160481818	26.580996615788386	29.225792137448735	12.832410863576248	30.400256342805218
11.949815566586787	12.71571949830405	8.326372344373485	12.059356292556853	8.346468705904828	13.763605271780468	13.938185246208262	17.50257186981431	19.12412113906058	19.000723690186785	16.49375623128588	14.731390727655656	11.204953674781983	12.490047763670447	6.939439261244387	10.662795928960083	6.129938767544167	10.038285859312603	11.046205947475736	11.332275741696385	5.8567441160407885	7.262703852889604	5.520457661683053	7.310075897152786	5.361331709048434	0.0	5.362350115366225	7.286264265323141	5.678775997062618	6.630430595380666	9.962991897217202	10.594368573570742	11.194725899866716	12.276265027727563	13.716263060984401	11.840727068166462	13.94054577289352	9.318626100486435	14.063656004663246	13.997946907970833	8.811755790585611	12.219417145499785	7.005110404228352	12.485427458005434	10.647694817509757	15.288726881406363	16.374535115939167	14.092002037503024	13.17091986926658	7.9854473399867985	11.408673670870336	9.228957341971793	10.525854718469272	10.336590464234016	9.485172401859597	7.028991088012978	12.19847870610713	12.172445276973193	10.902649408883711	15.010221184271868	9.514098895792682	14.602936135033614	14.264535767399144	15.19950465057745	11.451840867602348	13.065606393763723	8.007227846861449	12.760862986583467	10.119277411300107	14.41809471985501	15.107745165868932	16.03672898317885	19.56972320223672	20.471192675916416	24.425760130038462	26.542786029086173	11.769657815510262	27.706562556796822
17.235008161118166	17.31434904970108	12.98579194408057	15.390729547706808	10.133445198137446	15.172197880814542	13.312100386200093	16.232200554758933	17.927115079965695	19.155110245212803	16.484081255598458	16.55393557735529	12.3890866951259	15.651529571090178	10.615123770035435	14.835745231584356	11.25895996077085	14.85596203948879	16.08389116510551	15.503278552296216	10.193052527655473	8.90433224383198	6.524713998040572	5.8266907649344555	7.219501220941085	5.362350115366225	0.0	5.406831267650648	7.326775708821152	5.678233984465928	6.5898117707878	9.65072337655579	11.414969657568392	10.909566234779076	10.79492417186938	8.456052421665548	8.9654448270275	4.025855186340493	8.76580606971833	9.395150944494732	5.03510795989998	9.71073212927704	7.183613677737995	12.918301286787079	13.35051101261698	17.977306447337185	17.603937718992658	15.400439351536944	12.423954065148452	9.078838552129529	11.003702628571407	7.140447378351088	10.470533828524092	12.016531984008548	12.952114571955342	11.827100770541286	16.588905335353292	15.134683700877908	14.202845074221408	19.148064944452596	14.090429801215258	19.60401879297103	19.473373458706664	19.862472653681486	15.877257217838423	16.166302605026445	10.611171205441124	13.519603864732957	9.429098484330707	12.633202264646757	11.857560266728573	12.094759554756857	15.210610790943143	15.422139004571298	19.62960821635058	22.095905773011687	16.888443893964027	23.28501534257418
