0.0	7.598877624813542	4.244265239101853	7.241318433851091	15.08974051815333	13.083162307598217	3.612035913381924	8.688479021241076	12.3986184013708	10.737403863257526	8.254675048776376	12.621283329660246	19.1669371987746	10.19289318011762	13.287237975693316	18.393302167724737	16.501900281439372	20.25656032087264	24.14766510207859	23.05475389955398	28.56088152943046	26.800362686561062	25.199982104559172	22.61576039712564	16.41750574213951	18.332436738227884	22.070574906452553	18.913374659847257	14.253882115313873	19.604820930262928	17.78933688931692	12.604041769039735	17.928466924039345	19.71697478928513	19.198806329147885	13.228853171401585	13.562297228658222	10.763852547788817	10.566009158491468	7.982176450061383	10.65503264500904	14.163812463672166	17.083238108781657	20.34272418642254	25.420120981937288	25.570605126352003	32.62803902068167	30.14554882850574	29.890329758327116	26.937308642278122	21.598024003745522	21.716791742861478	19.811125077093543	13.443724462764338	8.696501772828572	14.739302415768433	17.26462865159783	17.420867320899294	24.66091809965583	24.202306958992278	32.21032917321818	30.37711693020134	24.77242143701236	20.934281698443794	26.865192122556362	24.304630315779104	27.147825137907272	24.376286504818324	28.582967328283008	33.22462588133617	32.98210702437155	28.287273307506716	33.92334983365999	25.748601421748866	28.563672374481353	22.014366685378928	26.680805100979043	19.467699052780734	20.544043437635587	21.519081375923463	18.015691189919448	16.461159493282626	16.31710024613493	14.25609800468301	10.775060070970497	5.792396062434623	10.359962678270806	9.446585372796804	14.736763069768026	15.33814142158648	13.142874633784507	14.55227459456682	17.87612735510322	20.301303306306064	17.740333530859	19.27015582086334	27.402384258620337	23.002278815155414	23.062647368848783	27.032623130719887	29.066312575344547	31.933418007331575	29.57683142311883	26.90768244146737	20.297436727746963	28.560496210683446	25.10093547106367	20.15330817203492	25.977503848032853	21.01390792256976	23.562831888978252	28.673470325264212	27.609238317735894	23.82504898858081	20.387508880801203	30.20690476396113	28.390464963909828	26.29656597840001	25.785335179656116	22.419015693352506	24.645778279782878	21.703923542744434	17.798610177655352	18.792121261670385	23.595099973549193	18.031161104004408	14.023253480317708	19.784702282399444	15.391703474221892
7.598877624813542	0.0	7.877657028216391	7.07160877506581	14.457201768032627	14.43497592542049	8.75187687900923	9.238897455050399	14.33971757987212	15.350474288112764	12.887220079956633	13.079713890834807	22.740587304844194	16.338824008539483	17.747963806758126	21.98162195083192	18.466508339184074	22.60843925134522	25.987231717679922	24.709532077459922	28.621408751842548	27.494251344324898	24.556339123876576	23.207127580390914	18.37540487941048	18.040178057027692	21.07234042917886	19.1959180410965	13.630172311923774	16.427019291372808	15.434479509328396	10.459152054399661	12.346082067954475	14.761463996592607	15.071453470833932	8.412974799623282	6.809470540272122	7.707132943502916	4.53965336447814	7.4438077779977005	8.594553512287275	8.975353615160085	13.228668876510481	14.567451852130576	20.448418485752182	21.18195144661012	27.388659206619394	26.153332713420472	25.83396285591947	23.55794474200988	17.744929472851652	17.683904140542705	17.231835860336275	11.008828208881127	7.479594479879018	13.50385355266157	12.776359158343533	16.742816308306345	21.92255328022314	21.91359694452768	29.181743791685538	28.321715330268926	23.696172901890378	19.721942389668452	26.201302673124452	22.117429309522098	25.797057975227812	20.874880638954956	25.93947471645692	30.306507635707266	31.11499124107577	26.81041465643284	33.105973567621646	25.91517468776394	28.330113401592254	22.375138194875213	28.094763966025283	21.46786441667556	21.691168661419887	20.161813904678393	17.930620051051285	17.995691916709706	16.11030756416664	12.46755700933585	13.168409374394106	10.008836512208982	15.364201191516274	12.518958087024926	19.013691502329692	17.659667293282354	13.906835452360909	16.786923781695798	21.044052760209095	20.419131794517693	18.005182956891755	22.41922632451867	28.102623453287972	21.339715384696053	22.967785386166227	27.585927014934395	28.419960999772158	30.898746944904488	27.39912361473407	25.83144351354101	18.938225354037765	26.008720134885372	22.914237146386203	18.248871691012244	21.53698034353892	16.285033273678764	21.21151925184498	24.87602652714929	22.754689690038383	18.090810531990048	16.99836629611642	27.354562646438705	25.724776029732656	22.86560284314787	24.369876270141642	20.864235873651047	24.586461722626062	19.96003290979667	14.956784854297839	20.120335176809554	22.82661119292856	19.154095460462585	15.382667917564943	22.52707486646663	18.485953762526506
4.244265239101853	7.877657028216391	0.0	7.0500611750076	13.698910667033138	12.097291004664639	4.823206381488286	4.990196667812945	9.766794153647421	9.137087822326727	5.302476270440909	8.430363495781487	16.406196988358513	8.792790387859302	10.173296246744917	14.937683326093591	12.467663038882579	16.93913932581715	20.58428900650252	19.004839691139317	24.336260378405445	22.802272572488015	21.04096356839996	19.044936367722386	13.036766763574594	14.930819217163032	18.212738447320437	14.730203485867596	10.906681224457433	16.362898968842618	13.880023509686236	8.87653296633888	15.990072753960108	17.00675020186383	15.728878382224067	10.552169251514433	12.333148551043159	8.397214077026783	9.90711314336908	6.977437954024822	10.746981840870069	12.185394561643582	15.461766489471348	18.194233162414726	24.16339087849157	22.72077230000332	29.94261549486412	27.189044090924654	27.474025271162656	24.10382251516477	19.443777087305858	18.687095376618895	17.628953656836096	10.727061171576581	5.127322897562043	10.67899446398066	14.478611695208174	13.672783793112686	21.269340595950514	21.489040085143188	28.785881283108264	26.747484551135457	20.978609596830577	18.07757260528665	24.499949672328327	22.148118361958684	25.31471642723699	22.711042462226374	25.912624128928407	30.772998118173977	30.161177779061443	25.494407069612013	30.384200254661934	22.896905448445356	24.930788619761536	18.40070167822781	23.679191778288434	16.92471345195863	18.693046804707073	18.97110193229846	16.71650500905657	14.385176153343993	13.31140003998527	12.840069071176975	9.75857173680897	6.396703263263781	8.86815943227966	5.509656651938884	12.060996271231483	12.567518968068	9.49442258471864	10.593221959714521	14.542442359146333	16.6670964541691	13.592682239725818	15.61428275517198	23.659104883065265	18.995332981403227	18.82715893258546	22.906359755822994	24.888099177310295	27.71354430650175	25.45047799982049	22.6756925740292	16.17368695779805	24.497221847807573	21.044271216182153	16.08106719004142	22.43546003341715	17.710887626333285	19.6191559314821	24.87550436530617	24.25371358481995	21.340861528343495	16.966276654367956	26.270668025177212	24.851701683055623	23.186330937194853	23.00565035206803	19.029722139290953	21.52764979334233	19.319288592210967	15.127755518554473	16.039771622852626	21.650385915717813	17.08905014805393	12.475079471910737	19.0433676965953	13.397864786013098
7.241318433851091	7.07160877506581	7.0500611750076	0.0	8.356858764102704	7.4866242965732015	4.995870683344921	6.709921135801971	8.674680649106092	9.725322785851922	9.688947571169216	11.375571389213462	17.41285837616762	12.433065744367807	15.612102056880765	18.726770359617223	16.095844674912055	17.78526739866295	21.574428404531137	22.83667993430893	27.365660502657256	24.33183806515526	22.553729814623296	18.84710663780818	13.677668473155526	13.78296945243417	18.154944420045087	17.142739013577508	9.758643370148546	14.378606946398726	14.760603967726604	10.041418164373095	12.214012899876478	14.462968843222162	17.045404487419937	11.989113728844162	9.494367215271412	5.718757101575997	11.099681224111269	11.89160468885016	14.58085399482719	14.269781222590979	19.057731000994504	19.6728337780076	26.833406205286288	25.551926392124376	31.94001042977147	30.424104677939614	30.981065820691043	27.991780832396564	23.112224406193505	21.640489353002394	22.258725474621453	15.078896208094243	8.54041851176837	14.129152978612572	16.942515870312597	18.584615992663398	25.184800040258363	26.264875872172784	32.46716746914778	30.946135675557912	25.56962533835879	23.44877737881359	30.34807214157997	27.11766719476048	30.819934954096517	26.7303834108809	30.490950368434465	35.25018655944059	35.22979345941706	30.79317139198312	35.48100072773595	28.97346263686716	30.18930805633163	23.965553539118567	30.04965404141577	23.660787780572623	25.26179861452978	24.362350851428	22.63962422274629	21.042854393424427	19.109285783287962	17.745789419402275	16.316836615149683	12.296930163963653	15.812020855019718	11.051206197137601	18.666501030544826	19.31130085951304	15.300363711537653	15.817454694213042	20.676006670379774	22.132696288978725	17.990481758788082	20.43753632795722	29.038883925887173	22.58937828431845	22.133879394941005	27.05915990245878	28.480359234999984	30.674112807176193	27.780034872700007	25.126038997728138	17.647668139122437	25.6009093362535	23.799301016522303	18.883953916267597	23.176319442371437	17.651759818628136	19.931785666767247	25.79522873485355	23.550482587593645	18.518542466253887	15.637488927674752	26.398730101952907	23.242650520332166	20.474743779897086	19.706858194729985	17.246831815233772	19.61996694458885	15.195176762431261	11.655503357714032	14.382674671854385	17.11716998398585	12.303271850761117	8.672137697262457	15.472448791240817	12.154621941250426
15.08974051815333	14.457201768032627	13.698910667033138	8.356858764102704	0.0	3.919503635109923	11.97405569587384	10.420161657326684	7.255804154324655	10.890060509098555	13.507553282101682	13.11533904330167	14.885659440833843	15.637142153306822	18.49619734909031	18.860216161867697	16.568667185432208	14.557291136041941	17.815248186478044	22.491864315031467	26.02317277875013	21.040908329196064	20.03432171286416	14.223933091509135	11.314800875422723	9.48552625278176	14.516793010394599	16.340335517588834	7.829208736311365	11.158681037387735	14.41065731434206	12.159025677859326	11.476721136437451	12.858760202608497	18.494971251039836	16.213952119893417	13.007092287240795	8.486115690289697	17.73574205849814	19.137469832881955	22.141912736016085	19.48471432633018	24.905640464477155	23.56948894500085	32.20307438432186	28.72093446956945	34.40384723825872	33.358960733962256	34.99891212596357	31.68750841669344	28.04875520449059	24.89794952104923	27.628294448315742	20.379476800390425	13.692998216445332	16.585102236542532	20.84211207457905	21.89615218669404	28.034852902159116	30.684777518587865	34.609098109685135	32.98455983844763	27.761868068071667	28.038070827686017	35.36503216292933	32.36097998272684	36.47203396629665	32.25551335084791	34.66510471829099	39.53491143665983	39.12890259126301	35.00870242769165	37.822048186176545	33.27894133187841	32.59861948221302	26.99271256114973	33.81707226112628	28.59212440329957	31.117843289964917	29.348893955458937	29.193925091206385	26.856859554011965	23.968154264820434	24.29839159671613	23.225836759179547	19.87738354759243	21.679454398028685	15.037125086129473	22.85313050801638	24.275682035330302	19.645333788583493	18.364539033482103	23.765497668843313	25.340875404399945	19.799502314913585	21.56182552946981	31.037556092642696	23.881855416057597	21.86450691800897	27.17040422897345	28.30892939912737	29.621294816638198	26.929929814198726	23.858755846864753	16.44376299475547	23.53626569486705	24.06278192336362	19.754995938494606	22.964972753869496	17.767689030991033	17.449830633945894	24.712390302907	21.840756397940527	16.6150419864557	13.072686469709442	23.203496266600485	18.110019199940325	15.217081136214222	12.288328192297135	11.92738011514983	13.06967698002884	7.706809256339233	7.298831600595167	9.016836968496014	8.805378620496851	5.677618519926528	4.050999763835336	10.371758945803416	9.114165875453793
13.083162307598217	14.43497592542049	12.097291004664639	7.4866242965732015	3.919503635109923	0.0	9.601446895006571	9.792050364350404	5.702973241926216	7.65037950746344	11.205603328481214	12.870715911660064	13.015253540895698	12.505086479770524	16.424469400891546	17.23753523851543	15.789305987801177	13.70238761538282	17.518844824935698	22.05419946308635	26.557591339980846	21.49041549592272	21.120629635682086	14.851771061506163	10.494199233318252	10.695313532634223	16.041477130754497	16.616895848926788	8.779002088986976	13.932592835245176	15.90223970705963	12.9470898874607	14.55073014537881	15.924590404205935	20.19702154419384	17.219739842478212	14.795958317787667	9.573198860974916	18.087562051655773	18.371539890241575	21.612718460686295	20.298061111765275	25.323482174801956	25.08860551514152	33.19757398649175	30.11183708289342	36.326752745148596	34.720905614633814	36.12237098085416	32.63723197419315	28.78133875467072	26.10487184167591	27.873076410119797	20.506516461312565	13.480363706005097	16.958772198796627	21.941374369432506	21.933652979407093	28.938411329970688	31.094132043687203	35.82122005061585	33.84228513798573	28.188453475687282	28.04205249201891	35.13223742101827	32.56334529815555	36.343434230809876	32.78531961244737	35.27815416842911	40.24874742370466	39.5561028506694	35.21401536391014	38.15039231116945	32.87823154347232	32.66923572652401	26.714647426196834	33.028354448559526	27.449678723492138	30.13344325324367	29.325205506294544	28.473051459203827	25.774205424816426	23.580156001613588	24.003193044120916	21.81301436069537	18.094499056412186	19.534627143007327	13.542856996575457	20.92320814825537	23.04100826863856	19.010772976779176	17.334344753588162	22.333799645415557	25.121719366609238	19.714445726699967	20.218721919837478	30.786639575111355	24.70453924947825	22.28600676675499	27.249179213168105	28.990703368287313	30.641941552439143	28.43079501589207	24.934001719186046	17.647074035723797	25.480715324410017	25.323847854358352	20.752737906721492	25.266754150232067	20.0999437149632	19.437642340837197	26.976385115619696	24.73581049440871	20.002898469432978	15.694826512216727	25.550779327299033	20.87746620122536	18.52631467827166	14.912959244508892	14.228558884432845	14.477608743387103	10.898642576299649	10.474564350536728	8.864537550530056	11.154158447366655	5.049601689896843	2.003762675531319	8.264200795067724	6.640270881956845
3.612035913381924	8.75187687900923	4.823206381488286	4.995870683344921	11.97405569587384	9.601446895006571	0.0	7.477769746987597	9.520100886207057	7.876652713177596	7.08694207464851	11.784458787539736	16.644461099386994	8.802573907251512	12.96532874463947	17.16562846307472	15.520597263094038	17.87833624391242	21.933442978614558	22.30641816741397	27.833284245548825	25.10474949898926	23.917709660401076	20.25344090303306	14.061228408987734	15.963129326268636	20.25381569089174	17.802581487484886	12.134388462136187	17.938153622806443	16.952237080488793	11.997902338187993	16.800960651794732	18.58740185755255	19.34850755212124	13.991671128549498	13.42446639206843	9.439394791674324	12.393395463207021	10.721243585696413	13.742604674712112	15.730133852593049	19.437396364894937	21.724355657239048	27.810849127490656	26.97732869134894	33.9368786531807	31.619570322533686	31.852135341417366	28.66651263889084	23.712854303248903	22.972365491260792	22.114874610706845	15.210967973276803	9.114416192077297	14.85371013983008	18.47803477398705	18.3735798573048	25.882934410052226	26.192172258150578	33.375506083469	31.409304272811017	25.620079221668007	22.867257187818577	29.205031746101923	26.71694115632316	29.826014933777184	26.90083810204478	30.59282576721332	35.395051494276785	34.949816996296725	30.28769888228987	35.125898525884374	27.654367182457968	29.61459537289453	23.075365151429637	28.237980386230777	21.39249857784238	23.103603534435575	23.697781064465488	20.94201476657178	18.844103128377956	18.1227939224407	16.981911464771404	13.653531616026376	9.041097220026604	12.144720308815938	9.286095684556106	15.633785929619437	17.045115719369704	14.248769598617832	14.511009040596315	18.44228288837862	21.379616400022133	17.81789116907108	18.77349831757815	28.13335111221379	23.342162620066368	22.55985324644134	26.84449492094211	28.94686741107008	31.5571327288998	29.29433595938255	26.259266200963438	19.29886910233029	27.76528484114781	25.106746652962663	20.095960529819045	25.879161093899643	20.71641537394334	22.365425637528794	28.330938364071322	26.97973601507521	22.859299670751653	19.00365421939828	29.050512172306796	26.47932777912326	24.33196139804025	22.98001224596649	20.16216534673145	21.861683128415514	18.889274742500348	15.650575014127702	15.799726939482	20.381859581658407	14.484774237901838	10.61725239247889	16.19587031812496	12.186278919167458
8.688479021241076	9.238897455050399	4.990196667812945	6.709921135801971	10.420161657326684	9.792050364350404	7.477769746987597	0.0	6.394409173406802	8.467273226006302	5.861527192257534	4.733784086168396	13.893448539004444	10.104923090397214	10.368018871369703	13.171651963692838	9.734863187082576	13.485549864697077	16.86741851075198	16.360921865579222	20.97082132244818	18.8032643722933	16.803438771854562	14.617153621110901	9.312629536710801	10.13508656417394	13.420011489859696	10.882253865173833	5.993139418130856	11.550889261798337	9.53500116936254	4.864239877675775	12.574910310378304	12.909560017645948	12.623018471449978	9.024531374470923	10.640097499149734	5.0531210451272655	10.979777757005468	9.975675418552136	13.731282034010583	11.961097535234446	16.31888134611599	17.15393198358787	24.695164713788	21.38215628831585	28.295016712636645	25.868541110214007	26.9910772513365	23.344104587965802	19.543475561648837	17.23991401275073	18.282208365032687	10.965306283356568	4.077020071714413	7.956829352731947	13.219533264156423	12.498871858912644	19.80904176812225	21.428462979942605	27.05731001477983	25.032572656632315	19.316672897349434	18.27554173900622	25.360053663617624	22.861586948102133	26.601267385643098	23.490508156720878	25.70162897098926	30.704923167098972	29.949137169215945	25.518650387122804	29.238512093330076	23.317151468628452	23.81087738634002	17.635148772815487	24.022326562793044	18.303645686550965	20.709723995679056	19.538625988162877	19.090704859172988	16.439023960556835	13.824431922372785	14.78525681144191	13.242442303170623	11.089460512697567	12.160024904263322	5.389450429290501	13.462278214271418	13.980010312475295	9.437705533178494	9.359488319576087	14.609748101128108	15.880648833852014	11.33286703261207	14.255667697895372	22.4496312514099	16.410723484577602	15.608933362241933	20.38577161398291	21.979170636116304	24.371702749720136	21.898160231863343	18.968399956099883	11.880603491528646	20.296349487808367	17.84837843223396	12.85933837433701	18.883235300209957	14.045137267705282	15.021160604287351	21.02828219279976	20.17390067063195	17.468586128819833	12.245311384330572	21.718261496767358	19.892458336441702	18.312063968080118	18.259372307319666	14.060328157777928	16.919938151834053	14.803905087301143	10.51057821647521	12.081519043525898	17.558143742010436	14.41214094223078	9.575378716878825	17.00557883442045	10.894339607097182
12.3986184013708	14.33971757987212	9.766794153647421	8.674680649106092	7.255804154324655	5.702973241926216	9.520100886207057	6.394409173406802	0.0	5.178815684207467	7.280654982596669	7.902031573028569	9.051777699669525	9.405857987221433	11.44664151689767	11.814427525272874	10.096429314735724	9.196350802484499	13.127305781343061	16.412980094076172	21.275694483847964	16.743649302696298	16.396783671052514	10.982538404995472	5.327082729620072	7.178277709768534	12.091165580075074	11.28481288983187	5.165715121576746	11.896218540286961	11.963758481092844	9.459476051137045	14.758992556704511	14.872326947866673	16.89391872367647	14.822029079804624	14.844977607043855	8.556736878572263	16.9681639224046	16.0861899793449	19.874275845842895	18.0964596117072	22.650193119266465	22.815819918105245	30.89601710773832	26.67455751282582	33.28131889594227	30.943784814804	32.63287114418112	28.735071708399246	25.59846882757984	22.570817728673855	24.350551087464506	17.15443496700806	10.456631732764464	12.459492244519502	18.94049669768295	17.17037149872647	24.615586483942135	26.978239219661052	31.417822642295533	29.03296460550027	23.137379293684994	23.693243361345864	30.691306111515427	28.74568184669885	32.41006185232207	29.682459925281147	31.156390745308695	36.238246778241106	34.999405776347714	30.677297640847346	32.9304944216961	27.986687031221948	27.360848871565253	21.485968269787804	27.775981465939157	22.704393603407254	25.913770545282066	25.165164097483796	24.987997613164247	21.607083525592863	19.226991868607914	21.078274311239905	18.6345199077975	15.992166823066416	15.853623286702705	8.98887177277972	16.14574263277327	18.41829909513428	14.433303708698901	11.945575761527495	17.000444294009274	20.024449352010148	14.411709780324692	14.608970071055762	25.254980263207067	19.846236634840267	16.929910977356105	21.687802450189018	23.715299732404116	25.582340929109698	23.82317895277691	19.992902999171832	13.048646375186369	21.410846255892377	20.674707119758747	16.125457012591617	22.044070631233186	17.433633084584855	15.648827028663076	23.388593496435274	22.32831487244817	19.404307922358434	13.22037066025906	22.06844169622082	18.597613391458875	17.322434526182146	14.493457851425639	11.796092522512113	12.48852001988747	11.472170498454432	9.838958423282058	6.399036861268936	12.902182582550275	9.201317904058698	4.474908384997397	11.088962572639272	4.704705656581172
10.737403863257526	15.350474288112764	9.137087822326727	9.725322785851922	10.890060509098555	7.65037950746344	7.876652713177596	8.467273226006302	5.178815684207467	0.0	5.414907450216059	10.450449396123387	9.047421494428532	5.057154750840074	9.79301729928787	11.513286224835774	11.562865785261213	11.09742055512265	15.358267182310108	17.89003923585877	23.911262053910303	19.659210405083932	20.05049919711661	14.681131885114231	8.226538809427002	12.013252251658194	16.560939886651006	14.335871388535196	10.052884504252377	16.94012883946923	16.098912505780728	12.837609784463965	19.039178130197918	19.5807515238545	20.560613757647168	17.468522040955563	17.870187221327033	11.890766442578173	18.32783510931512	16.05670526475843	19.87750775591869	20.175534650758472	24.01358368497197	25.595685666658607	32.7002724992153	29.438557780850307	36.502168278459955	33.63627027850989	34.85227422103895	30.926105099377924	27.39549314310863	25.26856720246751	25.565893053792607	18.56477241042801	12.088666969304095	15.031686188289433	21.539875763942028	18.803753239128024	27.02258442763051	28.4867193948212	34.09041378457383	31.39282905158325	25.14856834435935	24.775187990681918	31.20656220674926	29.812122478634716	32.91557359930626	31.03647606927389	32.842504335590995	37.92302664289328	36.44528251302025	31.885495122649917	34.527158955500205	28.445895196676965	28.74798970568292	22.5069978521571	27.75769046207568	22.10196587273513	25.3408435296493	26.096175029426167	24.713191579748	21.009185932775893	19.916765210904313	21.52350678145494	17.470286388439757	14.287258620957504	13.564693667071746	8.775042211017436	14.439548061217147	17.805582980977107	15.130253081155148	12.444932492302783	16.346473602448654	21.16679778290649	16.301837807990907	14.503359306078373	26.31863480607227	22.596873200984756	19.569380723476566	23.56655449842303	26.315203429547513	28.600889903516368	27.394610529695456	23.32312894044987	16.97257514875327	25.595031775904392	23.994950367978987	19.336512150407373	26.238535026554327	21.6902145517302	20.155356888053927	27.65444609080904	27.050106994917535	24.163196348975163	18.13949500468254	26.633850648157754	23.567526148477505	22.49316541836636	19.15801120644173	16.76904878315561	16.610947879926456	16.260537652980187	14.865422593244434	9.973308491598228	16.85860116069716	11.18889855226348	7.314244987038646	11.188864644511785	5.32099100610859
8.254675048776376	12.887220079956633	5.302476270440909	9.688947571169216	13.507553282101682	11.205603328481214	7.08694207464851	5.861527192257534	7.280654982596669	5.414907450216059	0.0	7.296665329836608	11.53897616917615	4.445554899490075	6.087630840540688	10.22246965600836	9.064341014606983	12.604593691859364	16.401085578317012	15.63455578411723	21.778911566976156	19.360669752289517	18.765274503620326	15.797213621547437	9.269397572294057	12.85089748257696	16.256424122666857	12.333715412967809	9.944312532813301	16.497087886985717	13.866648945905546	10.074867550359572	18.34558610094724	18.58966509157306	17.3615610289671	13.928338332946483	16.12489270714745	10.674476474691135	14.844719970620421	11.494581581721356	15.50986721851599	16.187768728681206	19.306073869799246	21.733449447325572	28.14565051187844	25.115078040944486	32.47308902028257	29.185549321364846	30.10469598606529	26.180016054500605	22.60355181746186	20.97674180395431	20.4831142849638	13.786756921875032	8.202359454271745	11.121776938779702	17.435940432657926	14.099114951898638	22.522245857328496	23.427787844428906	29.761019482857087	27.064474593291333	20.803607565147978	19.605837479001657	25.88511813546234	24.592460475830116	27.549500288342912	26.04120117055485	27.828021969614554	32.87194741702152	31.399561361924626	26.759780325539616	30.051281539417225	23.297670047584884	24.29499270579529	17.822278342314068	22.928167807811825	16.894886148436907	19.955082226367107	20.852024121676884	19.368288900923368	15.609302123613887	14.671820188632177	16.494326915339947	12.304738948306404	9.953056242515752	8.674903670614633	3.6861787550744003	9.85569806962655	12.524317071255913	10.016590782201636	8.201413035074228	12.05650249490827	16.40257209635424	12.355898410080782	11.73916053129474	22.178833396553877	18.789382199743713	16.805746561114457	20.5506690429944	23.250502083086666	26.000878663542807	24.646133472028595	20.99069175830443	14.97033489412647	23.655746214932925	20.726509061497634	15.952479529107517	23.512973208292724	19.259642684806895	18.761974667168374	25.1848861197026	25.23514651623651	23.198365132514688	17.190187090582043	25.3872345064516	23.75386238476142	22.883512470692846	21.352193472098985	17.510682040111938	18.792495122579187	18.42453834275682	15.37928684845827	12.897302137138093	20.178029379868374	15.576060004762256	10.931353789971942	16.424157440443743	9.793396749357003
12.621283329660246	13.079713890834807	8.430363495781487	11.375571389213462	13.11533904330167	12.870715911660064	11.784458787539736	4.733784086168396	7.902031573028569	10.450449396123387	7.296665329836608	0.0	12.64043016899454	11.340507246820541	8.747594140981912	10.198304110271856	5.6782230228261295	11.286490411236395	13.885580434825583	11.858453309922416	16.28973576380952	14.834733188172594	12.617448239695486	12.074648418678734	7.7140844109064854	8.7536450851808	10.384804843362314	6.409316672205566	6.022434381853347	10.711027188059838	6.718799362674232	4.442877698497686	14.179580223247022	13.084474900973134	10.731765340858578	9.683389214546311	13.346959292605206	8.27349122808248	13.512256532779961	11.90766212352575	15.743068667290222	12.745835779194334	16.437375588812735	16.953220394970764	24.63721436144315	19.493969877717465	26.48938161514001	23.47972901897709	25.23363381703777	21.102280252155996	18.600043968792377	15.376607142748147	17.20770605415256	10.55895655220752	5.994320677227691	4.760903365082528	12.441443559575443	9.301671958922434	16.8629569971084	19.265642922130034	23.787211726002333	21.337413283784763	15.412737448419762	16.020110248125942	23.119343487896842	21.30711007435494	25.05531594122339	22.732104565186486	23.386940326197887	28.49606829506986	27.10891592597022	22.83855440621146	25.315673638909413	20.432780228556034	19.828016765914853	13.939841618489076	20.732893826517135	16.101703937683453	19.25463855110792	17.62167299888078	18.635125631567224	15.215953707239182	11.876730880831511	15.092211794388115	13.864830098923493	13.409828560364128	12.401336644133476	5.044642415927077	11.743025554692675	12.132416356434971	7.310136210052263	5.873897128506324	11.530646629703787	12.347275160006273	6.955343819033132	10.604796929444966	18.22779504407552	12.3927859530497	10.901302742069484	15.683731620433337	17.352956792620592	19.794031832640627	17.732405171074024	14.485341514035532	7.9457585826833945	16.533947974107058	13.83575528474337	8.985180854297463	16.393341058560452	12.563472590376016	11.77625722339151	17.896313472838685	18.237690943162864	17.535840714684074	10.824118541629879	18.38740985792749	17.666755568344936	17.17967275313001	17.643746686611898	12.426512826214614	15.479525181229906	15.30227739751087	11.201587911588975	11.727203566410545	18.392577113268395	16.733326039117316	11.978489954984274	18.935099304149986	11.88292153525136
19.1669371987746	22.740587304844194	16.406196988358513	17.41285837616762	14.885659440833843	13.015253540895698	16.644461099386994	13.893448539004444	9.051777699669525	9.047421494428532	11.53897616917615	12.64043016899454	0.0	10.922030456002869	11.343888190172839	7.598763117543197	9.915534286344753	3.9891032449600154	7.570680228529293	13.409701053664067	19.001129397604192	13.070399321794568	15.718120626832896	9.241799569628636	5.752016291022401	10.56521955026689	13.463093597097956	12.004440077401998	12.007024738648825	17.53508732859761	16.632196251027658	16.163053761240924	22.768456279171417	21.789041701142246	22.347972387492614	21.981961791668493	23.48373570458341	17.19293173384978	24.839170312554707	22.523916076105905	26.61185866997101	25.167023731978862	28.822368115943757	29.481865889624366	37.2300556772817	31.52056349723362	38.22334130265355	34.94834714594197	37.22097228519103	32.75177412522457	31.01133353715583	27.559510478102865	29.213355304126214	22.863767688865188	17.42186452839956	16.960332967664385	25.044108057149142	20.234592290513113	27.93947136482553	30.67076507291174	33.93380112897936	30.652104105684458	24.54801276594993	27.010283678755243	33.181960980391885	32.82810946220984	35.91037545805963	34.95544401903169	34.63194939672497	39.737994931008295	37.279962810078665	33.169252070355306	33.094065542263635	29.373925998253018	27.49129651112187	22.399790158420217	27.545879082988485	24.02964731618327	28.42310856404021	28.738088802615128	29.175477363875913	24.48718514746106	22.753819614367295	26.70640754787277	23.02759275206881	21.446977439234846	18.44774219922015	13.07239536520108	16.396619931451408	20.449516222463647	18.035833546017003	13.198524821699843	16.265965288552735	21.61879278732671	16.076958261340693	11.742053386245395	24.276157307576273	21.885604084071115	16.565590640509132	19.72394307195065	22.852142028006107	24.46109888636931	24.64581371508611	19.737770662129314	15.416416912984186	22.75850260571181	22.603295919464035	19.135488996113448	26.350974331939465	23.14919227519245	18.16022296636595	26.409941253808682	26.922331601731535	26.08940580409539	18.4525196226952	23.500574200637253	20.589645746015456	21.277772471519704	16.617733796357133	14.536226532465212	12.07444250163802	16.16418961478115	16.666226721795013	7.3678372774568075	16.192031885477153	13.8105562635397	11.380534278107264	12.478137994833554	6.524506521798897
10.19289318011762	16.338824008539483	8.792790387859302	12.433065744367807	15.637142153306822	12.505086479770524	8.802573907251512	10.104923090397214	9.405857987221433	5.057154750840074	4.445554899490075	11.340507246820541	10.922030456002869	0.0	6.789644781395997	10.49942737368899	11.466487324772002	13.281151098023456	17.212934983855142	17.327110662046678	24.0846377753574	21.063523042360224	21.516050214052125	17.565504075711516	10.962538286185115	15.525948201063676	19.190318853589748	15.318930453645915	13.364437394532677	20.20684130347157	17.904720686142685	14.43816281810641	22.265642108223304	22.63926511487221	21.72197127197568	18.320860947157843	20.118102707330397	14.59702677860185	18.68865869741543	14.85947016605291	18.66399525243146	20.40933950421302	23.165577961062557	26.0725928017246	32.061353901008296	29.28100169765502	36.72854372895434	33.17999034431648	34.01800271133424	30.030657232742506	26.53517504841357	25.177747914320715	24.127457841392534	17.81112296891612	12.55857969982934	15.284080743956794	21.76679477800902	17.728510877286276	26.348039877596925	26.97463173122374	33.46246639818455	30.47184984187299	24.067847231657748	22.945234544226288	28.638655212646697	27.968666975638424	30.464332568330352	29.697944402718896	31.362274066357152	36.36427019152353	34.55648904378803	29.88532503845427	32.7856926798782	25.8042248594285	26.953004857319705	20.57864673784922	24.72293950429568	18.786786849487687	22.084500716574752	24.13771818195467	22.038709390579537	17.919914624457906	17.988289785983056	19.90800306377425	14.579209730326282	11.938016109709462	9.61901999866946	7.6059631172648725	10.618703471440035	14.730875669905044	13.561770865027722	10.966622262562701	13.366109921200493	19.421266515629362	15.66971137710984	12.667807302560238	24.3802678765546	22.404866379971605	19.659597243771124	22.77410405778222	26.029488527752616	28.791765958207616	28.06094716729907	24.0086929016653	18.513085630053286	27.1463278633538	24.39203804860085	19.82894196489169	27.719340869270862	23.58136511042903	22.318276186267607	29.14206139716711	29.36350913477282	27.27396351530381	21.04568605991061	28.80621282802442	26.851339648059696	26.20198217290832	23.517652540735533	20.35645978320764	20.464702632429738	20.854591639706076	18.76622533436229	14.12224081712606	21.758240079240938	16.211956891418154	12.299760249836616	15.69468227841837	9.821018296978798
13.287237975693316	17.747963806758126	10.173296246744917	15.612102056880765	18.49619734909031	16.424469400891546	12.96532874463947	10.368018871369703	11.44664151689767	9.79301729928787	6.087630840540688	8.747594140981912	11.343888190172839	6.789644781395997	0.0	6.274324858826049	6.784803685491836	12.187808367613107	15.031961521910523	11.594694230852324	18.499744001119996	17.27134819620954	17.317931984472732	15.991644817535178	10.41013970062771	14.880068411441474	16.701735813037054	11.167674647250115	13.218179442027383	19.096929742895927	15.031059252670591	12.822962233808447	22.483603230437186	21.787278300044722	18.512470455593363	16.65406429999383	20.619320976399084	15.389746216329025	18.543950746693913	14.137725094547056	18.07727569271642	18.611859394210136	20.495429549812357	23.48064571370641	29.18822819429712	25.013328643305233	32.526595434054684	28.292335030523454	29.494155661816173	25.149736039636636	22.84355672366859	21.097287147470414	20.192837411801303	14.829504068344368	11.601943694574667	11.491265944990326	18.754879802422256	12.495240424767266	21.122550513574463	21.992475305405822	27.82093597781818	24.452689422931492	17.985160331418065	17.843977285421662	23.285232416056537	23.423919278742563	25.800620893469937	26.008594540535473	26.185940386762688	31.19725093639766	28.77316619987366	24.25263573246321	26.24213212174423	19.84834487716238	20.395304493558413	14.229370451179792	18.353428132159607	13.31734085319336	17.484352289286882	19.276126977380457	18.579896665540392	13.5742799367181	13.23055629249122	17.350595232290047	12.591316507900629	12.557155440669677	7.696794574474827	5.431465162346586	5.218528242651581	9.605389853688164	9.031675084356836	5.1615141094018115	6.711773976602254	13.341960407845084	10.09511909399135	6.49204527015091	17.639523125465352	16.918953823756066	14.120513405442013	16.470435357961883	19.95837325336474	23.010082326410693	22.791621626390153	18.812207094283064	14.772074857718918	22.79978865591309	19.201956523226446	15.183059680601389	23.996226769289745	20.94313167335149	19.029562214699553	24.974235239090923	26.46876105868715	26.277065519160708	19.31191125792237	25.109656506603926	24.815418771650382	25.0869839862589	23.762733246732097	19.265938984886013	20.173544797890088	21.88795965634358	19.056458211604504	15.184838338590463	23.7300251020261	20.13325147978543	15.658236336249448	20.23266987652947	12.970391100057583
18.393302167724737	21.98162195083192	14.937683326093591	18.726770359617223	18.860216161867697	17.23753523851543	17.16562846307472	13.171651963692838	11.814427525272874	11.513286224835774	10.22246965600836	10.198304110271856	7.598763117543197	10.49942737368899	6.274324858826049	0.0	5.179306790170659	7.627482107268583	9.446671799072538	7.63175248788447	14.669964427354255	11.997304652210584	13.626228127421548	11.76077683552871	8.063335239009932	12.826352867748835	13.728936759143625	8.903344715182348	13.166532826879294	18.335585405000256	14.838301683987828	14.59959530178776	23.626493947575504	22.131979827654465	19.57011162963321	19.63786738888428	23.324851836383452	17.57222878765066	22.850187923749868	19.390736037497387	23.41661645731832	22.243797505530765	24.648491958901676	26.282852094221283	32.95226696883553	26.96768372123351	34.00332212512286	29.837827828354442	31.960074017367436	27.30764664982252	26.23413248919301	23.19256531662628	23.974180387078167	18.744876287994526	15.26898602460674	13.219306948484276	21.501447004754134	14.68435658625155	22.533812517793958	24.772427901643145	28.372312436437138	24.68832527281983	18.402674535316578	20.928230429783362	26.415447966821556	26.92983239862338	29.542649821175054	29.800889759737643	28.60290640151026	33.61803667820002	30.660003613904934	26.57990020802397	26.302085542689476	22.291156859693576	20.60725824912569	15.554701909992312	20.058821853157774	17.132739974679453	21.90105616754899	22.68172664722425	23.561230480232048	18.382999969458798	16.98948388774632	22.21628671671173	18.45028707710906	18.541826781339747	13.918373906910098	9.858937596262253	10.188550054723027	14.151592392456699	12.866793845815984	7.447199930282283	9.011091062137096	15.083351287243767	10.581328829612564	4.188190872462886	17.192932127518304	16.783746966082013	11.73116265094807	13.782050930598544	17.586033830359483	20.007617157880244	20.722967193296824	15.952808099848381	13.12509271656822	20.352046516767068	18.25744270006236	15.099160326252914	23.73758794399683	21.397393501204807	16.938278151603814	23.74758497193103	25.686856473029856	26.45097049920638	18.522425893855562	22.291451224062303	21.82261539246346	23.077886210699702	20.87744296501336	16.697818648258572	16.403173640234858	20.277117768534772	18.735262352958628	12.6660739910583	21.742188249889114	19.66490645499953	15.844358990435401	19.281280381818146	12.054587578939913
