0.0	5.498324401724	8.173248109700404	12.297067238587804	13.855405698764555	18.70045204092723	17.82136780145423	20.47085386523128	22.577992506236733	23.88188141686692	25.567394034701724	30.17539593154894	29.669141646115072	35.2312934486421	36.08782617970148	31.374312402854162	32.59515067378484	35.75421321305703	31.629579221944276	29.681681408190673	25.196252979011142	26.198608902829143	21.139463835552043	22.445550682367816	20.535314374185404	18.966565591075252	24.309059242139952	22.332328625684656	31.213224279715273	26.128707808120367	26.09615103848321	28.003118514364527	28.04772087855356	23.13581253568593	29.58535416590256	30.04755076785679	20.32205117425362	21.83996763847803	28.887122710129873	26.224974563918835	22.101363510058096	25.739484147950282	31.36873075617968	24.63133677502413	26.03163079380418	21.285786530053905	22.694934000544336	21.973634827587972	16.664527056946014	16.499161125392185	17.26473265789121	19.49137195044762	16.337111482409558	21.980905786465197	28.149378541401866	24.42109536439564
5.498324401724	0.0	5.986847713317156	7.749107017933252	11.120998708765745	15.349938118614638	16.377881391629177	17.768803580586273	21.52227022450588	22.224315001112565	22.86686083908588	27.759813469197017	26.671269530862805	32.60176594133407	32.81097575829622	27.78141094960523	29.01857976932521	31.419519121897586	27.601826435963197	24.64863583812963	20.601501753720537	21.108940477789734	16.659527598937313	17.536818161667465	16.29373270626549	15.492848552824332	20.339280250285917	17.993093358229697	26.714799895112986	21.142108211089713	22.086573597446357	23.3781692396183	23.842117705375646	19.97699281307221	26.144808192443776	26.03145414858835	16.583434963311113	18.817085146728978	25.689326437479544	22.70404175524064	19.35752967411622	23.583829410876437	28.618681404948163	22.077941879821037	24.664123736401482	19.7939646126485	21.204639096799497	18.688499392897977	14.307905267027534	12.205964640273486	12.680686422224573	14.217059927052187	11.820731731736467	16.76944982555928	22.68269168272531	19.452894119610498
8.173248109700404	5.986847713317156	0.0	5.505582163201069	5.7047061720154675	10.801816754700376	10.829285296511031	12.389636168066097	15.636454283792503	16.649958682017346	17.615463086065056	22.276305642714632	21.90663025393331	27.312079360035696	28.087981414167498	23.271121659693733	25.123572189216787	28.252856803641617	24.551576017565644	22.68647143355083	19.175498160207066	19.396194328341988	13.561866001105253	16.11649216855528	13.487414283253237	12.88646136991455	17.450938036868482	16.962063246551843	24.28741923465732	19.116313327443812	18.367102148498	20.365040670389508	20.25225494461816	15.603090127011466	21.493954974798875	21.976027156478306	12.2668359714542	13.71765084303897	20.729061164813665	18.33400182902054	14.206078084792713	17.99232699651026	23.61514787026689	17.33890767289792	19.597723201546355	14.48150915654781	16.709134840803213	14.525002576658776	9.858268902533633	8.880687229635797	11.359725716816932	13.886686902038951	9.565463963470513	15.672985033530628	22.692766428332973	18.023898479660016
12.297067238587804	7.749107017933252	5.505582163201069	0.0	5.555963155276044	8.451261137418014	11.806181691750888	11.118340584183358	16.617667271995494	16.6865811982487	16.040647289886564	21.000566935148502	19.748146392398567	25.59831053505052	25.45412481237909	20.21827836603293	22.07740373438066	24.127598179354774	20.875270144616344	17.555190424846618	14.81072214090861	14.146893250972912	9.025301942287578	11.286612904949171	9.641280386314955	10.638919888631884	14.058868720060142	13.278679939092244	20.03506737769098	14.013411696446097	14.758441797741193	15.748504460409452	16.268820988792562	13.379329104978762	18.684009854522373	18.295104580460464	9.100600960998536	11.788043238480437	18.316518250312157	15.49821113539316	12.78013403467118	17.267650781383782	21.845129818694694	16.088416474285673	19.90033787443403	14.999902123486617	17.030809950654774	12.247180438038212	9.675459898685942	4.538827201842267	7.34893097584844	8.64620495593282	5.140277357906525	10.25300453689365	17.194460932488493	13.092861554573954
13.855405698764555	11.120998708765745	5.7047061720154675	5.555963155276044	0.0	5.8080157822860565	6.981634764331971	6.717030799352991	11.245257878892255	11.896996804905646	12.063160942661009	16.758964836902596	16.610888636691065	21.725077408222578	22.53658498446591	17.70916849424127	20.256515874150253	23.49253003304623	20.252803051546678	18.84152782097893	16.471835981692728	15.955630498959351	9.347111857069601	13.593006534672233	10.201018917727161	10.912538145950782	13.987356819642219	15.381524261020164	20.47689483074589	15.471004360686697	13.62454294701673	15.743409116396775	15.278192629738479	10.842320158634273	15.914955344881221	16.605721287122904	7.117551003877682	8.04380930553284	15.045460913850018	13.22998005443275	8.980163865687096	12.694470044744493	18.41433821399116	12.93638991003699	15.917822401334428	10.709762401784326	13.868819313070862	10.269660568337573	7.205708326594756	5.421114245419308	10.114570284807478	12.550954144668774	7.390081134109649	13.177271048928546	20.61778547052199	15.241642984511346
18.70045204092723	15.349938118614638	10.801816754700376	8.451261137418014	5.8080157822860565	0.0	6.600410591012195	4.799705105053154	10.414526708357176	9.16577830246127	7.951540837784655	14.418437444433264	11.397525721250243	17.516134475001305	17.513621573669887	12.838050810273591	14.493286473594443	17.931277193987	14.51294491600938	14.696138898065199	12.075763808615035	12.344894304069472	5.712592083979024	13.358284271618915	10.800027475374296	13.63547204059388	14.351731866786185	16.864609566752918	19.10948276944366	12.95822930329485	11.892262509047328	11.616364780954958	10.027754765787536	5.268988984545158	11.04523103197863	12.354243897154612	5.572436198400185	4.48389656839095	11.491208236366154	11.634031096892649	8.78078126881015	11.5952007913338	16.97737918213682	13.685199887711248	17.663554149734956	13.017204542924544	16.722627968519532	11.040331965136877	11.098618491250765	6.0774115089236815	12.157270569685817	12.699734761248969	6.041118959028457	10.77283641327493	18.36886113470854	14.420891598051947
17.82136780145423	16.377881391629177	10.829285296511031	11.806181691750888	6.981634764331971	6.600410591012195	0.0	6.507288701683882	5.893375010207901	6.0818612134261985	9.043692570710764	14.905192224132715	13.072898712421575	18.06052419504311	19.657542874601752	16.243756193547174	17.536420869989016	22.594622933321926	18.695134909041382	21.086026301538272	17.499642659988293	18.916362404626504	12.29375866144749	19.108591105361945	15.643386186468943	16.95144550634684	18.795499679875853	21.577354352789342	24.429603226337274	19.328135812384925	16.65615543951507	17.669553880062903	15.3656787605935	8.321325622606697	14.217146399180603	17.009293678002667	10.485917804582549	7.517839821076254	14.121134569497409	15.347591536309492	10.65805137253491	11.554682048393364	18.660262734827572	15.331934792127761	17.157462938103333	12.378088738778127	16.86197520939801	14.25792727160389	12.352406962472097	11.100921245339922	16.698288405949764	18.415947220540083	11.224485085585922	17.20661524021512	24.907427511418835	20.385434423706876
20.47085386523128	17.768803580586273	12.389636168066097	11.118340584183358	6.717030799352991	4.799705105053154	6.507288701683882	0.0	7.484386859641764	7.363252250650262	5.741445259625427	10.318071873969563	10.961056637053206	15.124746631361623	16.29214856763936	11.72320580006968	15.592316431661283	19.176060884329452	16.827078573541232	16.735611461636907	16.20770427612242	14.89056873635719	8.453840299435186	14.292400717400634	10.54842463945896	12.608339414113146	12.969456235350147	16.833970608757905	18.18068388487479	14.168742602624198	10.272294368517802	12.504997702480114	11.144820446209692	7.443934153941081	9.865608730256204	11.392039785146391	4.95689887063495	2.039520758266433	8.634324585634575	8.848746762529265	4.7279522077947504	6.905354785818136	12.93038137599883	9.78610160622785	13.223365617277793	8.917651684118391	13.025373987173484	8.508412893398063	9.126396432104196	8.051091955066928	13.085991225189208	14.950013235461302	10.298472368545768	14.015166375377953	21.01774956885887	15.292792508674294
22.577992506236733	21.52227022450588	15.636454283792503	16.617667271995494	11.245257878892255	10.414526708357176	5.893375010207901	7.484386859641764	0.0	3.807062614832959	7.698701928362807	11.070881140844216	12.091675249859842	14.536704549099076	17.53688444519614	15.116633663362437	17.791573073770593	23.176986733244217	20.275918593468674	23.261197933288184	21.360578752584754	21.749230157032535	15.423504118783937	21.72573047166838	17.728318196443144	18.781112949243106	19.71343748306927	23.792391415886545	24.92508610514004	21.487462091933768	16.958262461570722	19.053907522611148	16.51066401928876	10.63197964314833	13.210152130282825	16.66911430666435	12.425864816320136	8.421560227479512	12.222115058810791	14.741418786283418	10.151932475911652	8.31628846436472	15.651562545535821	13.99331798776226	14.470941924173454	10.963417462045204	15.73096447030333	14.701813173669711	13.86393669065827	14.850058208338123	19.92048467866856	22.14255984404757	16.099665400558496	20.970799603149356	28.21508324918614	22.75961667051669
23.88188141686692	22.224315001112565	16.649958682017346	16.6865811982487	11.896996804905646	9.16577830246127	6.0818612134261985	7.363252250650262	3.807062614832959	0.0	5.418667140002564	11.03286467822853	8.71461178879399	12.46887125163311	14.771102010194166	12.655682339246678	14.198990309057319	19.95815788517304	16.77139350676185	20.994454657118652	18.65606109948146	19.76656069659994	13.927995016858405	21.30753516593206	17.864964705580284	19.84189055600954	20.061116203514064	24.185899623476764	24.442411542013275	20.183904325897956	16.54053559279378	17.111861308943467	13.906072049240471	7.657262816112696	10.723822513760963	14.808986997203263	12.063540010341532	7.382316432531355	10.97150159397409	14.642960328130762	10.984318415524166	9.356871430420329	16.122495967531705	15.404222166240658	16.999991909847342	13.481116391142882	18.20437231975262	15.493621960483123	15.591385644240676	14.610129927077185	20.211536064286328	21.57499566277172	14.993644443485632	19.430355965799293	26.565888880224676	22.132966819078888
25.567394034701724	22.86686083908588	17.615463086065056	16.040647289886564	12.063160942661009	7.951540837784655	9.043692570710764	5.741445259625427	7.698701928362807	5.418667140002564	0.0	7.898047184488223	5.629247185971838	9.748753408026715	10.981978997033465	7.567437535492574	11.174140233019717	15.706684242123133	13.716300602818436	16.48374687568409	16.258798120862288	15.727292303752195	10.70767314551337	17.720544081820044	14.698670554161733	17.543089654134207	16.338231770365194	21.009972843994934	19.63092923362699	15.774139059116017	11.99710249485431	12.226803677974631	9.23226306663087	6.081643632021091	5.584760769989498	9.407606556649442	9.017728994321798	4.474895408697436	5.903518660110335	10.279269208984122	8.419783606947572	7.239557902090999	12.400013170036676	12.730301426861121	15.850001319844065	12.857195586672114	17.032948797048736	12.48993933585483	14.599278730584633	12.724494760459855	17.879838260478135	18.750535687924852	13.72858387963073	16.28620943384559	22.67148349045213	18.17637089424923
30.17539593154894	27.759813469197017	22.276305642714632	21.000566935148502	16.758964836902596	14.418437444433264	14.905192224132715	10.318071873969563	11.070881140844216	11.03286467822853	7.898047184488223	0.0	11.036733425485096	8.602974768148774	11.764856395459795	9.47757486369663	16.332554911195853	19.265035036384372	19.528947817826147	20.19708256801067	22.911570250420585	20.06289288228129	15.934857433522087	19.9538031043478	16.4578934549249	18.3039899036729	15.98480621792005	21.887721262402437	18.51430893952386	18.393471213851477	11.924149366623926	15.24935912369445	13.841549432710964	13.859393826736557	8.760231800800463	10.557892317054954	12.537193408032405	9.944545087838572	5.195304290644779	9.080616027977795	8.933934387600829	4.682287435407744	5.94246889363368	9.998793482935223	11.695802728416929	11.587183574445804	14.601147552326527	12.387402904141068	15.810294208841876	17.172095165068303	20.581957620702887	22.453684071885416	19.866053830514588	21.225552641023928	26.37999865329232	20.139409813430316
29.669141646115072	26.671269530862805	21.90663025393331	19.748146392398567	16.610888636691065	11.397525721250243	13.072898712421575	10.961056637053206	12.091675249859842	8.71461178879399	5.629247185971838	11.036733425485096	0.0	7.805116602936362	7.07340324469346	5.943552567204889	6.097472442404366	11.778120820305308	9.787032662494342	15.844854580888185	15.27303530343757	16.04157600534398	12.915372247951657	20.609591293700404	18.59173536620737	22.169061901903124	20.143134437769987	24.70538102651187	21.747198286942194	17.26540101402708	15.126214562149842	12.595524053262022	8.325757432253758	6.97997606463661	4.766421664248029	9.731909074570739	13.195810152876945	9.276514589108457	8.300258210082866	13.997577620518127	13.661555805087719	12.24481415481163	15.671192265675685	17.65454175574328	21.014465344291345	18.41997606165286	22.435097244017477	17.181443292346323	19.87878579192236	16.49791923897976	21.75253765970626	21.467207082937065	16.2275841246998	17.646009674719185	23.20317313712468	20.65579757902586
35.2312934486421	32.60176594133407	27.312079360035696	25.59831053505052	21.725077408222578	17.516134475001305	18.06052419504311	15.124746631361623	14.536704549099076	12.46887125163311	9.748753408026715	8.602974768148774	7.805116602936362	0.0	5.266662080108547	8.0254113353796	11.687384549024452	15.51092566294734	16.097277361725723	20.784496444988214	22.57784764528579	21.63050746527304	18.868181379461216	24.856914362975164	22.353885646684663	25.31838211334996	22.473388009288406	28.102471730950203	23.225628553948226	21.587325146496244	17.353216829705715	16.898917880987838	13.777938483960362	14.21538988673694	8.151605440155594	12.022087744999316	17.598481636212355	13.904203665887971	8.931824442948274	15.397446998327027	15.913472067966259	12.337937808152915	13.298410981894198	18.190323245226946	20.231325251354203	19.546461987134187	23.040003246680175	19.502868560561204	22.97442925374097	21.88354969352034	26.316884757150305	26.820076907210055	22.88866335133701	23.77838532402095	28.501013573190352	24.685256844612987
36.08782617970148	32.81097575829622	28.087981414167498	25.45412481237909	22.53658498446591	17.513621573669887	19.657542874601752	16.29214856763936	17.53688444519614	14.771102010194166	10.981978997033465	11.764856395459795	7.07340324469346	5.266662080108547	0.0	5.80827951486878	8.0370857222612	10.544513493338956	12.184916045074294	17.255186184340594	19.64142768784511	18.7429498567519	17.53215795592448	23.56072097541927	22.014890792938917	25.741202094478375	22.27094998537862	27.497166354299036	21.74143610270154	19.355787573532794	16.822578405225574	14.245498901108471	11.000944879214853	13.667909103297704	6.9150392797030955	10.006316603786061	17.62411394615602	14.588652066553133	9.608324565905118	15.727570449545011	17.369690167795383	15.108378441231432	15.313092905971688	19.940622884658612	23.214261112578058	22.071637031857946	25.373063963890377	20.24526324341979	24.311709084204068	21.595687741959985	25.89113395240642	25.40940298685538	21.9836705420199	21.60251051016774	25.406140517747335	23.068016176464234
31.374312402854162	27.78141094960523	23.271121659693733	20.21827836603293	17.70916849424127	12.838050810273591	16.243756193547174	11.72320580006968	15.116633663362437	12.655682339246678	7.567437535492574	9.47757486369663	5.943552567204889	8.0254113353796	5.80827951486878	0.0	8.103922510122393	9.794065788208368	10.810293664654544	12.806307812761204	15.930645965923812	13.744904671364871	12.11385501281801	17.789287147905952	16.248376771320384	20.13487861159816	16.695921935665307	21.741385505457355	16.764263626301307	13.853833041994061	11.256043532712468	8.941272777174575	6.13266800306112	10.10955731719329	2.0303957943391366	4.552505039084524	12.11237913446926	9.885500217910412	5.183045344356874	10.485584688553983	12.507308210377504	11.600993496147488	12.152232292521512	15.309054261930418	19.518994160567647	17.825989373895087	20.911079946023175	14.871490341970048	19.16765206909299	16.131285094771112	20.133305955070508	19.732035988383316	16.999514179018988	16.336534443684215	20.50697605346139	17.382434291071743
32.59515067378484	29.01857976932521	25.123572189216787	22.07740373438066	20.256515874150253	14.493286473594443	17.536420869989016	15.592316431661283	17.791573073770593	14.198990309057319	11.174140233019717	16.332554911195853	6.097472442404366	11.687384549024452	8.0370857222612	8.103922510122393	0.0	7.072112410362675	4.715929080425455	13.86518570355028	12.96234309426056	14.931040583280545	14.270613651878426	21.871937014372847	21.131693466911013	25.392868250080348	22.814053364108005	26.715655704566945	22.90807225718634	17.449460608484113	17.726150558520732	12.508985560693906	8.128909665826633	9.711546949744973	8.170522014747824	11.237522694103347	16.466551008987757	13.665469555534454	12.595422418702256	17.535832251676727	18.317929719016462	17.789341199530703	20.068873114272446	22.231507657611793	26.34173516098837	23.642385621420573	27.359347846303283	20.96519777241977	24.075471327504967	18.996977108951587	23.955081312233695	22.35280704359552	17.60434202544872	17.401106866557615	21.637003809637708	21.539869268348184
35.75421321305703	31.419519121897586	28.252856803641617	24.127598179354774	23.49253003304623	17.931277193987	22.594622933321926	19.176060884329452	23.176986733244217	19.95815788517304	15.706684242123133	19.265035036384372	11.778120820305308	15.51092566294734	10.544513493338956	9.794065788208368	7.072112410362675	0.0	6.156707094578159	10.248841907842317	13.227976061381359	12.823793765859822	15.326226223167216	20.722894387329816	21.318126595436013	26.023498971201015	22.279063267851416	25.76295305024599	20.12048227473996	15.325566957273049	17.38568168753997	10.698566670172399	8.457220395598489	14.435166227709566	10.938253663757486	10.767857971041384	18.26543817222547	17.13901112975619	14.710863998846115	18.15113809716207	20.76266557804005	21.064409082347588	21.20704639978694	23.788596004663592	28.73935867305008	26.53862536417891	29.403863081670767	22.05408009610785	26.258909693123485	20.651022241930207	24.25381996869156	21.735283530576858	19.608435641019803	16.65937150964395	18.25806605936997	19.77371948638748
31.629579221944276	27.601826435963197	24.551576017565644	20.875270144616344	20.252803051546678	14.51294491600938	18.695134909041382	16.827078573541232	20.275918593468674	16.77139350676185	13.716300602818436	19.528947817826147	9.787032662494342	16.097277361725723	12.184916045074294	10.810293664654544	4.715929080425455	6.156707094578159	0.0	11.209159142377231	9.13729176626783	12.254735335855646	13.088185458466464	20.40826094098015	20.58141339498783	25.132126193512473	22.694893446016764	25.648018754149692	22.47390831524733	15.79759014321767	18.09778551723239	11.511171880594215	7.847751488985068	10.42434560313359	10.850464602222418	12.362464356337373	16.62626337218197	14.895672293898045	15.089273152804651	18.66001864535355	19.678876368846442	20.304595555362145	22.55342258152038	23.708107995978768	28.42506689621417	25.275310605532255	28.740734189044243	21.56608975979473	24.516405349000102	18.170057430461682	22.77944944145862	20.27775099980472	15.961602773860186	14.769195971172673	18.35648796892509	19.991321405497512
29.681681408190673	24.64863583812963	22.68647143355083	17.555190424846618	18.84152782097893	14.696138898065199	21.086026301538272	16.735611461636907	23.261197933288184	20.994454657118652	16.48374687568409	20.19708256801067	15.844854580888185	20.784496444988214	17.255186184340594	12.806307812761204	13.86518570355028	10.248841907842317	11.209159142377231	0.0	9.603536533860229	3.577056316614444	9.514077385622441	11.68244715478435	13.924321212363227	18.732875662946377	15.255578365206421	16.938520294848693	13.296075687197668	6.303367546763335	12.161048147600761	5.074823156627728	7.625413859311735	14.321691349464812	13.15334719447339	9.99262143048962	13.374473751800899	15.107981431157517	15.037353436280991	14.434897766230302	17.444604558965153	20.145324871969255	20.235643179304642	19.959775813888033	25.813516891108904	23.109897148603434	24.943236443949516	16.69243616522839	20.698469749875937	14.262348300671551	15.970383646466551	12.529102422986716	13.806525300438185	8.078367183814603	8.319785274765128	10.526547347113507
25.196252979011142	20.601501753720537	19.175498160207066	14.81072214090861	16.471835981692728	12.075763808615035	17.499642659988293	16.20770427612242	21.360578752584754	18.65606109948146	16.258798120862288	22.911570250420585	15.27303530343757	22.57784764528579	19.64142768784511	15.930645965923812	12.96234309426056	13.227976061381359	9.13729176626783	9.603536533860229	0.0	8.161036594574561	9.402341851265684	15.766407712741131	16.946288766773865	21.231599393534058	20.247902124345234	21.040261273808298	21.34980344995543	12.705111100460957	17.466539128550163	11.39120021854992	10.152490497569687	11.03759777783668	15.292238736396692	15.209043765786104	14.457144084605964	14.812284227209824	18.206166320014223	18.910763725617095	19.17620621802041	21.863195997499677	24.950196567701248	23.330783811132193	28.4888395307345	24.39268027764974	27.350339531333837	19.79062816044393	21.40629127024465	13.474029319491716	17.346197079207077	13.84401239271526	9.801959234630349	8.213948997376633	12.678480460515328	15.790545840113577
26.198608902829143	21.108940477789734	19.396194328341988	14.146893250972912	15.955630498959351	12.344894304069472	18.916362404626504	14.89056873635719	21.749230157032535	19.76656069659994	15.727292303752195	20.06289288228129	16.04157600534398	21.63050746527304	18.7429498567519	13.744904671364871	14.931040583280545	12.823793765859822	12.254735335855646	3.577056316614444	8.161036594574561	0.0	6.840283361716986	9.21138675400269	11.48741866064429	16.21406471133421	13.670829132812905	14.666439228138149	13.409094846193168	4.846287646950181	11.308715831531217	5.461583849682082	7.998139775105198	12.999078930787498	13.571459569059748	10.8120246216795	11.17392854583337	13.510352525057694	15.060751893512252	13.656061366324241	15.82721911420582	19.187062352228082	20.198614765759583	18.632083093686038	24.456509891130136	21.255056069776145	23.102499992810245	14.86899419638396	18.133516462269405	11.16368008160269	12.900131253273942	9.260088828914581	10.557940078237968	4.512613918590408	7.173784283326417	8.520834819805685
21.139463835552043	16.659527598937313	13.561866001105253	9.025301942287578	9.347111857069601	5.712592083979024	12.29375866144749	8.453840299435186	15.423504118783937	13.927995016858405	10.70767314551337	15.934857433522087	12.915372247951657	18.868181379461216	17.53215795592448	12.11385501281801	14.270613651878426	15.326226223167216	13.088185458466464	9.514077385622441	9.402341851265684	6.840283361716986	0.0	8.912156441256503	8.137144694712406	12.41919951444527	11.581080789256252	13.572938905367167	14.840245266849529	7.479374051261306	9.111335244152892	7.046662124927256	7.393473181498491	8.115222805644065	10.980851610785008	9.970807180847823	5.200913542146347	7.417187254632714	11.672217081527847	10.331268486020996	10.244244410369785	13.91754758040297	16.99920396069432	14.107589608243737	19.382419506841956	15.424301333356436	18.022672492309177	10.40965563780633	12.46347976924555	5.384908216901183	9.822739624965301	8.619058955736653	5.671875438999247	5.711174318358274	12.831907512207007	9.531322767370591
22.445550682367816	17.536818161667465	16.11649216855528	11.286612904949171	13.593006534672233	13.358284271618915	19.108591105361945	14.292400717400634	21.72573047166838	21.30753516593206	17.720544081820044	19.9538031043478	20.609591293700404	24.856914362975164	23.56072097541927	17.789287147905952	21.871937014372847	20.722894387329816	20.40826094098015	11.68244715478435	15.766407712741131	9.21138675400269	8.912156441256503	0.0	4.749705057235439	8.251012061870702	6.6435058306457995	5.470954065049177	9.6498704265691	5.653536353528882	8.58428837637099	10.246761574493425	13.850143550146921	16.837530250384056	17.24642580151663	13.816670655777514	9.34770146431129	13.996607966337177	16.249902364732282	11.226388026708019	13.049453039338337	17.73986456027878	18.198947238697762	13.98541992457556	19.59387120880999	16.79290794966881	16.974220554051367	9.632376602268463	12.37180619241095	8.459767971055697	5.518714011646252	4.54504711411469	11.392512798203956	7.795458313299373	10.229877374845596	2.0284933186055154
20.535314374185404	16.29373270626549	13.487414283253237	9.641280386314955	10.201018917727161	10.800027475374296	15.643386186468943	10.54842463945896	17.728318196443144	17.864964705580284	14.698670554161733	16.4578934549249	18.59173536620737	22.353885646684663	22.014890792938917	16.248376771320384	21.131693466911013	21.318126595436013	20.58141339498783	13.924321212363227	16.946288766773865	11.48741866064429	8.137144694712406	4.749705057235439	0.0	4.851327620395901	4.49888394876002	6.376928903695599	10.82206863948647	8.136428329813423	6.5100765166871275	10.830619226734756	13.429105850592544	14.852642728939257	15.35063288122981	12.752788622768248	5.925073693898699	10.714373966685663	13.545429329444355	8.13395815401813	8.697553205176394	13.623547191928333	14.94746221162002	9.702358851936427	15.116803955215433	12.053573429261176	12.521012092303376	5.159019369228389	7.887307884634827	6.1203365087153285	4.643139736890957	7.231753633340523	10.613841841987433	9.937618925153426	14.498821227641447	6.182446715466284
18.966565591075252	15.492848552824332	12.88646136991455	10.638919888631884	10.912538145950782	13.63547204059388	16.95144550634684	12.608339414113146	18.781112949243106	19.84189055600954	17.543089654134207	18.3039899036729	22.169061901903124	25.31838211334996	25.741202094478375	20.13487861159816	25.392868250080348	26.023498971201015	25.132126193512473	18.732875662946377	21.231599393534058	16.21406471133421	12.41919951444527	8.251012061870702	4.851327620395901	0.0	5.973276084704694	6.094941852619858	13.440935035248952	12.770437658046282	10.018207894284261	15.599702038634696	17.981774541519243	18.280154805586513	19.102495430368734	16.8745424844436	9.175366333669274	13.466294077844616	16.592551206574946	10.746723954838053	9.979496545454841	14.797936536159012	16.24432435288723	9.446418190267611	13.50953967724137	10.76189609118075	9.802469661261187	5.97217745591614	5.777591481026218	8.687974027339747	5.3046401232119536	10.04056549536164	13.49983059211799	14.12041542933397	18.389861026528493	9.850218481590025
24.309059242139952	20.339280250285917	17.450938036868482	14.058868720060142	13.987356819642219	14.351731866786185	18.795499679875853	12.969456235350147	19.71343748306927	20.061116203514064	16.338231770365194	15.98480621792005	20.143134437769987	22.473388009288406	22.27094998537862	16.695921935665307	22.814053364108005	22.279063267851416	22.694893446016764	15.255578365206421	20.247902124345234	13.670829132812905	11.581080789256252	6.6435058306457995	4.49888394876002	5.973276084704694	0.0	6.223056553520069	7.685507800444689	9.26031728167114	5.470899758325711	11.840384215481524	15.033081269761087	17.77236708804325	16.190036219443872	12.76884572062356	8.869820710826817	13.051436090475104	13.579917910588618	7.138061998518389	9.673810273707117	13.834141391088414	12.910015847355512	8.430081826711362	13.908065523916495	12.443755806136727	11.68577915858015	5.233840464860766	9.860873262977618	10.494304441921907	8.228294235433612	10.631265496577305	14.965008534743653	13.280084961883666	16.14201373371053	7.054993697137003
22.332328625684656	17.993093358229697	16.962063246551843	13.278679939092244	15.381524261020164	16.864609566752918	21.577354352789342	16.833970608757905	23.792391415886545	24.185899623476764	21.009972843994934	21.887721262402437	24.70538102651187	28.102471730950203	27.497166354299036	21.741385505457355	26.715655704566945	25.76295305024599	25.648018754149692	16.938520294848693	21.040261273808298	14.666439228138149	13.572938905367167	5.470954065049177	6.376928903695599	6.094941852619858	6.223056553520069	0.0	10.65154178736502	10.72405509191472	10.988235566770866	15.105954100273056	18.687914038497542	21.008062762439607	21.146514111725416	17.70013304809771	12.297094792785325	17.089055087664445	19.187529459643066	13.067622870290775	14.458592282170345	19.224498433412744	19.098421068918213	13.751844935560591	18.518769618010186	16.444440476191136	15.140174197371742	10.015999784589864	11.754290591126782	11.334516785672616	5.932203553946785	8.103511512825461	15.203035426313884	12.970529854497302	14.589236238449962	6.46526979963537
31.213224279715273	26.714799895112986	24.28741923465732	20.03506737769098	20.47689483074589	19.10948276944366	24.429603226337274	18.18068388487479	24.92508610514004	24.442411542013275	19.63092923362699	18.51430893952386	21.747198286942194	23.225628553948226	21.74143610270154	16.764263626301307	22.90807225718634	20.12048227473996	22.47390831524733	13.296075687197668	21.34980344995543	13.409094846193168	14.840245266849529	9.6498704265691	10.82206863948647	13.440935035248952	7.685507800444689	10.65154178736502	0.0	8.825407731589818	7.98675190503055	11.122912379250934	15.342274088233427	21.024654149535543	17.173548133110856	12.28546414055477	14.073302536508294	17.496476907599394	15.315928129653322	10.398904013998784	15.306834644777854	18.22175125844193	14.690193648353752	13.996559761715567	19.422405389143876	19.031435420099356	18.3047321378293	11.987140402108713	17.41241172833658	16.154029230919992	14.166674442362314	14.068876329991365	19.464149779960923	15.123373289386324	14.594154279304425	8.227715019616056
26.128707808120367	21.142108211089713	19.116313327443812	14.013411696446097	15.471004360686697	12.95822930329485	19.328135812384925	14.168742602624198	21.487462091933768	20.183904325897956	15.774139059116017	18.393471213851477	17.26540101402708	21.587325146496244	19.355787573532794	13.853833041994061	17.449460608484113	15.325566957273049	15.79759014321767	6.303367546763335	12.705111100460957	4.846287646950181	7.479374051261306	5.653536353528882	8.136428329813423	12.770437658046282	9.26031728167114	10.72405509191472	8.825407731589818	0.0	7.669067974421572	5.234003343826707	9.477931178986747	14.696874017010288	13.745609661814637	9.824538672749622	9.657164803257727	13.099147800477313	13.78997101873226	10.537395112638208	13.627813289920713	17.353344266972517	17.247087830942785	15.301320080912264	21.279587072893946	18.69619792096107	19.74457163974979	11.546708391158015	15.639709904319327	10.372427071047653	10.4574473863078	7.991464943692934	11.92450045620066	6.538846093213106	8.22762113915501	4.457965871782128
26.09615103848321	22.086573597446357	18.367102148498	14.758441797741193	13.62454294701673	11.892262509047328	16.65615543951507	10.272294368517802	16.958262461570722	16.54053559279378	11.99710249485431	11.924149366623926	15.126214562149842	17.353216829705715	16.822578405225574	11.256043532712468	17.726150558520732	17.38568168753997	18.09778551723239	12.161048147600761	17.466539128550163	11.308715831531217	9.111335244152892	8.58428837637099	6.5100765166871275	10.018207894284261	5.470899758325711	10.988235566770866	7.98675190503055	7.669067974421572	0.0	7.675195579114934	10.257305301792448	13.93287350026002	10.892982780649751	7.353903460721735	6.76164021533198	9.637597115363544	8.547121073031436	3.088044699343871	7.648868935076686	10.804719217000402	9.870619749479372	8.121073500733706	14.071327879944523	12.434806741249771	13.390680162877436	5.749809703050248	11.539398920926873	10.326736767937751	11.098952231844605	12.13813279396336	13.960987617617066	12.236388119419708	15.845683400156119	8.42977487988449
28.003118514364527	23.3781692396183	20.365040670389508	15.748504460409452	15.743409116396775	11.616364780954958	17.669553880062903	12.504997702480114	19.053907522611148	17.111861308943467	12.226803677974631	15.24935912369445	12.595524053262022	16.898917880987838	14.245498901108471	8.941272777174575	12.508985560693906	10.698566670172399	11.511171880594215	5.074823156627728	11.39120021854992	5.461583849682082	7.046662124927256	10.246761574493425	10.830619226734756	15.599702038634696	11.840384215481524	15.105954100273056	11.122912379250934	5.234003343826707	7.675195579114934	0.0	4.633437920237141	11.53367250803036	9.065435677197462	5.423846728873713	9.368300615487179	10.872876920217958	10.15926073209894	9.547605463463523	12.729478273587077	15.172205906006182	15.291426683575764	15.208663892653465	20.957777665612017	18.478432266564557	20.46892497029262	12.398431630093182	16.901103359223708	11.672172596140197	14.00823318994301	12.127453206395467	12.535249411316062	8.719692433890508	11.701752077824272	9.425940215667456
28.04772087855356	23.842117705375646	20.25225494461816	16.268820988792562	15.278192629738479	10.027754765787536	15.3656787605935	11.144820446209692	16.51066401928876	13.906072049240471	9.23226306663087	13.841549432710964	8.325757432253758	13.777938483960362	11.000944879214853	6.13266800306112	8.128909665826633	8.457220395598489	7.847751488985068	7.625413859311735	10.152490497569687	7.998139775105198	7.393473181498491	13.850143550146921	13.429105850592544	17.981774541519243	15.033081269761087	18.687914038497542	15.342274088233427	9.477931178986747	10.257305301792448	4.633437920237141	0.0	8.02089728478961	5.893333804465799	5.306738572319571	9.821463588225061	9.16963289665676	8.760570527332236	10.937134196533547	12.749290636156259	14.12123728588228	15.658452777502843	16.25922320859401	21.42014361659176	18.595476320261806	21.520347560143346	14.046670555249584	17.840463169306958	12.464554911684136	16.470485114751394	14.902347276816394	12.321262434096317	10.624558392364124	15.050867501353242	13.45956640577733
23.13581253568593	19.97699281307221	15.603090127011466	13.379329104978762	10.842320158634273	5.268988984545158	8.321325622606697	7.443934153941081	10.63197964314833	7.657262816112696	6.081643632021091	13.859393826736557	6.97997606463661	14.21538988673694	13.667909103297704	10.10955731719329	9.711546949744973	14.435166227709566	10.42434560313359	14.321691349464812	11.03759777783668	12.999078930787498	8.115222805644065	16.837530250384056	14.852642728939257	18.280154805586513	17.77236708804325	21.008062762439607	21.024654149535543	14.696874017010288	13.93287350026002	11.53367250803036	8.02089728478961	0.0	8.344304486877977	11.321591142972471	9.28896067408692	6.027052595258711	10.605919441699584	13.43947582622054	11.614795652488622	12.55879667115962	17.633686444681214	16.5358882985372	20.359266385143094	16.332747121383864	20.41769020219446	14.657245618215764	15.834090155046225	10.947440841456425	16.843458478444287	16.47919824420599	9.688208542429688	12.908079927917203	19.85407579877804	17.40334871225667
29.58535416590256	26.144808192443776	21.493954974798875	18.684009854522373	15.914955344881221	11.04523103197863	14.217146399180603	9.865608730256204	13.210152130282825	10.723822513760963	5.584760769989498	8.760231800800463	4.766421664248029	8.151605440155594	6.9150392797030955	2.0303957943391366	8.170522014747824	10.938253663757486	10.850464602222418	13.15334719447339	15.292238736396692	13.571459569059748	10.980851610785008	17.24642580151663	15.35063288122981	19.102495430368734	16.190036219443872	21.146514111725416	17.173548133110856	13.745609661814637	10.892982780649751	9.065435677197462	5.893333804465799	8.344304486877977	0.0	5.138515861722366	10.721714067665012	8.021598787605608	4.4315966053955	9.905992219131235	11.096683896263182	10.26490395776109	11.998562714279267	14.378166391489623	18.4839922711297	16.4019084583347	19.763644200374195	13.855824474618053	17.710994020299083	14.72069023976355	19.08705960395751	18.927926808450223	15.5633785625541	15.653080819455928	20.52573322624499	17.066902110445184
30.04755076785679	26.03145414858835	21.976027156478306	18.295104580460464	16.605721287122904	12.354243897154612	17.009293678002667	11.392039785146391	16.66911430666435	14.808986997203263	9.407606556649442	10.557892317054954	9.731909074570739	12.022087744999316	10.006316603786061	4.552505039084524	11.237522694103347	10.767857971041384	12.362464356337373	9.99262143048962	15.209043765786104	10.8120246216795	9.970807180847823	13.816670655777514	12.752788622768248	16.8745424844436	12.76884572062356	17.70013304809771	12.28546414055477	9.824538672749622	7.353903460721735	5.423846728873713	5.306738572319571	11.321591142972471	5.138515861722366	0.0	9.951625294501147	9.68780733523912	5.546506973375273	7.514456914804997	11.062870060422355	11.735975056699107	11.072834783024305	13.199255922416144	18.315058529963505	16.67502418346276	18.990566065099895	12.02373147360789	17.056919328839083	13.89548883353533	16.829980270900602	16.32338633337508	15.49546803107521	13.563096564876808	17.039407693395795	13.201514035456894
20.32205117425362	16.583434963311113	12.2668359714542	9.100600960998536	7.117551003877682	5.572436198400185	10.485917804582549	4.95689887063495	12.425864816320136	12.063540010341532	9.017728994321798	12.537193408032405	13.195810152876945	17.598481636212355	17.62411394615602	12.11237913446926	16.466551008987757	18.26543817222547	16.62626337218197	13.374473751800899	14.457144084605964	11.17392854583337	5.200913542146347	9.34770146431129	5.925073693898699	9.175366333669274	8.869820710826817	12.297094792785325	14.073302536508294	9.657164803257727	6.76164021533198	9.368300615487179	9.821463588225061	9.28896067408692	10.721714067665012	9.951625294501147	0.0	4.836451198284679	9.45762889529791	6.7916889967147895	5.219109070601988	9.613521206117158	13.17788373018812	9.16370528692348	14.219173129831443	10.274495613358537	12.934189494505977	5.797054970768834	8.05172511353844	4.774617740510556	8.897818662567747	10.418890666794699	8.354570388235391	10.123714678637972	16.618352171696724	10.350331952256301
21.83996763847803	18.817085146728978	13.71765084303897	11.788043238480437	8.04380930553284	4.48389656839095	7.517839821076254	2.039520758266433	8.421560227479512	7.382316432531355	4.474895408697436	9.944545087838572	9.276514589108457	13.904203665887971	14.588652066553133	9.885500217910412	13.665469555534454	17.13901112975619	14.895672293898045	15.107981431157517	14.812284227209824	13.510352525057694	7.417187254632714	13.996607966337177	10.714373966685663	13.466294077844616	13.051436090475104	17.089055087664445	17.496476907599394	13.099147800477313	9.637597115363544	10.872876920217958	9.16963289665676	6.027052595258711	8.021598787605608	9.68780733523912	4.836451198284679	0.0	7.381499024914541	8.424123813253319	5.594098591034177	7.377442563143543	12.743983964907267	10.565198687378844	14.471264765186774	10.550969567331679	14.47655390655746	9.097913207278452	10.678371723552415	8.348724877314273	13.530929748806946	14.754716953506739	10.09413383905702	13.119302182444349	19.96074299238515	14.776806750345074
28.887122710129873	25.689326437479544	20.729061164813665	18.316518250312157	15.045460913850018	11.491208236366154	14.121134569497409	8.634324585634575	12.222115058810791	10.97150159397409	5.903518660110335	5.195304290644779	8.300258210082866	8.931824442948274	9.608324565905118	5.183045344356874	12.595422418702256	14.710863998846115	15.089273152804651	15.037353436280991	18.206166320014223	15.060751893512252	11.672217081527847	16.249902364732282	13.545429329444355	16.592551206574946	13.579917910588618	19.187529459643066	15.315928129653322	13.78997101873226	8.547121073031436	10.15926073209894	8.760570527332236	10.605919441699584	4.4315966053955	5.546506973375273	9.45762889529791	7.381499024914541	0.0	6.57672703366644	8.057629736803861	6.713319469976775	7.69036090542055	10.406075297379122	14.338243828294305	12.942405175995635	15.926668280560198	10.829669792985555	15.114828837803898	14.11978920224067	17.732423550607297	18.624602165445292	16.325592127057636	16.663681581141947	21.538058513163747	16.210350313828243
