0.0	5.639354915756403	4.232652457120086	10.005261611419131	14.664832711230748	15.026123596305393	17.013590294156227	20.18575622274329	22.746466557966627	20.651088521798936	16.576013539902405	14.260043587257215	9.265244071924485	13.544324092040037	9.902024555761574	17.279657414685435	19.364299714909155	15.465226681594201	11.757350739564401	13.965057781945685	9.042330139487463	15.828441670345905	12.637307572645234	13.29447878118078	17.92540224736224	17.48417994537553	23.56357474410479	17.61157629553662	22.23971739669618	20.349684227208623	25.067056978309214	28.292900892667852	30.290205338073733	29.304317888683826	28.558171870476453	25.63227547320068	18.931086515072632	24.478713554597423	16.624644565354124	22.491996409117412	23.289418742395373	22.614340090490103	19.656902154049472	19.121423020023393	18.58922161191659	15.179961541677974	12.873436890730229	16.409293798185345	10.384271325207859	15.89575461147514	21.169295388308573
5.639354915756403	0.0	6.371039993466295	6.99690882500702	11.433387485021102	14.674886840737098	15.18988702766632	20.233704116378963	22.271996829227078	21.2567556380776	16.712471977961577	16.6353668160585	12.243320742862958	13.28707029950284	7.701781948114101	16.415293772937908	18.38484916605593	12.79906260710339	8.97136061274731	13.174717238470153	10.04982478148803	16.670124340955223	15.01644928979998	17.36035846261536	20.823996932146557	19.463507544895844	24.46400955115424	16.682372395851786	22.347183709646657	18.563408840300283	23.18589368997515	26.677431197229488	28.373922397873898	26.508928492159207	26.628594363507123	22.84363946286558	16.687733647039558	23.63444213354268	17.31744569945867	23.113059365020717	25.029048655952923	24.711121014377024	22.654506652546313	21.011057891120515	20.21051736493438	17.858747410549178	11.256427873243126	17.076247056755484	11.831860959111227	14.804620762324921	20.157378473751077
4.232652457120086	6.371039993466295	0.0	8.719057698394334	11.630866141174895	11.438793532473916	14.591848403835957	17.335438996947094	19.03664839334928	17.02424538691443	13.658316713421943	11.108427501111949	6.542859889431474	9.739749156753101	6.500473636681332	13.114972408533829	15.370123239139662	12.023990506376757	9.112389750685958	10.515544913656756	4.872959825729734	11.703893326419989	8.97944160975031	11.210573175223475	14.679695831191049	13.697764066148112	19.667460672255437	13.557912270206174	18.158739081282157	16.764133573067976	21.18215725082682	24.51427373586472	26.34925529044109	25.583381739751573	24.494105626940907	21.904666816362273	15.135089877998423	20.29366373490424	12.455004540690863	18.3467213401519	19.45272514973241	18.979534897817775	16.781553563045925	15.83766834963935	16.155693012852378	13.26906707550942	10.64830509177699	14.883563344425767	10.249249791951037	15.584880346566038	19.390603986428555
10.005261611419131	6.99690882500702	8.719057698394334	0.0	7.088521850013041	9.971057569305172	8.380821650440472	14.333156685696128	17.019933135959885	16.702228400547487	11.216805630351947	14.166090242260807	11.21864400863742	9.422673038443817	6.6102710973624355	13.522447004562204	17.765735195491878	12.449323040285401	11.114578460531575	14.769366751249173	10.578798048746302	14.588786213345216	14.896686291005945	16.9805030950861	19.551410883737553	18.563975385363115	20.778370963633936	12.914468956112156	18.59670886686697	13.09742609784673	18.391803566886836	21.230963246021958	23.581026787126923	21.939775412634415	22.941948601688964	20.79296155517032	12.666157534885322	20.072592652485838	15.777078608290816	20.682566738185464	23.639550586534888	22.41992802979218	20.33716197307405	17.484194857797043	15.569748000869556	14.603243328967048	4.73355928179525	11.630052934420856	8.642410543505834	9.14970587620894	13.40370506182277
14.664832711230748	11.433387485021102	11.630866141174895	7.088521850013041	0.0	7.881063873577446	7.952778033488437	13.494797383586858	13.15145052591264	14.165371810175156	10.9165793896337	14.399460006485404	13.288660260248518	7.366045140545389	5.521012702960801	8.485916643693868	12.561469816775116	7.529038955309034	9.15424788255691	11.804184274248474	10.347336191954849	11.77661943841083	14.21273366443412	18.533888938206182	18.674945468678555	16.39297898778984	17.359705395757558	8.002079027933723	14.243381500035833	8.01844709420584	12.219596241351708	15.770386869756727	17.28918476347433	15.234414192056084	16.17979104196143	13.88887337257125	6.065300396130594	14.272363621268267	12.439045263242633	16.408669696443045	20.419153646497843	20.082485815864516	20.10545430430294	16.495681548511097	16.38354067863901	16.77636765550157	6.797729687287529	14.431643524493275	14.127762051557678	14.007187200713346	14.488070275674364
15.026123596305393	14.674886840737098	11.438793532473916	9.971057569305172	7.881063873577446	0.0	6.938560931584838	7.233526698573049	7.772864483279195	6.885504680602799	4.268323917559044	7.510875417204846	8.754758402424267	2.0667448336586434	8.480223049158555	6.518706583273456	13.048430953192895	11.87742420381904	13.527726841528972	13.479736907481758	9.112272262009988	6.874783490780758	10.037954602319562	12.827354121902324	12.280651875035653	11.409672732286978	10.874042284004265	4.9891724719756985	8.96474835004791	6.443647257507149	11.337548156680086	13.6577730306233	16.397451493216128	16.785071209181947	16.17028211105748	17.107710333519893	7.675066867086657	11.655239346625905	8.60306231188398	11.780647137615269	15.256795071930298	13.423399049744491	12.678684431003873	8.718433727163365	9.055932183443954	10.04838377657849	6.41664791229464	9.626484292839338	11.492512597957012	13.363529075159187	11.715334990691353
17.013590294156227	15.18988702766632	14.591848403835957	8.380821650440472	7.952778033488437	6.938560931584838	0.0	7.5481425351776315	10.708533732570283	11.652889908919175	6.161958344912139	13.242006802024578	13.319517352694938	8.257098055006805	11.09648069018504	12.053256513115361	18.313121224685453	15.044938645918988	16.3079401044096	18.267300136921023	14.1524473490719	13.761760714449114	16.43731877419301	18.144585898291776	18.820036332910295	18.335478866165463	16.41958041522706	10.280636884158374	14.4655992570915	7.487290985905837	13.161682364061983	14.568874491499619	17.905170440426453	17.22675298894501	18.947249607094037	19.70955737365617	10.199076967285036	16.193419169070964	15.343465978740731	18.11585988346044	22.036274266914827	19.84715669820754	18.303795441724503	14.111122816565242	11.351068789722673	13.078865491027004	4.152448042125542	8.09204602169821	10.952155335796423	8.574557180168195	6.544658704291451
20.18575622274329	20.233704116378963	17.335438996947094	14.333156685696128	13.494797383586858	7.233526698573049	7.5481425351776315	0.0	6.908136002789139	6.427422921812903	3.681543015755005	10.388677812676994	13.089054028659325	9.215256194658432	15.27712795141642	12.64746551447554	19.423610498493918	18.80115505688636	20.59477191965723	20.661553864794286	15.841895704316878	12.482025259546889	15.592792045033159	15.793240621056698	15.199105047652969	16.05091134812155	11.494577196862915	10.643305015118203	11.221550418304986	8.795501287799885	13.158663325667929	12.984201300171113	17.08881708857901	18.61107902929245	18.899684062393426	22.12856529295335	12.800457295701376	14.660590689363463	14.36968486808954	15.275617591187821	18.568349841253145	15.09047973772875	13.226773606442762	8.768841040714511	5.6869781656403715	9.624986966814152	9.642665262739733	7.041615713855403	12.853098071949901	12.729050654636223	7.417998948961712
22.746466557966627	22.271996829227078	19.03664839334928	17.019933135959885	13.15145052591264	7.772864483279195	10.708533732570283	6.908136002789139	0.0	4.446626249012453	7.978667171142894	11.946577853495532	15.426659223134491	9.342204798856102	15.485239249288353	9.148181175293002	15.272796141579025	16.48333620111421	19.673000575490402	18.569675546400237	15.903930786343434	10.321955665637741	15.139471068119503	17.659756626919858	14.580493481463586	13.89759857538194	7.230606076622788	7.291342187972742	5.701285385694144	5.8504542744724075	7.332251126649664	7.311125456154544	10.841940833494485	13.268864596319206	12.440310043488353	16.99188756390222	9.388232597504194	8.194395915857406	11.502889543856199	10.363793259887538	14.821926270642695	12.56790372352676	13.959428548073562	9.314152036582202	10.728942774381373	14.12712923520069	12.830926937921406	13.518395110411825	18.031404298208415	18.32370050986091	13.036202215872676
20.651088521798936	21.2567556380776	17.02424538691443	16.702228400547487	14.165371810175156	6.885504680602799	11.652889908919175	6.427422921812903	4.446626249012453	0.0	6.6691695662370405	8.092320106114107	12.317165003251452	8.164502218070716	14.937857417704663	9.26641003557947	15.309662736747757	16.93419259752425	19.35754440052072	17.738185727314526	13.954942018072387	8.095841192839954	12.115272720516616	13.628431744428065	10.573633885279566	10.888799821132578	5.171427921619579	7.781331741363269	5.460023497263423	8.745883809819535	11.128539932109023	11.621746247453089	14.774215088623361	17.25394433500624	15.51619514826922	19.299325586856167	11.351526431606553	9.98416312367565	9.673627843523056	9.142763917958172	12.348125734064778	9.137820948297815	9.534999112494788	4.870452316837031	7.632400460791362	10.529888028567076	12.636518328550306	11.97500366496725	16.02908791749772	17.950590589976734	13.713716151918504
16.576013539902405	16.712471977961577	13.658316713421943	11.216805630351947	10.9165793896337	4.268323917559044	6.161958344912139	3.681543015755005	7.978667171142894	6.6691695662370405	0.0	7.923021597081354	9.757203823913173	6.025025492493217	11.874207920951712	10.544067804457713	17.194930130346563	16.008830491754722	17.29895425274829	17.559873428717605	12.35087301143928	10.102037644678642	12.643117487501751	13.268783173915171	13.431007123231653	13.938809270823151	11.710667315179125	8.768258558951583	10.908592490364128	8.261735624542684	13.370864750412816	14.411863238695819	18.00186767590203	18.897051437940778	18.852631302232172	20.81410625887363	11.178041999839692	14.326549135625989	12.070657701064492	14.341230567023027	17.431741483085325	14.432439162991772	12.279031059947538	8.09930159635912	5.68469674738135	7.898255249255481	6.756150858886727	6.023717008571209	10.134333181645284	11.300486520167688	8.465274825744345
14.260043587257215	16.6353668160585	11.108427501111949	14.166090242260807	14.399460006485404	7.510875417204846	13.242006802024578	10.388677812676994	11.946577853495532	8.092320106114107	7.923021597081354	0.0	5.039426045489519	7.182387514591809	12.212343282478614	10.733824586789927	15.51132139956823	16.15483319466184	16.551832245816684	14.97013312340854	9.029330813315612	6.7172415757685995	6.409558336213714	5.7968269653919755	6.210598981586173	7.993358228331458	10.498864749214228	10.275627914010656	10.917982160985343	13.442987084826592	17.211260880977093	19.00947080169633	21.67860841371502	23.124246318329497	21.063373077737452	22.30220475936766	14.2034683479402	15.208473031556426	8.584288776119488	11.785233924424663	12.46276391988415	9.56857648821966	6.225012859711446	4.9725051199812365	7.399780126668794	5.694484960671037	11.615162055273894	10.860038303359685	11.475421810958336	16.54955466190397	15.971832154405453
9.265244071924485	12.243320742862958	6.542859889431474	11.21864400863742	13.288660260248518	8.754758402424267	13.319517352694938	13.089054028659325	15.426659223134491	12.317165003251452	9.757203823913173	5.039426045489519	0.0	7.6594903001207175	9.698119773270571	12.045948721298775	16.020093599294565	14.908829908306862	13.866575723509882	13.387655958868871	6.380891547237041	8.821561207978013	6.268834637523023	5.7700838975435005	9.559552772336707	10.33905642880916	15.070666414498454	11.934422470775647	14.657607086693416	15.148991124593383	19.601251199314028	22.057828134863243	24.53858850826033	25.027324616733633	23.453913285723434	23.048922027226414	15.021840679700961	18.155468078753863	10.330571924006856	15.21014162562788	15.843878195949321	13.980203311143883	10.571352235068536	9.960723572181749	10.465949905039896	7.207414866934909	10.288872521161029	11.156403862052022	8.661551508275418	14.899714643232299	16.772759699844848
13.544324092040037	13.28707029950284	9.739749156753101	9.422673038443817	7.366045140545389	2.0667448336586434	8.257098055006805	9.215256194658432	9.342204798856102	8.164502218070716	6.025025492493217	7.182387514591809	7.6594903001207175	0.0	6.827414290520636	5.70579527899273	11.710593835640378	10.378345611684253	11.73058854547125	11.54438366754122	7.088806439512751	5.773404477581645	8.46098875124554	11.985097891895638	11.64867382804444	10.329331218788871	11.492144450456992	4.820273874088784	9.440027486449067	7.651224267269488	12.167235979897626	14.975515496105785	17.29314307669457	17.42810201251266	16.449762582485842	16.56721907823877	7.595626178788828	11.884767249468318	7.370412038938509	11.485247584062316	14.668398345620483	13.344513629294338	12.739873039541068	9.325464178587273	10.315675752976686	10.469445775334679	6.777953697873001	10.824027831905733	11.48477874499146	14.111275933371504	13.432540124045302
9.902024555761574	7.701781948114101	6.500473636681332	6.6102710973624355	5.521012702960801	8.480223049158555	11.09648069018504	15.27712795141642	15.485239249288353	14.937857417704663	11.874207920951712	12.212343282478614	9.698119773270571	6.827414290520636	0.0	8.77959515369937	11.515651787909027	6.615092798704477	5.6391826480652405	8.22006759037935	5.523857469354846	10.036857175705851	10.41707325390108	14.902878652427232	16.019987397492557	13.751289215059579	17.655661926225303	9.172971278709559	15.066253851780138	11.775986251258082	15.845132718159741	19.583077713337502	20.99726871548253	19.55213899715894	19.08505694620283	16.097793157113113	9.317926215957613	15.9536036865566	10.557540065306174	15.968925272957913	18.733345967211598	18.722954244488875	18.17628538012101	15.688248478615156	16.279746086722582	15.175077867147145	7.999876123535115	14.854337806185463	12.477528001966002	15.052783556909695	17.215710916081015
17.279657414685435	16.415293772937908	13.114972408533829	13.522447004562204	8.485916643693868	6.518706583273456	12.053256513115361	12.64746551447554	9.148181175293002	9.26641003557947	10.544067804457713	10.733824586789927	12.045948721298775	5.70579527899273	8.77959515369937	0.0	6.811602242519189	8.007512564008136	11.357139888109211	9.521733228475526	8.934183523606745	5.042404532958411	9.594814761633547	15.173174373031744	12.561223286635947	9.388841849656012	10.249444363982864	2.161769803050114	6.9251994197309426	7.345341891652932	9.03057966188802	12.810384286889487	13.740316742233123	13.881698382628404	11.625802582162237	11.582007077556327	4.8582629698052475	7.293285028691965	5.038297975149296	7.995182134488744	12.240908907346896	12.661402403211694	14.782780128481221	11.544253390308146	14.565847302962386	15.294002040620143	11.537920396093318	16.140382546097236	17.131044367638907	19.251368658622745	17.54694770175199
19.364299714909155	18.38484916605593	15.370123239139662	17.765735195491878	12.561469816775116	13.048430953192895	18.313121224685453	19.423610498493918	15.272796141579025	15.309662736747757	17.194930130346563	15.51132139956823	16.020093599294565	11.710593835640378	11.515651787909027	6.811602242519189	0.0	7.054040151262654	10.578856609881427	6.580691390130544	10.870759171391258	8.959691082963252	11.510362637222478	18.31982664274314	15.207938899201428	10.69152537976339	14.466838789929167	8.91416168699161	11.432456464522568	13.430281807000558	13.05356207582338	17.27638928384026	16.46679623821244	15.99489251908003	12.351035767369718	9.293184010511292	9.398153186221826	9.773598737209443	7.25247887395447	9.639003438601401	12.521271011580165	15.341382740479093	18.800483327939624	16.79903675831247	20.801517180345744	20.78308382588168	17.201773272865662	22.52048523447853	22.298638630719825	25.05258982507637	24.19306819161215
15.465226681594201	12.79906260710339	12.023990506376757	12.449323040285401	7.529038955309034	11.87742420381904	15.044938645918988	18.80115505688636	16.48333620111421	16.93419259752425	16.008830491754722	16.15483319466184	14.908829908306862	10.378345611684253	6.615092798704477	8.007512564008136	7.054040151262654	0.0	4.868123788944498	5.672719884874962	9.188699865027823	11.181487094342542	12.864723627299494	19.074117167214926	18.205772197221226	14.488399484642608	18.173329953810015	9.373944336302992	14.834530159436255	12.431155522355201	14.118797992317193	18.58311308108328	18.521139919126316	16.440632734819896	15.308963975196807	10.369098726447048	7.960504811574139	13.693635688541303	10.545024072519684	14.849974139790543	18.12608226223807	19.64999680059383	21.205216544680216	18.614835486806705	20.691290264818143	20.316543164792773	13.292909729276653	20.31393177924138	18.967284340228126	20.8015111984803	21.531729750800938
11.757350739564401	8.97136061274731	9.112389750685958	11.114578460531575	9.15424788255691	13.527726841528972	16.3079401044096	20.59477191965723	19.673000575490402	19.35754440052072	17.29895425274829	16.551832245816684	13.866575723509882	11.73058854547125	5.6391826480652405	11.357139888109211	10.578856609881427	4.868123788944498	0.0	5.545327461692682	7.98323260246505	12.999351172057679	12.748074708542688	18.258144652994357	18.93305415867725	15.723241686612988	21.053856053777803	12.578032240306165	18.17391060886835	15.728869724439656	18.456252678332213	22.745448020366325	23.134815773259398	21.058605189216884	20.121966887465728	15.045946617343489	11.907551342080499	17.938574754491928	12.615545241172759	17.954003306738862	20.311073637626816	21.596600026507698	22.02423552254375	20.072820673845314	21.580206043696556	20.211145301329932	13.457971173379862	20.47522195935346	17.49734855572588	20.15247205223131	22.63603767795056
13.965057781945685	13.174717238470153	10.515544913656756	14.769366751249173	11.804184274248474	13.479736907481758	18.267300136921023	20.661553864794286	18.569675546400237	17.738185727314526	17.559873428717605	14.97013312340854	13.387655958868871	11.54438366754122	8.22006759037935	9.521733228475526	6.580691390130544	5.672719884874962	5.545327461692682	0.0	7.089071273570865	10.164469747702547	9.80709253444117	16.33428374798666	15.57015120952863	11.665391801451507	18.142591315513886	11.390884693655645	15.553371972376423	15.948776969066463	17.624004009444207	21.909119862033553	21.90060460504754	20.786103473499335	18.286844298547305	13.945675232419754	11.9675786944163	15.34185484047164	9.047214978297582	14.077380326518615	15.69441466101923	17.861711226333767	19.387128430854354	18.050263344786078	21.093943998920658	19.758835540445883	15.78305954553498	21.654138785678153	19.44400996304162	23.113341717900777	24.39703198578117
9.042330139487463	10.04982478148803	4.872959825729734	10.578798048746302	10.347336191954849	9.112272262009988	14.1524473490719	15.841895704316878	15.903930786343434	13.954942018072387	12.35087301143928	9.029330813315612	6.380891547237041	7.088806439512751	5.523857469354846	8.934183523606745	10.870759171391258	9.188699865027823	7.98323260246505	7.089071273570865	0.0	7.313388231129001	5.32283040706785	10.318369222298868	11.526702551217609	9.456684284082062	15.751862736841325	9.815477637539132	14.019524365222956	14.079634584589686	17.655416139307675	21.177126932996682	22.606844430708374	22.24223233819745	20.370913902162098	18.19781357642669	11.94679540660866	15.92250352908455	7.721371344588006	13.706757477463496	15.017604790400986	15.148271771923806	14.397732769731354	13.180075959790345	15.137767722772365	13.079400233870736	11.00181301567536	15.45724966966544	12.827104496236299	17.61797871815557	19.46311586158889
15.828441670345905	16.670124340955223	11.703893326419989	14.588786213345216	11.77661943841083	6.874783490780758	13.761760714449114	12.482025259546889	10.321955665637741	8.095841192839954	10.102037644678642	6.7172415757685995	8.821561207978013	5.773404477581645	10.036857175705851	5.042404532958411	8.959691082963252	11.181487094342542	12.999351172057679	10.164469747702547	7.313388231129001	0.0	5.323955325982413	10.56027330057687	7.5867300674800005	4.8604369296408505	8.586427332739612	5.698472857828151	7.033114683568541	10.743569833668563	12.964878058074145	15.868783094950464	17.329913001057225	18.42088690781228	15.504595034458504	16.08471834010032	9.66920574556535	9.86266724263491	2.0880731241943145	6.75212986179111	9.07615148600726	8.82732316212987	10.277343474742578	8.127307571836589	12.325417499203846	12.129088384830487	12.515693359619162	15.173379075527192	15.754389938637722	19.5795921351852	18.35180624389531
12.637307572645234	15.01644928979998	8.97944160975031	14.896686291005945	14.21273366443412	10.037954602319562	16.43731877419301	15.592792045033159	15.139471068119503	12.115272720516616	12.643117487501751	6.409558336213714	6.268834637523023	8.46098875124554	10.41707325390108	9.594814761633547	11.510362637222478	12.864723627299494	12.748074708542688	9.80709253444117	5.32283040706785	5.323955325982413	0.0	6.91046947264135	6.433056255481087	4.867016578682086	12.71104509183903	10.46035231259778	12.107771462675508	15.312550977475912	18.159396130961483	21.115286662978562	22.62618426247203	23.432235990670144	20.5163499928558	19.91718382373355	13.944126638999549	15.023768385175691	5.745536168028183	10.84513329335349	10.67498734510275	10.565743470060799	10.041948825212618	10.058434524280838	13.7173667086043	11.604150402839895	13.993719786713717	16.151156751221944	14.753652150218146	20.247855382930197	20.807257907577466
13.29447878118078	17.36035846261536	11.210573175223475	16.9805030950861	18.533888938206182	12.827354121902324	18.144585898291776	15.793240621056698	17.659756626919858	13.628431744428065	13.268783173915171	5.7968269653919755	5.7700838975435005	11.985097891895638	14.902878652427232	15.173174373031744	18.31982664274314	19.074117167214926	18.258144652994357	16.33428374798666	10.318369222298868	10.56027330057687	6.91046947264135	0.0	6.549136913243671	9.419900616646443	14.971858728305655	15.268971122296737	15.845004563931747	18.993072890208698	22.641433065994814	24.661453523583916	27.063807721841794	28.432009097817197	25.91626444531525	26.338202567603854	19.066284672609807	19.96401926750751	11.75934728731717	15.37183242680917	14.104876654457975	11.83013940585364	7.3865030104194025	9.553706480156873	11.634637240917867	7.939645506581965	15.678853743482186	14.53397349145845	12.964936626078021	19.607784976061623	20.63792441356597
17.92540224736224	20.823996932146557	14.679695831191049	19.551410883737553	18.674945468678555	12.280651875035653	18.820036332910295	15.199105047652969	14.580493481463586	10.573633885279566	13.431007123231653	6.210598981586173	9.559552772336707	11.64867382804444	16.019987397492557	12.561223286635947	15.207938899201428	18.205772197221226	18.93305415867725	15.57015120952863	11.526702551217609	7.5867300674800005	6.433056255481087	6.549136913243671	0.0	4.684309289960852	9.774417524850069	12.863780282330495	11.222891173791414	17.09935757003058	19.23827874574475	21.047412530053812	22.913989787081906	25.058717542805994	21.573967498406127	23.14635163267298	17.08109983991048	15.348669793923843	8.2960359516919	9.773321382410758	7.781459706729929	5.511450348917058	4.693977191928152	6.923790252277638	12.181475904017743	10.794694495568939	17.373867528016426	16.867419678901886	17.357406523718428	22.757034329634976	21.68124799801348
17.48417994537553	19.463507544895844	13.697764066148112	18.563975385363115	16.39297898778984	11.409672732286978	18.335478866165463	16.05091134812155	13.89759857538194	10.888799821132578	13.938809270823151	7.993358228331458	10.33905642880916	10.329331218788871	13.751289215059579	9.388841849656012	10.69152537976339	14.488399484642608	15.723241686612988	11.665391801451507	9.456684284082062	4.8604369296408505	4.867016578682086	9.419900616646443	4.684309289960852	0.0	9.512112970475632	10.359668983207422	9.484501013968814	15.3857135257535	16.833628575581507	19.423115872623413	20.527674911740625	22.18624938399545	18.321610430520966	19.028220170941406	14.223180511752146	12.448108245988765	4.446935617371683	6.90998624843687	5.810918259126879	6.612040457208861	8.952616697187317	9.154124876299695	14.533572830427408	13.586855265662434	16.833367475149462	18.399225994198463	18.52469913851897	23.39854090403806	22.395645902150083
23.56357474410479	24.46400955115424	19.667460672255437	20.778370963633936	17.359705395757558	10.874042284004265	16.41958041522706	11.494577196862915	7.230606076622788	5.171427921619579	11.710667315179125	10.498864749214228	15.070666414498454	11.492144450456992	17.655661926225303	10.249444363982864	14.466838789929167	18.173329953810015	21.053856053777803	18.142591315513886	15.751862736841325	8.586427332739612	12.71104509183903	14.971858728305655	9.774417524850069	9.512112970475632	0.0	9.622943740519426	3.8738684334170865	11.857549933293049	11.921664780173723	12.391190273163676	14.354777146011019	17.72096843067961	14.363153330371526	18.92472531359337	13.271866981667118	8.353023970817704	9.258878583813013	5.712253881507663	8.478956981785114	5.873647100761036	9.678327851945241	6.827744607669711	11.918083167767769	14.14694777770711	17.161596633135552	16.972044610880673	20.465186907397637	23.0072364069488	18.791344637217232
17.61157629553662	16.682372395851786	13.557912270206174	12.914468956112156	8.002079027933723	4.9891724719756985	10.280636884158374	10.643305015118203	7.291342187972742	7.781331741363269	8.768258558951583	10.275627914010656	11.934422470775647	4.820273874088784	9.172971278709559	2.161769803050114	8.91416168699161	9.373944336302992	12.578032240306165	11.390884693655645	9.815477637539132	5.698472857828151	10.46035231259778	15.268971122296737	12.863780282330495	10.359668983207422	9.622943740519426	0.0	6.327325838249376	5.418982346308957	7.9771661590748595	11.39880478228877	12.951511047904127	13.281029027177414	11.668800341801726	12.547253121700788	4.304654904441545	7.293628260307644	6.35876876056919	8.64034826603063	13.118276479536046	12.756183554098698	14.404628744600059	10.64166860528902	13.063818301760348	14.28482539754354	10.286417025200722	14.520013537027944	16.19167498254931	17.80068489616982	15.545606283376292
22.23971739669618	22.347183709646657	18.158739081282157	18.59670886686697	14.243381500035833	8.96474835004791	14.4655992570915	11.221550418304986	5.701285385694144	5.460023497263423	10.908592490364128	10.917982160985343	14.657607086693416	9.440027486449067	15.066253851780138	6.9251994197309426	11.432456464522568	14.834530159436255	18.17391060886835	15.553371972376423	14.019524365222956	7.033114683568541	12.107771462675508	15.845004563931747	11.222891173791414	9.484501013968814	3.8738684334170865	6.327325838249376	0.0	8.845468403209669	8.58438703518219	10.154288059944601	11.713509055662975	14.397950753911932	11.142364302607582	15.189411098645811	9.607194274262069	4.991047439512922	7.448948058284618	4.6741715395956405	9.448338984062868	8.49944000224042	12.102716978644708	8.60318579532469	12.929795688125507	15.039105741216376	15.24219246975222	16.77308987378606	19.841260830403552	21.848013135169882	17.924819379117785
20.349684227208623	18.563408840300283	16.764133573067976	13.09742609784673	8.01844709420584	6.443647257507149	7.487290985905837	8.795501287799885	5.8504542744724075	8.745883809819535	8.261735624542684	13.442987084826592	15.148991124593383	7.651224267269488	11.775986251258082	7.345341891652932	13.430281807000558	12.431155522355201	15.728869724439656	15.948776969066463	14.079634584589686	10.743569833668563	15.312550977475912	18.993072890208698	17.09935757003058	15.3857135257535	11.857549933293049	5.418982346308957	8.845468403209669	0.0	5.790496450338535	8.18647158795016	10.836814696305202	10.737954523168984	11.540896587818816	13.689316308911984	4.803865185899742	9.109587152979167	11.696822454180861	12.699203573640599	17.595472324181042	16.409576233807314	17.448576808022747	12.896856167029167	13.30073562815539	15.760195160794854	9.599046464509295	13.544447622404542	16.71908382458457	16.017331393321165	12.157225514923201
25.067056978309214	23.18589368997515	21.18215725082682	18.391803566886836	12.219596241351708	11.337548156680086	13.161682364061983	13.158663325667929	7.332251126649664	11.128539932109023	13.370864750412816	17.211260880977093	19.601251199314028	12.167235979897626	15.845132718159741	9.03057966188802	13.05356207582338	14.118797992317193	18.456252678332213	17.624004009444207	17.655416139307675	12.964878058074145	18.159396130961483	22.641433065994814	19.23827874574475	16.833628575581507	11.921664780173723	7.9771661590748595	8.58438703518219	5.790496450338535	0.0	4.588356457469768	5.275542769890054	6.143305109746717	6.157936518587553	10.87474064679124	6.705208974014491	6.000094716692452	13.162715014252374	11.909612163971317	17.283215447929788	17.08313300686377	20.00047378363226	15.699623502465812	17.5564875596484	20.336618516457317	15.301931201183349	18.951581361664974	22.35248993525474	21.73027668357389	17.125028073112908
28.292900892667852	26.677431197229488	24.51427373586472	21.230963246021958	15.770386869756727	13.6577730306233	14.568874491499619	12.984201300171113	7.311125456154544	11.621746247453089	14.411863238695819	19.00947080169633	22.057828134863243	14.975515496105785	19.583077713337502	12.810384286889487	17.27638928384026	18.58311308108328	22.745448020366325	21.909119862033553	21.177126932996682	15.868783094950464	21.115286662978562	24.661453523583916	21.047412530053812	19.423115872623413	12.391190273163676	11.39880478228877	10.154288059944601	8.18647158795016	4.588356457469768	0.0	4.541699069318528	7.709868150144248	8.614818438063372	14.97692881973964	10.871811261370718	8.653566381076818	16.355702291189946	14.060549646208388	19.175578970306237	18.159234631797087	20.898122089784973	16.455816580566292	17.743109972523825	21.3269956722371	17.50576392972214	19.535370441846528	24.10799471582042	22.841389537324236	16.833541343099427
30.290205338073733	28.373922397873898	26.34925529044109	23.581026787126923	17.28918476347433	16.397451493216128	17.905170440426453	17.08881708857901	10.841940833494485	14.774215088623361	18.00186767590203	21.67860841371502	24.53858850826033	17.29314307669457	20.99726871548253	13.740316742233123	16.46679623821244	18.521139919126316	23.134815773259398	21.90060460504754	22.606844430708374	17.329913001057225	22.62618426247203	27.063807721841794	22.913989787081906	20.527674911740625	14.354777146011019	12.951511047904127	11.713509055662975	10.836814696305202	5.275542769890054	4.541699069318528	0.0	5.185237743943474	5.1971621367824214	12.455743512388162	11.742064117695167	8.269829720416547	17.273875555178165	14.484751294015387	19.63098898223994	19.739144212461607	23.505587542524683	19.397600241214327	21.5576100395567	24.766207150720078	20.421162872076703	23.45171976946386	27.400453758130407	26.41221148055682	20.975608702870026
29.304317888683826	26.508928492159207	25.583381739751573	21.939775412634415	15.234414192056084	16.785071209181947	17.22675298894501	18.61107902929245	13.268864596319206	17.25394433500624	18.897051437940778	23.124246318329497	25.027324616733633	17.42810201251266	19.55213899715894	13.881698382628404	15.99489251908003	16.440632734819896	21.058605189216884	20.786103473499335	22.24223233819745	18.42088690781228	23.432235990670144	28.432009097817197	25.058717542805994	22.18624938399545	17.72096843067961	13.281029027177414	14.397950753911932	10.737954523168984	6.143305109746717	7.709868150144248	5.185237743943474	0.0	6.01603534104853	9.742299184304672	10.458364241978261	10.567793692158967	18.2704293604746	16.979415001642835	22.29545237884976	22.794009509459165	26.095555111627355	21.840343140394154	23.425338017346032	26.21214789482481	19.544998062254315	24.06997713029549	27.215308705158368	25.607438188165244	21.148985638923413
28.558171870476453	26.628594363507123	24.494105626940907	22.941948601688964	16.17979104196143	16.17028211105748	18.947249607094037	18.899684062393426	12.440310043488353	15.51619514826922	18.852631302232172	21.063373077737452	23.453913285723434	16.449762582485842	19.08505694620283	11.625802582162237	12.351035767369718	15.308963975196807	20.121966887465728	18.286844298547305	20.370913902162098	15.504595034458504	20.5163499928558	25.91626444531525	21.573967498406127	18.321610430520966	14.363153330371526	11.668800341801726	11.142364302607582	11.540896587818816	6.157936518587553	8.614818438063372	5.1971621367824214	6.01603534104853	0.0	8.043297163107395	10.288863222480025	6.314737616723681	14.86904338911154	12.428213213096294	17.429773361770984	18.7842983829127	23.19113778111552	19.573785652282528	22.691229159089065	25.094210830250848	20.525717661276477	24.678809673794962	27.49217141329358	27.474479271311495	23.268678092559536
25.63227547320068	22.84363946286558	21.904666816362273	20.79296155517032	13.88887337257125	17.107710333519893	19.70955737365617	22.12856529295335	16.99188756390222	19.299325586856167	20.81410625887363	22.30220475936766	23.048922027226414	16.56721907823877	16.097793157113113	11.582007077556327	9.293184010511292	10.369098726447048	15.045946617343489	13.945675232419754	18.19781357642669	16.08471834010032	19.91718382373355	26.338202567603854	23.14635163267298	19.028220170941406	18.92472531359337	12.547253121700788	15.189411098645811	13.689316308911984	10.87474064679124	14.97692881973964	12.455743512388162	9.742299184304672	8.043297163107395	0.0	9.79932118513026	10.970911190112274	15.009665152152214	15.333507903408968	19.72363568636836	22.03066518616362	25.827056190460837	22.598565850621732	25.50855274706718	26.745516259454362	20.054687663691446	26.247520969548614	27.149122954212125	27.479107385660896	25.458948657601606
18.931086515072632	16.687733647039558	15.135089877998423	12.666157534885322	6.065300396130594	7.675066867086657	10.199076967285036	12.800457295701376	9.388232597504194	11.351526431606553	11.178041999839692	14.2034683479402	15.021840679700961	7.595626178788828	9.317926215957613	4.8582629698052475	9.398153186221826	7.960504811574139	11.907551342080499	11.9675786944163	11.94679540660866	9.66920574556535	13.944126638999549	19.066284672609807	17.08109983991048	14.223180511752146	13.271866981667118	4.304654904441545	9.607194274262069	4.803865185899742	6.705208974014491	10.871811261370718	11.742064117695167	10.458364241978261	10.288863222480025	9.79932118513026	0.0	8.43608557090577	9.891874106614594	11.927761515051474	16.744919359166637	16.8852949142018	18.66875730323263	14.743058995263723	16.284990504020268	17.686836420445044	10.693988094103652	16.460306295096228	17.92211416919407	18.158488358428638	16.053371803445096
24.478713554597423	23.63444213354268	20.29366373490424	20.072592652485838	14.272363621268267	11.655239346625905	16.193419169070964	14.660590689363463	8.194395915857406	9.98416312367565	14.326549135625989	15.208473031556426	18.155468078753863	11.884767249468318	15.9536036865566	7.293285028691965	9.773598737209443	13.693635688541303	17.938574754491928	15.34185484047164	15.92250352908455	9.86266724263491	15.023768385175691	19.96401926750751	15.348669793923843	12.448108245988765	8.353023970817704	7.293628260307644	4.991047439512922	9.109587152979167	6.000094716692452	8.653566381076818	8.269829720416547	10.567793692158967	6.314737616723681	10.970911190112274	8.43608557090577	0.0	9.427436665459961	6.459727612083891	11.75819839561982	12.57441720572493	16.916235432077826	13.533409825822396	17.410562318528026	19.524397549065398	17.232898985889502	20.345919252415133	23.10780889460826	24.336238135442052	20.38905353021371
16.624644565354124	17.31744569945867	12.455004540690863	15.777078608290816	12.439045263242633	8.60306231188398	15.343465978740731	14.36968486808954	11.502889543856199	9.673627843523056	12.070657701064492	8.584288776119488	10.330571924006856	7.370412038938509	10.557540065306174	5.038297975149296	7.25247887395447	10.545024072519684	12.615545241172759	9.047214978297582	7.721371344588006	2.0880731241943145	5.745536168028183	11.75934728731717	8.2960359516919	4.446935617371683	9.258878583813013	6.35876876056919	7.448948058284618	11.696822454180861	13.162715014252374	16.355702291189946	17.273875555178165	18.2704293604746	14.86904338911154	15.009665152152214	9.891874106614594	9.427436665459961	0.0	6.0130824949980495	8.236561623605443	9.176372104691556	11.595226758338521	9.859284607430212	14.37585180060328	14.116535462713996	14.070744626588068	17.21298726303842	17.535972355978767	21.360724132216852	20.201263746522233
22.491996409117412	23.113059365020717	18.3467213401519	20.682566738185464	16.408669696443045	11.780647137615269	18.11585988346044	15.275617591187821	10.363793259887538	9.142763917958172	14.341230567023027	11.785233924424663	15.21014162562788	11.485247584062316	15.968925272957913	7.995182134488744	9.639003438601401	14.849974139790543	17.954003306738862	14.077380326518615	13.706757477463496	6.75212986179111	10.84513329335349	15.37183242680917	9.773321382410758	6.90998624843687	5.712253881507663	8.64034826603063	4.6741715395956405	12.699203573640599	11.909612163971317	14.060549646208388	14.484751294015387	16.979415001642835	12.428213213096294	15.333507903408968	11.927761515051474	6.459727612083891	6.0130824949980495	0.0	5.38342369759847	6.876253704968357	12.133554498525806	10.295765707139573	15.805537876213256	16.86389129442318	18.065401908997693	19.983915571768627	21.961478706576113	25.059361357688523	22.052566607186918
23.289418742395373	25.029048655952923	19.45272514973241	23.639550586534888	20.419153646497843	15.256795071930298	22.036274266914827	18.568349841253145	14.821926270642695	12.348125734064778	17.431741483085325	12.46276391988415	15.843878195949321	14.668398345620483	18.733345967211598	12.240908907346896	12.521271011580165	18.12608226223807	20.311073637626816	15.69441466101923	15.017604790400986	9.07615148600726	10.67498734510275	14.104876654457975	7.781459706729929	5.810918259126879	8.478956981785114	13.118276479536046	9.448338984062868	17.595472324181042	17.283215447929788	19.175578970306237	19.63098898223994	22.29545237884976	17.429773361770984	19.72363568636836	16.744919359166637	11.75819839561982	8.236561623605443	5.38342369759847	0.0	5.079695451444045	10.886413100692655	11.335512181035934	17.497049814407877	17.593136141581073	21.36703161119169	22.363747983711317	23.652543246077705	27.965731287701953	25.611506179018928
22.614340090490103	24.711121014377024	18.979534897817775	22.41992802979218	20.082485815864516	13.423399049744491	19.84715669820754	15.09047973772875	12.56790372352676	9.137820948297815	14.432439162991772	9.56857648821966	13.980203311143883	13.344513629294338	18.722954244488875	12.661402403211694	15.341382740479093	19.64999680059383	21.596600026507698	17.861711226333767	15.148271771923806	8.82732316212987	10.565743470060799	11.83013940585364	5.511450348917058	6.612040457208861	5.873647100761036	12.756183554098698	8.49944000224042	16.409576233807314	17.08313300686377	18.159234631797087	19.739144212461607	22.794009509459165	18.7842983829127	22.03066518616362	16.8852949142018	12.57441720572493	9.176372104691556	6.876253704968357	5.079695451444045	0.0	6.520714269607381	7.1018748181901135	13.285432234561961	13.780319715340802	19.483442289841697	18.830553299837426	20.962757133170708	25.176988958504417	22.347632213784845
19.656902154049472	22.654506652546313	16.781553563045925	20.33716197307405	20.10545430430294	12.678684431003873	18.303795441724503	13.226773606442762	13.959428548073562	9.534999112494788	12.279031059947538	6.225012859711446	10.571352235068536	12.739873039541068	18.17628538012101	14.782780128481221	18.800483327939624	21.205216544680216	22.02423552254375	19.387128430854354	14.397732769731354	10.277343474742578	10.041948825212618	7.3865030104194025	4.693977191928152	8.952616697187317	9.678327851945241	14.404628744600059	12.102716978644708	17.448576808022747	20.00047378363226	20.898122089784973	23.505587542524683	26.095555111627355	23.19113778111552	25.827056190460837	18.66875730323263	16.916235432077826	11.595226758338521	12.133554498525806	10.886413100692655	6.520714269607381	0.0	4.804922793044564	9.203200959743635	8.424218094862015	17.42585664181363	14.814093335094297	16.573701271029606	21.568488548243543	19.73974556572564
