0.0	7.687511762725184	10.642719923310361	12.636081339746134	5.4010051680539535	8.83346812644716	11.283457373096127	12.237672304211586	4.871132678518788	10.301912634978303	15.086110564441086	13.889758837664624	16.728049332080058	22.2691514815896	21.37187583207194	27.809294103541205	29.20315555817875	21.14453648697753	31.622055483173167	23.33947868254945	20.703190872478753	25.659406030281296	28.00990767101558	28.302100607522476	30.777986875520163	21.20446551398226	25.103385461602993	19.488202338210467	14.865416115738679	17.800135247809404	23.116576549545236	25.37293863864138	26.364178970093594	31.021057875239677	28.36983559637348	34.586404935870654	36.21977544984461	36.90855192722693	33.47587611787797	38.15876146263277	35.21705911589624	30.806186501211442	34.53450829877283	35.71220642236058	32.229867799869325	28.450925787671896	33.731262093943975	32.41818243605083	27.654129994567334	25.874176768982295	32.244018755490266	30.157771850778875	36.92245482238277	29.77737016107714	34.97931052248229	29.967096564751735	28.742427534637372	22.959379881681194	26.362700661590516	15.632058692138697	22.1573421331113	26.46117497198798	19.197920367291566	16.367809650765068	25.86173647188733	22.6850028644687	13.404676431328303	17.399785939643316	23.799221538621197	20.052130532735383	15.276807987679556	21.242724957002594	22.370658697108816	18.241916310031755	18.660799470950785	24.487705838275158	23.930639943493997	18.673324844347956	22.56565895640672	27.849153754457806	27.253903724779203	31.230038573983798	32.17897574545441	24.002357087213515	26.97160995215926	27.96109809594288	22.903044343702764	18.274499805484506	24.613026117515574	23.580014494454343	18.75063003695645	15.613451469342852	13.524674695218861	10.537531655495973	16.523643407957255	19.11444224213053	10.018431229745682	12.72579931862854	18.37248211309942	14.434900056623807	11.861955918035449	19.333570559119874	19.135694890523297	15.88075352365499	17.800692916223635	19.562790558209965	22.898088045165395	26.23414745103336	29.248215979097246	25.43685645345697	21.948620089484866	27.0426416023425	27.922187656009417	23.540509804051467	30.631987007928473	30.330209254489926	23.50896985767441	24.20221330520679	30.611886299054895	27.82620508841625	20.55067769784629	26.857215447573683	29.404227225982982	21.477060813704476	30.132463839106272	19.70795526655619	22.49620468951485	26.339144212977143	21.92343087627558	19.675094266097407	24.80779294621525	26.371483195704936	20.3223565246154	22.131924054406536	29.47202481555119	24.243226303454318	27.346872717478867	18.532114919302163	20.9658554533646	26.04349858823948	26.38032565911205	19.79561730705241	20.917951282063008	16.740864983602044	14.24906222871274	17.581368669011816	19.17489869471271	10.928524848023594	13.368058077791737	18.278657335059226	12.397839657625683	9.915686597443246	16.10554296876769	16.995338131111293	14.46343130771424	13.112230063165594	12.05645498293808	5.760281316713702	10.221911956261662	9.468743099006671	6.850864765896476	5.617420325984602	8.744449665285366	8.232182491183249
7.687511762725184	0.0	7.926562389665013	6.161620629295269	3.979428352102486	10.424288204205636	9.680045874280145	12.868715345516842	9.857562655559894	12.780536210934118	14.96919271829429	14.929477513498675	15.775708412076987	23.37273917904024	19.936811350232915	27.751910015297753	27.332407421266886	21.149214437053285	32.00267372490684	23.48562792214394	22.554758463486035	26.694734906084904	28.592875275744326	27.845438817814436	29.97841413796164	20.22266357814583	22.942460474179672	17.450723751227937	12.16791010875143	16.474050801846868	19.53733591836027	23.446575954175056	23.83072611425369	29.085283355236182	26.933177095512047	32.79018430713774	35.39481518097138	35.298381371600186	32.320425616820216	36.195100976044856	32.94841745288398	28.92521569330231	32.88501647456909	32.51456139985425	28.779058355828564	25.30216752882383	30.1138093902473	28.18115729228391	23.37646075210725	21.615030628756614	27.23788743397443	26.465027372948256	33.12839635207281	26.139009362975596	32.75667595925294	27.910984613237137	26.714947202908846	19.950611856756677	23.019108107867645	14.064139954993932	17.76613759213799	22.3607434944832	16.16737858498548	12.294603161430956	19.55945262233336	18.35360043077506	9.560598796222482	10.964557348048238	18.007531353100553	15.866035626864369	9.84064370698469	14.601113586107846	17.170845153012245	14.047776228284238	13.087501800322062	18.283749307329938	19.260601204023818	15.214443325867553	17.494524572734075	21.754857219628306	23.897992230656243	27.727249348918996	30.070891128239683	21.39179161420264	22.491753990509633	25.075936708295316	21.208462129896027	14.382385665759818	20.87603072700362	21.944947825593186	17.674779007878115	15.634843018740284	11.179215335941844	11.433527167801975	18.366904839306248	15.750037406713187	7.447341879497506	13.493637182704148	16.554326635779333	10.219947311543914	12.136290622299152	19.850267589091466	16.53339178575838	13.189447130987137	18.45896255470139	19.94192467834957	20.57790414276656	22.52628894036262	27.166809441038065	24.236718196948146	20.655054685994116	25.01967380893467	27.12759292862119	24.105522977325034	30.160523045908107	31.113762611722777	24.508372551825776	23.481951444298396	31.441523895739035	29.463888439586068	21.20119796223898	25.40707127684996	29.82032502794458	21.03530678823919	31.58229498424386	21.277266897872792	26.427698037593	29.056888651694276	23.783922101415616	23.21039382627981	28.35332202127161	28.24528615199327	22.178604939386343	25.789350390859656	32.65105921553278	26.231344830009164	28.748317816078046	20.31147470552484	25.096870777326696	29.476795032437245	28.82477887085064	22.32789840778868	25.278720209068904	22.00306921753946	15.236433772037545	20.675032448754365	24.488264916149173	15.72747439155015	15.73861194194652	21.676850106345455	17.826886978104195	12.44823052859728	17.099389979169388	22.077037502966213	19.23477610391767	15.663529859599041	16.25882575124417	7.955209494025477	16.394526732889798	15.458928941240286	11.208767926960189	10.477855541717533	16.288031775984738	14.65596607613736
10.642719923310361	7.926562389665013	0.0	7.366785193417146	10.206683535401103	5.468266591232298	4.2634962355708135	14.09159057566314	10.802361238541424	8.503371309945036	10.04427048709923	13.561046719239059	16.452341910858635	21.203440724945192	20.61519934466174	27.713335478451317	24.70288948206945	18.11685145408345	27.618913309360472	18.188784824706147	17.577823321936034	20.33395217609533	23.356881710165673	21.82127096583041	25.934748157016962	16.220864703694833	21.271274650975293	16.002613123857994	12.159886015124478	12.481919403212654	15.97727858643835	18.047063912748317	20.27794947878029	24.40852064446054	20.109863279080315	27.580999782049574	29.970468435051526	30.878636541955007	29.162094467199534	33.019848668985645	28.57880360156594	25.192584946269925	30.80067164975992	29.22561460331813	24.606076300786736	23.351391963907478	28.32264729118995	24.305759256253477	20.757079218110952	20.661977011181587	26.264636445960793	26.791198596973665	32.04929990954931	25.436993509846655	31.641323129171724	26.326467298162438	26.428059361680024	19.28524482565239	24.556329371474398	17.509127041468634	20.861348760052984	22.943322662094566	16.336566612685314	15.294579087642669	20.375931312369673	16.751666209210185	8.416540298487698	12.243142618693586	16.50679999403657	11.898586036565817	6.648061959197427	12.421636854570977	12.4766615464562	7.779741097018505	8.798039810980425	14.809678278074085	13.325957336890518	8.431206607017769	13.00024573694527	17.879300929736722	16.965765386429066	21.284238421073134	22.62706963700214	14.134031130400889	18.22598039336357	19.095639034023545	14.785274535203499	9.58451248755788	16.55483472633978	17.205953520285032	12.472732824876205	13.07763301853054	10.653549451261698	9.776329591283647	14.86276807880389	12.82832246751457	4.772552744719092	7.38756576505871	9.369597445554897	4.835354322789516	5.286002587720871	12.182854138634434	8.920592877178452	7.701929524669238	11.666487282202779	12.356425379906803	13.171752009806637	15.675646376409425	19.541952009765815	16.38763233820993	12.77117636489513	17.37748566075356	19.241418914507516	16.34435045901957	22.683487869921404	23.74122619166827	17.338905912732933	16.08349507430592	24.74774817192808	22.762878526678	14.835029019207887	19.571939006965664	23.96913962100609	17.242300263210705	26.116823044790035	17.00666184926484	22.1603442345185	23.832813511714093	17.642241478443996	17.81552263428991	22.453661406929662	21.20367559237175	15.261468740250788	19.590940200469877	26.0502813750651	18.933541227112745	21.866422349698922	13.22507346110525	19.290956550033464	23.043691150474153	22.443788311148836	16.63810180308907	20.14554536308967	18.376871441005555	9.238056101576854	14.460155401814166	20.010732064518717	12.682844663194935	9.496000650884753	15.548844997032583	14.849679402780605	8.631385274738973	10.647708396950856	18.617237011960306	16.60641133238804	13.157571333947503	15.491474628764953	8.258426076419784	16.36181829290249	13.135302545536383	8.519106177098624	13.985413201829383	16.64227359649208	14.251680377279241
12.636081339746134	6.161620629295269	7.366785193417146	0.0	8.787177784047142	12.148301707644254	7.90814641786299	12.457643820086835	12.778127864128464	13.14280714480045	12.587973637097088	13.684192300413446	13.545176924203588	21.15159077069758	17.025570613615493	25.15324582514989	22.781018465955466	18.11942793387771	28.557828822577164	20.294459412265706	20.748093123179046	24.142130613270428	25.420914774925325	24.05691324239343	25.827562321357394	16.44378017372231	18.567138966611463	13.51985006200516	8.767204827588778	12.825331071228735	14.091142450930679	18.84476149787699	18.838035156764168	24.224158906847165	22.796299289735742	27.92799701195184	31.05097799811213	30.492575194334776	27.994755703218022	31.315285484375096	27.82226628060172	24.1548355211542	28.471930448418092	27.01561128065599	23.149500551665263	20.181353506303353	24.723305268401237	22.260392544076705	17.573767436688666	16.215707993405037	21.495068389390593	21.790932565024526	27.837699087239546	21.100872288983314	28.285188036757813	23.48276352361996	22.7612924715822	15.432322708204644	19.169622653011043	13.068732255179741	14.39950233976346	17.62589471116032	12.133761160884436	9.372693368578497	14.091737504032869	12.784078883337207	5.323369260394002	5.424181551888165	11.891282889297846	10.299077357937895	4.540570339346989	9.298139704539114	11.682312101167842	9.866819003720858	9.543147275774155	12.985480073325478	15.142058544221115	12.916125932449601	14.970928636192559	17.297527613002853	20.748443273069647	24.9996204462122	27.4717574835312	18.999084906910536	20.8925894798433	23.671847666234463	20.61668186585727	13.509431196307276	20.135277017013674	22.585153856545492	18.55398599379875	18.54083552939215	14.153176339979849	15.107825299978511	21.3064264048864	16.51475374796755	9.543930166536262	14.68557824777434	15.521331780400274	8.870680589338432	11.646595923651944	18.904473325088226	13.612880894674241	9.195816848502561	16.577184691307046	18.212097961564208	16.816646839662475	18.620815619168475	23.543376970700674	21.325306543899647	18.470545223188658	22.32952558101472	24.924546388732875	22.791683900724358	28.892747282574412	30.53629904934299	24.41517579525267	22.447003968789573	31.641794243978246	29.94354051447394	21.894600687160256	25.27463544096294	30.590442822931053	22.937560973400107	33.01855786991787	23.677899371442063	29.23653089391888	31.036024691881146	24.92541514708417	25.11112161390698	29.792769119201857	28.371571094426223	22.518883196328023	26.621346858082497	33.270218861099686	25.47628855127105	26.576279394006587	19.645611123925114	25.857063765029668	29.206044243469155	27.378907372277425	21.254758417386448	25.638351042468237	23.20063524631722	13.968776488794346	20.803075587312566	25.944173495777697	17.184796650571933	16.456459068502703	22.57516370699644	21.163558492667587	15.250938580733841	17.955923655749217	25.331298127695252	22.98140384055001	19.263072898369114	20.859813627812585	12.50508529791649	21.254842015637802	18.779088424295473	13.727550348236303	16.35514274447604	20.36660416472256	17.532476966676274
5.4010051680539535	3.979428352102486	10.206683535401103	8.787177784047142	0.0	11.220721114175067	10.756058085849226	10.62808342954579	7.286520905053342	12.244935354689243	15.051245290837665	13.379373596518235	14.273081087346824	21.862886735975234	18.59822274285628	25.96903435674664	27.13763578184537	20.35499991344237	31.43920226458203	23.436689810907144	21.882348211198792	26.799533504963623	28.318146056030255	28.292427488585314	29.768029346815954	20.17194286556826	22.622517918080685	17.084148828902144	11.847042725687247	16.642511140754994	20.646994030630438	24.30335231913291	24.307011722141088	29.63165625565616	28.18765966164206	33.464436931501396	35.70628870736554	35.56429775391992	31.94066026820392	36.17945989983358	33.52617354123333	29.099367239944996	32.3762616970682	33.19545128297656	29.947372971624926	25.56178168414506	30.549627644201006	29.72738531717879	24.541072222951982	22.258888793807035	28.3100196730736	26.35144261862845	33.43139631423368	26.286277463756882	32.2290630248065	27.469503334433867	25.882745535480097	19.80101777475626	22.41248445352336	12.064841282762666	17.465933998214204	22.45504883950421	15.8469518741672	11.880203718533934	21.202940803459647	19.30099357081597	10.443693943327515	12.92124178993284	19.980811082536704	17.569360632696704	12.529185100648325	17.914072100502953	19.954499647394538	16.80032985569877	16.6659083709428	21.57694022664248	22.50367733192278	18.29077103379787	21.230912906231566	25.389025482482456	26.968453249670777	31.042804707549053	32.81408485539665	24.262035079862432	26.23610455511169	28.357893441810763	24.04339120030715	17.865856090936703	24.44749508437102	24.881092925381903	20.317026779812178	17.772319722552904	14.008516834885173	13.015295724656145	19.81273253469988	19.15376259219836	10.208888962067372	15.054380673516292	19.191966206307434	13.537748141905157	13.106345980180489	21.286083176014234	18.99396305493403	14.596019878353284	19.003325614795695	21.055832754467414	22.640213891577883	25.46754787794841	29.392177157714617	26.140719587522796	22.818344520989825	27.57870372596071	29.197867146247656	25.549499694798076	32.434969993567535	32.88763229391486	26.14350935952434	25.80463239821185	33.381219056749565	30.984136054010406	23.1166027035109	28.276713152060196	32.02202387977264	23.505197002388645	33.368409146378596	22.90993252031364	26.942505886602817	30.211930265040817	25.199199563270533	23.771978041656055	28.903104326565416	29.50165703519881	23.334320391926678	25.969506902462832	33.274964649087416	26.957996695210554	29.031478578869983	20.932453448457196	24.78788100744926	29.31067092043173	28.615304928554036	21.857575615804258	24.3357834406708	20.390428487985762	15.440942634087028	20.65632520230718	23.380735137737968	14.236660804677804	16.26946833873102	21.929014299682457	17.2996474595541	13.28276809161561	18.697108079836337	21.86523165158008	19.199667861886564	16.68941777309203	16.372777770283257	8.550949719929852	15.353424369216945	14.398542757859618	10.474541646849673	9.173816891314166	13.752095144709191	12.12711532103176
8.83346812644716	10.424288204205636	5.468266591232298	12.148301707644254	11.220721114175067	0.0	6.7966631641653805	14.894099014678998	8.949279545848437	6.234412110198299	10.824110087602836	13.90213753229025	18.28726259950643	21.461451309853672	22.79808412606001	29.011106868669767	27.096576519065305	19.099879616588844	28.095885768889126	18.655504562587794	16.533383822170762	19.64913882904539	23.46964407848181	22.623256090603537	27.389975168180122	17.881488692641824	23.925438734462162	18.58648957987117	15.095471256635493	14.472105906022312	19.63715923865307	20.25077747651742	23.114915084843336	26.637420476001346	21.51998918641595	29.586342915682742	31.179243794596076	32.85579250421409	30.981619051777933	35.39405880176386	31.052502649923877	27.493247217634142	33.06024277672309	32.448930223108334	27.96778474440296	26.654471017925477	31.90688069683403	28.21188241977852	24.807920611151104	24.68063431732749	30.706520326784247	30.42056885257191	35.74817358359989	29.05303598518177	34.33789122396066	28.900269162551634	29.01739068582774	22.50435660053167	27.91061542583922	19.57849309382048	24.611760630581255	26.792714568686506	19.517569582801237	18.7340028500664	25.408238503815575	20.870501884577855	12.239029643594497	17.18135513116083	21.48977478144651	16.12486113178957	11.949225870373597	17.830702246506902	17.24830157940378	12.152193046237045	13.645220800206005	19.933196055282796	17.26229855658139	11.413223742452583	16.736428259214044	22.553309303070343	19.29636590593099	23.387523059994397	23.562053721602563	15.768959197678761	20.928085687935482	20.414707483526644	15.016009855788717	12.273805678043212	18.53813574086879	17.111259685926928	11.90472732998306	11.505736775929957	11.232431459230737	7.6240543021371545	11.654397149612453	14.391563577972475	6.323985476951061	4.455721883013434	10.179897837305804	8.957737310282878	4.385701482328378	10.6234724173173	11.345251686869398	11.016437680080982	10.967777167569182	11.456407176255931	15.281408674628562	18.642647692877063	20.99776872331214	17.025296145567758	13.30735795256337	18.465357319591007	19.12796031754466	14.895447941435625	21.919757881927456	21.83050356929811	15.052068654507107	15.528507365773411	22.619858265637472	19.94867856634519	12.610454897966036	19.384837853936553	22.07944089854769	16.01464655547879	23.38587869058408	14.008353481611765	17.595564255622	20.096163324112748	14.402575635017152	13.29208423067076	18.18848339376781	18.28442383010733	12.113656416088128	15.387612639485774	22.29090553374882	16.334056959544007	20.588946005609134	10.716308543546043	15.027121699063219	19.66561622742852	20.331663162336515	14.5359764751059	16.381294415325918	14.34887360904525	8.34634685769057	10.884867164361115	15.341325848050014	8.989774599742846	5.466800575113495	11.27922470007179	9.4281184500081	4.121387370231265	7.856551930638389	13.383815064016844	11.634031303634323	9.535882225539767	11.42944746761431	6.1126824673001225	11.761882549098168	7.848865096063908	4.167057875678256	11.690825184376571	12.35255237178304	10.71156800979281
11.283457373096127	9.680045874280145	4.2634962355708135	7.90814641786299	10.756058085849226	6.7966631641653805	0.0	10.987879081374594	9.532653901536097	5.963575705455799	5.935819622201464	9.64386822245536	12.978228633792083	16.96944461815294	17.085686200544647	23.75610603531645	20.855268407990827	13.870067576937574	23.57047794034658	14.344320500200528	13.801718102409433	17.14017067179909	19.52415536468039	18.44255510337852	21.966504477562903	12.158331985908118	17.51537770988317	12.245148203767393	9.057041078895434	8.41825889542208	13.015650083446786	14.750136249616496	16.73655371781447	20.91754635085713	17.617662758677056	24.257287806527344	26.44846279880732	27.250020037970575	25.178096610077674	29.287747291161402	25.1674544422593	21.463460727366844	26.9040960743502	26.01207798839081	21.74185223184624	19.97738571966244	25.175580811243034	21.916643281266026	18.101947175304314	17.9059888499834	23.961354746261787	23.818948576245628	28.987728387900436	22.3306269173611	27.947036958127963	22.54861961156639	22.773863699445467	15.941199819855612	21.703415440243315	15.11990224550477	18.946229496048684	20.23326768354748	13.197672352853738	13.408721719475368	19.31117837595919	14.090347179225448	5.995704890670018	11.742333123824778	15.162840773150771	9.649932995091504	6.781719168304559	13.421969702926788	12.204309155172089	8.169864467980632	11.154284268628158	15.583134602264838	14.502409208479442	10.739497626827188	15.910663236798039	19.47013704861065	18.27644058095654	23.178748606451457	23.635348259942525	15.677210978402897	21.49180924503481	21.822038072762652	17.490145825307692	13.231709618478938	20.107183358271193	20.72936786102243	15.893123252745022	16.847908642540716	14.822724901047552	13.224410279890165	17.89593390798284	16.939468967843673	8.846047183501325	9.640619485619451	11.71089580052787	8.47961522586018	4.314883862134175	12.203825517708077	9.421533628836517	4.735560947611141	8.996319078749703	11.012567696120788	12.15701629915098	16.308104465090633	18.98547567748993	15.715833414155592	13.154021341955861	18.070985145498803	19.41260243698035	16.11036831894491	23.86741445364459	24.649407897054143	18.4392956567698	17.607679782450372	26.480610585421516	24.10088568950371	17.025958215526344	22.497913267739925	26.49093748304838	20.88789574551893	28.513824735579817	19.929757970947435	23.899254463306928	25.783952492146444	19.37189126632451	18.909755432842275	23.155572178946887	21.872097883372422	15.946970838305207	19.23382822786866	26.202608483903248	18.017436653869158	19.243681349364774	12.012558686831609	18.17403332212689	21.32461481646082	19.71376541416152	13.567815924338845	17.880378714544534	16.06157731840184	6.13371356322698	13.010095530285485	18.51714702817704	10.556400964551042	9.37123764318804	15.292294967462773	15.701237309270129	10.844495324336568	12.565859322164764	19.793341342581677	18.375942783681108	16.06368498510687	17.97498687322338	10.820976991945896	17.860774206963136	13.338323800023645	8.253982417919834	15.843863502166563	16.179906716826274	12.730581175180253
12.237672304211586	12.868715345516842	14.09159057566314	12.457643820086835	10.62808342954579	14.894099014678998	10.987879081374594	0.0	8.427968294993367	10.81708779451868	10.466546941456047	4.612249096900397	4.852229921587282	11.761129131641955	9.400921793974044	15.65293131150137	18.366183892140448	11.282090245248233	22.386429338636223	16.393605026691983	15.068563873614792	20.987243433826283	20.44948050604546	21.76162405861559	20.9632662092414	12.645218658907584	14.066123032321922	9.104021752418701	6.305747075248473	10.470269610091616	15.559964746525933	18.416617560967023	17.12044602778615	22.280404088103847	23.655662808056633	26.27538514784431	27.92938279349309	27.31394754463471	22.63529007416676	27.362295410672623	25.940275306296932	20.902068849302964	22.985249333237675	25.904544513656468	23.918428929386025	18.067539406971726	23.304716597462974	24.739047377196357	19.247049155499127	16.52565071769409	23.297572888537264	19.369596359215727	26.177052746570897	19.145869981809103	23.196677735081114	18.47608053242911	16.839890413647204	12.36692639372435	15.635650423975745	6.358337143833898	13.836824616625563	16.413968460663096	9.06355265416372	8.98973970298612	19.71128386990069	14.452314720536487	8.838418654604117	13.82461402388265	18.041521729227	14.810871536939263	14.265974297614735	20.32719774409013	19.96211246221189	17.964392493619034	20.534445311621326	23.187222896775996	24.34192988474308	21.567970922832533	25.952697814007912	28.147174838901506	28.836655247843513	33.91430922718914	34.12878637326154	26.527640328874224	31.824769942368494	32.771628545849815	28.36154112843	23.514769522645377	30.525539584038697	31.109081907152827	26.113708380573634	25.39727444789918	22.6940190628848	20.656203545788905	26.22018113007999	26.52743061269443	17.215665292266177	19.114924015695003	22.6359390326065	18.489992542449382	13.93596297995734	21.808406135245313	20.04710319091627	12.62351080718069	16.013186623325065	19.684388331672043	21.360250374513182	26.320843401109002	28.189071342709802	25.05891896103943	23.53403881290407	28.487307679040306	29.296619798218043	25.347009242041562	34.2339125789581	34.36944134373591	28.161033511602888	28.225180831189462	36.46194516391407	33.4921827842436	27.020048212478653	33.2685076441991	36.6578412023739	30.476512769709853	38.055497869181956	28.83260560976375	31.148477246881612	34.33857225258718	28.60441070789248	26.54258925307374	30.712504012181665	30.832287858586284	24.94056158806993	25.932829403216672	33.75943231757539	25.644621324120884	24.226231264286945	19.79860779819886	23.46777701176774	26.367255157175094	23.578633935449897	16.954573435091852	20.656115432894147	16.841543454179536	12.813907955849226	19.17142807215842	21.476991836800117	12.161110106179601	17.42492379654458	22.353767858533857	20.750706054198577	18.451379498993575	22.236122537162498	25.52156341795009	24.243994767022794	23.41415730672187	23.415199783613737	16.29284133706337	21.17091506072559	17.11079734895579	12.874880446213357	17.730235875338	15.644785730376785	11.403193205125266
4.871132678518788	9.857562655559894	10.802361238541424	12.778127864128464	7.286520905053342	8.949279545848437	9.532653901536097	8.427968294993367	0.0	7.154453603559072	11.579042300629023	9.41395121204123	13.094574706288917	17.54601931054677	17.766856492239846	23.557157884320794	25.238101016739762	16.74310774750656	27.09880307044673	19.290833547017925	16.420310507790948	21.908579648690495	23.722559728251095	24.535605478988955	26.510914178578638	17.270417765484495	21.36548624807829	15.918549412960047	12.06401932285713	14.231627849048158	20.316721393690646	22.00734707279414	22.838034367690085	27.28599553466471	25.381395502185	30.860006872310247	32.18363724829381	32.88699486554159	29.200078693329896	34.11529526572914	31.48243803826811	26.889709059426	30.41248578618908	32.266143077136384	29.13227741927186	25.077619732829582	30.489057815623084	29.763075790120126	24.98012221136185	23.217483003902707	29.88894997704214	27.241585409167893	33.76345273450586	26.692384378552962	31.13932220643241	26.08620341772611	25.022739224726447	19.749412789842506	23.632582178403467	13.26455349809092	20.514962129188998	23.874831873766578	16.257472135893682	14.739938765690313	24.800510672328333	20.19969645033809	11.522824819295664	16.873731306563727	22.352534759689412	17.968730046020525	14.754155777142916	21.34638826669215	21.401259254457937	17.530543584559528	19.274445114565466	24.30664906163837	23.722271554179606	18.97628816439047	23.73139944483337	28.221939541603614	27.07104391304284	31.599271458881795	31.764290773470034	23.928274170107997	28.679000423406077	29.06828752296394	23.895555709913136	19.84687137551617	26.562534793432736	25.676396339013998	20.556280535423276	18.639651219576198	16.964962814553626	13.66296074416	18.913398225367953	21.736492185597644	12.189535364506918	13.360176450760237	18.76503478875152	15.442602089753288	10.379937734027575	18.16771809352868	18.325770732121622	13.689928950977526	14.884492173316643	17.469140629149674	21.145929756089757	25.577608496732246	27.637674630628243	23.750621027650663	21.017888224194454	26.3497213988177	26.81556640712161	22.145115504090555	30.405776854634134	29.93182656317006	23.276050224230367	24.193753029084313	31.071064211742804	27.952666588290256	21.327048110509853	28.286604015109578	30.708282046717525	24.071058605757777	31.509459327166393	21.773511236233936	23.666558058528047	27.419608679447524	22.47542536496809	19.87222741745524	24.54877657257329	25.83337308556875	19.785372773047488	20.765928232719656	28.560624358274577	22.284890658915035	23.969017439849946	16.439773665628437	18.870687138823452	23.33843935125886	22.82297895307448	16.043234839453763	17.66402735279676	13.284808283834025	11.213744873063776	15.216584417149923	16.7158904143806	7.404268290801136	12.211747955535845	17.008751991034917	12.97640722675884	11.378682344346277	16.55656019992574	17.824151452447087	16.191160344172843	15.790767753543328	15.198355438039155	9.166496979250763	12.74411867778112	9.33993368554283	5.788867526292032	10.25740752196312	8.21064548845822	5.0652790885381505
10.301912634978303	12.780536210934118	8.503371309945036	13.14280714480045	12.244935354689243	6.234412110198299	5.963575705455799	10.81708779451868	7.154453603559072	0.0	6.223130793424732	8.528793395609302	13.974215724596435	15.454675645929736	18.32017996962242	23.543763017013614	22.306597942991452	13.529852487878877	22.577816503404772	13.68370354073411	10.94026327797123	15.373888458439382	18.29026862771899	18.429590963980605	22.25691220477463	13.052307054774909	19.38920485687805	14.322115541527776	12.00619798914342	10.15593804597007	16.751891857455895	16.6235199685743	19.07894733005088	22.45117944477534	18.83656455533897	25.546982704822458	26.674601270511175	28.264047970533305	25.790297314514955	30.613313098516958	26.900225210474662	22.905733499107985	27.990823849364073	28.612930657255145	24.789847445936932	22.706980803760707	28.14917480085039	25.70832306406429	22.04005684618056	21.69462112984511	28.16246656617459	26.819546410931018	31.999917985315978	25.369838605433184	29.565619598719465	24.134466203739716	24.342713146129487	18.678824006726526	24.417108696695976	16.601432473206806	22.417304055339915	23.667080008922067	16.06692734031848	16.762047182242316	24.47373639843278	18.247931751209855	10.623200554213229	17.06122859510574	20.451546756733684	14.458264164656919	12.740140969222221	19.36755745758129	17.617953295919193	13.343814578637803	16.58416089993174	21.319325744343356	19.27540253177871	14.742187792794896	20.64498104347809	24.925522176053143	21.673306622556886	26.5062489245879	25.65327686101383	18.530954037606747	25.558760297268627	24.67246747342329	19.45728661415424	17.10976763353941	23.623269743729196	22.6179519413408	17.450746535019128	17.699264041420676	17.183654008413317	13.690897327973362	17.260463666856584	20.121430771488345	11.639145868765135	9.688302550447823	14.088230440471703	13.007451736273614	4.80480358564834	11.723629670293898	12.867468283884621	9.282914361447748	7.806202317476072	10.443092066955789	14.90787008653897	20.146450178332312	21.01750266935684	16.95355746174992	14.76171291873255	20.185244516474587	20.172579737996735	15.426732496053154	24.371073278177928	23.92955158084185	17.620208768828963	18.543835995336664	25.922361991268914	22.755252656089002	16.86250801900189	24.146747705806472	26.488315716097805	21.906511371428113	27.66246815636995	19.323879298996765	21.109698754808182	23.849918490097476	18.0117742344366	15.988968334276201	20.028558357061016	20.103094873538183	14.195637164878493	15.461505510407083	23.157792599298954	15.612015174437024	17.13657542008624	9.611322007796417	13.6198224196658	17.32193904295124	16.439272661467797	9.800489127208035	12.70921251496796	10.193255629036932	4.258763129481197	8.971713644243065	12.9666291400123	4.659780522564506	6.687485636890443	11.672707300290147	11.847349824026619	9.735590443492516	12.132802790511857	16.133891721634345	15.47264124881043	15.144407934218426	16.217678243330244	10.942701625367269	14.896827270030151	9.02573118073437	4.848101056554613	14.950015003007493	11.723366007748709	7.978704298203307
15.086110564441086	14.96919271829429	10.04427048709923	12.587973637097088	15.051245290837665	10.824110087602836	5.935819622201464	10.466546941456047	11.579042300629023	6.223130793424732	0.0	6.85903080609562	11.340565949030182	11.918742393566687	14.795409788126376	19.9067721431863	16.52554807901027	8.643829527142914	17.758429344288693	8.631723307013532	8.213944078223872	12.073064872976294	13.73095065858609	13.343744991863403	16.6295875572063	7.103079387158111	13.998739946179292	9.51690392361691	9.088145342875219	4.18645076368591	10.927007006619846	10.599108743895592	12.925038360876485	16.36292349357231	14.00694245476047	19.643446892520664	21.243190843843156	22.349288426462227	20.164715800836916	24.69011768321246	20.77581057279377	16.858535953051113	22.4637373451225	22.423683267800754	18.61283557674992	16.93228857197621	22.288670690232085	19.71240077661376	16.257825938320536	16.482778611078658	22.748243774164514	21.936767121715675	26.31366086043698	20.023065016172026	24.198881576015136	18.691207629007792	19.567747001427843	13.792591134266813	20.446374576604114	15.51767099009935	19.61094620008299	19.0942373701259	12.109117138717549	14.775802743500343	20.59458350251567	13.137592660935212	8.309354567776028	14.73923785210339	16.008991950337432	9.563986103274603	10.847009634052512	16.89880723256333	13.89599137094792	11.05143539609155	15.55339972437915	18.24873878442563	16.946537495123916	14.442527747500508	20.135189025391067	22.46076416684242	20.047875343817363	25.383348384148885	24.424589806095245	17.786348083432074	25.692618027695858	25.004460357448718	20.719682801842573	18.076728564344304	24.550190066713338	24.893733534894103	20.101823310911694	21.74086730905339	20.50394697663509	18.232615651040533	21.860253396153524	22.191097020320836	14.577451130445018	13.355379980190067	15.041508755151165	13.767493645104222	7.105025573649699	12.623798326551931	11.414453469531797	5.337959771790522	5.960847602108216	9.71427963496965	11.583039341098978	17.58316168502652	18.05334430039632	14.762436028307418	13.968360781314436	18.814584987810136	19.188932579659397	15.572302717591082	24.698363458521698	25.043502499036038	19.513624303564722	19.297790676060533	27.94545652666671	25.16915070602121	19.650530113845463	25.77020068091761	29.06152919866643	25.28197262543809	30.914617369546928	23.516241595774712	25.964603248086036	27.800234073081263	21.31684393116993	20.307984745730028	23.640265286735044	22.151502141855783	16.797249849698275	18.54214466764063	25.647021184107235	16.355981180947648	14.905830408771424	10.797202090506087	16.612821173401315	18.416122990358264	15.280369560932353	9.177053498985941	14.777813257011848	13.644957561777646	3.9297943642065634	11.497889563374178	16.794564386995287	9.796786168903523	10.678142575314785	15.198283061932022	17.757756186903066	14.770987708541512	15.383050906109728	21.677167244906812	21.214295341039385	20.228204587138517	21.937021970932058	15.75055503916194	21.03103994814582	15.20186460739555	10.854622203499066	20.178144828353204	17.5458934461502	13.20306016898466
13.889758837664624	14.929477513498675	13.561046719239059	13.684192300413446	13.379373596518235	13.90213753229025	9.64386822245536	4.612249096900397	9.41395121204123	8.528793395609302	6.85903080609562	0.0	6.166349381272054	8.606240527386477	10.17047188613257	15.184167101270212	16.06720811269984	7.559950501129222	18.461277557556233	11.971831950174135	10.481429135094867	16.416549917611146	16.042153928733267	17.465331489593254	17.47465797276002	8.954283298867187	12.552891788265947	7.777286370650706	7.0394204215133795	7.1521786854417355	13.558897544396562	14.83996260154789	14.501581509492663	18.904366214245627	19.696802948578412	22.672102860255848	23.961165778210848	24.005468531993458	19.847808126448165	24.859701538302687	22.853822046412905	17.948820624731503	21.09268350682034	23.695912933713522	21.38549698862677	16.682232157857904	22.13927712502402	22.667784901309158	17.879563159005595	16.20846610601211	23.02640602317991	19.775875424307607	25.51121428822988	18.780374370344706	22.168182550072153	17.026955433647494	16.480935078090102	12.021126498819326	17.066044985234658	10.364139812271421	16.501057973801593	17.158538150069617	9.664970428011946	11.867013727495454	20.794148067357035	13.839755386103862	9.044000380701151	15.211699197592225	17.885642714960806	13.23452766750339	14.047396054422707	20.319150883529243	18.63381206710102	16.44366857768402	20.031044094708157	22.528056910197773	22.724735022576493	20.098547884079746	25.216213418582097	27.346836218416964	26.56439150830339	31.836858667685625	31.242756574791684	24.264522467276667	31.01928839304414	31.090565374972353	26.595497439604213	22.86628312649654	29.746157489691285	30.040406960896878	25.00700921360373	25.189817659254953	23.268723736367175	20.776317113629922	25.446422690292252	26.38034216119846	17.414112094268933	17.70470131135729	20.84092355948771	18.01254266938898	11.875324893004665	18.786821676306182	17.772460207011783	10.487382325444743	12.18947455790145	16.157211459577614	18.295751030394825	23.996186638859992	24.814768149256043	21.594849799973325	20.664258836438073	25.615271908774343	25.95522831616949	21.918046944962608	31.254139798043443	31.22294445541084	25.3758224543371	25.653933221510606	33.83456599348049	30.747762560189575	25.01135470373059	31.581713980303252	34.64172907900069	29.720215447026575	36.06665694499894	27.68455142615745	29.488982718038336	32.32721485775448	26.374256713293626	24.352031888412736	28.017350409372202	27.751082987377377	22.166895251231956	22.779523164467022	30.477910325264723	21.884159306213096	19.71966910653038	16.326259093958658	20.135826024863487	22.37670508601763	19.113255207096167	12.65133496554723	16.97708356181685	13.929549333216919	9.441539795323676	15.767573994429284	18.54087633292315	10.010225473837304	15.051066712723644	19.46099890595868	19.626570532885868	17.69503665864872	20.348029460546734	24.13376271471578	23.43594623374233	23.026805925427272	23.534647621288787	16.965694328914108	21.439630481617435	16.202387559008017	12.072411902178104	19.48478160560641	15.894594931282853	11.129287303472424
16.728049332080058	15.775708412076987	16.452341910858635	13.545176924203588	14.273081087346824	18.28726259950643	12.978228633792083	4.852229921587282	13.094574706288917	13.974215724596435	11.340565949030182	6.166349381272054	0.0	9.99909351293407	4.717641114782345	11.98589965845926	14.2472992877651	9.221462969511366	20.055968711042013	15.371586400546708	15.487309024032314	20.860726310034444	19.03364004367649	20.283444380733048	17.85707872314446	10.66627216947863	9.66593646659961	5.485421796767563	5.123404904608376	9.456638112664262	12.813961542671006	16.393057768750253	13.66606356152386	19.18525947620193	22.501082442558722	23.3389923848075	25.33356987270958	23.847832271809303	18.829102283426472	23.208400224450166	22.384265704453984	17.26449036579093	18.614199840769462	21.753863199260525	20.446624530641653	13.651074993025222	18.71229137893699	21.317821537957943	15.578200249716895	12.389985296877102	19.078091916114218	14.631533737945754	21.40963886858621	14.438546667869138	18.488944843993874	13.904415261536338	12.074146978011045	7.873767414004842	11.185246852823585	5.791935729138738	10.89241038254939	11.97925161374791	5.147883893418012	7.588739763387059	16.882017286989065	11.114527248163318	9.152796774550715	13.018245439446133	15.558997205866289	13.3046246600629	14.689880356235866	19.836573260314	19.071878168151848	18.35017385803518	21.262592822370188	22.350416367266764	24.364887470235583	22.85478194255375	26.874609755431997	27.67336325494479	29.28498831576718	34.51285236041238	34.76862706959796	27.540525038250465	33.04126052717911	34.19882280082143	30.338248284784765	25.330472535256412	32.230231726644604	33.57679439856668	28.775014621278462	28.79593865393041	25.776746838444506	24.329044037050007	29.859697989741797	28.879196777455608	20.152316691435114	22.152271200773825	24.527334672883036	20.31247916298851	16.419779174706814	23.723640527101818	20.954677322847335	12.857039835137886	17.222681638392878	21.04974827614309	21.349644246959397	26.2927201555127	28.03035589449426	25.50763600918773	24.68277311386617	29.18298592874977	30.219554673132848	26.89898840719198	35.74423064990769	36.29081393135777	30.465203591816927	29.99044170083124	38.83875230490166	36.06040464918486	29.73345130701288	35.40556367490513	39.31245084246793	33.52567968987754	41.07773886529687	32.27392360730598	34.947348857819534	37.69570933700214	31.569555319074528	29.960107681559666	33.848905850352985	33.214020310244216	27.54186212175134	28.76139311328541	36.36253722579987	27.44408570478497	24.56685301171409	21.84280272210201	26.246498736722415	28.279545556036307	24.421495254878806	18.351452450652477	23.05480787946294	19.962107761583546	14.691888727899762	21.700866535235356	24.681673562233424	15.878598582358308	20.418657817024684	25.313305403051377	24.933299046211395	22.15644141608951	25.107576128656785	29.604442933031326	28.45399679715374	27.305227040944235	27.742263547528186	20.24972215147159	25.7971105248285	21.411949982266623	16.906181205668403	22.2029516766977	20.380310548180617	15.951175837944309
