0.0	5.6770893775818685	7.645035029605178	10.04451594288517	14.551257976846752	14.734344587477477	20.15232117953447	20.68736254436876	23.018089192585144	25.127000011632262	23.3564759522671	23.830455437211786	24.7612314910162	22.118802243392704	19.66267727922841	20.46362205018491	18.605423992692685	21.91354027785437	17.113393745065107	20.411881378357712	15.549001574774437	16.5505447303286	20.920235658503213	21.442314454129452	23.03273031339979	18.112852509021273	20.34685777770339	14.979182426106322	16.651160054793518	14.937786216548526	10.896007122752067	13.342084549743719	16.902029756250037	21.46117030454765	22.279409287785892	27.433309998455055	27.96349652334555	29.06861731797975	33.75384397199491	30.710483049131586	32.87608595973188	29.12070343843855	28.598730504974164	31.31024135648289	28.855527850975577	24.57267967141948	26.426533591458696	28.226527867300348	23.933776035962484	21.00684144425421	25.082215496337497	25.608960927229173	20.415621895392054	19.963154441360693	24.84767464018587	24.60367797539957	19.403901776797227	21.399933275639043	16.971803688724776	16.05748701183783	11.000481344549426	10.433816438141761	5.3717389015633845	6.953604314369758	6.563959355585913	7.171499605103881	10.503767318937603	14.298396845482408	11.590473056174012	16.24553077858553	18.227564664569833	22.65511030137776	22.80929645506044	20.40492537501541	18.348539519827924	14.342784993516426	12.3743772620746	9.451507340501374	7.877957574297288	12.80199762750664	11.207423719859921	16.844469828939847	18.192734899218536	13.827126096204992	16.093016685704324	11.535862843177352	15.439033594184046	12.804818609324967	14.124713358535288	18.05472134770143	19.00741171375895	18.30626591934976	19.959087929943745	23.230430279037428	24.397125298396084	23.833369041839198	20.569866615525388	22.574659072069196	18.016909072467087	18.279248764568454	19.753131407960183	15.186800450829072	15.502069218358706	15.122933123655283	12.572071272536517	10.27607953083679	11.626355988443665	5.982655622474099	8.806364408568275	13.108133042960715	14.339783349316981	12.286823270138886	14.388756428422083	17.79165667712468	18.431869058706287	18.00152163363057	20.665985221482632	23.179729931070966	23.39955819891916	24.029877423984516	26.754383598906227	28.465312563155944	28.703085626919655	32.25650991067291	27.7146214964289	28.61059105626265	27.532071200663964	28.811136925160934	33.423099413859916	2.483609475815593	34.05506664907386
5.6770893775818685	0.0	5.652419665405112	6.89918403309682	10.93174032815368	13.0267355241743	17.83202098024707	19.802777256228275	22.0627037064687	25.022064495766358	24.105672627690822	25.154092576414936	26.928568761069332	24.67951506170992	22.773404832767124	22.46968897757752	19.561280938160618	21.95068757278135	16.44472363203488	18.302018687117695	13.964073674215493	13.568832781493764	17.878675455899444	19.452702258216817	21.81671885466391	17.643593757110835	21.226485510734094	16.165782257444693	19.38801693389141	18.001253182198596	15.119054664638826	18.270114199375698	20.940141193657613	25.849762012965016	25.701439086649188	30.995306455461446	31.22065310682994	31.547499850434214	36.56860374397405	34.2705246582527	36.55527395421602	32.55948214684181	31.62355525603705	33.718396020571426	31.628708707900834	27.538128782265545	28.52575049583716	29.973405175984524	26.15275111987591	22.905071550135062	26.106561022319703	26.520349833813576	21.53311943799689	20.34128779473267	24.615639298246965	24.303744513630406	18.710939042521257	19.389862975263306	14.710696147731804	14.921691609690575	9.504665414619444	10.083209145504625	7.170791685168365	8.615096888193092	11.28857645066854	11.393714347313681	14.401205363540711	17.45661929470489	13.230542740491352	17.900956534406678	21.149701760901824	25.42263781433481	25.00216577168045	21.79566221822336	20.255924083703256	15.860162132541772	15.525232174011364	11.518714515793347	11.226984736487548	14.233859572931433	11.610507463036534	17.138840573001367	17.445341181749523	13.612875242568922	17.22739098938652	14.191185645315578	17.444450324823528	16.443485687674812	17.6475224478324	20.585370703626786	22.29573736498223	22.514866585497998	23.484737616968996	26.310942203447276	28.23692345206259	27.124796950380972	24.472359026825554	27.25548129631997	23.104037012231323	23.058074977218727	24.951292210777137	20.58717587817522	20.07098720185511	19.26242111898261	17.446675405241738	15.053865126356545	17.22718792385096	11.654355269420307	13.884461020874092	18.70141967810377	19.640935987681683	16.949309294526117	19.27496191433119	23.08802237588287	23.13834193765839	22.22950168011323	25.467356754884126	28.0488779516779	27.55877859266666	28.17429008439886	31.45705140142748	32.88547579019475	32.56113453685738	36.411133963523326	31.418063724313363	32.15790230141123	31.638556473789045	33.18632990452232	37.36588785933529	5.480997589626408	38.25708888680366
7.645035029605178	5.652419665405112	0.0	5.695041675610238	7.777046128388271	9.334214476932054	13.95794136111052	15.059888148341546	18.33862763396517	20.935215945840174	19.424315299431978	21.40714792479235	22.986325363660864	20.559158048537306	19.534430004075034	19.248681908565477	15.471220732717914	18.509510755371327	12.950821302690477	15.318442596497412	12.127921497167131	13.281330928679322	16.596686240761347	18.36998077289368	19.45569345062106	15.900291164402073	18.823180145024278	13.393732380416797	17.276776146115715	14.736067361453008	13.540121993049782	16.604305173634856	17.92370360313737	23.30239225542616	22.068633477657116	27.297372525670642	27.962991216245907	27.544718205080336	32.58138300176091	30.725948352387185	32.68645508688389	28.41750716061523	27.507673089373036	29.130644292651702	26.970976635121144	23.2590728958074	24.000885339054246	24.911391850086982	21.202486829955003	18.16654339881539	21.0489494423227	21.071726074929522	16.149666683559055	15.1601378454199	19.28337288373254	18.678774067254604	13.1174330599648	14.136312122133665	9.534571538339282	9.8312680407736	4.116881553578719	7.028450367097976	4.930610725356968	9.471067858042456	12.077891136547073	14.31298320824236	16.474948255853665	18.899727811520172	14.388047376003984	18.11179148720095	20.57098803746502	25.31142030198859	23.841261659893508	21.194318784311488	18.65717827451307	14.802916024064324	14.90394460828345	9.640589257531069	8.48406739149082	9.845386707919449	6.242675195658013	11.576384457616797	11.907527322389264	8.392440623737704	12.066922595657271	10.017252301594395	12.680760983648826	13.02675105485856	13.964633536050867	15.870451614729943	18.15685090147986	19.183104410472534	19.55852438941916	21.801699109989027	24.31983587643764	22.833034964574967	20.936532365107144	24.56120947342555	21.104794486696267	21.336651432170033	24.317163499109583	20.814499741919818	19.99755940459082	20.509569387921502	19.09754360390932	15.527297689546488	17.84792833734916	12.500587641382518	12.562687549955449	18.24459971715893	19.13280970954174	15.156725108359634	17.063452008647744	21.637020785131384	21.168063592276084	19.146434045124245	22.836945565173313	25.773716208560444	24.444665088379885	24.63729327907411	28.561670825668397	29.891977539181152	28.809897036927676	32.73000562743345	27.339860658017034	27.90891529161381	27.997822446835837	29.747829897615837	33.389654885557256	8.896370993934967	34.538098399173585
10.04451594288517	6.89918403309682	5.695041675610238	0.0	5.473559616525308	6.6094291988709015	11.28938465891035	13.920511476176538	15.488639377728376	18.878746321422135	18.950136886967886	20.000487831328584	22.63584368740256	21.17154241322822	19.74598815474481	18.083513611178184	14.552161793677076	15.866398047337974	10.196076632530234	11.415845264538325	7.461222454812895	7.637777850726952	11.396012993729917	13.138877730766676	15.18621761472168	11.716716590074698	15.91809447975509	11.514508857988467	16.14430043617945	15.47998724546381	14.488430193153118	18.561437814193695	19.633066640886334	24.523572931474817	23.148052438551666	28.409459948007015	27.899043440740233	27.45062460847676	32.73110911335817	31.41290304596032	34.1315381994332	30.196032501690105	28.409789163682795	29.924600374802743	28.773028819356824	24.67596435664209	24.467233462999374	26.116706651132493	23.25513533146026	19.24606405643463	21.52630868354548	22.713151140857576	18.349406053627618	15.732327048508205	19.58706725916587	20.335926838160024	14.773020858798596	15.829699641371088	11.186910029846706	9.83100214195452	6.298903371360438	5.255346108804746	7.256077259769139	7.948520058705422	12.792537801855357	14.782565730741064	15.854132388348457	17.12959806306891	11.638917673554847	14.940592612556626	18.61350258662632	22.84427656833126	21.197146457363257	17.75371795911187	16.215565000000993	12.0891945227623	13.729194880557634	8.956419269898959	10.899842768980252	10.916473976477972	9.934690672741015	14.078896834000847	15.193510970471875	13.0041768089122	16.2865074004731	14.094353882881164	14.93056431802084	15.606774157227305	18.014388632702648	19.37738444026812	20.633251134599206	22.401099576856225	23.622255508265127	25.112688227958387	27.42736783280491	25.201523180720443	23.028719528730885	26.723665022341788	23.713033250352908	22.535506636136162	25.37206406706268	22.102144867146635	19.924800389131967	19.712327117952185	19.486773506854565	15.951426992902364	19.769524096645473	15.181783911267141	16.075434587808402	21.01416930144074	23.023653637565936	19.511296785193817	20.41494764370349	25.18824612102423	25.60586059329497	23.278095086501114	26.24978947252907	29.823263135585968	28.873111403945654	28.312138120443194	32.15461140011977	34.13927129515312	32.930897967661686	36.330629069287006	30.851398857115225	30.64940835809725	30.41854658004511	32.91773504514	36.26360347139005	11.243192370936482	37.45871821584215
14.551257976846752	10.93174032815368	7.777046128388271	5.473559616525308	0.0	5.608234037074817	7.751874490613637	11.376011822690351	13.787948728470127	17.474995847432933	17.808389742317953	20.152383726584215	23.03842262104299	21.763681325988436	21.492266506741846	19.36654786475383	14.662636229679293	15.546723783954707	9.924797914262557	9.452264013669776	8.695352753462219	8.91587159866565	10.415282496854173	13.52923970399095	14.758035711202103	13.230186811749558	17.34680967819812	13.517315551183644	18.910602634407933	17.562345436415878	18.12782571113596	21.939769043997476	21.87704628060535	27.01150442184916	24.481417403892145	29.507630113020614	29.267129406603622	27.74572861712856	33.04848444995942	32.55008238296748	34.93796136477541	30.752962532693203	28.872990501347118	29.527060935645633	28.557647077559864	25.126269445477288	24.179692582160104	24.97632663397513	22.717055857345095	19.006467198417127	20.082969887209373	20.733684248695393	17.027082266655224	14.130503054917247	16.77641962393212	17.199810398699807	11.8380506106235	11.51944864482786	7.302719907111218	7.483361512067608	6.044545467188497	7.94503169092257	10.976027388464964	13.106532837575537	17.6208237377852	20.050076245422378	21.106680091701847	22.09133320780508	16.528591139587476	18.971721946574114	22.339580175839764	26.58735481191262	24.029534934537672	20.82949740928246	18.95898824229616	15.552591897855226	17.854235842408038	12.654888701566215	13.959395289367126	11.983081719450619	10.15821690781196	12.532401873905014	12.544926529193958	11.973400951467124	15.567964578665752	15.3899311035513	15.309332431315513	17.70117387112425	19.466848578824624	19.517127326776503	21.588285352605393	24.148786817416987	24.459753994043364	25.283121421723767	28.354810401404098	25.740626095004263	24.60154745637298	29.03625121021477	26.63471528882045	25.775393691592853	29.289692776616715	26.508524375857004	24.259599066509388	24.640099035510538	24.53556143472467	20.635226419247548	24.256289132287275	19.54364619433325	19.431654160919212	24.862186962238248	26.42283750908329	22.175631223622325	23.14681580880319	28.22132607527275	27.936879282996923	24.9809770411275	28.463194989429546	32.02753230252888	30.214612219048664	29.53602438867432	33.94646666538043	35.5546384364613	33.617173397264196	37.211794621833455	31.391382184839873	31.076717968495874	31.64788253068905	34.2437996440884	36.92259306770829	15.709759329616576	38.41236373419609
14.734344587477477	13.0267355241743	9.334214476932054	6.6094291988709015	5.608234037074817	0.0	5.582460376067763	7.444660209445083	9.208081811479031	12.52645130971741	12.954170133843789	14.635192926221297	17.709973995200148	16.84163836036869	16.470160149825585	13.867034303716064	9.3035446883945	10.156210707859348	4.3985513396205205	6.218258407592922	5.063781002707955	8.385927993290817	9.449903411779756	10.80909668760699	10.563462170862422	8.624353013704832	11.924935498485507	8.306216303595455	13.92128307139415	13.100911407943412	14.671292330828202	18.66656330525914	17.815274253105954	22.548150911762427	19.743812424686123	24.678551618980464	23.94667691101537	22.480522580914073	27.832864416243762	27.478314042537285	30.2338076456621	26.325912906280696	23.986401669064577	24.781800681992333	24.345756941589322	20.591165667345816	19.30431028637038	20.825053544119523	18.936427621237588	14.581202001023653	15.783088114535738	17.53075872103638	14.049964890661121	10.226731199433146	13.563225556408751	15.344941388656217	10.380295202718283	12.541053918807048	8.951431270267227	4.846371447571998	6.381095010494669	4.814170149542365	9.992690913384482	11.354482733469435	15.654593612686165	19.12982760851288	19.037635160101757	19.11215756263949	13.851525162585899	15.111448874010417	17.803928027095786	22.054027904210933	18.960162756784314	16.238010741327887	13.885101244571203	11.151835392406717	13.989273277192718	9.19403165933217	11.635728340026661	8.142423994904696	9.236956456589924	10.56155307430697	12.770315047273034	12.595572404869433	14.629348015038554	13.706920253449113	11.910074069054549	14.52167725564687	17.423184907524895	16.989859021186597	17.890988938529336	21.056153749867743	22.17552141335941	22.277659715048507	24.962858810833218	21.836145365849596	20.533465242282166	25.06469291506395	23.362208196689632	21.715679470877753	25.556190450381763	23.586830757979524	20.590877570646857	21.580142432873277	22.25791747618476	17.902860789452173	22.135672211748194	18.515926715145547	17.798358015479227	22.628661442528454	25.062177474464804	20.885765986339255	20.60653725063487	25.926129568434675	26.361585554603877	22.821085993442836	25.549105596524594	29.75060563063598	28.233470597732556	26.665725632775807	30.975019212102374	33.24753503798357	31.177833717050195	34.12637025497328	28.349462821295216	27.36158767936762	27.61803130946719	30.79157444442375	33.193758767645036	16.562295219168295	34.680501373718585
20.15232117953447	17.83202098024707	13.95794136111052	11.28938465891035	7.751874490613637	5.582460376067763	0.0	5.701969540676322	6.923344066397139	10.826917275693578	12.654942326942903	15.234825713263657	18.841286935532864	18.74655725713854	19.449180946444944	16.06707126394699	11.093695076694486	10.094720268141353	6.484287522566195	4.040208612147757	8.23324621591138	10.510593655583614	8.724145668060316	10.963144791467858	9.58917515836021	10.816748467270122	13.79887965193611	12.115069496022334	17.68268316505765	17.009797819115867	19.67414123933113	23.458961958615337	21.685353712291764	26.150917229924225	22.36679278446371	26.75830217979086	25.83230214220514	23.25983896017113	28.49116561827576	29.275540915398317	31.918030298081522	28.06955882949957	25.34476030294775	25.11605780304456	25.40954629818826	22.395665363836695	19.930982740093697	20.8003911565999	20.16242286202613	16.081342595000987	15.395928147314594	17.140354455797812	15.118533375208623	10.630926116104265	11.688383258726649	14.079439840420514	10.346086854467266	11.33326908867759	9.524676422701383	6.522541877850238	10.522108495633303	10.375117477762323	15.407937355602138	16.815678706939703	21.18798985759169	24.67603460509012	24.411709746226784	24.018032382923128	18.750392846189563	19.152658054817497	21.752552428430324	25.54909120090683	21.689441255666722	19.172941023941316	17.130431610404507	15.382331108648453	18.848859880306193	14.494075562211387	16.77865443279366	12.248043592341933	13.144569014395278	12.308625362629916	13.737384244479088	15.364615821138216	17.172520999155257	17.817337422489032	15.000129968433992	18.81041467044107	21.359191629105556	19.70911683146296	20.86471807554205	24.77075368482416	25.34431949233931	24.54861949797839	27.706381755228893	24.07396617235422	23.7319116087207	28.71634685438494	27.755791994637082	26.022677153468223	30.21860366996147	28.75519039747512	25.45809771728287	26.633572009782025	27.667778592028167	23.245694797820953	27.534176608389807	24.00221167074655	22.903778825043595	27.78001191704373	30.091835318205703	25.599830727306294	25.166013262190432	30.589670149125602	30.714985905646472	26.699799685713877	29.519621762898108	33.79985067545621	31.726753536824475	29.82819942184254	34.4718626675906	36.6065600792849	33.88991767280959	36.711447765803655	30.76078552097601	29.36628008592231	30.24728090458115	33.70449104638038	35.2752149153811	21.86295494475979	37.02363268773787
20.68736254436876	19.802777256228275	15.059888148341546	13.920511476176538	11.376011822690351	7.444660209445083	5.701969540676322	0.0	5.861713798022175	7.317605954782628	7.245148777869386	11.10029814200507	13.98507053656094	13.745683590834437	15.38358775352421	12.474064068363614	7.086427890730227	7.863024789887371	6.1838544649519624	7.761465764994632	10.740256654905734	14.647169926390939	13.48970032614382	14.241755962572503	11.013549349746658	11.774712861045401	12.264077775749698	10.503920036040906	15.273184640343192	13.655748478795621	17.684736862691793	20.78053438292434	17.898693251185637	22.136273707009103	17.63626288183816	21.67152760927929	21.224323354429842	18.16933618092774	23.291466469328853	24.22559847207086	26.555209387141346	22.67162464028519	19.99618677544644	19.528942905449835	19.814634240153328	17.10732035703012	14.450779444414176	15.099849884161939	14.747586853167894	10.804106087265367	9.699296789258918	11.760274497107037	10.276689821051558	5.349876035019594	6.583847551658601	9.929513789400595	7.34955355036275	10.795660637656907	10.083966465444492	5.429977730518917	11.078350887365493	10.876701508729179	15.388950847706743	17.568550481124312	20.746640214508655	25.050849192541783	24.4416287724009	23.934889104650242	19.48777340504232	19.292966528785538	20.384419760208818	24.414051209522427	20.12348036144932	18.830535685707243	15.644869848028057	14.975158080442686	17.801765943609233	13.800404696858521	15.292593982380701	9.648850553497608	11.829639910859326	9.002733868668034	11.885827764693163	14.146312568314292	14.306152167554854	15.347040497418535	11.10656355325886	15.696289135207854	18.199839060845402	15.569193330376523	16.32234443873631	20.780231806933863	21.295254756560325	19.705320911219957	22.874529278046513	18.948652572256872	19.222560194952738	24.487622611633856	24.32696839169211	22.784232169765282	27.490342427696465	26.851566686627145	23.70997041426786	25.895638919706148	26.947977937440523	22.20973866492822	26.09522914793292	23.2976502258907	21.125564355026455	25.64318775376486	27.993983606475606	23.338626951395664	22.161747630877958	27.591804082784083	27.712269989965396	23.141235523282695	25.643459091791478	30.104588989363613	27.823624731460114	25.360964501986597	30.093279596623997	32.35333806407561	29.28627393681591	31.746481268169283	25.81971846566851	24.08105347927642	25.21683016110823	28.848258132384938	29.957771559997397	22.774098594237433	31.798712173097385
23.018089192585144	22.0627037064687	18.33862763396517	15.488639377728376	13.787948728470127	9.208081811479031	6.923344066397139	5.861713798022175	0.0	4.5817891859549995	8.776347335660477	9.640753708310173	13.988070108790568	15.285172203921347	16.09656222040421	11.651990224167053	8.108470240851721	4.269754008450083	5.921805678255032	5.6795230403514445	9.554924560658812	13.300841969954268	11.045971275035308	10.399967952845001	5.867161764348248	8.733205069419714	9.18654801542197	10.292183343247618	14.739147092172649	15.394798385137184	19.15037294422013	22.735842411023008	19.983669567355246	23.295876732386287	19.149883460055165	22.874464768285858	20.88190593008501	18.0990941305077	23.209064789911096	24.69655400070474	27.918348196070784	24.7561186626505	21.18310718236363	20.829079788828103	22.41190441142203	19.287039781065108	15.814530661428483	17.801447507036844	18.387846139706124	13.817193347097998	12.454030402398981	16.08648150500337	15.254277691956966	10.081726896767659	10.84352224985899	15.28268501634951	13.202347795428047	16.180802782554785	15.041121412471695	10.1136207178925	14.878841122294538	12.605349212419776	18.011439364849995	18.284726708485156	22.035798777617625	26.115162472458927	24.63034825666653	23.046146006711044	18.70083252138009	17.26510108633402	18.745409887163966	21.873298955419912	17.187153218513057	15.66985156231092	13.585018845423903	13.735890715935824	17.64535852450097	14.958140817705312	18.077499441458897	12.864291884485528	16.296974573877133	14.470809238899273	17.6266214907896	19.354925866615584	19.651966613593682	19.588063367316412	15.165769225873914	18.797265371164578	22.332244334642823	20.160386526594372	19.644070014567596	24.128538432726394	25.625626594491294	23.818340992356262	26.29122728045203	22.03883729813	21.688361340693795	26.499121768558947	26.671413263514513	23.8830000203199	28.21137907932505	27.92200154266582	23.778580509657488	25.489277815073905	27.52384908956368	23.02728991939884	27.757850059813908	25.619278495168903	24.135548781775555	27.952198979080485	31.13120025132226	27.013578952789533	25.23327294792453	30.577152319198824	31.544625624714847	27.089049487320445	28.789744572165894	33.66032150846989	32.021080713438906	29.06829679808758	33.37829519529653	36.28540733030565	33.44742745592456	35.272788153845475	29.61151379490283	27.223569612064903	27.69505320706072	31.90830688986447	32.86673763730295	25.093722871763358	34.59615890839206
25.127000011632262	25.022064495766358	20.935215945840174	18.878746321422135	17.474995847432933	12.52645130971741	10.826917275693578	7.317605954782628	4.5817891859549995	0.0	5.764591591733323	6.415346322953916	10.476298922322902	12.501606145215234	14.133597685660789	9.835527695361336	7.389620987064128	4.4122821052498225	8.763407383578198	10.210890791783752	13.211566136236133	17.459021889537677	15.530446847796695	14.265637832642927	9.157707376870286	11.441446370071231	9.346780508825361	11.245913923992946	14.298155291728504	14.71280740652183	19.416838447654758	22.345009412337507	18.671641447819475	21.28360847080875	16.549744187246056	19.539000655352453	17.477971367350406	14.049344375388172	18.960419216492227	21.032711057214918	24.18897536663626	21.333324599794434	17.463964598346873	16.707176131084225	18.950721167397205	16.222089854892676	12.058118746551349	14.29144886304701	15.810718899136793	11.560944992295001	9.371589169950315	13.841920401805512	14.112172942166422	9.380205113124184	9.499868573872263	14.596794492838361	13.944172415495606	17.82381420283159	17.38043542022046	12.231210590236056	17.329028751980648	15.094147534020067	19.964838792593667	20.52725324387199	23.378382789338122	27.90172179484336	26.066854330314936	24.240558635746627	20.719004335117752	18.657009372801905	18.77306242124762	21.720002297278803	16.625360571282922	16.4253639604258	13.68840221284966	15.091158142266922	18.42695811609428	16.454299546291864	19.065494584232827	13.545352709016552	17.715390291398478	14.869872688846696	18.64052788157623	20.68654531370889	19.892537932327787	19.994044484528914	14.718758330285326	18.495888249670212	22.020352138081915	19.188585443928176	17.950033759455078	22.796887703130835	24.403844304094605	21.801912135200656	24.009781034640117	19.458887115171727	19.63716267185368	24.451474485374014	25.539544215678823	22.670012440430117	27.28045466167239	27.85267452429149	23.723904290972765	26.163673774004092	28.36313072491558	23.787354697289153	28.21332535505812	26.812175791768386	24.668670745240185	27.947133945604545	31.235494065035443	27.180609401421318	24.718272037843864	29.894320822286346	30.99757185064523	26.196167097252513	27.36607489631262	32.38666155424554	30.711913696392248	27.17523946801642	31.37468580186393	34.49350382641141	31.39456922183953	32.65345960143105	27.20348245449863	24.28292809903056	24.84880526490086	29.358214667682457	29.6991399296909	27.39269959354508	31.488854487626803
23.3564759522671	24.105672627690822	19.424315299431978	18.950136886967886	17.808389742317953	12.954170133843789	12.654942326942903	7.245148777869386	8.776347335660477	5.764591591733323	0.0	5.893015403251279	7.334533571736913	7.8754327630210055	10.818118877807882	8.459221058995812	5.395156624892922	7.647656307356981	9.9327519464493	13.323808587190717	15.063553387007818	19.79730827116387	18.97485706445874	18.14213625190929	13.698732731582936	14.005161928768187	11.202978899965773	10.833600014172461	13.067457052922984	11.391454060859964	16.85557016321522	18.899541983498448	14.544700535771316	17.49511937592703	12.136473731953322	15.229253305719118	14.722692174740407	11.034133693979738	16.062974774609035	17.40793512801705	19.81041889023452	16.355369163030694	13.12657909033112	12.515379641756834	13.672692341125282	11.07661844928863	7.421770921260417	9.161073185397607	10.052520919383413	6.035041682741658	4.0741796260679815	8.770324388387447	8.998072560349623	5.384947333282665	6.617398910816297	11.023130936765929	11.043094355099344	16.010049743034692	15.877643235840287	10.932433070028162	15.780718794311921	14.45174934377155	18.106024384682673	19.932646104011503	21.63420475792865	26.55204328006829	25.105794719765452	23.99210921545956	20.983794615854134	19.592192058726273	18.652740008571882	22.3371251176681	17.654096166406095	18.17922873171094	14.198594800208484	15.454526805915885	17.4623999820929	15.169189529001565	16.293170501656054	10.671683820757847	14.819176292624457	11.089545353066821	15.41670861754391	17.434737107666994	15.548370790628173	15.997227834085603	10.249999773238212	14.461968863547044	17.380668348393552	13.948002480935354	12.734768864030462	17.802761313901986	19.018315647493747	16.102987758044623	18.498714664255083	13.953013420053201	14.773409075159218	19.95895050601853	21.305177416077296	19.355994696513356	24.40266798449395	25.20085608198636	21.934636584422094	25.17021142291065	26.671588732485567	21.936771425418915	25.47614250395324	24.227851515872178	21.206929122946	24.455235527459333	27.275606457002805	23.032292352165165	20.424880208965757	25.50024680838553	26.215553066741254	21.16175471428123	22.43347634230215	27.30394273698456	25.31007380869635	21.70020382559938	26.08877255688905	28.98224712505274	25.702913011163098	27.075319656077067	21.526591925401018	18.766432783624065	19.723115194684354	23.9989492012902	24.34792388511608	25.73952503837226	26.206553237300355
23.830455437211786	25.154092576414936	21.40714792479235	20.000487831328584	20.152383726584215	14.635192926221297	15.234825713263657	11.10029814200507	9.640753708310173	6.415346322953916	5.893015403251279	0.0	4.8232455868954025	7.66461542189334	8.553315317913807	4.447214897757557	6.038231897067754	6.156972235946208	10.570226570826158	14.288461720171304	14.817555184365876	19.63110032419369	19.07770022488998	16.84389003038642	12.307818543823208	12.0388196359865	7.298181448118787	9.41911903317697	9.808758469727813	10.767006315546777	15.739892260937191	17.978880838827404	13.921586756373987	15.456400754194924	11.095085735132631	13.953314288288787	11.284540681752986	8.959596148275777	14.179730897609277	15.275055617642488	19.013488588122243	16.604505250913856	12.461813786936146	13.105648049248659	15.352277328657737	11.702656564457126	8.272154370388687	12.477539291295102	13.349104929908684	8.939026635065698	9.041009248684377	14.087690519726413	13.770826019586732	10.34533818536911	12.427107532385635	16.860907006953298	16.095635873249556	21.077669558687194	20.031834233952168	14.397367927947316	18.367747213086258	15.204466287700196	19.023837745904384	19.153475345294726	20.64885754206566	25.450295405899105	23.029370728205073	20.915392561590824	18.76510569909566	16.120927114992917	14.447102642050103	17.358693622890563	12.377058144452516	13.73777221945966	10.080261031158871	12.822067731910062	15.022076342595387	14.618031311377438	16.996177627197355	12.346167421617393	17.712568103170526	15.48046145291122	20.212391680288448	21.24578875857757	19.53421424171653	18.320818051769123	12.93651162070343	15.315219364096972	19.419836395322818	17.119471048833084	14.227365999383478	18.751386271067926	21.410751437220814	18.787982549644504	19.881708152526492	15.417152269356652	14.790846187865721	18.98662319658685	20.650660998309885	17.210406388908083	21.762506242972215	23.170338459909733	18.997279374093907	22.106364473890842	24.532885203963758	20.13903578424635	24.27274896614525	24.118021652090896	21.71804699575151	23.841484222385454	27.614527988628243	24.21081411894893	20.811756175830528	25.563912332967632	27.419247900939464	22.748275198450713	22.849132354343656	28.11592974288589	27.188147199802827	23.15606081840552	26.723460419590065	30.461390521374344	27.844731506297794	28.430081696851186	23.474598823514455	20.208019168011507	19.83357651827034	24.63824350922743	25.261576673712728	26.256584770205446	26.773763532175405
24.7612314910162	26.928568761069332	22.986325363660864	22.63584368740256	23.03842262104299	17.709973995200148	18.841286935532864	13.98507053656094	13.988070108790568	10.476298922322902	7.334533571736913	4.8232455868954025	0.0	4.236465834210744	6.46912431647782	5.812670449070431	8.408540704282446	10.759520248757026	14.161551607003261	18.483036750931948	18.52802165124754	23.477324516375482	23.41621782986895	21.335962551154196	17.037541761394195	16.078965621970422	11.130968121503638	11.923377304922747	10.613898916913639	10.147943892951353	15.515777702904227	16.502778956611266	11.589271524502077	12.211991630479606	7.173815360570811	9.222784316916847	7.415248988171591	4.8504141448010705	10.204095550646832	10.71120432464061	14.212949453744576	11.866859894994434	7.670265119052489	9.04730168474872	11.089968950394313	7.406275100868018	4.566251434762127	9.66382060013842	10.413656383158031	7.244566811449434	8.37639807644265	12.904126085222561	12.961253448631874	11.329144664874873	13.519055849157432	17.130558857307378	17.161429149232756	22.57494743666236	21.84328772583085	16.587340146210526	20.124589204700158	17.499451061990396	20.172899600570776	20.947581750641667	21.209031266542294	26.21978983356829	23.87000504286628	22.108208525199075	20.871248709573784	18.486733194522092	15.52352725333619	18.511747882192164	14.147836665200542	16.53278143299638	12.350360306002468	15.247982187742622	16.075573181695784	16.111277625761602	17.27454662880692	13.218902132224565	18.462064702723666	15.865976086366857	20.772678984955917	21.652000262064373	18.959006772596126	17.730031851410036	12.33182721723421	14.173837396446185	17.798175522162243	15.218442979643894	11.428173427776082	15.858862198588744	18.638472354059367	15.490647119003716	15.959273433037936	11.486859164585407	11.287353000642302	15.302072615180844	17.938447748332212	14.969961833151462	19.777704931988904	21.99100473237695	18.539308947419787	22.45394291571779	24.494811244200555	20.230084195831235	23.44985786908001	24.000023538522626	20.894214775002563	22.333437242561843	25.900057868758896	22.719041042184188	18.761434720366093	23.051256090604877	24.933661843700285	20.134732264134374	19.598239427259706	24.831590439662232	23.9651670667936	19.46995161036117	22.776632106372606	26.671203990398062	24.00439394816261	24.059898322208955	19.44670769540166	15.822534412522149	15.319141076856075	20.2882028091347	20.60573414149833	27.243201269105583	22.086830916602164
22.118802243392704	24.67951506170992	20.559158048537306	21.17154241322822	21.763681325988436	16.84163836036869	18.74655725713854	13.745683590834437	15.285172203921347	12.501606145215234	7.8754327630210055	7.66461542189334	4.236465834210744	0.0	4.731605487017369	6.84637139942187	8.063365840059564	12.386207214780395	14.098888985161446	18.99875479261809	18.433239921147077	23.38675515359163	23.963403210378704	22.411368670519533	18.676208363261726	16.847196534530813	12.676403450555439	11.407169065322089	10.151037093151048	7.453512450710184	13.02083381704995	13.416119729692362	8.145863010478127	9.938321683214975	4.269227215785655	8.019031822144363	8.732815892930262	7.347300947868792	12.052676522712526	10.914472679615367	13.441989571909433	9.992352559666944	7.252444963262172	9.482903337396515	9.178835033734327	4.482645345571813	4.780097363866674	8.706454042524042	7.2779461623531025	4.335605278663181	7.922593999675991	11.134725693308615	10.092546367837588	9.83476321844288	12.998609724207514	15.462127561116306	15.16849681099564	20.75170462110035	19.88048573585584	15.093299418264365	17.92335831103908	15.975473020938674	17.65848905888579	19.323456529292915	18.92728706966376	24.038335570777825	22.244119641973356	21.30462605134663	20.08580416395234	18.658363190615415	15.707287411127552	19.471731923325343	15.810822486216352	17.76805840475791	13.082471041705725	15.016737911493115	14.915435067197668	14.35282001049772	14.338225866964983	10.755026629484528	15.572966291022842	13.14640777056131	18.07753553339038	18.521208134227088	15.418370638347286	14.05415586413583	8.904863764812108	10.520643685110679	13.71884365994282	11.184324253352893	7.193872523215933	11.768083220287485	14.42367217008068	11.575412810350562	12.22291683389702	7.839494490009926	7.530693868465857	12.295578416273445	14.532609136502183	12.613490050405524	17.79027371658622	19.61849785009819	17.05424700787014	21.269136988644995	22.51645267484439	18.149271868647418	20.668465972768033	20.998020301850456	17.40082429967041	19.06398182031123	22.184582394946382	18.80417459218278	14.942699316710875	19.332330742342158	20.853622634829776	15.951917285518244	15.769092346529247	20.929470796987864	19.853742685967923	15.563862719569721	19.20201544720338	22.85536657301199	20.25290247209594	20.86132680015208	15.901412759949869	12.863746417239264	12.513691084527508	17.092454596530665	18.12764947568339	24.590287257939192	19.606334188357337
19.66267727922841	22.773404832767124	19.534430004075034	19.74598815474481	21.492266506741846	16.470160149825585	19.449180946444944	15.38358775352421	16.09656222040421	14.133597685660789	10.818118877807882	8.553315317913807	6.46912431647782	4.731605487017369	0.0	5.212847712774881	8.514668661302922	12.501367494393072	13.728678191850436	18.9883029154653	17.05848991406451	21.845559283909868	23.142706075328213	21.08132471771547	18.09827487274557	15.080120540076432	10.828131040643383	9.353459628152507	6.13956140697533	4.940917895192543	9.49463284065634	10.170875725318258	5.832306305959003	7.228869999693835	4.55204602176364	9.267050063643811	8.48762467843229	9.835336231195674	14.28537492421544	11.816635146748663	15.247086841761341	12.52115271437284	10.070837259801676	13.430482461817864	13.072068739475553	7.922256515845934	9.18970954922781	13.434086118013825	11.328962085373224	7.942565241434693	12.090163494643347	15.352914614415687	13.134080717219682	12.313443173909285	16.409266133622094	18.909856731174905	17.35071089997858	22.81031365212679	20.975500003993766	15.906099588941244	17.620177465043557	14.526143294133322	15.790372173515943	16.314584054540944	15.432686522354993	20.412148811435546	18.115123004962694	16.89312996696803	16.404322130835183	14.812363465149467	11.29462921459251	15.196356228246144	12.22974222767339	14.315743406128536	9.638474412674672	11.712867268259593	10.863698163140223	11.703207373273386	12.366737907812707	10.246719433720646	15.579459172577781	14.880993729614113	19.886890463516306	19.26212128207047	16.801435186016814	13.767177902475412	9.801636147980888	9.168086540742449	13.542094472592147	12.857213914017512	8.343492913874671	11.435704990497989	15.43258897004715	13.99277102337718	13.676662102176765	10.354925255336195	7.402422653202513	10.857207299049607	12.21507083008666	8.852638816753919	13.782986006478863	15.559820012913415	12.464488704274931	16.68330051972558	18.266813800962332	14.09595691450683	17.021103198552257	18.0576011093307	15.157980336251795	16.03277808398286	19.97496934782162	17.349634298649548	13.136919145160023	17.386624167679905	19.90538968305488	15.740445704692236	14.906504630822466	20.270631474357373	20.292935963958687	16.370209484146542	19.236209474066417	23.381605709740988	21.779280124715957	22.347350978910104	17.867828451479088	15.339047080607152	13.579161198941483	17.94363917074867	20.113901797095597	22.11062912121444	21.120518540824474
20.46362205018491	22.46968897757752	19.248681908565477	18.083513611178184	19.36654786475383	13.867034303716064	16.06707126394699	12.474064068363614	11.651990224167053	9.835527695361336	8.459221058995812	4.447214897757557	5.812670449070431	6.84637139942187	5.212847712774881	0.0	5.625888399992533	7.670267684972721	10.202552258039862	14.93545104436084	13.66787136333622	18.517885529984753	19.083146853150573	16.661625431136372	13.203925912694384	10.920253070678253	6.037155509084531	6.691148847392891	5.446585010640904	7.203692800433343	11.616584392992014	13.949914510674722	10.519369915938475	12.192484572459168	9.099909977947718	13.013501630641375	10.46432790917674	10.311586320686903	15.441185934391234	14.781687213754932	18.73969616905371	16.230719935669647	12.680263626974387	14.767966517500385	15.855259476848046	11.201472835532996	9.8072334290345	14.303630428613664	13.553536934848633	8.904697809125302	11.298832628518854	15.6579614626618	13.92759978282756	11.127106091817561	14.72662935429519	18.358910793384457	16.552529401413572	21.709473714772873	19.837530306334923	14.16363194034785	16.853283730726396	13.026930321007429	16.08431337640991	15.760262455560623	16.628409335298723	21.430901268946748	18.84910918505034	16.83324333642427	15.211506593049391	12.763866251120179	10.520246104930644	14.064061157010274	9.730387295862966	11.161595284480203	6.71707778872569	9.478664786585039	10.8579125324492	11.256820201415824	13.734308799868655	10.21036328537552	15.962639292662512	15.02948780936276	19.976769452245538	19.962926233286954	18.361729790284894	15.902234774747209	11.285374662572352	12.197532227353161	16.863313752795946	15.700289974245507	12.280378315034392	16.060754823164725	19.468183279669912	17.747680719790193	18.281623925776668	14.369442379451417	12.355647783611559	16.057869308398853	17.057183861736732	13.218754263993256	17.601011454543272	18.786795604056813	14.561352760597732	17.768362690025704	20.13853776894054	15.815456736888395	19.986588312877814	20.220558222855846	18.090318346949243	19.78564563555671	23.878317445381324	20.90983412280702	17.35163429656565	21.994296294308786	24.31886504380823	20.081685594716483	19.90202666170338	25.21954117203222	24.906026795345866	21.142985898651503	24.34827294253975	28.304966503410846	26.34866033325717	27.085396247935698	22.290059215292274	19.49114989877058	18.31692600763031	22.88153327442617	24.48701577026758	22.897527036914976	25.706158244315912
