0.0	4.849187182676492	8.324423341666048	11.617821853697397	13.024185483099386	16.396500077058214	17.406833730128163	20.008489316838773	22.590482035778468	20.293767895369612	21.2656221059881	25.678478614769702	25.744841967831313	24.072356793702234	26.947111768882163	30.075141007266772	30.262424542136017	31.337202383723135	27.006491819860692	24.131682326453046	19.432912694457446	21.058164855951876	24.875634317084785	22.133227978020102	20.404709775278636	17.021192480978694	18.792688487784844	15.218054692249535	12.02113988686343	10.357485829254742	13.256124251824211	12.90687647273847	17.62018041771747	19.45419706417847	23.666835934387553	23.877475808785285	21.489466785253644	24.108062979228723	27.979069544602705	27.031752142103358	26.35893980293708	30.433575079887767	32.1020915508263	31.966997321298994	31.939743559744482	2.449148304194867	34.33191296622778
4.849187182676492	0.0	5.932198414860781	8.205207088150798	8.318535140496019	12.213123403934778	13.839906610948463	17.095677080024235	19.203160031679165	16.183612654675255	17.436615391950493	22.027486258568278	21.624836776546324	19.63434706313734	22.85650879668361	25.912448255443664	25.727034209548755	26.789005643081225	22.318335856111332	19.44167191319515	14.739208961648448	16.327398580557922	20.03077726557669	17.364425375685656	15.826031759732064	12.539001703307854	14.946943125892735	11.775381357651165	9.914441184764822	7.254583671061148	9.21185926471994	8.873102848038279	13.121086556403744	15.631842425005221	19.910483846062743	20.016360416305677	17.074158173695086	19.70343901453801	23.765537285003287	22.655322403416267	21.64841959155841	25.83631242582389	27.625929561744538	27.299037883083813	27.14925428374188	5.30232027358132	29.554721919271575
8.324423341666048	5.932198414860781	0.0	5.319973739780319	7.651837066783293	9.751287127022556	9.234792765861709	12.048877272747363	14.298439836139611	12.535103875549503	13.922118268039718	17.79743713055594	17.89328983688358	17.07351312102409	19.923064356553382	22.43883599268831	23.113580092835114	24.882005243737314	20.509030065789865	18.78527823010504	13.426487706475923	16.897697160810864	19.96479098291208	16.26542440811413	16.034696822588625	11.727754488133655	13.863964865404887	9.528244543079294	7.242000194971391	7.720047033100286	9.495829295463224	6.330161802032022	10.861965906752186	12.361400414733806	15.822854785634915	17.067942744120458	15.14649340491838	16.79817821914627	20.61789570420253	20.71980473107682	20.17933206818679	23.481671380708697	25.520893776746437	26.273304830894503	25.833367282538724	7.08998972560875	28.158315802300873
11.617821853697397	8.205207088150798	5.319973739780319	0.0	5.730111122502167	5.374427706904853	7.458020506489992	9.466490568792713	12.45159900202533	9.951277101313224	9.698817197400036	14.320538884436132	15.053967299933417	13.222384545500555	15.464648695479061	18.809466251023906	19.670504322375322	20.599762131070396	16.91941564602794	14.658587718003732	9.907999989616911	13.304629300851119	16.89887908450988	14.012471109948818	15.332710580017089	11.543173345873456	15.08027504229841	11.67576884031707	11.391996800083012	11.001294552863646	11.080509640878269	7.313011232466865	9.175331767630595	12.702182591275184	15.137807339374731	17.281050683868667	14.356908172224285	14.722017136854548	19.34291432028223	19.884656439337487	18.074473980616304	21.083097794840633	24.11091755827636	24.575270204791668	23.12828799941761	10.241135874578742	25.537126855627307
13.024185483099386	8.318535140496019	7.651837066783293	5.730111122502167	0.0	5.2943400159076095	8.067961700227745	12.231425036315336	13.09218543345223	8.759438753148704	10.639406877886632	15.179775517840628	13.933573606548068	11.546667943739346	15.394409139813003	18.07757859687659	17.4564676009008	18.74188149428763	14.030427920095748	11.71674461255953	6.526277300126443	9.4025305242662	12.434570706257237	9.411401467685486	9.744279238939967	6.404616190830892	10.5719409040759	8.622495330666833	10.32223769855291	8.310625106502036	6.66461764576732	4.599442822238552	5.359321425979343	9.845209264462763	13.378076192872829	13.948181532201	10.008236067461318	11.811665450265023	16.361086058669805	15.594004902991877	13.752742100328874	17.722959588663997	20.107115339983856	19.87395440346698	19.100235923648764	12.671832150097847	21.530300212708052
16.396500077058214	12.213123403934778	9.751287127022556	5.374427706904853	5.2943400159076095	0.0	5.832901334408458	8.294717861497116	9.878209976016256	5.945017882763622	5.543441124423079	10.513595719032947	10.542543377997587	7.915308393356077	10.662081016080311	13.961182522159962	14.413334045005529	15.297657516972345	11.59197115804031	9.715541707674024	5.09531869384352	9.442792202550391	12.360889338317484	9.722748250899857	12.688013007291277	9.705297568978112	13.852813445093693	11.824358825027995	13.582553173771649	12.995266909980351	11.436427094395393	7.869476309049223	6.0221284351254	10.830597780287832	12.235153024095498	14.685916223488357	11.126124364287106	10.322206949769303	15.355243464165078	16.154980793767052	13.516319404924184	16.18631527548147	19.769875203629326	20.14606687054367	18.106021452114554	15.353322993217958	20.505861289336437
17.406833730128163	13.839906610948463	9.234792765861709	7.458020506489992	8.067961700227745	5.832901334408458	0.0	5.219301121868703	5.3842400531947145	4.0615794743580835	6.620712282922636	9.128997326233838	8.866864741992133	9.49594808081174	12.252896186933352	13.599180749386258	14.843854445928	17.496266980476154	13.395948122027312	13.744758152068918	8.691760137583508	14.098255373792588	15.468761019148538	11.17397523421407	13.801004783638389	9.88466315525655	12.402244819257104	9.49795354481085	11.029583511958968	12.525521165181956	11.513236229204837	6.926699514561308	6.132731163934219	7.461405024352411	8.05191809538792	11.506502136077936	10.087782513258094	9.033278635215439	12.90909890732613	14.80407287139845	13.97053006569877	15.730654659466108	18.592562390347595	20.366177635377255	19.06153086336846	16.163975113490274	21.191618008232115
20.008489316838773	17.095677080024235	12.048877272747363	9.466490568792713	12.231425036315336	8.294717861497116	5.219301121868703	0.0	5.101681230461692	7.230825578663432	5.936124967787792	6.935059249258286	9.64941665694321	10.829099520211326	11.240624994816216	12.914607489970049	15.805580961454924	17.875129367014356	15.301209279555048	15.839490590501212	11.959917508527571	17.12195933560143	18.747567356000093	15.179166975809732	18.66495360155235	15.001056819828191	17.557338596222777	14.50692263254241	15.213933307794143	17.1546895725718	16.554247580282944	11.812652871956237	10.930169448539846	12.201496612598577	10.967221918054223	15.628055437394394	14.723824335925292	12.168424407302902	15.710383493776297	18.757239422636637	17.51095127365964	18.07972026803744	21.689299744621536	23.878106477305266	21.708024600485896	18.26951336315202	23.70056240545367
22.590482035778468	19.203160031679165	14.298439836139611	12.45159900202533	13.09218543345223	9.878209976016256	5.3842400531947145	5.101681230461692	0.0	5.337277393722794	7.149908580160556	5.882185398115906	6.08098896336335	9.418522233989126	10.91583356055782	10.441812684961437	12.87088294609365	16.34665708634634	13.162134261217743	15.303498250160397	11.546561298414222	17.046407485159428	17.217993640588258	13.06198984979844	16.755415194633834	13.549010942346683	15.280962981436852	13.194265123443651	15.131760033978953	17.315853969556883	16.035171009650472	11.833221511262533	9.686980161002701	9.323329813971169	6.37878863413103	11.591815485773198	11.750285286416693	8.553814203514678	11.04818479273813	14.749099665895331	14.322851734097803	14.166455136851878	17.305460721480422	20.172039628311335	18.437034294827676	21.207481606077597	20.181460526957565
20.293767895369612	16.183612654675255	12.535103875549503	9.951277101313224	8.759438753148704	5.945017882763622	4.0615794743580835	7.230825578663432	5.337277393722794	0.0	5.3882411212239605	7.426405235700559	5.468043001424273	5.848213994494006	9.490015512594596	10.324227564002204	10.884422162784356	13.801972636962685	9.455909991989637	10.662107191556379	6.312370583947204	11.854733636918423	12.244987384728711	8.112301028175713	12.020457385934229	9.164648831734883	12.027391769993693	10.708179745627861	13.62220082980218	14.34018876637013	12.274882525260885	8.654223777165836	4.869997948249224	7.17215402608911	6.586850426360766	10.05095740941731	7.892301628049004	5.381411382544609	9.905104514816815	11.961169468256529	10.382282452908925	11.850255096183389	15.206614149702	16.847465688955932	15.118157926300277	19.294863628441536	17.238665845629406
21.2656221059881	17.436615391950493	13.922118268039718	9.698817197400036	10.639406877886632	5.543441124423079	6.620712282922636	5.936124967787792	7.149908580160556	5.3882411212239605	0.0	5.252115841982031	7.156763937337966	5.656884672927183	6.176436721015636	9.415650789971217	11.464651877553875	12.473499478325671	10.2167938230513	10.228166363682677	7.640491291114762	12.231066838314872	13.826755958308526	11.462606477153871	15.984276331957128	13.427231152062296	16.99692851785786	15.24419473102234	17.26795547438384	17.72250046996816	16.047013254300463	12.088881653851493	9.01313458542233	12.453415752209068	11.359214507196288	15.37403897042672	12.852219614310592	9.591868831426494	14.167028397655491	16.63068813248528	13.846437410897204	14.623897833450531	19.06081441144795	20.313942165687	17.327557647689922	19.89078346404452	19.46028721055445
25.678478614769702	22.027486258568278	17.79743713055594	14.320538884436132	15.179775517840628	10.513595719032947	9.128997326233838	6.935059249258286	5.882185398115906	7.426405235700559	5.252115841982031	0.0	5.279776363584613	7.262295650109559	5.920763476690136	6.213004421458816	10.112249205865533	12.219105111480967	11.069779681068676	13.254516107982132	11.586612807431708	16.237097600388488	16.444091229991386	13.882725370712606	18.847428591739146	16.531725946203327	19.230356728307928	17.787722897074808	20.042265449476673	21.351815238041723	19.611774644705125	15.596746960727785	12.190072346357473	13.818035502930778	10.628495943908815	15.568835150086493	14.507770940810326	9.903643002794817	12.953398054233075	16.869295848763528	14.774359577745493	13.66055446126776	18.194535404581817	20.529918249981645	17.324440749616485	24.194485075553235	19.000044821744353
25.744841967831313	21.624836776546324	17.89328983688358	15.053967299933417	13.933573606548068	10.542543377997587	8.866864741992133	9.64941665694321	6.08098896336335	5.468043001424273	7.156763937337966	5.279776363584613	0.0	5.2585595872830355	7.39375674220909	5.4750072070927045	6.80489466910118	10.838660399322542	7.777350702452377	11.386746244402913	9.553587775743516	14.243409964700023	13.070436931066713	9.928529608481613	14.907126577084314	13.283412593832976	15.478648463165515	15.180331916263741	18.49087590356121	19.4672227065282	17.084229039169337	13.928966471143948	9.516987728341011	10.474329879643987	6.972406127211878	11.14288750529853	10.155381798573607	5.012199124396698	7.841937189611676	11.68738633316184	9.933879835357514	8.74674434070577	12.98393345293821	15.474073317896432	12.852084951305505	24.678574271290845	14.51827595314488
24.072356793702234	19.63434706313734	17.07351312102409	13.222384545500555	11.546667943739346	7.915308393356077	9.49594808081174	10.829099520211326	9.418522233989126	5.848213994494006	5.656884672927183	7.262295650109559	5.2585595872830355	0.0	5.195369414426652	6.973089489459845	6.563715584870134	8.06678713251655	4.5775734651329945	6.32659454087751	5.7197810227657335	9.523155614824203	9.212539928905239	7.6131995029906525	13.108031341324212	12.104925287742052	15.588874358472724	15.531893900003716	18.89129301674455	18.62473060510697	15.934393564657176	13.246630399539262	8.314879494863018	11.929020062676921	10.586678522623808	13.437199644041272	10.229910923822748	6.27502103762957	10.876417801949163	12.752664333221304	8.96985813398481	9.613380156742263	14.423379639581471	15.124432852968505	11.732596555439253	23.165245490583445	13.89501807376693
26.947111768882163	22.85650879668361	19.923064356553382	15.464648695479061	15.394409139813003	10.662081016080311	12.252896186933352	11.240624994816216	10.91583356055782	9.490015512594596	6.176436721015636	5.920763476690136	7.39375674220909	5.195369414426652	0.0	5.463263570031758	7.816747271184889	7.234217382131506	7.889481823692174	9.193269550381961	10.131850184571595	13.051620617207146	13.303389484945068	12.74495415162138	18.250713730255445	17.070271437243125	20.586737955972	19.997125628312546	22.78958602228223	22.88239353926345	20.567316212978934	17.314430621521307	12.984469398515468	16.34384682232474	14.062047412046377	17.87840440950535	15.289482035010618	10.777559000504946	14.55134974548703	17.372589912207268	13.614870353892883	12.8002538314002	18.114630247065065	19.11007348263191	14.849926610753494	25.699790666798993	16.634146323295706
30.075141007266772	25.912448255443664	22.43883599268831	18.809466251023906	18.07757859687659	13.961182522159962	13.599180749386258	12.914607489970049	10.441812684961437	10.324227564002204	9.415650789971217	6.213004421458816	5.4750072070927045	6.973089489459845	5.463263570031758	0.0	5.0532746453538415	7.662411074441573	8.075913172399176	12.06599401944998	12.657852728880071	16.080369703743436	14.609222978868095	13.320896152201062	18.856781879109576	17.985358043612163	20.506363552172512	20.512997955915893	23.802890206746245	24.497813254695924	21.96777891896525	18.907337674035496	14.2183291110454	15.877717966432977	12.182697423302294	16.057659393689093	14.809956319917186	9.510822989481223	11.40118231655408	15.27645921454568	12.526974688806561	9.742873949764947	14.864013666979728	16.99194671283011	12.968873562200663	28.898453122507863	14.194903019682446
30.262424542136017	25.727034209548755	23.113580092835114	19.670504322375322	17.4564676009008	14.413334045005529	14.843854445928	15.805580961454924	12.87088294609365	10.884422162784356	11.464651877553875	10.112249205865533	6.80489466910118	6.563715584870134	7.816747271184889	5.0532746453538415	0.0	5.56838227206756	4.517020840911162	9.714399590333272	11.345991126883819	13.683650321703794	10.851099335163726	10.420350751071972	15.860059468592032	16.171034721909376	18.583857466763202	19.723640484653153	23.714751277100543	23.668056487882225	20.587418702011824	18.55009902271933	13.270238457415463	15.18605008932457	12.342354755051138	14.591007092818428	12.62327572490961	7.947628069213724	9.558913411760866	12.092577125484958	8.573046743353906	5.646928083061837	11.114900023194762	12.332280052656285	7.951117320249018	29.464055002539048	9.28658041926903
31.337202383723135	26.789005643081225	24.882005243737314	20.599762131070396	18.74188149428763	15.297657516972345	17.496266980476154	17.875129367014356	16.34665708634634	13.801972636962685	12.473499478325671	12.219105111480967	10.838660399322542	8.06678713251655	7.234217382131506	7.662411074441573	5.56838227206756	0.0	5.891186680226997	8.322751954413643	12.288408998152898	12.838462972044674	10.961958336917577	12.729065600737757	18.171381452029724	18.81120464848244	22.077702893525228	23.030606591665933	26.753050402133898	26.042356731876524	22.972166316281612	21.006209067224585	15.826732777044793	19.172216500834107	17.075582046277948	19.344802791490153	16.31537844367995	12.240390350256215	14.892404195069002	16.55997414111806	11.924220144632574	10.41537644346179	15.701903421316208	15.429303933955222	10.203729983657718	30.519448164667082	11.54967586157064
27.006491819860692	22.318335856111332	20.509030065789865	16.91941564602794	14.030427920095748	11.59197115804031	13.395948122027312	15.301209279555048	13.162134261217743	9.455909991989637	10.2167938230513	11.069779681068676	7.777350702452377	4.5775734651329945	7.889481823692174	8.075913172399176	4.517020840911162	5.891186680226997	0.0	5.460567442958045	7.612223113742569	9.199554694035864	6.600376855433582	6.921956462881566	12.460097351792395	13.089775357095164	16.210568173893265	17.458714424319712	21.47592347211582	20.655801190516655	17.419398283439378	15.85139521595143	10.492296640363307	13.741859012334805	12.500566128849238	13.973050729562994	10.489323734880836	7.06086975430639	10.461190073581497	11.29749838447724	6.478274534442448	6.877040988940868	11.833920791184568	11.568152630272767	7.475554230911547	26.41057472526089	9.67741653430179
24.131682326453046	19.44167191319515	18.78527823010504	14.658587718003732	11.71674461255953	9.715541707674024	13.744758152068918	15.839490590501212	15.303498250160397	10.662107191556379	10.228166363682677	13.254516107982132	11.386746244402913	6.32659454087751	9.193269550381961	12.06599401944998	9.714399590333272	8.322751954413643	5.460567442958045	0.0	5.695717679143054	4.557572335090005	5.1324826998677855	7.446568858130669	11.99381012737165	12.60780954463049	16.737673234094434	17.53069127233387	21.013698841712905	19.24178226288974	16.17551488349099	14.943936847415042	10.327735402645684	15.244826870774405	15.566248399272691	16.744907820043114	12.089431162765235	10.386217423177554	14.836968331029038	14.573647618891586	9.51846132938876	11.966938841316745	16.24272334976712	14.78634952271285	11.270982503238585	23.666528740202903	13.63616991810008
19.432912694457446	14.739208961648448	13.426487706475923	9.907999989616911	6.526277300126443	5.09531869384352	8.691760137583508	11.959917508527571	11.546561298414222	6.312370583947204	7.640491291114762	11.586612807431708	9.553587775743516	5.7197810227657335	10.131850184571595	12.657852728880071	11.345991126883819	12.288408998152898	7.612223113742569	5.695717679143054	0.0	5.570777531026534	7.315851879774037	5.15650359840706	9.116751018515956	7.865919636053616	12.251034735645652	12.13609708721335	15.380860683940423	13.986186986722117	11.173623509662901	9.301433082490988	4.89136486790128	10.328571390633492	11.705319021261305	12.950026772022412	8.315139193891543	7.735893811103492	12.821048473943486	12.639787379378895	9.057429568355754	12.411257883005737	15.921815610151434	15.51095712801486	13.457788313030044	18.905103415161168	15.927177438214738
21.058164855951876	16.327398580557922	16.897697160810864	13.304629300851119	9.4025305242662	9.442792202550391	14.098255373792588	17.12195933560143	17.046407485159428	11.854733636918423	12.231066838314872	16.237097600388488	14.243409964700023	9.523155614824203	13.051620617207146	16.080369703743436	13.683650321703794	12.838462972044674	9.199554694035864	4.557572335090005	5.570777531026534	0.0	5.244563946840564	7.368947174270505	9.809602314269124	10.657267009199655	15.044824655303545	15.88249088954198	19.095855819946134	16.44181264834233	13.426204102508473	13.182770804148895	9.651561624625021	14.968621300681304	16.794113851683093	17.01639660907978	11.811026058736415	12.101116647892331	16.66118165306937	15.209040907539391	10.741022666035784	14.679133421737253	17.93669390646076	15.859184487462043	13.661310722147924	20.956661398795674	16.09729961052932
24.875634317084785	20.03077726557669	19.96479098291208	16.89887908450988	12.434570706257237	12.360889338317484	15.468761019148538	18.747567356000093	17.217993640588258	12.244987384728711	13.826755958308526	16.444091229991386	13.070436931066713	9.212539928905239	13.303389484945068	14.609222978868095	10.851099335163726	10.961958336917577	6.600376855433582	5.1324826998677855	7.315851879774037	5.244563946840564	0.0	5.35188723198982	8.564536751029957	10.920352276971173	14.321097653157995	16.4625571965032	20.585369377586467	18.362803393980947	14.795211423444758	14.977975306761175	10.377313194471546	14.417884005481342	15.485234231172816	14.957773069729097	10.090423645574166	10.130724547555532	13.577493288899426	11.587948159001101	6.6316532858173005	10.558869676386784	13.396878635740471	10.80611775611927	8.656634174904742	24.847408528606444	11.042493873677234
22.133227978020102	17.364425375685656	16.26542440811413	14.012471109948818	9.411401467685486	9.722748250899857	11.17397523421407	15.179166975809732	13.06198984979844	8.112301028175713	11.462606477153871	13.882725370712606	9.928529608481613	7.6131995029906525	12.74495415162138	13.320896152201062	10.420350751071972	12.729065600737757	6.921956462881566	7.446568858130669	5.15650359840706	7.368947174270505	5.35188723198982	0.0	5.686462013184709	6.5157272300145195	9.726846214977142	11.585628905393747	15.942863652902934	14.504222586501465	10.965574756769946	10.624512062786732	5.720499921306115	9.073688001998057	10.55378672513447	9.926848065166833	4.899479262227046	5.861774609518837	9.703392145715888	8.001135579340149	4.4692964198074066	9.114285098530008	11.449931877093801	10.678032670907674	9.820198197442593	21.975316631146775	12.200275429228348
20.404709775278636	15.826031759732064	16.034696822588625	15.332710580017089	9.744279238939967	12.688013007291277	13.801004783638389	18.66495360155235	16.755415194633834	12.020457385934229	15.984276331957128	18.847428591739146	14.907126577084314	13.108031341324212	18.250713730255445	18.856781879109576	15.860059468592032	18.171381452029724	12.460097351792395	11.99381012737165	9.116751018515956	9.809602314269124	8.564536751029957	5.686462013184709	0.0	4.610477829313821	6.5055960726503095	9.78227176538749	14.14633847539675	11.669364825176686	7.891953396383583	10.121232941215574	7.753834509345254	9.613727562344115	13.188546168461034	10.38149861996818	5.8336402974005335	10.25427968491203	12.733984992450418	8.98093441636492	8.10764752117657	13.301721165274358	13.506331376230657	11.949305627778674	13.334963183214954	20.845771791034306	15.395550103055273
17.021192480978694	12.539001703307854	11.727754488133655	11.543173345873456	6.404616190830892	9.705297568978112	9.88466315525655	15.001056819828191	13.549010942346683	9.164648831734883	13.427231152062296	16.531725946203327	13.283412593832976	12.104925287742052	17.070271437243125	17.985358043612163	16.171034721909376	18.81120464848244	13.089775357095164	12.60780954463049	7.865919636053616	10.657267009199655	10.920352276971173	6.5157272300145195	4.610477829313821	0.0	4.701603804155523	5.715315554856063	9.959883284165088	8.17333219474512	4.6065643478867155	5.58447691332828	4.452246731139119	6.2596052176212185	10.729289669678174	8.972125782181012	4.91947887475575	9.23258701246873	12.394809841506671	10.209386019818096	9.904273931164193	14.40233295422538	15.257150244244157	15.084514627441106	15.816382108957296	17.161729464689206	17.997161987014664
18.792688487784844	14.946943125892735	13.863964865404887	15.08027504229841	10.5719409040759	13.852813445093693	12.402244819257104	17.557338596222777	15.280962981436852	12.027391769993693	16.99692851785786	19.230356728307928	15.478648463165515	15.588874358472724	20.586737955972	20.506363552172512	18.583857466763202	22.077702893525228	16.210568173893265	16.737673234094434	12.251034735645652	15.044824655303545	14.321097653157995	9.726846214977142	6.5055960726503095	4.701603804155523	0.0	4.858707532185568	9.389602225996839	8.593477981450853	5.875951333017445	7.960320870058817	8.197642068691039	6.097591307901977	10.913375729864256	7.221774138481968	5.961781070544935	11.084440178263598	12.357426030898635	9.53183747632266	11.574268699838207	15.59725951919801	14.863218120607568	15.301370525397077	17.399247417624945	19.151324279814297	19.19837141746789
15.218054692249535	11.775381357651165	9.528244543079294	11.67576884031707	8.622495330666833	11.824358825027995	9.49795354481085	14.50692263254241	13.194265123443651	10.708179745627861	15.24419473102234	17.787722897074808	15.180331916263741	15.531893900003716	19.997125628312546	20.512997955915893	19.723640484653153	23.030606591665933	17.458714424319712	17.53069127233387	12.13609708721335	15.88249088954198	16.4625571965032	11.585628905393747	9.78227176538749	5.715315554856063	4.858707532185568	0.0	4.878153764222292	5.701256231535764	4.745997651479992	4.465649793976321	7.460344461571737	5.303341064293688	10.470736323083004	8.926709906663486	8.153060482351057	11.931521167796383	14.069752651048594	12.905643870218471	14.304958781252894	17.86008762000066	18.133419588205193	19.17089276604432	20.340728032791713	15.221395933090921	22.328776704193647
12.02113988686343	9.914441184764822	7.242000194971391	11.391996800083012	10.32223769855291	13.582553173771649	11.029583511958968	15.213933307794143	15.131760033978953	13.62220082980218	17.26795547438384	20.042265449476673	18.49087590356121	18.89129301674455	22.78958602228223	23.802890206746245	23.714751277100543	26.753050402133898	21.47592347211582	21.013698841712905	15.380860683940423	19.095855819946134	20.585369377586467	15.942863652902934	14.14633847539675	9.959883284165088	9.389602225996839	4.878153764222292	0.0	4.84818679694551	7.081936502948209	6.127102985793541	11.05227728237041	9.378083743920252	13.862630644464003	13.223239200017952	12.909963945461595	16.079022985576703	18.368713437563507	17.70855230880875	18.998951291580386	22.39137403874657	22.874823269021146	24.045259118432263	25.030212722834236	11.932708284746038	27.074545946988934
10.357485829254742	7.254583671061148	7.720047033100286	11.001294552863646	8.310625106502036	12.995266909980351	12.525521165181956	17.1546895725718	17.315853969556883	14.34018876637013	17.72250046996816	21.351815238041723	19.4672227065282	18.62473060510697	22.88239353926345	24.497813254695924	23.668056487882225	26.042356731876524	20.655801190516655	19.24178226288974	13.986186986722117	16.44181264834233	18.362803393980947	14.504222586501465	11.669364825176686	8.17333219474512	8.593477981450853	5.701256231535764	4.84818679694551	0.0	3.7899032929613585	5.7599506257383215	10.471645857786935	10.720940897045969	15.810564853856519	14.435525861529786	12.49321367582663	16.4061486186083	19.30352062296904	17.5592172979578	18.05993486237291	22.30736835557039	22.85106887132483	22.94659771790428	23.989383514375035	11.011942727146925	26.15906969499449
13.256124251824211	9.21185926471994	9.495829295463224	11.080509640878269	6.66461764576732	11.436427094395393	11.513236229204837	16.554247580282944	16.035171009650472	12.274882525260885	16.047013254300463	19.611774644705125	17.084229039169337	15.934393564657176	20.567316212978934	21.96777891896525	20.587418702011824	22.972166316281612	17.419398283439378	16.17551488349099	11.173623509662901	13.426204102508473	14.795211423444758	10.965574756769946	7.891953396383583	4.6065643478867155	5.875951333017445	4.745997651479992	7.081936502948209	3.7899032929613585	0.0	4.844556213659088	7.7822004932898174	8.704069990015176	13.84465724300947	12.033785777074836	9.227177992606567	13.497063018143256	16.477811192889984	14.280835121257075	14.476861556825499	18.974450012618718	19.51512749647206	19.284353167926437	20.340510047002883	13.781909081281674	22.508692012724843
12.90687647273847	8.873102848038279	6.330161802032022	7.313011232466865	4.599442822238552	7.869476309049223	6.926699514561308	11.812652871956237	11.833221511262533	8.654223777165836	12.088881653851493	15.596746960727785	13.928966471143948	13.246630399539262	17.314430621521307	18.907337674035496	18.55009902271933	21.006209067224585	15.85139521595143	14.943936847415042	9.301433082490988	13.182770804148895	14.977975306761175	10.624512062786732	10.121232941215574	5.58447691332828	7.960320870058817	4.465649793976321	6.127102985793541	5.7599506257383215	4.844556213659088	0.0	5.404352702068674	6.801477314122005	11.152918535746505	11.327552443271173	8.928136207002384	11.494947413219204	15.075520373471315	14.511795481771642	14.29080874166313	17.92923906735526	19.460449845754034	20.10832622266365	20.171824240941465	12.54093776058318	22.418868827836334
17.62018041771747	13.121086556403744	10.861965906752186	9.175331767630595	5.359321425979343	6.0221284351254	6.132731163934219	10.930169448539846	9.686980161002701	4.869997948249224	9.01313458542233	12.190072346357473	9.516987728341011	8.314879494863018	12.984469398515468	14.2183291110454	13.270238457415463	15.826732777044793	10.492296640363307	10.327735402645684	4.89136486790128	9.651561624625021	10.377313194471546	5.720499921306115	7.753834509345254	4.452246731139119	8.197642068691039	7.460344461571737	11.05227728237041	10.471645857786935	7.7822004932898174	5.404352702068674	0.0	5.68692775373591	8.475586605458206	9.171879441447754	5.281451449877734	6.609783624431722	11.004648595592883	10.74133428590224	9.349560388898922	12.837660941707036	15.114564449246153	15.666130360026443	15.013149721929999	17.15325507503954	17.306601071681587
19.45419706417847	15.631842425005221	12.361400414733806	12.702182591275184	9.845209264462763	10.830597780287832	7.461405024352411	12.201496612598577	9.323329813971169	7.17215402608911	12.453415752209068	13.818035502930778	10.474329879643987	11.929020062676921	16.34384682232474	15.877717966432977	15.18605008932457	19.172216500834107	13.741859012334805	15.244826870774405	10.328571390633492	14.968621300681304	14.417884005481342	9.073688001998057	9.613727562344115	6.2596052176212185	6.097591307901977	5.303341064293688	9.378083743920252	10.720940897045969	8.704069990015176	6.801477314122005	5.68692775373591	0.0	5.300677780863393	4.7420977388521415	4.952943871978377	7.258030969603616	9.010274860254434	9.175321032145611	10.751551896448087	13.25919743239246	13.925028615413765	15.88788947902315	16.550572351483204	19.03226918232452	18.39801183907
23.666835934387553	19.910483846062743	15.822854785634915	15.137807339374731	13.378076192872829	12.235153024095498	8.05191809538792	10.967221918054223	6.37878863413103	6.586850426360766	11.359214507196288	10.628495943908815	6.972406127211878	10.586678522623808	14.062047412046377	12.182697423302294	12.342354755051138	17.075582046277948	12.500566128849238	15.566248399272691	11.705319021261305	16.794113851683093	15.485234231172816	10.55378672513447	13.188546168461034	10.729289669678174	10.913375729864256	10.470736323083004	13.862630644464003	15.810564853856519	13.84465724300947	11.152918535746505	8.475586605458206	5.300677780863393	0.0	5.437748343013719	7.412787884461321	5.634707604609487	5.956647363411454	9.209537174619701	10.69644813346057	10.901172240586302	12.28510452841001	15.584356254540667	15.371775395497549	22.86170216494501	16.890183402730717
23.877475808785285	20.016360416305677	17.067942744120458	17.281050683868667	13.948181532201	14.685916223488357	11.506502136077936	15.628055437394394	11.591815485773198	10.05095740941731	15.37403897042672	15.568835150086493	11.14288750529853	13.437199644041272	17.87840440950535	16.057659393689093	14.591007092818428	19.344802791490153	13.973050729562994	16.744907820043114	12.950026772022412	17.01639660907978	14.957773069729097	9.926848065166833	10.38149861996818	8.972125782181012	7.221774138481968	8.926709906663486	13.223239200017952	14.435525861529786	12.033785777074836	11.327552443271173	9.171879441447754	4.7420977388521415	5.437748343013719	0.0	5.304672249079181	7.341135550010741	6.101795128892425	5.872672262427597	9.546344523388505	11.143561863568548	10.260372603442786	13.03939329866242	14.67338911922421	23.6150739613993	16.037499255933025
21.489466785253644	17.074158173695086	15.14649340491838	14.356908172224285	10.008236067461318	11.126124364287106	10.087782513258094	14.723824335925292	11.750285286416693	7.892301628049004	12.852219614310592	14.507770940810326	10.155381798573607	10.229910923822748	15.289482035010618	14.809956319917186	12.62327572490961	16.31537844367995	10.489323734880836	12.089431162765235	8.315139193891543	11.811026058736415	10.090423645574166	4.899479262227046	5.8336402974005335	4.91947887475575	5.961781070544935	8.153060482351057	12.909963945461595	12.49321367582663	9.227177992606567	8.928136207002384	5.281451449877734	4.952943871978377	7.412787884461321	5.304672249079181	0.0	5.357291868552956	7.564011097187653	5.686256268055355	6.224416757758909	9.969560480601952	10.61782859972992	11.431905360860393	12.224008938106422	21.35357714827967	14.181266202522664
24.108062979228723	19.70343901453801	16.79817821914627	14.722017136854548	11.811665450265023	10.322206949769303	9.033278635215439	12.168424407302902	8.553814203514678	5.381411382544609	9.591868831426494	9.903643002794817	5.012199124396698	6.27502103762957	10.777559000504946	9.510822989481223	7.947628069213724	12.240390350256215	7.06086975430639	10.386217423177554	7.735893811103492	12.101116647892331	10.130724547555532	5.861774609518837	10.25427968491203	9.23258701246873	11.084440178263598	11.931521167796383	16.079022985576703	16.4061486186083	13.497063018143256	11.494947413219204	6.609783624431722	7.258030969603616	5.634707604609487	7.341135550010741	5.357291868552956	0.0	5.203546746254857	7.158109308613733	5.7999801624019724	6.824332483013047	9.839968394701492	11.76280501057614	10.481603626516902	23.485821740052277	12.397301328903163
27.979069544602705	23.765537285003287	20.61789570420253	19.34291432028223	16.361086058669805	15.355243464165078	12.90909890732613	15.710383493776297	11.04818479273813	9.905104514816815	14.167028397655491	12.953398054233075	7.841937189611676	10.876417801949163	14.55134974548703	11.40118231655408	9.558913411760866	14.892404195069002	10.461190073581497	14.836968331029038	12.821048473943486	16.66118165306937	13.577493288899426	9.703392145715888	12.733984992450418	12.394809841506671	12.357426030898635	14.069752651048594	18.368713437563507	19.30352062296904	16.477811192889984	15.075520373471315	11.004648595592883	9.010274860254434	5.956647363411454	6.101795128892425	7.564011097187653	5.203546746254857	0.0	5.3581328808024296	7.32469640954287	5.932469930132453	6.492928507857059	10.45126723865475	10.580005017071349	27.45234899866076	11.608116932058028
27.031752142103358	22.655322403416267	20.71980473107682	19.884656439337487	15.594004902991877	16.154980793767052	14.80407287139845	18.757239422636637	14.749099665895331	11.961169468256529	16.63068813248528	16.869295848763528	11.68738633316184	12.752664333221304	17.372589912207268	15.27645921454568	12.092577125484958	16.55997414111806	11.29749838447724	14.573647618891586	12.639787379378895	15.209040907539391	11.587948159001101	8.001135579340149	8.98093441636492	10.209386019818096	9.53183747632266	12.905643870218471	17.70855230880875	17.5592172979578	14.280835121257075	14.511795481771642	10.74133428590224	9.175321032145611	9.209537174619701	5.872672262427597	5.686256268055355	7.158109308613733	5.3581328808024296	0.0	5.357912992387364	7.270569082512493	5.343252746269964	7.169117247025739	9.522478822052086	26.971774392196032	10.688169110735894
26.35893980293708	21.64841959155841	20.17933206818679	18.074473980616304	13.752742100328874	13.516319404924184	13.97053006569877	17.51095127365964	14.322851734097803	10.382282452908925	13.846437410897204	14.774359577745493	9.933879835357514	8.96985813398481	13.614870353892883	12.526974688806561	8.573046743353906	11.924220144632574	6.478274534442448	9.51846132938876	9.057429568355754	10.741022666035784	6.6316532858173005	4.4692964198074066	8.10764752117657	9.904273931164193	11.574268699838207	14.304958781252894	18.998951291580386	18.05993486237291	14.476861556825499	14.29080874166313	9.349560388898922	10.751551896448087	10.69644813346057	9.546344523388505	6.224416757758909	5.7999801624019724	7.32469640954287	5.357912992387364	0.0	5.315695911766505	7.236606763495367	6.666651399569422	6.040937709529054	26.1922780355601	8.167027066615177
30.433575079887767	25.83631242582389	23.481671380708697	21.083097794840633	17.722959588663997	16.18631527548147	15.730654659466108	18.07972026803744	14.166455136851878	11.850255096183389	14.623897833450531	13.66055446126776	8.74674434070577	9.613380156742263	12.8002538314002	9.742873949764947	5.646928083061837	10.41537644346179	6.877040988940868	11.966938841316745	12.411257883005737	14.679133421737253	10.558869676386784	9.114285098530008	13.301721165274358	14.40233295422538	15.59725951919801	17.86008762000066	22.39137403874657	22.30736835557039	18.974450012618718	17.92923906735526	12.837660941707036	13.25919743239246	10.901172240586302	11.143561863568548	9.969560480601952	6.824332483013047	5.932469930132453	7.270569082512493	5.315695911766505	0.0	5.488412430953008	7.463802537204278	5.153546932806188	29.970562614991373	6.214263540632652
32.1020915508263	27.625929561744538	25.520893776746437	24.11091755827636	20.107115339983856	19.769875203629326	18.592562390347595	21.689299744621536	17.305460721480422	15.206614149702	19.06081441144795	18.194535404581817	12.98393345293821	14.423379639581471	18.114630247065065	14.864013666979728	11.114900023194762	15.701903421316208	11.833920791184568	16.24272334976712	15.921815610151434	17.93669390646076	13.396878635740471	11.449931877093801	13.506331376230657	15.257150244244157	14.863218120607568	18.133419588205193	22.874823269021146	22.85106887132483	19.51512749647206	19.460449845754034	15.114564449246153	13.925028615413765	12.28510452841001	10.260372603442786	10.61782859972992	9.839968394701492	6.492928507857059	5.343252746269964	7.236606763495367	5.488412430953008	0.0	5.213750844638689	7.38781421573597	31.931409981429848	7.315503281989234
31.966997321298994	27.299037883083813	26.273304830894503	24.575270204791668	19.87395440346698	20.14606687054367	20.366177635377255	23.878106477305266	20.172039628311335	16.847465688955932	20.313942165687	20.529918249981645	15.474073317896432	15.124432852968505	19.11007348263191	16.99194671283011	12.332280052656285	15.429303933955222	11.568152630272767	14.78634952271285	15.51095712801486	15.859184487462043	10.80611775611927	10.678032670907674	11.949305627778674	15.084514627441106	15.301370525397077	19.17089276604432	24.045259118432263	22.94659771790428	19.284353167926437	20.10832622266365	15.666130360026443	15.88788947902315	15.584356254540667	13.03939329866242	11.431905360860393	11.76280501057614	10.45126723865475	7.169117247025739	6.666651399569422	7.463802537204278	5.213750844638689	0.0	5.40691902210175	32.07253606340269	5.508096124003863
31.939743559744482	27.14925428374188	25.833367282538724	23.12828799941761	19.100235923648764	18.106021452114554	19.06153086336846	21.708024600485896	18.437034294827676	15.118157926300277	17.327557647689922	17.324440749616485	12.852084951305505	11.732596555439253	14.849926610753494	12.968873562200663	7.951117320249018	10.203729983657718	7.475554230911547	11.270982503238585	13.457788313030044	13.661310722147924	8.656634174904742	9.820198197442593	13.334963183214954	15.816382108957296	17.399247417624945	20.340728032791713	25.030212722834236	23.989383514375035	20.340510047002883	20.171824240941465	15.013149721929999	16.550572351483204	15.371775395497549	14.67338911922421	12.224008938106422	10.481603626516902	10.580005017071349	9.522478822052086	6.040937709529054	5.153546932806188	7.38781421573597	5.40691902210175	0.0	31.739364940098707	2.5006628225916674
2.449148304194867	5.30232027358132	7.08998972560875	10.241135874578742	12.671832150097847	15.353322993217958	16.163975113490274	18.26951336315202	21.207481606077597	19.294863628441536	19.89078346404452	24.194485075553235	24.678574271290845	23.165245490583445	25.699790666798993	28.898453122507863	29.464055002539048	30.519448164667082	26.41057472526089	23.666528740202903	18.905103415161168	20.956661398795674	24.847408528606444	21.975316631146775	20.845771791034306	17.161729464689206	19.151324279814297	15.221395933090921	11.932708284746038	11.011942727146925	13.781909081281674	12.54093776058318	17.15325507503954	19.03226918232452	22.86170216494501	23.6150739613993	21.35357714827967	23.485821740052277	27.45234899866076	26.971774392196032	26.1922780355601	29.970562614991373	31.931409981429848	32.07253606340269	31.739364940098707	0.0	34.14301947105419
