0.0	5.818983479115626	7.5008567348660975	10.724042835461024	11.553053337034155	12.17245563374118	16.573589773020306	18.298413175147438	22.48090553716532	25.515547512031812	28.728662863365173	31.69002348029308	35.87573067953116	38.72723646061295	41.187006800850654	42.34270462903062	41.695583298435665	40.489580414950105	38.1356266574166	34.329105271686146	30.636851234116936	26.962603471656568	23.851819133369037	20.61348240190082	16.825121081560194	14.705008578137988	9.906125025981295	10.817521381190783	7.942681294044241	5.804821230647458	10.669151022229517	12.292477312248385	15.194517513841365	18.90181462500779	21.2908804112287	24.79917286054976	28.287986500077384	31.893542836655637	34.360756313508965	39.263916259007225	40.85388569969787	35.95511526859402	37.59577259296521	35.00503460676306	34.93814831647238	34.12978632353324	31.076429956044795	29.382164823633666	29.731091995649397	28.52899452323752	24.53673396077035	23.71188231271976	25.800660202510453	23.429354463906336	18.8383897088967	20.456388008093093	22.631646877185823	17.755802567266493	16.106441195418327	17.356785856462754	15.399348291646971	17.974783879425928	13.431872891865256	13.728019532612752	15.72491735836274	15.246362003284771	19.15833856795051	19.25481691491457	23.833047882632403	27.117749227404275	28.263781383161152	32.966645801342416	32.93847676848523	27.805666549918776	29.32552172908801	34.23060735030419	32.29399459017678	27.94475810631834	31.089737634436453	35.71296910841106	35.72770989288611	31.98152026708636	34.204386949398504	38.92132146595948	37.09342107614506	35.33678021453068	39.66203371379819	42.37895316221083	40.93537795692122	38.75535323352942	44.12915567102231	44.7218576857063	47.57288424948239	50.05727067371812	49.28877350414892	46.980130969656116	42.88083849302151	39.62924861789601	39.985470302212775	35.986785276287904	38.05767353805162	35.85461885965693	32.057036757162855	33.016119174027	33.48799387103809	29.89364743996942	27.503332410987216	29.70727212485968	28.203922201813377	23.545407054276758	24.463586358404342	24.838485455949524	21.573605074106933	18.612971634576507	18.464381741762438	20.413707100237364	18.458298581241017	23.107775358631535	20.42293830585973	26.336414029947758	24.010219945529183	29.23443996920551	29.01351806257614	31.106799472450575	27.5874756545089	23.71878089684593	19.064291333729305	19.559705064928778	17.472387858136322	22.28352216663417	24.329832560916373	21.279387422804742	22.62707483665486	27.117065772681354	26.5898903305163	24.622279942899866	27.861712627101692	31.49307895205176	29.74892354786553	29.69852739179317	33.931128027453035	35.33592399996644	34.773030206338845	35.99041579946772	34.10443865477638	33.24369373545141	38.03595535290523	35.954947873533776	37.45344717710065	37.786943734983154	39.23880801173503	43.03548678335874	46.68434655683461	46.53708520932663	44.811756732283115	2.443500556827544	44.15926731989224
5.818983479115626	0.0	5.762904465836368	6.0847393074278235	7.620874301945731	6.670564737442676	11.723313638866644	13.179094464232127	17.520700339885728	20.580859679698996	23.98456769233954	27.124667956087972	31.250979366313533	34.37167745433684	36.55520449498703	37.46668158382106	37.27120366103988	36.20273967795064	34.24636152331186	30.17589049409659	26.641013955426796	22.798573804125	19.77522398506051	16.492861756014104	12.720406247545347	11.339328031632238	5.87176643564679	8.875849604455437	8.973503207242212	7.307973739294159	10.66414304113446	10.211153437366756	13.23053236382341	16.236907263578786	18.23617433302827	21.590201239259432	25.228165062781077	28.46323642597465	30.68842724219891	35.85069133333523	36.94414317627798	31.798535657740825	32.86662122055225	30.01639122434891	29.92056341345345	29.666131266062678	26.57642504231761	24.329886643057623	25.067741867138164	24.4362768931422	19.992950872734216	18.990820568766303	21.90571343978659	20.083213438382405	14.872937975377864	16.708074821253845	19.867301245857952	15.457062187232399	13.712473264990095	16.899395017500417	14.96158580287976	16.285131032440496	10.897958048425409	10.397638729208298	11.29932565376178	9.68033620599557	13.87360882772706	13.533101955299284	18.330256788725258	21.513113333947558	22.84283324768733	27.316573950393547	27.594797788826064	22.498178843903123	23.67860562694868	28.710154085565843	27.061200722289335	22.722023852866553	25.635227632611468	30.315352983570158	30.612706343613965	27.212666781004827	29.50485738675618	34.09991264174802	32.46962225950604	31.185407179184647	35.37971840466362	37.89651983986407	36.86080830795036	34.572369792424574	39.695278046201594	39.89077510628495	42.60257234508773	45.209108848933944	44.83551437052946	42.4246238893872	38.62542628528052	34.9649482438201	35.16147516030659	31.38505918079753	33.82098028245042	32.00305994335801	27.80917434765772	28.520463955060144	29.688936957790435	26.269388397264432	23.189229628057166	25.68177386383493	25.009272733712905	20.058026976060653	20.326878214507087	21.491915110096187	19.00950183053481	15.177791168023205	14.979978801755857	15.762537685072905	13.335185420756261	17.6288337181949	14.622508438612819	20.5412492970443	18.281215734816826	23.556012902238624	23.498118199907744	25.784737104600026	22.160468936758654	18.317976352840386	13.889298244804147	15.331926617320574	12.667013054135506	17.02091984406535	19.727550082090715	17.31177364660244	17.968125739143023	22.404504828055693	22.67168601469416	20.924360095721667	23.488989560223207	27.278143682290665	26.34473414103585	26.202171851261486	29.89288759761335	31.821151498321353	31.839044349245224	32.61608121464563	31.553252413132615	30.307901813460738	34.949952741475826	32.17799801143519	34.23615237302461	34.034840315369344	35.16813001344099	38.81799869133411	42.26246331705907	42.24004016251356	40.4856797487944	5.65863069883973	39.62001236193141
7.5008567348660975	5.762904465836368	0.0	5.17408844855369	9.022372069776354	10.466471674195468	14.651809267667598	17.329632250132146	20.85162299341552	24.611114787105596	27.739756803502583	31.32253781829873	34.968534924801745	38.634605998399984	40.32341581834117	40.698734403900104	40.56006076226481	40.0118819177375	38.48105581227047	34.205952300202284	30.796250449374103	26.641522503594334	24.219289507856367	20.413057282863385	17.635523831683347	15.30012639656791	10.96446862449675	11.958964737782376	11.381369306158168	11.26235738055149	15.08430342689395	15.702563971567182	17.665020049691954	21.36772617744473	22.393471946133104	26.317607415788146	29.331800292225207	32.73004801122727	34.398956792743526	39.79896019571313	40.50423798745822	35.16743437087801	35.85422210471671	33.30884293891637	32.43544029583771	32.436312923796486	30.074871558005594	27.221932490678892	27.297536684015444	27.445120409454045	23.40816573468301	21.228371664800896	24.045496995136908	23.199091994551893	17.96123927382005	18.155494944837635	21.69235207868039	18.168881083440443	14.755747561977891	17.54953422348616	13.966121667852498	14.17587352821549	10.17841087539625	7.740314839966416	11.582607158492287	10.609913706983702	15.553100831960556	16.369729229287696	21.013387687547635	24.57361856334127	25.43974948968206	29.428415545368935	29.698777036135326	24.33366814197128	24.965746458056994	29.785917164477514	27.832964514021313	23.120752701174933	25.651104546992727	30.424984488074845	30.96107981562578	27.149289125639843	28.455158214362868	33.40627130515264	32.39226455365784	30.29722219295082	34.110235596254704	37.33136587794443	36.32450185478791	34.67255843725908	39.71331480919069	40.42702895086532	42.658094395569144	45.6927633521061	44.91836627232297	43.22914680681609	39.45504425054712	35.69880294970983	36.741089850614706	33.18952030145997	34.79004966387767	33.60709177707614	29.709158176398912	29.452092336754927	30.26157916333601	27.59445469929708	24.32603956536321	25.68300701331774	25.139219394034992	20.830752801995345	20.177751471910675	20.416636510660293	18.198975577603363	14.34634968142654	12.409585530998553	15.247914503474165	12.467525012174642	17.998698390942547	16.10815972330003	21.898576973727224	20.97708452463571	26.13346539851773	26.837428377739162	29.277013650054027	25.138328409098413	21.90899263938064	17.981001605120603	20.29699876076653	17.497325088490566	21.086330009516157	24.50207584131276	22.57687454447646	22.468002919642707	26.96556179578622	27.8425264801871	25.90384885614662	27.896283095347034	32.03558970369098	31.470880844941053	30.825683440786324	34.32794536884145	36.75653911121545	36.75579271917318	36.93216907579619	35.892547554847944	34.045628429419835	38.29017076433281	35.31598952116309	36.85961503536465	36.350751035976344	37.96878764549502	40.97946756681808	44.8291396442068	44.24842555688036	41.985447509955286	8.116748259466751	41.21153572392922
10.724042835461024	6.0847393074278235	5.17408844855369	0.0	5.710433414146231	6.661539045661948	10.18405662405966	13.137789513728043	16.163662082649893	20.128089231068838	23.12618819982946	26.891320055160886	30.29512727326744	34.21302463810558	35.61783059385974	35.78125892814213	35.8409159122193	35.46046314427771	34.25669112103554	29.842203658940726	26.609164661270608	22.362555603180983	20.270238980501464	16.406203643531786	14.29773922655943	12.26550068532124	8.854045382163061	10.374657168229353	11.995568868068423	12.27425234747768	14.699439527562639	14.259227150436569	15.583899769814206	18.755452695354723	19.090248145066425	22.921412485556	25.754410237849523	28.869254168190185	30.237690008157767	35.767943896011175	36.102439582806824	30.65090396275032	30.983287912781183	28.416087696814074	27.412228705557755	27.704709068188734	25.462200647934626	22.276512405650863	22.46435627942745	23.033439696584395	18.885649863159063	16.443935329422388	19.767603666805602	19.443558619366005	13.979619846757126	14.131243381302957	18.364089970010806	15.463070630311966	12.148746584576722	16.45159150510154	13.441495765452975	12.700259817868359	7.978956854749971	5.134528556413779	7.110969306169406	5.518127378643746	10.473955479731062	11.629183026524082	15.998189692104951	19.78513672652391	20.366557567270476	24.309571697729886	24.555017611501164	19.20006891194843	19.82909023572382	24.65161288971288	22.774881011621638	18.107199158504297	20.747141609970317	25.49617126082428	26.02058484883134	22.428545018676083	24.05910700754477	28.85695992101978	27.759258225507818	26.135779399720832	30.00248520593098	32.90112897044805	32.11509340616537	30.256761744259293	35.16531718038814	35.577998850241954	37.85805800535364	40.84918277797397	40.3464954412461	38.47149983332096	34.868342127594914	30.89914125445332	31.77588158179532	28.343157315352343	30.210453398656934	29.23513902073744	25.099248778632393	24.734618304423325	26.04271705163852	23.45987948668506	19.74061806246642	21.41222114653989	21.485648409571265	16.952268094398864	15.875610859330475	16.924017953851536	15.390478409409074	10.848694002943628	9.381091847162061	10.620531815268192	7.7744525980814325	12.943757785291274	11.284575358235104	16.9562781922388	16.442191764113655	21.708858874673094	22.34053503726693	25.200144634895793	21.236824682485974	17.898949316360838	14.531024361899748	17.62249242012177	14.07304172720559	16.896012468117576	20.95850576698233	19.415733401348866	18.384272194079823	22.873784974727506	24.38765605703766	22.37038405576153	23.69145269186506	28.02379820724528	28.02043843088494	27.08088258524007	30.157327792877798	33.032910226294526	33.34014845156839	33.045196878848415	32.56901534283284	30.384435994421793	34.41604064316692	31.00147840617911	32.876752900051926	32.00431401441735	33.41917781884655	36.309424976155285	40.02919436126408	39.522174448532205	37.27902676756921	11.112660431270216	36.3811733399273
11.553053337034155	7.620874301945731	9.022372069776354	5.710433414146231	0.0	5.919960585243939	6.610702019812145	11.196396900838751	13.069094191921291	17.627773490555985	19.934276307464774	23.820714682599096	26.947209805383512	30.90530043831397	32.37387674641467	32.71890947610961	32.043742030525095	31.677147906955128	30.23597025564787	25.956309149743447	22.57232190677015	18.262047122867944	16.524150606307156	12.17883055632084	11.254823251553022	7.443689988396897	6.656320729197647	5.540229591784078	8.787007923089703	10.386564898633814	11.098885573939171	11.472370664430889	10.85921647659525	14.801167490289881	14.177888758383723	18.633827513174182	20.852515327906946	24.36291381143158	25.65483711454814	31.117581783620377	31.759962800355968	26.47308626153352	27.549876604402026	25.55465168951582	24.461836007033313	23.812791275224615	21.726296404856225	19.370152040703	18.864531107844478	18.601300699059127	15.064638768199305	12.831280373557794	15.124232794359813	14.266019883489717	9.136568457780438	9.38446689606828	12.952451523207067	9.775965608799313	6.763622094172556	11.476696573089267	9.816039196829239	10.269167590209628	4.530132334544247	6.448177417541749	4.5089536833213035	7.074987301771554	8.57140517549769	11.454159700055353	14.390389263887823	19.084755236761875	18.434755419435973	23.28168518155285	22.42706321475614	17.08053541670204	19.245189311673883	23.5938204304962	21.135982828167418	16.927323108957772	20.79353036592865	25.006430597119103	24.442067631854798	20.569311304527368	23.284150018209235	27.76907230859472	25.59914058510513	24.118130531518986	28.62902476249204	30.9876298197735	29.58552964625784	27.275156106719837	32.599309221544765	33.20711604226688	36.15512422704099	38.541424134476365	37.750861208638575	35.48052220270994	31.454337384888348	28.10475565646549	28.74668968700596	24.84862461471492	26.658812468311563	24.924119309194595	21.050353428176674	21.51991069296366	22.221800153544045	18.969564180947145	16.070583054629484	18.28687961896187	17.39077038862569	12.508378157831368	13.052355670451457	14.168856554249086	11.684066374714613	7.963954544045438	9.650128060963517	9.54068193649105	9.778451365123345	13.118290765841905	12.555027235337182	17.548235393091435	17.045469430246776	22.54034761833971	22.121338752551214	25.603104054234223	22.517752683292585	18.368503450798695	15.17192507014509	17.637823377200316	13.052546983162612	16.061120344865085	20.05540818703641	17.4606765477757	15.816917246056278	20.90788046333782	22.023100910395588	18.943660727166108	20.44491670752315	25.161906143025256	24.56852864815741	22.94100132435856	26.483628633132206	29.38725179768232	29.11275270608121	28.56171797631021	27.59056713705646	25.28382621612645	29.34091405099685	26.38712878162126	27.845729321850197	27.419834902247377	29.112491370551737	32.27599613320835	36.20573193173637	35.644472148182786	33.60491541431494	12.569843357386635	32.93791726958587
12.17245563374118	6.670564737442676	10.466471674195468	6.661539045661948	5.919960585243939	0.0	5.783040593016996	6.876226994102483	11.024862511970213	14.218911845274638	17.587989334782215	20.93762066310685	24.87677543182135	28.275216577823418	30.170639008426793	30.90916034213832	30.971725391888008	30.022766936752507	28.43875845889489	24.16900580520353	20.829904266148077	16.880510390032136	14.133820719259376	10.87652045975405	7.795809753800896	7.583543843209882	4.283498845936691	8.395291370142644	11.657345711279795	10.979896084605437	11.569235047971372	9.152818520228644	10.983898352312117	12.738696367290666	13.799714451134372	16.843559221429903	20.37601971962526	23.14932948704833	25.065936403200297	30.39227578589075	31.033635554310415	25.74331298679071	26.409101848027618	23.430696055011822	23.37929488716421	23.456922221521125	20.301674877266738	17.746854507697364	18.89883202044759	18.613277416949384	13.795238731494035	12.94285232795344	16.6160522953569	15.255140133209931	9.734852415257524	12.279404858563176	16.12321094898513	12.56471675217921	11.670653939827792	16.573322896138166	15.645644169006001	15.99553672045341	10.386128356087646	10.374594089473206	7.8199294515457884	5.459745418271247	7.936171242220033	7.255144636531493	11.699563008722881	15.139264763396291	16.19495686703411	20.817949424459275	21.033908705917263	16.095475665100253	17.525443036700825	22.528593417228628	21.106766124696346	17.12586605755032	20.231241715506112	24.687852023637237	24.868610315987066	21.970194643891823	24.888849177620163	29.058386086147017	27.18757966110058	26.734555857843908	30.9728797295235	32.877145247082495	32.121656962712485	29.46732867622845	34.36199261906535	34.05641931217642	36.91676731745559	39.34275607625678	39.39587155031899	36.61686963145357	33.06656813318955	29.20138986431194	28.951593190803035	25.296324345048436	28.29420059482148	26.609095680073846	22.047570229172585	22.911823935417676	24.812182047729138	21.366406256726062	17.81794315285052	21.03018766753429	21.122522504263628	15.907497104303424	15.978775521362556	18.340916598622417	16.755396714932203	12.589413245052045	13.538321841655867	11.70832590869609	9.96123815650315	12.355010762567689	9.275486034407317	14.755854343866709	12.52261916950669	18.001154334340033	17.523254104765098	20.457570447012586	17.298181028305006	13.025336565400538	9.358896285020093	11.896525098386862	7.664356602563102	11.094625060338727	14.771201731279426	12.799854473963483	12.013677377803457	16.589052717166425	17.757894907984095	15.867825483625936	17.52663591466212	21.615715009848422	21.47686810435663	20.964572023862985	24.081667259773315	26.614845414615917	27.103169923423657	27.28120000135465	27.05652663458643	25.423750777804003	29.838006210161343	26.474965545097387	29.12141986843852	28.48295072783557	29.21403404399665	32.84106705826694	36.01696530320503	36.2113178035036	34.60204440871106	12.038002147235506	33.55723840853503
16.573589773020306	11.723313638866644	14.651809267667598	10.18405662405966	6.610702019812145	5.783040593016996	0.0	5.8162995348600735	6.469840732454914	11.153033277831188	13.381672032279184	17.33137923517885	20.47204236671968	24.469272347118313	25.879514972332878	26.312224720637253	25.933270200747284	25.412534206725084	24.164749193019468	19.749547184822344	16.52541634848203	12.203036259058123	10.642642551796069	6.503013442538168	7.065473044273	5.512352442067594	7.71744412903073	8.595328876210596	13.297816770889662	14.067522022896211	12.859806065647163	11.003424296460635	9.785067102529485	11.4358180215936	10.036112180587278	13.667689712176935	16.021748879609053	18.85881422261492	20.092800514446424	25.633256399395126	25.969512727040737	20.575688874455565	21.371117726445533	19.043138847773793	18.403065616004206	18.024205383982732	15.433179413862382	13.004043567382395	13.360781467854112	13.100302327336422	8.768515119686993	7.341452177314365	10.863949008931195	10.095308964930812	4.555831272122375	7.189962053957058	11.216226593174113	9.04082154370329	8.897453699429786	14.496662332210567	14.679377273503667	14.609994054097292	9.86961576187797	11.460219272001785	6.185785358513704	7.192334015680142	4.395658839805082	7.025616318858672	8.358855095867625	13.235913989940457	12.244532621060857	17.51893215483696	16.56323666827136	11.565556388364973	14.407942358663945	18.71256545645126	16.73521679019854	13.287998926989498	17.385904020558648	21.197130377314398	20.463470895119105	17.503913911651804	21.266992914885016	25.01949798766457	22.411263775486894	22.317334623496464	26.87356111666528	28.24156029155862	27.223877084423783	24.24855838407456	29.264648355108335	29.020046817471165	32.29098295770013	34.320420532948965	34.23617257863133	31.23627976519533	27.525601444956987	23.952892539536016	23.626217385033826	19.755139570812116	22.718692961624694	20.837301911520754	16.308890781664125	17.507529181972465	19.345780574108723	15.713590735099096	12.317249658161854	16.066470722481338	16.15084185397687	10.878876873831977	11.60624926944501	14.597121135281514	13.402692630809359	9.985900429946472	12.85333718379156	9.152921587557064	10.231293806266617	10.28110196032214	9.565525449178512	13.303191914874189	12.426310465050944	17.706583501057985	16.502392127877417	20.426074827013657	18.218815426749014	13.780926220298294	11.744836013419064	14.38558015552428	9.13275591667816	10.698730263880254	15.052888419726221	12.877679503736234	9.816692064117168	14.865334895684393	16.638336917068973	13.543770846074878	14.15216453187483	19.00773208710883	19.123490095410578	17.348201031797007	20.294897231947367	23.59339599088123	23.865692314391726	22.99909032221955	22.985018970051996	20.603433372727	24.62315745886543	21.059179261937665	23.540734263277102	22.75131787841976	23.683507458984526	27.183390454720275	30.585121265422615	30.579421723761243	28.962569795354984	16.973081639250417	28.021545445146792
18.298413175147438	13.179094464232127	17.329632250132146	13.137789513728043	11.196396900838751	6.876226994102483	5.8162995348600735	0.0	5.826438523640576	7.4349639110992705	11.219725974327345	14.210844574529649	18.460285369784412	21.576171474283353	23.622260224679657	24.67744629055422	25.054769137978134	23.7349090469691	22.204029574120437	17.956798669698788	14.84383074599467	11.349730513600067	8.345695883150066	6.747914230828784	4.496401732044688	8.180035811742496	8.675466424093269	12.227723131775528	16.42319123841204	15.687140811196274	14.285723208227742	10.267177861822976	11.17667577867791	9.927868593429897	10.689944812819554	11.995837399934866	15.89140301713458	17.683977720561426	19.748363522430672	24.88581818763887	25.34781096165683	20.189003581638964	20.667523941974157	17.193303769669004	18.09436805280267	18.406409046254172	14.445671330337655	12.251897696767013	14.781941554832581	14.179830633524597	8.697095113906485	9.939873838467198	14.09593596113513	12.559399283921612	8.235442461896808	12.403188773510442	15.716697804726229	13.132963599902888	14.38191028360631	19.550597457091435	20.07403657041149	20.294017722665796	15.215595618561274	15.96503801412457	11.408408089244107	9.454068651425809	7.764181385281855	4.997328201018715	7.071073371548367	9.685574933146107	11.014241376539111	15.977658947612744	16.22181937403738	12.311447600654246	14.331211320404684	19.022589504072368	18.323425324519203	15.569348939939092	18.65355051880094	22.400983152810035	22.33976682388278	20.56217295240198	24.426944286611175	27.676634428425093	25.324801342886	26.230542528605437	30.442113694295674	31.26741964169061	30.8150782035442	27.545133805195217	32.02186500716303	30.84744787488666	34.065784621322095	35.968077249173234	36.73265557486821	33.179217426599536	30.004697130839432	26.149981951708742	24.73980271573057	21.226730514755797	25.389292701521743	23.45637520643369	18.527061584582405	20.310298286049374	23.11773088733946	19.39771263752766	15.912153869399926	20.319655238946364	21.04606250912781	15.938096663567142	16.42085259723732	19.963380264800097	19.165841136445348	15.637871936696968	17.76304635148891	13.667134195717443	13.131520363813435	12.187190522195664	9.053689898579911	12.31353641983326	8.966920828539687	13.925770284294813	12.057243893170313	15.451522361304434	13.71366467299506	8.831223467508206	6.953314809963163	9.138438347899221	4.0178852112160905	5.266362327253874	9.255434507483061	7.7516701909136465	5.303661403390376	9.860426046431986	11.716483713902612	10.125160594235304	10.943744872292074	14.922664681192224	15.558548821352735	15.233697185760546	17.641024565861315	20.366897637028963	21.50979744635695	21.606737120135687	22.396297957080144	20.99160542352545	25.34220379987101	21.59528358209131	25.291741621072234	24.459148435696225	24.251120945257192	28.303720215671312	30.748295791030515	31.651117694281606	30.642999276991617	17.95248956305816	29.355659545077252
22.48090553716532	17.520700339885728	20.85162299341552	16.163662082649893	13.069094191921291	11.024862511970213	6.469840732454914	5.826438523640576	0.0	5.477135335466621	7.031144474540181	11.190346350657537	14.14329366866072	18.290307209822416	19.505799732691223	20.00443495009716	20.006459475237637	19.345259266512237	18.479614376961404	13.914357610334967	11.135865790756656	7.077414913801089	6.555558842075972	4.742355365889627	8.030256351537233	9.530003301800855	12.828358327443803	14.163343031213516	18.97397787538985	19.40040713532942	17.174501971388445	14.230033819300909	12.632847152178172	11.535500260262193	9.231675666178639	10.738647442089231	12.730315092063382	14.264878556795761	15.200402306621157	20.683417197435748	20.516283949558982	15.078585813902118	15.397695496076464	12.646528100965837	12.708127273120528	12.745922504368913	9.457464531118342	6.963125812114916	8.983988935693656	8.811169520332951	3.4707408616269744	4.980690267442903	9.184912265863414	8.9587392045299	6.396961031665563	9.642289922030544	12.591177014424742	12.131350658035558	13.775578058932648	19.0233270290783	20.202561466265927	19.842973199904236	15.9010598388164	17.375142327774164	11.733084452497224	11.870919294947086	7.063010150120913	7.67695079835058	4.612762869097014	8.952831166853093	6.899963626648513	12.67964475300085	11.394892576557123	7.697083585931895	11.443245197544282	15.051020287775433	13.873154818183622	12.11277684336861	15.948656393686436	18.7875749586227	17.775152326521372	16.23383671321996	20.845834472671758	23.48147435321678	20.469346978139313	21.931460898678967	26.258160001173728	26.45375775577844	25.86944645568313	22.306733896058038	26.724787930749088	25.50822415727383	29.097333103127998	30.609589102365433	31.31221995045303	27.54016479199064	24.321210166699124	20.68794504254603	19.09812663773848	15.439085288792487	19.753574656653818	17.80585256427203	12.800484596035778	14.928405203516036	17.95654181499237	14.327038040293166	10.973029695919164	15.882852015329464	16.951719968275885	12.405953738856475	13.16973687872327	17.196027252121578	17.135548208997427	14.558243410661834	17.732752951217925	12.4921997829356	14.083526030975628	11.130851732190001	10.772373289459688	11.672009861486028	10.663614686241987	14.75692013847601	12.395377186557539	16.811616801142733	16.097087816659815	11.901623891044224	12.010300918043418	14.300099783878018	9.600028556133784	8.186477221583209	12.323097769021041	11.161360084490898	5.961693068404377	10.097045805413785	12.942739773571622	10.053472461464478	8.615022588863864	13.626808074080973	14.937317465051715	12.845637788728123	14.601461954369356	18.554461811062467	19.56581597584591	18.1108124279677	19.462542508484	17.004863483777847	20.669364237472063	16.38258860259323	20.10626489699856	18.84715232404155	18.717731512947346	22.533098559907017	25.197450514016897	25.875882715536772	24.826644088972767	22.591169566509816	23.5809946487511
25.515547512031812	20.580859679698996	24.611114787105596	20.128089231068838	17.627773490555985	14.218911845274638	11.153033277831188	7.4349639110992705	5.477135335466621	0.0	4.559740857144309	6.989288221175152	11.325601310113685	14.358812124896316	16.293384727151857	17.611768283985757	18.39341622354184	16.77533661294837	15.660278123409876	11.422605998691132	9.13262352258712	7.034139992355939	5.606229848088652	7.784581833153923	9.318800293458139	13.157724845852476	15.671072219281427	18.12904205699741	22.64497761334405	22.23985974576296	19.75017103497619	15.74282988464994	15.22117874280878	11.95984528938185	11.230902591056692	9.900712863547609	12.884406054625998	12.819013779003486	14.516950807963571	19.241791028823044	19.158183486048475	14.29766650556239	14.30669932769407	10.287790206160423	12.581533153836219	13.243979003833886	8.4722398976558	7.238590317689104	11.548158572248504	10.796803629203875	6.172436118265141	9.93560433054669	13.377714792842903	12.408265295497511	11.103152515202375	14.993631095059731	17.21074390963191	16.37949342230253	18.84599816845731	23.77356410386264	25.278440885200183	25.222877028807332	20.964391754705233	22.157265619709744	16.80112629633347	15.687484049784551	11.844358440463411	9.810059882399852	6.823984887204899	7.073056063651665	7.301471863362572	12.017173484448055	11.825333959695026	10.385215808580664	13.0654807367198	16.321987908556892	16.47912540158651	15.744721813878284	18.50596741583312	20.862849643514714	20.30247322928858	19.98064211546455	24.579712327502136	26.5475467092263	23.708005233798755	26.058466508259414	30.008847446210613	29.56241872517619	29.427220649807484	25.642125695025037	29.399536842721453	27.292859022294387	30.868364800606827	32.0291201874497	33.547383121304335	29.20721882843959	26.605163157692374	23.012120132716735	20.22392844780008	17.147876304616645	22.462835224762173	20.43312193757393	15.53293055177953	18.24906364269553	21.85120128561528	18.30569494433339	15.410715422743074	20.470776638752707	21.833071282762393	17.607574550881935	18.35635722272212	22.532651726263524	22.585518543120696	19.981015787350454	22.82808900140021	17.52465861067368	18.216289775062968	14.838686061917223	13.166133950793876	12.989165368544569	10.265200375667757	12.855559006495971	9.183736422633068	13.126095347367709	13.883232811124786	9.993635274982257	11.397393086641982	12.553925001047324	9.475060802710328	6.300012098044089	8.569494655532017	8.686066889010778	3.5282588728502446	4.86025568428491	8.59143179534231	7.471685292702697	4.723864214252224	8.723286364455559	11.255415390885906	10.563552704376868	11.105211736166659	14.655999815722746	16.76372699118297	16.1154316948222	18.561488611186427	17.18718523667468	20.910661570519455	16.645074052072957	21.520061220679185	20.32488663130085	18.881692737273845	23.214547138323923	24.686381670650068	26.400373941701673	26.13833298619499	25.207444874099973	24.605052798737983
28.728662863365173	23.98456769233954	27.739756803502583	23.12618819982946	19.934276307464774	17.587989334782215	13.381672032279184	11.219725974327345	7.031144474540181	4.559740857144309	0.0	4.568499980046085	7.291579584277712	11.311151820158917	12.610319224115516	13.75810724073292	13.960257052424799	12.657992283968385	12.027261715319337	7.48859063817247	5.836825341729105	4.565705612871529	6.376470769449177	8.873606177197301	12.467835795923712	15.0939937835784	18.842310016114034	20.156364788326005	24.847216277808126	25.051934539989208	22.03226022419826	18.71465200079471	16.861409982735054	13.809096108821558	11.380347899602997	9.753105377505372	10.684769890833806	9.819884300807997	10.490274374669323	15.298486546587405	14.751525024209664	9.783419215788228	9.98958924797062	6.666363988699281	9.040610024264954	8.98760558213487	3.9873037572518277	4.753675224684143	8.777212186708367	7.653495837784998	5.423489096175242	9.614734990240802	11.612334194634778	11.282928177978816	11.979657893662566	15.077542650470331	16.349296950813546	16.816562480095556	19.688658634485943	24.239546701033657	26.310035834918107	26.149438381553704	22.610300553619957	24.361188138644803	18.638390515668483	18.672762206126954	13.812736235026579	13.382114589689875	8.941921693775353	9.77579676697662	7.234406381395604	11.70925681109786	9.861131313935394	9.864839424270002	13.591541660582527	15.395030722818575	15.28601888489398	15.723427787512438	18.814087760223458	20.169667152574128	18.695676774008934	18.770487513794432	23.84608716117474	25.118105229874228	21.653936217818636	24.51666204590346	28.476329633657638	27.341706008291823	27.020980379041337	22.961507664476496	26.522896677296483	24.29927406860237	28.305404878968158	28.85950458376104	30.375106009423614	25.664641758631205	23.084003240769533	20.03851592707683	16.688531500162664	13.568109762430048	19.185769278956517	16.868430395203532	12.303955446419959	15.771609334340388	19.300868941586867	15.86043113511357	13.843870874170578	19.000099985814	20.32907482793113	16.892524920431892	18.112132776051187	22.271711869874594	22.62485392743861	20.88585695699491	24.359596651017057	18.767357669814956	20.60870868476193	16.535588105797224	16.318884264820955	15.124752813706944	13.86468783162477	15.77856268444497	12.070515059648256	16.15090456655676	17.572395880919572	14.222262401579105	15.908746335806715	17.005419656861832	13.75980303144743	10.793489534232783	12.699311183565564	12.420128257393731	7.388483060450804	7.8831903510755374	10.971928856183698	8.798708825843931	4.1399074716894	8.425006648917833	11.180224907170807	8.755726289950195	8.260511488001239	12.997148518408276	14.872752930057912	12.78085181198771	15.904948601032451	13.888784896798986	16.938236899129212	12.342988831770562	17.542736731889796	16.186582238880018	14.388488219284595	18.8630058680558	20.240181591907557	22.06420330097473	22.10823373220134	28.69457679788479	20.638931894959725
31.69002348029308	27.124667956087972	31.32253781829873	26.891320055160886	23.820714682599096	20.93762066310685	17.33137923517885	14.210844574529649	11.190346350657537	6.989288221175152	4.568499980046085	0.0	5.540691156393055	7.385932822135032	9.907389892447595	12.377445597652052	12.960112933010675	10.374550074625692	9.211199725341682	5.6554343392108235	5.460738300554263	7.412870445944924	8.39245551694736	12.291867993430829	14.921917019585088	18.373306107429205	21.817764780327327	23.537571802813577	27.99612467966634	27.7704500474501	24.49716199010831	20.79580417916297	19.410219462253337	15.277660447979242	13.864532931838893	10.44203834122655	11.6141331936468	9.079001805472869	10.480088860349154	13.8631983871948	13.628272906940776	10.013358014597705	10.428895556597865	6.766748159330007	11.174602349521095	11.110618658856437	6.121308416680879	8.668890831065667	12.721119512313857	11.018310956762411	9.658841478277328	14.16594127384182	15.684056699819603	14.691957145878467	15.892681704912206	19.419158489968787	20.177314471352826	20.304573144529932	23.713505446133606	27.942823468414545	30.334692454822292	30.508028299529357	26.75716008174803	28.543425115554292	22.908437022960815	22.50963912849998	18.06857423924882	16.72736717754807	12.794574822333002	11.91351495486311	10.828383974600156	13.940946625428952	12.771081038506994	14.000248108218612	17.052083551776207	18.43856133847581	19.006657981033804	19.91584243925543	22.487425375634267	23.47133696510745	22.164409267875	22.85188945659981	27.87745658591928	28.707812997276854	25.28628168811747	28.572060441638012	32.32031807139365	30.730165600218648	30.57203785098802	26.41169974989444	29.490977522968212	26.762626735842012	30.787339760314378	30.87639191794672	32.88413506725441	27.773903332197047	25.650296318464534	22.99432806355449	18.86458105896695	16.327573537640315	22.232489520920954	19.730288758937682	15.733628937177372	19.539217330902773	23.052293333112182	19.64835627765387	18.174381319949145	23.282265627399358	24.516037651749492	21.244912128689275	22.661894465340396	26.79601346908483	27.031192867711088	25.3500040994103	28.794866750337793	23.240291982745575	24.71758016466283	20.65238623009721	19.804192513041595	18.354094602492975	16.28144714540808	17.134637728621392	12.858620807770398	15.966073913337674	18.560871101865743	15.689626252056822	17.773674390092168	17.881099714136926	15.794351305039935	12.672729484697296	12.702537030848257	12.914576956336438	9.336007465331393	7.29333485388187	9.527437232895172	8.847675461350175	4.0020555354749705	4.740189871055475	8.753681229319424	7.599865195769342	4.867236421612704	9.286883876654942	12.245045871764436	10.909539352254258	15.054716902903161	14.29578064247209	17.176995357180584	13.228331554303681	18.97635195133893	17.993601995771698	15.156089429099442	20.001142008752158	20.19119028192692	22.958387434827248	23.819043686048072	31.46011974936176	22.271823275491517
35.87573067953116	31.250979366313533	34.968534924801745	30.29512727326744	26.947209805383512	24.87677543182135	20.47204236671968	18.460285369784412	14.14329366866072	11.325601310113685	7.291579584277712	5.540691156393055	0.0	5.731282278448054	5.435061316653745	7.23148247891583	7.54977581592897	5.809011088690886	7.13317446647789	4.274157672530039	7.026377899309431	9.569386565845399	12.507330568216828	15.574199759474581	19.415570948809755	21.867109863376413	25.999746685421666	26.91237422433183	31.555052507707135	31.91551922539276	28.490512833216	25.36133210183866	23.070319497653273	19.61187909083111	16.851895460066224	14.091637521882513	12.992797020631848	9.73341255808816	8.60389843451837	11.2822182879535	9.334641870083328	6.26908774040904	5.573467388777423	4.043315260172789	8.234857076376764	7.9937394292408195	5.622823756545596	9.018767136462802	11.761716275561795	10.824000886476465	11.93889569741114	15.47496206495871	15.894307985536726	16.163236519004712	18.504299874208098	20.867282931985457	21.110068554033365	22.622393609416534	25.845268697426526	29.862412462444553	32.43593691179095	32.17057653933968	29.23869519426339	31.17865843196328	25.372851029688494	25.711305290890984	20.566709327106587	20.335995282731805	15.407135066035796	14.949893748823927	12.082877568125944	13.98267865544951	11.551193048294815	14.461381975511065	17.715519629756102	17.418545053539106	17.965832928842726	20.13390186961273	22.562035884227924	22.35664807937046	20.33726610180749	21.747109418724204	26.85678381189386	26.750119090248077	23.018563276688706	26.934026367636463	30.331670146639315	27.933125849829516	27.837272472208802	23.604573043905464	26.00675840771391	22.963658245187215	27.21898296661346	26.616004391433275	28.834122443673806	23.402084142761055	21.72796312267924	19.69734010093584	14.89832656039014	13.070873435604678	19.01680679546887	16.806729169255117	13.718556363515287	17.571270506565686	21.072939029231414	18.452312631237675	17.746029738630373	22.37375045157849	23.91650432292179	21.758950522248863	23.087698596492395	27.11542853392359	27.946891737060866	26.957921689185028	30.64449231948812	24.864826733456297	27.175917254145812	22.41682539772565	22.861231135966207	20.36664037092999	19.76537795538908	20.07590772699091	16.24770859187899	19.568670141063375	22.347784578180416	20.030762645505074	22.512302362077666	23.17227926999938	20.67597263326544	17.261879539036965	18.001683033116706	18.314217227450374	14.158686107314951	12.599688170769396	15.010985846567639	13.72782401173265	8.923442123115567	9.565952122503326	13.041757453010101	10.40231825662209	6.224909599400315	11.387340772267887	13.83418953586185	10.160356819792225	15.298426070048816	13.519811644537127	14.597215104950362	10.09941379018618	16.067172851571392	14.450107766398087	10.744092078604142	15.187801342228335	14.755045334347646	17.85606366434763	19.179802122675234	35.871703738493416	17.59523286747792
