0.0	6.88881203978242	4.675955935092961	7.625217217942944	15.07387618092221	13.255184824367248	3.872828448497465	9.195894209733096	12.606021770340975	10.737927281916281	8.56364495809489	12.77526281524103	18.49852783458905	10.888679029899139	12.826132523589322	18.562158896234095	16.595031408464244	20.54613929725183	24.62426643846503	23.009776003206362	29.196673533866388	26.863827786724283	25.42105724848924	22.81806527183037	16.557381608880377	18.7524239187443	22.355750660347802	18.866958416758365	14.414338554499514	19.99152677555061	18.032416573034123	12.750604809566532	16.70286317968228	19.689990619393757	19.531223655711557	13.35501748455636	13.726616762975045	10.902992336579533	10.560879322364785	7.263641169295428	11.828520716082611	14.326785802336092	17.529128861262908	22.53953409172558	22.003752582224884	25.779236964988595	31.891554092662457	33.859428399040624	29.88324317032523	27.14730694794792	21.6578526542937	22.080170931651097	20.092027553334116	13.661851866662426	11.785808032240507	15.551579894798895	17.242454191876906	17.543227825730625	25.20084857698473	24.415629898808863	32.02735699211458	28.26134362639154	25.371781404818712	21.616136677049912	27.260309857247385	24.921154187521736	28.41973806596454	24.49389926973324	28.60082481637626	33.066866309038005	33.91174417483882	29.777800952695568	34.875625897668534	26.369536807228172	29.171875218509328	22.540821705444074	26.95705998014645	19.516227464781874	21.139097101448435	22.22382412609984	18.53677750500328	17.126528246768316	17.01956259892631	14.792878187622877	11.317265774004431	6.532157736991451	10.56465887240015	8.00236037416125	15.021385648971213	15.605168077623187	13.512674776807813	14.88359503846816	18.30159539035433	20.825706560164125	18.21836152855114	19.16923408117849	23.286695673587197	21.66437513646703	23.954358679931886	27.30220504246417	29.894788178709486	29.260152650348584	32.287076989606014	27.08222728753052	20.422520965641283	28.97913496145275	25.06106096388119	20.39819291349185	25.42136260165516	20.92745442257104	24.09187415809412	30.641406484052442	27.53446274448883	23.564323506930993	20.7497976449371	30.840409466267772	28.895961417525722	25.563769384983974	25.857218940611478	22.01123860021552	25.49335771801575	21.768739464947803	17.950921194645087	16.11858835663869	22.417451177738595	18.153900550581533	14.197916278590414	14.445674319738531	15.405264757448391
6.88881203978242	0.0	7.158526360226595	6.9340824737316895	14.231674915300944	14.37272659494678	8.158511555549204	9.719264160271536	14.214371494768544	14.783785418918598	12.648614938095239	12.962682952112875	22.173510759189874	16.313516342242156	16.845999312017735	21.844351164886078	18.37503193993753	22.622580628639867	26.238308220996085	24.62847384539324	30.298388396270454	27.525258231738185	24.870597866771096	23.329115698637914	18.26702931211677	18.428084494088573	21.454364699735923	19.125378650874392	13.800899138460816	17.163656579383844	15.863098578751162	10.701102212206163	11.749688403036533	15.295387657903339	15.84581723171718	9.065047926051548	7.626701645554977	7.910366105943181	5.217320723594167	7.252169140805335	9.530156843059679	9.540769143727722	13.930655613815157	17.470855569287522	17.98737774929184	21.415548881294182	26.85481858297468	30.099156389620628	26.057481632133932	23.830302585877373	17.98646827507462	18.292452376519492	17.634402181093375	11.341064346674763	11.45135974417529	14.365444418174443	13.120426201201425	16.791231060210226	22.266130088499295	22.13516215094877	28.95424299292579	25.88860653384482	24.35098959883845	20.342956126567675	26.538207382568274	22.717145824940317	26.839897975227206	21.77385129723991	25.88259942401032	29.812264628874352	31.5666281288212	27.950633855018566	33.12028712877807	26.340551032018436	28.74149520622327	22.758511926056155	28.24438176297885	19.97934041301503	21.913653297949196	20.80164548048148	18.184344334193387	18.261899551211663	16.656152006567602	12.911016803785378	13.140967111504153	9.731520683347743	14.688134957315816	9.683037251571992	18.683671875929626	17.422438279458884	14.012790449289191	16.967253867723432	21.02698281623789	20.808072963695945	18.399159116182748	22.009618978671064	24.711632854907275	20.725215652176182	23.91338216377991	27.999955441246737	29.38232855071532	28.12172194917058	30.64747242287935	26.202897619249434	19.19848221923699	26.729182505537537	23.18307756470036	18.74294176134927	21.365328350603985	16.783608277032315	22.042740331483785	26.84562851875095	23.194263067423815	18.43648687732359	17.75494300202698	28.18968525946431	26.405816895840537	22.70242038375661	24.567737179725075	20.727749506655535	25.396829469542652	20.114190371038156	15.385461747850504	16.759190458325946	22.360768254474156	19.030039564261536	15.403526335181619	18.444454067289822	18.469791370933578
4.675955935092961	7.158526360226595	0.0	6.824182982925495	13.37349275653021	11.870512450802595	4.891257401824107	4.844255420156014	9.537498255386552	8.978427895847773	5.60091672514737	8.121533451174983	15.974715279382146	9.388627277927819	9.881351468721451	15.02977147348888	12.305610112255717	16.858063818783176	20.668484992154706	18.76691158740618	24.84201883166152	22.45504844311911	20.7890339376722	18.743197572577937	12.786946493934416	14.785047887320728	17.93818670246942	14.261641169699733	10.45744981120502	16.0486928323016	13.538038566398077	8.408261321717488	14.262272289171682	16.295423388106244	15.493568011749183	10.10704383434943	11.851397114052528	7.8907674174043425	9.466857534874572	5.03051741828648	11.984728741525839	12.028513591860849	15.768917929724969	19.8056647496563	20.637964074639974	22.709925573855504	29.06449174206525	30.790071581109476	27.295465390422915	24.056183798789245	19.31871940658404	18.723608567617507	17.76087045168551	10.678721012810076	7.516848361524566	11.039837626203775	14.0557290222724	13.578925523822432	21.64941448973041	21.504643237074582	28.783712071245475	24.343487371323533	21.34683615940419	18.667913268451624	24.96842966156238	22.654121878321423	26.474062094411764	22.89638149736013	25.690240171697805	30.40399025747189	30.817784230025204	26.829468791191534	31.31278520684555	23.534267716914737	25.449583296435172	18.823598443822558	24.26240464618466	16.59068303248543	19.414926515118882	19.60197562763416	17.340457074703835	15.166117999827957	14.081858589325035	13.266065070229871	10.464618899019344	7.508220892766923	9.440767884038353	4.4139216357136375	12.574087543617628	12.991168356602964	9.77412961751725	10.901437391485276	15.056521648369795	17.08288127614049	13.808545960839679	15.452171907348395	19.657744439931566	17.460938618870305	19.37450034685794	22.96594142316128	25.599282067977782	24.756673329037394	27.668931194399104	22.41791727073983	15.774629448259228	24.377143912203586	20.56808971143747	15.873220175800308	21.372179322712064	16.975622785887996	19.556208333861605	26.414255146287317	23.549603253938788	20.346094698382608	16.640301597854997	26.338082923019314	24.749773702051836	21.961606874366524	22.440990241264384	18.028515818864822	22.181640420972172	18.82051209802363	14.59230506000451	12.740841357944202	19.969744249963874	16.912162458379797	12.252549955203046	14.580744738111827	13.130572545227576
7.625217217942944	6.9340824737316895	6.824182982925495	0.0	7.846139326934466	7.462667439329049	5.1336627593938315	7.025345976822746	8.5706404979119	9.638852356740767	9.909728823357332	11.113563712592155	16.83954767963652	14.71162739276101	15.506141579491588	18.784217636068025	16.129338143721608	17.85845457586185	21.794159166454364	22.715610288211334	28.435597160213042	24.166108778426377	22.451345614149837	18.75727804217744	13.535020846239142	13.802913451649736	18.056183687400704	16.873391528705255	9.550472561044957	14.35597615595149	14.614774080578222	9.831939154165585	10.482229524269728	13.954143327960352	17.04923804863031	11.931533664503272	9.49110612079198	5.450369279792292	11.222882432990978	10.629718752744134	15.85980032660979	14.334206366488113	19.47543481048906	21.62689089824056	23.95487826356558	25.2946985709011	30.937062044541946	34.10990286700892	30.765978484519565	27.787224062720203	22.966800299793295	21.713885061532608	22.40463680735871	15.158373990199806	12.441602671083784	14.6111733758407	16.671876854983854	18.52736634150561	25.381695826707737	26.171372310630467	32.65332090826752	28.161530088451144	25.963783789586728	23.97431214970172	30.725870042753098	27.518205900984565	31.771402762622586	27.36459660367991	30.032870143271104	34.393040435952706	35.36612572380072	31.800944612626203	35.95049862584496	29.480907771096373	30.65477228360033	24.339530052222507	30.638278329335744	22.712698404823207	25.796459060435488	24.909489529342043	23.130161346528663	21.6498374449054	19.86718330982972	18.17343276794157	16.863248421272154	13.198494912184174	16.18345039976712	10.893089642936435	19.072930660148565	19.574115219440575	15.58486959536364	16.31880799239429	21.139785937462996	22.529482659375507	18.324191079396666	20.28817478029104	25.409432008972086	21.893726961515384	22.79084714566518	27.212104225486602	29.886000422636275	28.194042966942664	30.133167046350973	24.933753630031074	17.436900581788972	25.740675345704286	23.51676742600742	18.902306455440968	22.342973809473012	17.101913075860647	20.06934342258778	26.20353469224685	23.154332023515806	18.001375566459014	15.596365018673225	26.58808127101779	23.23741306902888	19.00377361971041	19.395002914870766	16.445827105623604	19.645899034341667	14.780225955547847	11.37278310952533	11.153083044885905	15.966971416219454	12.142310375804353	8.658367347099379	12.31595396665433	12.502589601672382
15.07387618092221	14.231674915300944	13.37349275653021	7.846139326934466	0.0	4.140424445087929	11.676512161560892	10.767142006871117	7.817597120869124	11.178433768792411	13.899096631724323	13.44179751913395	15.371903730039515	19.040103667535334	19.247311286989927	19.660519516351467	17.513565203473522	15.650360851154355	19.09594880474701	23.35285662060798	28.248689896072484	22.03985054665476	20.94060047344303	15.308261752180991	12.100670735439769	10.487410803240419	15.427344297096448	17.072503297782962	8.49614696056086	11.859083708096886	14.985648908190157	12.47039321963498	10.339333867022908	12.742552317515202	18.94816745327774	16.342000193375185	12.96940290451575	8.571669507351187	17.686568622627025	17.39341059670227	23.136931155885534	19.639515289644226	25.345311440642792	25.336147869471773	29.75134029249581	28.76259963493495	33.937542564946554	37.54490091183692	35.063548278586886	31.708892762297285	28.04169372722746	25.305719265203614	27.88475911495719	20.600950141387557	16.928452381722714	17.401712081212114	20.83676153503266	22.363738893473595	28.782663756277486	30.796459144537405	36.175913021601005	30.756627837362835	28.7544347853243	28.844286095701694	36.06494841216555	32.862974099167374	37.38756412137124	33.23849890932022	34.34430487329374	38.699890398887575	39.27513950230073	36.18219318687849	39.09812912081565	34.17790828765091	33.78959581149929	27.90803750351269	35.21636348616965	27.668446809870225	31.782656155048105	30.10186818083614	29.675796184546584	27.581663051784542	25.108432776108113	24.624868657580105	23.67700115835142	20.58797220461245	22.26236122316335	16.75811383540947	23.73141501202886	24.89828259282252	20.310393308862523	19.59895740957222	24.847759564878185	26.277070516561963	20.821726584116245	22.22471725658129	28.62639687620117	24.63173170759305	23.312205437205012	28.18100631980798	31.435536019713126	28.968056680534218	29.716150973866625	24.47816169942392	17.13076069825405	24.64441397253804	24.571171243590904	20.489071105295174	22.97147337744867	17.636606773290865	18.39789063134991	24.48961190232994	22.200209599323752	16.72400199607069	13.737779641673473	24.290732371645902	18.982179026048662	13.962479588424673	12.976479654333012	12.18708129026919	13.318701306245073	8.061670310519933	7.729683265135225	7.829539426953917	8.640211841970048	5.856626309275151	4.759567494384482	11.612809549991736	10.688369055770014
13.255184824367248	14.37272659494678	11.870512450802595	7.462667439329049	4.140424445087929	0.0	9.469190568838854	9.811767974616524	5.6933168795118885	7.568194646727403	11.252054806016	12.8017490575123	12.27293146878519	15.965310425799897	16.727813726444374	17.289483764799936	16.047487926833643	13.970494906564326	17.957718193746057	22.091250710829485	27.393828108766144	21.61174826495938	21.26322408309472	15.063398457405398	10.489016413550738	10.927878020761739	16.2028771735343	16.625740524898124	8.824191739011567	14.177853870837575	16.031807784295875	12.997622240321133	13.49142260319744	15.716269578690554	20.410648326970662	17.321598107371496	15.089107453144925	9.73601958783627	18.24408258566516	16.549575286693937	22.88125347555423	20.551630069769597	25.841955399998398	26.98346696368971	30.5198408164431	30.20606136486974	35.86895490578159	38.796798944039345	36.15066211672491	32.60721940992882	28.801250672509603	26.41937421159382	28.082252900992764	20.654959914304634	16.365922072311328	17.43931122520171	21.882091585077067	22.069437594943746	29.58461661654432	31.099043816171235	37.073049236089965	31.45249969414258	28.745390447245356	28.668482428929945	35.627831112968856	33.03439740666839	37.28997717035361	33.53862980654256	34.92254129859555	39.55857981759794	39.779413779960684	36.35779837894817	39.43243431587948	33.49831212943255	33.45933139713241	27.211910611429406	33.94811644851161	26.75523751331138	30.67203844537158	29.951553235339798	28.958285890022754	26.353717261513907	24.505058552254745	24.407661332193836	22.258463030982153	18.94765232459866	20.04411439022488	15.428534695851665	21.474653074592418	23.43279722498392	19.401133360601648	18.00225968937487	22.956695986692985	25.671888265548954	20.222193429322715	20.21493049313514	27.371082067419373	24.57713577942838	23.050196535775807	27.46475063103841	31.332531505909582	29.309973432116898	30.535546836758574	24.851735361073782	17.704964457500264	25.969156830778758	25.27097791351579	20.971656216727727	24.95419761561353	19.73757426332135	19.767071269280052	26.910253973669978	24.780224291277356	20.011540742455104	15.910521642639432	26.123965595878715	21.24501153479475	16.91877889961771	14.94897033026989	13.670325015819433	14.086709569600217	10.819792017701644	10.517401038297914	7.125156974432978	9.621111346837399	5.0526309736372435	1.9897246200071115	7.660042525389845	7.401647923523579
3.872828448497465	8.158511555549204	4.891257401824107	5.1336627593938315	11.676512161560892	9.469190568838854	0.0	7.634134883105875	9.41354993804655	7.652839009600766	7.206970035323184	11.669257549705483	15.634634559157492	10.785874813929878	12.669034494544942	17.147443160457158	15.475743892329273	17.939056766126114	22.18031898632268	22.098845606512846	28.240522033019374	24.945086332680177	23.879228187785724	20.19082648880189	13.916218251755488	16.063836265395864	20.23968273760113	17.539284438626737	11.973564009912927	18.015783459394715	16.931687907784184	11.891550195210572	15.283991239789485	18.247942886903925	19.464185222754175	13.965935530235162	13.472529873997187	9.335422357089211	12.409679536867523	9.401205437463075	15.058319715348459	15.85177630821503	19.906467528029303	23.78452632575188	24.56154737856402	27.070686186790706	33.179034159939015	35.41126199716155	31.80997989977166	28.745066437842773	23.727058103209487	23.223776403819908	22.36177086704419	15.346369886147594	12.274735902615355	15.43098984378509	18.3262798052223	18.402187087858007	26.3899343203646	26.30826273238654	33.55077737669884	29.095522247109304	26.106040109581787	23.51547943107096	29.653425682153298	27.300134134383324	31.05270342498048	27.212270808551626	30.46628168406701	35.07247362273539	35.67118864754678	31.68499372484563	36.18995588932744	28.279885316161305	30.222395317330722	23.53149676967701	28.713025042074474	21.30352063382013	23.754661303798475	24.37949483530118	21.53300873570459	19.54124032029138	18.897009959807818	17.511555619057464	14.26227795106926	10.005230144254934	12.605480983350704	9.16277299364007	16.047215185682266	17.386035951885884	14.571895708610537	14.841597254762222	18.908230521637734	21.849934509927348	18.174422957273016	18.573995060291843	23.987706123583408	22.145147512053597	23.245216459043505	26.928423238768012	30.07141621398314	29.05806455217945	31.652139070427104	26.146032217126518	19.166609593277595	27.97403297041666	24.868609373528216	20.145356594634777	25.176180364082246	20.319647835900216	22.592949863365412	29.570176719678447	26.69932723180738	22.420186562990743	19.06321837180616	29.430137999554432	26.6779262866017	23.068800441328435	22.743560713481845	19.400723613274334	22.162294927194484	18.623033713258078	15.480421103819552	12.972185947188011	18.785280806490125	14.327192218238167	10.465473252972915	10.935040176003309	12.035046663351716
9.195894209733096	9.719264160271536	4.844255420156014	7.025345976822746	10.767142006871117	9.811767974616524	7.634134883105875	0.0	6.06763163427634	7.997986543315464	5.671992471292783	4.232080231766875	13.482381850380964	10.781120415224501	9.88333984820593	12.732749260275531	9.292185694252112	13.01015295963591	16.58508066516508	15.829669286980806	21.611743733761628	18.22886347904638	16.471055608898375	14.143214832247573	8.745732648355123	10.007679008033081	13.169129708517	10.26886154554687	5.718629304532362	11.640882002103465	9.472914922548927	4.926294335227633	11.867603814182452	12.84212701976385	12.841062000439727	9.29041562110997	11.098014215337564	5.5392083459743	11.310198714657632	8.041855076161161	15.253061852799805	12.52768404112784	17.073616090059783	19.150259068444125	22.005076332405874	21.80709496510064	28.104368934274845	29.973623208708567	27.182939601204417	23.468102579813667	19.78892787313229	17.686181252710433	18.609216120336075	11.252673696761628	6.563491803595053	8.391513262202368	13.34400196277254	12.462127415244309	20.488488574828345	21.494808961064162	27.935353508155746	22.580646113777775	19.65948235869869	18.884351649341948	25.823648970358903	23.42840686373414	27.589617061950058	24.28195125343455	25.470103430294678	30.293794968466845	30.31022872944642	26.688700901340233	30.173055757321634	23.783498209602765	24.251416903532512	17.873866663213406	24.621995066875115	17.064346942070944	21.165735181176153	20.185221061179938	19.645920534348967	16.926113585875196	14.709847498745717	15.331815482632699	13.65998951487887	11.962933440510437	12.29666630547557	6.353554740369341	13.511282193714631	14.133845302902252	9.679318188862432	9.570934943968815	14.715601109915246	16.19281607311924	11.467692972570589	13.630997325363186	18.660360073088555	15.519860372872863	16.01221479940085	20.229018570340283	23.17687109691181	21.7365870930061	24.07315730843578	18.611603681248038	11.545538725638199	20.366805447108884	17.49821491653423	12.810589115605904	18.360982613693043	13.763834330629894	15.122956969070644	22.492006126014303	20.00152884216458	17.189522676666524	12.312567278183622	22.00485309615632	20.04776304927638	17.500176730242526	17.86868644043065	13.22166359228108	17.71895151312514	14.676484249122796	10.45394595979318	8.49120251986448	16.19785393092698	14.487219621351603	9.544178181176404	14.219737592532422	10.577705952706577
12.606021770340975	14.214371494768544	9.537498255386552	8.5706404979119	7.817597120869124	5.6933168795118885	9.41354993804655	6.06763163427634	0.0	5.143946847328399	7.327504058592631	7.853128520300464	8.97341043163794	12.225081901304836	11.921520243511223	11.940322913163397	10.365551174373737	9.412593119021109	13.519080308842009	16.436764825653118	21.89852879120283	16.774108219437597	16.46212224383034	11.06992925663429	5.311853778504177	7.3516378489479814	12.16056433183755	11.231486870393235	5.058584674532667	11.928259513995915	12.0027719180511	9.436979032750216	13.746773462281421	14.522745842138471	16.958853513262827	14.746193301889	14.889776609991372	8.653224080796255	16.87908248173556	13.834848711451857	21.053354029363692	18.27686921542249	23.08835032465006	24.37051692738679	27.984061793938935	26.94034457468925	33.02128442105793	35.01485964385249	32.67484718218512	28.731196151045634	25.606189416344954	22.86269822731713	24.484901377935216	17.213989104586457	12.08037452039628	12.797653010665913	18.813678270527586	17.30102633030938	25.422177498488118	26.955653587639766	32.91011537245797	26.846788046855373	23.651688788700827	24.28371269206758	31.192096662525138	29.173070894235742	33.28316582078256	30.259458498839404	30.819079410619644	35.70767479155945	35.32231702441832	31.86070473081786	34.54870583314068	28.60777336847608	28.191277725561637	21.9708602247006	28.813521747578072	22.01423608474313	26.425086649584948	25.750010058457978	25.429705637515447	22.1382628656449	20.158070788970306	21.370256113751573	18.990973989539153	16.796772675470315	16.392871695470074	11.794397804457905	16.745853008638385	18.8542491294685	14.80891222822574	12.654534261197268	17.665195270168997	20.5649688429421	14.887755083659636	14.646703424642544	21.87123582333471	19.525766140227326	17.64042899704428	21.85406527741024	25.947977733496877	24.17299062910971	25.75840312528496	19.8417216778653	13.013852739442012	21.752496784270065	20.50384634862986	16.224228303808502	21.65282206884849	16.916295991401206	15.847589348833376	23.99040539644627	22.185405054135355	19.06793938786874	13.2338033722915	22.594917075867187	18.94732074830644	16.021785295165962	14.316586571405708	11.062193371161639	13.119034643714608	11.416459983548416	9.677292713194058	3.766511430847535	11.112124940621225	9.450002403244957	4.47924112106562	10.067814800148543	5.080424695407045
10.737927281916281	14.783785418918598	8.978427895847773	9.638852356740767	11.178433768792411	7.568194646727403	7.652839009600766	7.997986543315464	5.143946847328399	0.0	5.240722998293563	10.356574044860514	8.012022181337432	8.78000544586058	10.092606568341287	11.52364202015924	11.6103643186992	11.344276940236494	15.794362656701926	17.70382521346847	23.637621718649218	19.627619128813535	20.036629295946977	14.759202927053089	8.182907842030376	12.14453267404057	16.57428233057413	14.131364687521264	9.859947577279845	16.909872744399422	16.031586915358535	12.663741045434914	17.735279468631667	19.149345233120954	20.498152666003865	17.21365649964098	17.78107684984718	11.81599221185916	18.030613271792973	13.73093788304058	20.90903708334057	20.158224301963187	24.270262814190687	27.12622802895815	29.247100871004207	29.661227484053512	36.05607891048335	37.510336398201325	34.760500878002226	30.90705326288547	27.277526430243373	25.441851702641582	25.569988213850763	18.461262477877852	13.37609000525497	15.28985303494969	21.25164791754019	18.795059027515375	27.789804741732503	28.423514976635488	35.15740019893077	29.361192903010306	25.542931746346174	25.264671893818722	31.561659306528814	30.18228060677279	33.85175365029438	31.11450768207772	32.56216162392206	37.59105763392937	37.07917097214515	33.2068095886944	36.421256479068305	28.994203584345556	29.513326210876514	22.89339546693279	28.497247480037508	22.16715675850214	25.805846019727877	26.59150603810426	25.06544914535852	21.473507572376782	20.64767134459863	21.718978725203144	17.743104530153854	14.987859695922438	14.159022915002103	11.487234623115482	15.020669896692484	18.177207517933333	15.355145305	12.810745005461172	16.93924143562871	21.586383551154437	16.612739982174322	14.427089382311719	22.174798787647468	21.538725715233976	20.14112986220732	23.5102461371788	28.026849186418335	26.948606164453956	29.173975077184604	23.088442366588296	16.826704807056576	25.805076524824116	23.65838159590391	19.256333743316066	25.6685298151966	21.089692186510987	20.265285710600338	28.66505393006778	26.77440922914545	23.701225370440653	18.075971043177162	27.122138937094284	23.914565254113512	21.15390685229675	19.027467671301466	16.010235356888256	17.164507200172306	16.193827828868585	14.660816296329791	8.54696664648044	14.784664108400879	11.410090510213793	7.164820995725929	7.331986865051885	4.922712869922
8.56364495809489	12.648614938095239	5.60091672514737	9.909728823357332	13.899096631724323	11.252054806016	7.206970035323184	5.671992471292783	7.327504058592631	5.240722998293563	0.0	7.43017562276977	10.935277228891733	5.386674279122466	5.900087769343006	10.091076335649646	8.928285473915244	12.557199961945242	16.5608701687175	15.30855681336675	21.568660109973827	19.130574874523642	18.72560038521791	15.696856562188856	9.143860130520688	13.025653269194423	16.29041864411748	12.063283258611444	9.899549358233592	16.6194613021781	13.963446025630802	10.15134853421964	17.36299341192109	18.425426735976806	17.521295567856377	13.927388321509968	16.25667106211922	10.872981096520537	14.760682699205118	9.37557164143292	16.779224430427217	16.468452200769764	19.83671124685134	23.481469880377123	24.83752600794805	25.703532312527187	32.32284618756263	33.20246800662592	30.28487274540313	26.46551116852202	22.792199860359	21.41870295885081	20.742685544006243	13.947512773862737	8.946374932825604	11.615443255009179	17.437817823182048	14.241066817054808	23.510287807556185	23.622673467169964	30.708790844504957	25.267693799560035	21.305251830914383	20.297627651317715	26.40018290355739	25.216953109101862	28.725341172340375	26.241330606407036	27.85172507812197	32.92514246384076	32.37010252720415	28.334214954367614	31.93888534181926	23.962896501663796	25.06542528480852	18.292167175043005	23.606385825392774	17.063118874092964	20.56909562205708	21.56498181479884	19.938621934002292	16.233819486201334	15.569409459715853	16.946505980361213	12.749989940636535	10.819656999344714	9.280521860030923	6.613961868616901	10.333748315594217	12.991182082483453	10.411612476807035	8.482667971886485	12.545627930917663	16.918536398641525	12.709992527040892	11.448256452347112	17.858770261319737	17.414978359191082	17.410560261315553	20.488597813813556	24.41856964504333	23.793699894925098	26.691729616720632	20.852033823641243	14.888476226441401	23.86530358768777	20.471129641634366	15.97529848351963	23.050641551981744	18.942351684016316	18.99102187015845	27.17072184014719	25.062115791818666	22.807971998447098	17.285810052432414	25.92268006623306	24.16128366784824	22.063817112950197	21.166731384494224	16.842472138711127	19.886305795438254	18.444690950958876	15.33978699266131	10.64260767055019	18.39432404849793	15.785110438333842	10.929828580634537	12.263160851659318	9.223483321221167
12.77526281524103	12.962682952112875	8.121533451174983	11.113563712592155	13.44179751913395	12.8017490575123	11.669257549705483	4.232080231766875	7.853128520300464	10.356574044860514	7.43017562276977	0.0	13.495737503216848	11.529288373714271	9.078070952136306	10.589132964913377	5.982939047310554	11.324683470734458	14.116183988912892	12.05979829908525	17.619972036353733	14.771369599114086	12.673453722057339	11.959419878822033	7.715239301834208	8.802697276563745	10.376804401517386	6.285146115684759	5.788796767294322	10.506596847385039	6.614147418520159	4.213200607339836	13.284466405328347	12.612064325546854	10.61998485949545	9.324737047214526	12.979734085435636	8.134420756428883	13.072253594990425	9.564739547435037	16.63588223036723	12.791113686392688	16.76898192227418	18.056942586948754	21.649596683809136	19.923231714250495	26.35955188919067	27.52154305694334	25.304318966101775	21.150787724207134	18.6076925010992	15.653368517517794	17.297144342327137	10.522994297128498	5.0373834438713505	5.0522009253331275	12.235472950657355	9.49871906414698	17.76402958280793	19.255415744680604	25.207730425721365	19.215657014012617	16.00823851228937	16.633071973910205	23.696064025699222	21.7136873697475	25.842795685735357	23.26522320933096	23.088621109848194	28.07658328342761	27.484182973709768	24.03454089071127	26.794916807372267	21.11792207352685	20.672914867915907	14.530901022682741	21.94049677915822	14.790626841034186	19.75317772737255	18.2094163690881	19.027125235891113	15.716541249323846	12.878162670853568	15.218728935430144	14.068687685921478	13.931754055372613	12.699881230031588	7.196094421678688	12.256742311416383	12.587584573684932	7.739381626408898	6.854653939393974	12.21747635995146	12.98328770940526	7.56285871518861	10.760059062850324	15.292150367260385	11.845633840051736	11.78637134621497	16.108657519988668	19.0818810162577	17.601977911756848	20.029285953373513	14.49491442681418	7.827931647739707	16.71364532933952	13.628918082149136	9.034343935836482	15.801292996800886	11.948185970863676	11.938414710053562	19.82283829360428	17.818107485542583	16.70295793643905	10.621974296160216	18.80785770803951	17.91604937309838	16.641228454713445	17.254702747932527	11.762084206571442	17.125605000956124	15.173766228597179	10.85605920692372	8.921625842346376	17.108097197520806	16.882749174540102	11.980446847795227	17.164410356516335	11.825547065724452
18.49852783458905	22.173510759189874	15.974715279382146	16.83954767963652	15.371903730039515	12.27293146878519	15.634634559157492	13.482381850380964	8.97341043163794	8.012022181337432	10.935277228891733	13.495737503216848	0.0	12.46030616130865	12.335640602348596	8.621311459763024	11.369424300213005	6.296270186048597	10.155521473169209	15.035388565497247	19.89123759519669	15.274552525853833	17.753300051609	11.21576752264596	6.925843591671111	11.851720160175802	15.238978361927357	13.615780781720412	12.60948927825535	18.593156132834615	17.931515375780815	16.828706141976834	22.479742339764336	22.372030795365863	23.47168634270213	22.36128275308709	23.715880693162276	17.474651071869932	24.66123003920652	20.02298659871064	27.574865733459443	25.763392453942867	29.65346219240486	31.517010828121048	34.65562367804254	33.2434257073995	39.61694031870446	40.27225715734683	38.43166103222251	34.03104771787913	31.830063812492526	28.962299091340373	29.958314064007677	23.361825441032583	17.593396871859035	18.021281109260855	25.719332599023573	21.40625647532416	30.394419216689432	31.66968930041407	37.54784652033945	30.75477354359738	26.41344347890972	28.426890509167677	34.512448349607666	34.03628925327002	37.494686479453634	35.8164268215311	35.5522244603337	40.76016006628808	39.21120059554359	35.64327423004242	37.40502476073184	30.966136636499364	29.943983272690023	24.005867641189774	29.65296720728221	24.871530296272432	29.329242690700614	30.075731393673106	29.850275708796136	25.260798064930377	24.26840711072232	27.176908288572864	23.15163472960783	21.649153866470215	18.83792799243659	17.041016301164067	17.267009021655074	21.38844869887372	18.933224600664666	14.416269399959779	17.67331421227359	23.22121199778136	17.66743455605227	12.967598782029299	22.166894702310476	22.789299818608796	18.7631751127783	21.34421446317761	27.071683016405363	25.991694835750206	27.62790919351053	21.39442235607084	16.988086371377303	24.925933694447362	24.01801382104196	20.528575616995084	27.620698916081754	23.805323334491014	19.895110782913775	29.019857651795597	28.291417458655744	26.752967952366166	19.61432141258769	26.029385119884775	22.749005767765453	21.4442942237056	17.595466377772194	15.333049591522203	14.279830201032379	16.968616335921148	17.24266356961972	9.466846191316902	14.19780388154076	13.54751746160872	10.760821390164843	11.129358377727616	4.875952966499225
10.888679029899139	16.313516342242156	9.388627277927819	14.71162739276101	19.040103667535334	15.965310425799897	10.785874813929878	10.781120415224501	12.225081901304836	8.78000544586058	5.386674279122466	11.529288373714271	12.46030616130865	0.0	4.16344997501927	9.976039002485585	10.72058097825786	14.983601337030974	18.617136433114933	15.726365530415324	21.94188969437029	21.16352923816804	21.450297492669304	19.0653719978531	12.78549760236236	17.519880403387077	20.16154487981494	14.88710102924814	14.969559488263547	21.52165305477452	18.084238263709924	14.703408134413673	22.556783192138194	23.46327138284283	21.210958770221964	17.729131092072112	20.9419813500348	16.032880508870104	17.978925161146087	11.646352085353255	18.16843285940446	19.596698452019073	21.65300927387897	26.51195043128524	26.478968443739216	28.204497361862682	35.00476843525371	34.84076196916445	31.847639565482073	28.054529307739088	24.56267187365339	23.923935045691096	21.802617605284535	16.12303473685379	11.737210506632108	14.674293192480555	20.48891122667038	15.65458110679044	25.284306335842253	24.491631643414298	31.974520339453576	26.776543845988556	22.120599555066047	20.696405424448077	25.661448479007518	25.690753862216265	28.433769972458038	26.89709433299837	28.78985338641564	33.949657537779316	32.890907342291136	28.563298795840304	32.303973347699646	23.00923037399064	24.875569497284708	18.13202615491858	21.58340344872836	16.42250560616605	19.041328795738465	21.84088289027129	19.411984811532918	15.000612035979735	15.888706762311905	17.980459492466437	12.063565140373184	10.9396775333595	6.961809486559418	8.833741435152128	7.4107468449074165	11.751749705040162	11.545074661686341	8.966257976710258	10.652119908521366	17.12903340891082	14.241103230177464	10.628107020761062	16.740938251578406	18.765803120249863	19.01007981527761	20.759192588418696	25.006851904186483	25.27649768328013	28.776616568623425	23.036195801833973	18.363918300088176	26.9304474194995	22.801234674360128	18.70124434152088	26.686636086166683	23.19000491678141	22.77843050561847	31.142854166228297	29.252088842672823	27.73224549531862	21.977042449875313	29.515167456638682	28.508227223554552	27.010934329333953	25.785441669530567	21.38184125016314	24.013259785171698	23.507690609966794	20.594758339472058	15.327428103360608	22.93379211253219	20.169338795579435	15.635830090925019	14.79041985972587	12.503342995228197
12.826132523589322	16.845999312017735	9.881351468721451	15.506141579491588	19.247311286989927	16.727813726444374	12.669034494544942	9.88333984820593	11.921520243511223	10.092606568341287	5.900087769343006	9.078070952136306	12.335640602348596	4.16344997501927	0.0	7.248280221052707	7.110197403924361	13.06083211928918	16.124579984044875	11.820093982479936	18.052808233105853	17.829143206212	17.845395372538892	16.676471933249747	11.128951631911654	15.595128441186699	17.29681800038129	11.392570575389254	13.460790833697507	19.363051654668563	15.220999719160512	12.740730352261227	21.574840214047818	21.62823548663248	18.36848231565083	16.032323589318356	20.22436950373657	15.36906108751134	17.522311144867913	11.252923177121618	18.08537417454992	18.14996688914848	20.077981664638777	24.20809573392515	24.920579310206303	25.420336621863623	32.25142534424699	31.70664972026698	29.146419573770686	25.050524605638266	22.354962276082915	21.08718051674882	19.59465487322628	14.164535380386877	9.329108093807774	11.539593140749403	18.218697934192125	12.2733116453176	22.01460055921674	21.61607697323781	28.695358128801388	23.086450370417552	18.257822691674885	17.836331542555612	23.10845060088357	23.272667743100357	26.140878404389447	25.01500892211732	25.802111524173505	31.06731770807789	29.621826153618493	25.454541281872988	28.651917207695213	19.997239994472913	21.09796780828169	14.407434723738135	18.707086003783086	13.539611103221686	17.198255655389698	19.220017674195212	18.092522489158107	13.172722645197538	13.288393162125363	16.701688331244867	11.73131038611699	12.093231530335803	7.256495676425286	7.897023018084571	5.16564782602192	9.377562179383116	8.696270969614654	4.96617531908462	7.108676066991251	13.48737474554765	10.315638710726274	6.848151629450389	12.959738335732384	14.937415855897743	14.952967230098396	16.640753163907267	20.880803953868043	21.163506516355266	24.736661630771646	19.08226974475562	15.006821288103769	23.21270492941475	18.93824952665411	15.082226185627366	23.528496721716024	20.53430738368949	19.53187032695765	27.90054509403595	26.28868794048235	25.72258863086323	19.520038102084545	26.05778415191948	25.78624944560629	25.018707129650036	24.1734536947467	19.226603875764283	22.620410944055205	22.44693405834673	19.21269284689144	14.338013160040472	22.491023880847845	20.876242292224997	16.038471806727685	17.040289515448762	12.86625916051874
18.562158896234095	21.844351164886078	15.02977147348888	18.784217636068025	19.660519516351467	17.289483764799936	17.147443160457158	12.732749260275531	11.940322913163397	11.52364202015924	10.091076335649646	10.589132964913377	8.621311459763024	9.976039002485585	7.248280221052707	0.0	5.33396925837197	7.541336517000602	9.632777349792377	7.464820557454185	13.165205991645562	11.937556764064837	13.773509973805629	11.762347258562261	8.17849564352038	13.039841038333714	13.912084912150144	8.990237058093795	13.235941932737797	18.414947797897163	15.072667047150642	14.78079484843061	23.17520727339383	22.074717625689356	19.707549536735474	19.576639426259316	23.379574970109935	17.82138030793801	22.607377604670493	17.15484470945619	24.38740572888925	22.537656754101885	25.102963944583127	27.351202231428278	29.90862667035987	28.077820717308892	34.66175942279844	33.933474783439046	32.40363143176357	27.805224000211183	26.54790021463408	23.784024581573163	24.17306242902136	18.835811474857202	13.307955545870291	13.317555780408627	21.61198569716502	15.051846576332911	24.15570001663829	25.03227675205151	30.78351724975254	23.985108093359614	18.989740216966094	21.589496640378993	27.056460205679187	27.507758868436653	30.4923005219167	29.930880218187717	28.783965549958907	34.08642658793439	31.84042158085738	28.24514769679072	29.687352642183253	23.054925558278704	21.841951267137528	16.12286333383862	21.388114000600574	17.61137583450743	22.401124263787626	23.3351509399826	23.990945482516878	18.777673314298003	17.884770659200925	22.428617252083434	18.567926404452646	19.061209803419764	14.448134174320227	13.705107246784282	10.795567574312935	14.757915847231375	13.219040195298108	7.7462054535844285	9.747264126090009	15.70790037212232	10.972610827348385	4.4200151777879855	13.7220484110072	15.878057824114533	12.219220384419355	13.6605784485352	19.460544485289464	19.266016234705592	21.942822106897427	15.901236726431373	13.255637352046094	20.665690881090278	18.131712149880244	15.152837825093961	23.738913695696397	21.14726088363733	17.138227499895727	26.24847984614112	25.688494920832245	26.11423771066129	18.586426685706037	23.109635135590548	22.521098637966904	22.81398711476217	20.780104571072886	16.334870094146936	18.471528975260952	20.57379234860535	18.754095554888632	12.656106809628444	19.937585804268533	20.103700183960402	15.879014542187717	17.771555672329583	11.304934127527362
