0.0	5.684454749577862	7.685780211759906	13.095046512918863	13.106426424040626	18.17155520562221	20.093501774572605	23.85474006868495	23.089786715232187	22.308963635337893	15.397417133721927	18.80338695575341	9.743406046610955	10.028858787792585	6.666485166179103	3.9887227712281	8.54950870966925	11.82231047429236	9.584162261767544	20.402265752222288	21.358559830149005	13.445366514713625	19.420140989859238	18.196729700407182	21.79088585169106	22.749509213358575	23.700016263752268	21.105186152088688	15.25521498849473	18.007767081806755	12.327874418879416	18.321613856341816	14.345950840881896	16.110591998873417	18.328984819101667	19.745053647509952	23.267768861123294	22.467028542538557	26.49217673930504	19.015208410295937	17.935033510393342	23.135282835367445	15.563233997305375	17.085405586659185	12.847325705115766	16.555824525075874	18.613199528722806	19.42075932469222	11.723369756781008	11.431884071591249	6.246907686245488	11.620756582587687	4.066460071670123	9.407694168577555	11.497293696847724	9.860119517101175	11.29151321316347	15.39099515504406	14.917710964331405	13.546483906961914	14.777948386460405	20.50853633139591	24.202087852596023
5.684454749577862	0.0	6.879586436943081	8.808251278905624	10.496114975680115	15.00692750208535	17.502554893471032	20.99617655673589	19.29704985945271	17.568562662760588	11.511956021006585	14.438088225869937	4.94869097423077	6.826658036626142	4.886781582970106	7.024761348823412	8.810428337130025	10.352097416056084	9.193402600665907	19.594678993534387	22.420643251179015	15.20633944661859	19.9825496544486	20.981611496695454	22.70019343564064	24.44949921104698	25.719442614708367	21.224048394248342	17.482076978168703	18.307894065401324	11.770383731153567	17.643425401008475	11.468107041775834	14.651895369323945	14.739002156897085	15.946356559812205	19.68518045548942	19.711795906039484	23.224805632870417	17.40901011279284	15.293187197150985	20.879521294521865	13.926713157885649	16.448947698673074	12.902684864436868	17.217672513554888	21.060181633716677	21.453382238738048	12.125789971364137	13.908683679931784	8.533726713582139	16.512550347078665	8.804789705841523	11.578905030836376	15.094039361152893	15.189519174612496	13.56812106705975	18.300657837002277	19.680418253139536	18.573132071770893	17.303871488724475	23.4583899627532	27.22470784296915
7.685780211759906	6.879586436943081	0.0	9.654568129224776	5.640207960090023	12.666566311384381	12.534257325034968	16.41295856548651	16.153830105560615	16.23544577416559	10.092952405528884	12.43580563308249	7.898896872155792	5.094360925757325	8.706665728300305	5.01335882729354	10.554239164132438	12.562149039300555	4.9396011379903815	16.697538391526997	17.420794646300344	9.572508206573746	13.711624266562797	14.809514546841502	15.836387212203233	17.719742770722362	19.693924766374845	14.407212652916007	11.087677724851117	11.608724710765102	5.474857541471995	12.626616719865682	8.40637262900559	13.474868894480116	12.973682374043848	16.51764827090912	19.80663499126434	19.120808690046207	21.541102294489697	13.798814527410057	11.835913114420302	16.081198222815374	8.088268885341567	9.820082785604338	6.497886321761693	11.388691309047548	15.157902063420567	16.8108948115032	7.400533194325817	8.416476902749457	4.9161820350075445	15.222979567956413	8.97419153814426	5.891141635851806	10.125013260084472	13.204517740217957	10.234930590292786	12.570979548262578	15.943365626922246	15.981783455250888	13.624742421119574	17.5243193632773	22.81692289353183
13.095046512918863	8.808251278905624	9.654568129224776	0.0	9.202197845105232	7.154734630922131	14.926466181624175	18.15069223587492	12.712570409109137	11.476243460264373	3.858736442148365	10.96384422592543	3.9498128049411143	9.92510341174548	13.12134322077822	13.175320102456158	16.846393466695503	17.487394244434423	13.562367249763243	23.579922382058104	26.071229790737203	18.957092614515506	21.600078463690842	22.438836489706365	22.53845542251532	24.186698491149937	24.416049089689402	20.102173387199652	18.93876859477618	18.821509279817903	13.419459072510021	19.804329772207232	12.872270195583617	19.5691409883153	15.452104850135337	18.412883404625468	21.889856556083338	22.871657117986672	24.12298742649254	19.81845938497814	16.14448018365146	19.85630050726375	13.406386585392625	15.16393571141376	12.021688697763867	15.063938151014328	21.065736154749775	19.848169369528502	10.740639789779596	15.459963438591904	11.787126173197079	20.41900388345014	16.43342006161995	15.305142135815057	18.237692924033915	21.392132920635312	19.60410669418666	21.759887558648497	24.841146914990148	24.85995615191318	23.108038349731267	26.43329168171313	32.38365383358477
13.106426424040626	10.496114975680115	5.640207960090023	9.202197845105232	0.0	10.029516009149475	7.255024350453419	11.092960381391476	10.999125052580377	11.442171411453993	7.662851962240948	7.509498234253853	9.288808703274238	5.497301737603893	12.219435782161629	10.538854158540037	14.027701367639555	14.69485104707994	7.116408667739633	15.842533654983406	17.358133797421022	11.378785369234434	12.664300753827527	16.536528527163966	14.676601760529069	17.544971410574192	20.24078834911318	12.285569801262485	12.762866606369839	10.222321591540627	5.08631608251644	10.861549432182372	5.738010027342942	13.486873692092585	9.670034301855743	14.691042756441542	17.575516132752075	17.37936911399458	18.15230628541393	11.67997433970622	8.40853908232042	11.587285099563669	4.26013470232401	7.197459085375798	6.888553945575183	11.594417781481857	16.707945145239076	18.487175930651233	9.309673442501996	11.611754646013425	9.986696710685237	20.283804382817376	14.345542831658905	9.578332119854322	13.957157782709853	18.356373017241896	13.375153319455688	14.897697804543402	20.118219888488888	20.613389000561448	16.21904805727448	19.10160064302757	24.669807074059744
18.17155520562221	15.00692750208535	12.666566311384381	7.154734630922131	10.029516009149475	0.0	12.942268943155645	15.796797800128504	8.331081917671101	10.22120240451764	4.04911862867134	11.393949949683948	10.736300301114012	13.874358340935306	18.976150019472936	17.08152255007061	22.102071226573848	22.864202876545104	16.497062350851152	25.693303843030634	26.740333791474637	20.110910827798858	20.908641799694013	21.26498626657013	20.02072209901958	21.364300324251637	21.016970026455915	17.158897734480348	18.20531074034027	17.513242148438398	14.374789873007579	20.374198848399956	15.09097601134722	23.071255172580116	17.55750922890689	22.107279405439623	25.03839771124746	25.9097232405439	25.55963893931803	21.2263085206676	17.319338777850767	18.56925672721734	12.97030221174885	13.071600376308913	11.118255525486754	12.230591689920072	19.07467092452546	17.37870915637224	10.387898670840727	15.716106161026008	14.47120070852278	22.789844731867202	20.951562947747473	17.02598634779482	19.147338152491436	24.43100936868495	22.502770908347905	22.213466801170732	26.546359855444596	27.525011920404445	25.486895455918347	26.027594601026408	33.55500192355277
20.093501774572605	17.502554893471032	12.534257325034968	14.926466181624175	7.255024350453419	12.942268943155645	0.0	4.025653073867837	8.801520002063166	10.74569485610486	12.037309894044366	7.376194000489695	15.959863222620648	11.428379529644367	18.442307588776902	17.074939897085525	19.432652118828717	19.286831503559636	12.149463296957965	15.45559542914511	16.70982971854844	14.074921013916045	11.544795032118676	18.61206478505851	13.317674339322688	17.31641750397874	21.37511260980439	10.343736839035113	15.413315304635494	9.64206783532969	8.976980250678483	9.757965554516291	8.253738355963561	15.416005037561781	9.53375718171834	15.694980536388004	17.266344847022538	17.076492180256277	15.296006228747666	10.597607327790534	7.341541329491619	5.662114316095922	5.118307357126072	7.15209647218748	11.216489107144094	14.412117455331906	19.177698825402295	21.86308931966324	14.676360612623407	16.373859282116523	16.54233038110492	26.399781610682194	20.677723152238013	14.5004958867434	18.577623834415807	23.87257341510275	17.268972926859753	17.44032867871571	24.255552939897544	25.26970042039049	19.012010826071855	20.190723895556197	25.543640913926932
23.85474006868495	20.99617655673589	16.41295856548651	18.15069223587492	11.092960381391476	15.796797800128504	4.025653073867837	0.0	9.654778439064684	11.415866138734858	15.122848029269758	8.880075040576704	19.35387089138187	14.693818470193023	21.603761530487933	20.854669264243622	22.370207119007187	21.711518393898803	15.521619467548218	16.20328264357652	18.012011819001597	17.145453814447322	13.504598493414345	21.747313140788503	15.4086679210569	19.708619594441203	24.190050877565582	12.544130261693544	18.812580242234276	12.32712195653199	12.631290479980686	11.342506620568733	10.866038290681955	17.016616690662897	10.46407289500618	16.322559417473908	17.075458701654355	17.099281665069476	13.820154088143296	11.501720022610384	8.69910958924836	4.321706551247085	8.867698248989116	10.591469192125157	15.14684597603983	17.955062852858383	22.493832007263567	25.351276529307913	18.62430127422164	20.239357408240334	20.536398636901197	30.377738334076348	24.30578037381513	18.213040929860288	22.317713998105834	27.542318281062013	20.26191323992074	20.52580605714041	27.640917933951368	28.662783027397534	21.626431673871714	22.709187454481704	27.362855287996293
23.089786715232187	19.29704985945271	16.153830105560615	12.712570409109137	10.999125052580377	8.331081917671101	8.801520002063166	9.654778439064684	0.0	5.520486993559598	9.059876641802534	7.882116525857884	15.62614746646883	15.331027305157228	21.892506601307762	21.160755883368818	24.282124333435213	23.98747067974303	17.968001943468877	23.400948917894112	25.383290204009786	21.281379859911905	19.789647989716045	23.951099675465503	19.71159822569646	22.485831699049296	24.188149356944834	16.379495796042384	20.834962615301247	17.044946509821973	15.284641133790148	18.332899152937316	13.976136519140313	22.001271214561903	14.520778216486073	19.67907924143041	21.59696129644484	22.775422399010637	20.467390097621706	18.514033759878103	14.378421753073924	13.539857560454701	12.087220837205265	13.021456897370296	14.59724665678145	16.39076790510946	22.817295960447048	22.974724645881313	16.129729872408056	20.186525121418555	19.590674194118805	29.14048600221747	25.059939787815246	19.98665788514012	23.28643552764204	28.860711307828964	24.110662670310685	24.177563511091524	30.15382395822911	31.19023763621874	26.54477111761993	27.289621948879468	33.81751280479639
22.308963635337893	17.568562662760588	16.23544577416559	11.476243460264373	11.442171411453993	10.22120240451764	10.74569485610486	11.415866138734858	5.520486993559598	0.0	8.958330590476434	5.429307176733392	13.901243064403559	13.955527700261396	19.81997432880619	20.98192150157428	22.458514830982597	21.456938076414144	17.659287349604256	22.53682644801379	26.387502743967904	22.431401004452695	21.83334077310211	26.92538783159666	23.21470744355518	26.342541062385678	28.362549417302905	20.02693658625434	23.422406151567742	19.571572365054216	16.189334223342154	18.936433615008404	12.83418952159104	20.185827564824574	12.22798180909846	16.137366328734938	18.155853891568423	20.0504815522474	18.148003565051138	17.936365834438217	13.539723573112397	14.64294619167236	13.46853135082722	15.914306027351167	16.86591955062057	19.790762420694822	26.201255692065406	26.38912463957634	18.112420857303654	22.209607713758906	20.259592152780176	30.215503996344232	24.503597808181144	21.005568167349306	25.055128626658917	29.43299671937999	24.11330959228141	26.05935963267192	31.541827201533827	31.94387449432125	26.868170180407226	29.742646444742096	35.02627034837265
15.397417133721927	11.511956021006585	10.092952405528884	3.858736442148365	7.662851962240948	4.04911862867134	12.037309894044366	15.122848029269758	9.059876641802534	8.958330590476434	0.0	8.92117029607326	7.1797404632696775	10.402866665421444	15.314737191796675	14.527018424859827	18.57837346424674	19.08533686790939	13.700826604302133	22.970658434551606	25.00045088321591	18.394923860584157	19.889424331819114	21.345747421952236	20.306964438812678	22.173062195351573	22.673334331709704	17.558759357749878	17.889154230286305	16.879695967768452	12.414179017526756	18.416791000116678	12.089840414494295	19.75901171044647	14.529646331831627	18.55349021515986	21.698537134596354	22.634906186444404	22.924603334706905	18.72018083553985	14.774503866239689	17.342042290388246	11.421248872413456	12.79756842380068	10.667227632949201	13.370368038313911	19.87486655067749	18.965849393079168	10.243747288818103	15.175093522339553	12.731203569050557	21.898699519902408	18.23860241018166	15.283484227839452	18.27641026104359	22.616683351883495	19.996183670524303	21.15514860519225	25.271334186408804	25.754936516885703	23.213958460718974	25.42571556256101	31.933717810942138
18.80338695575341	14.438088225869937	12.43580563308249	10.96384422592543	7.509498234253853	11.393949949683948	7.376194000489695	8.880075040576704	7.882116525857884	5.429307176733392	8.92117029607326	0.0	12.03968214872587	9.401480185845482	15.75520547249047	17.014847373759892	17.8073120626761	16.78338123440707	12.79841981933986	17.21362159289465	21.329233584897572	17.70328853835585	17.388718290531838	23.547324099861417	19.932946142385557	23.487467909440525	26.475881756352763	17.040442226857937	19.88437338184434	15.599885339174193	11.667215241956645	13.863229535170978	7.482956300713965	14.866952450055084	7.125250979537028	11.877718749952162	14.15639122692526	15.410651385329315	14.35515823403435	12.669807265655237	8.255662666906183	10.800623983166494	9.159881559600793	12.637785604585101	13.996240063249278	17.935422720468882	23.64649198767604	24.975169842810242	16.01969010383675	19.075978792547524	17.03064316689639	27.36493465002712	20.370757681174734	16.811320062724818	21.45255322504967	25.35054294201361	19.081153619992026	21.743302103030175	27.314566745717293	27.515048433602264	21.726561166910695	25.53362014523939	29.9698101044719
9.743406046610955	4.94869097423077	7.898896872155792	3.9498128049411143	9.288808703274238	10.736300301114012	15.959863222620648	19.35387089138187	15.62614746646883	13.901243064403559	7.1797404632696775	12.03968214872587	0.0	7.857588942410062	9.390268564060026	10.384947608439832	13.294622616505263	14.1304050170039	11.44429927480943	21.783408695526937	24.61627061254939	17.37920790887349	21.00091740458487	21.97179497005895	22.80108965415461	24.534181844408238	25.21181578345259	20.743642649261574	18.391691868347873	18.66884221850006	12.499732109345732	18.829616487270517	11.81099977238557	17.226345511701183	14.694916095983706	16.80975632644154	20.502872087210292	21.187581813492624	23.474024323243906	18.631337403437247	15.49492391276677	20.254753935500265	13.452532392971687	15.722737042375426	12.249642904105398	16.04011004496092	21.203535193645884	20.624818372642835	11.075131271581517	14.715983483140386	10.029258387268317	18.615815302015914	13.15223169597324	13.62360596469853	16.894523635605818	18.772613268200708	17.04928450373746	20.3950403438662	22.756547671166143	22.275325281486733	20.709719990175998	25.36266674061361	30.375619501802408
10.028858787792585	6.826658036626142	5.094360925757325	9.92510341174548	5.497301737603893	13.874358340935306	11.428379529644367	14.693818470193023	15.331027305157228	13.955527700261396	10.402866665421444	9.401480185845482	7.857588942410062	0.0	7.062180814876624	8.196262180901453	8.960400262469253	9.341606627356779	4.748069844387869	13.961621265100327	17.285824920505178	11.462290393249322	14.622732906131475	18.857222196081842	18.24740398752336	21.11945546117414	24.019783145979883	16.479939806623474	15.049349686778145	13.276465656297416	6.697703426478195	11.3832931924694	4.66663159486615	9.871403796827149	8.53235333921533	11.489150888067918	14.891552319659162	14.58359158827555	17.207864023882212	10.938936323089557	8.50130578263915	14.150949013349495	8.050672121716929	11.688760871723069	10.474811271922217	15.596786488348755	19.714180868935713	21.657604765539784	12.008345688726763	13.308835319421133	9.785386302169947	19.768952118869908	11.089509747716914	9.590471140642737	14.68313917461352	16.658504396725753	11.03637176782972	15.650338553063843	19.51652164677569	18.999954017118128	14.397196983538803	20.395080233292987	23.96177821677137
6.666485166179103	4.886781582970106	8.706665728300305	13.12134322077822	12.219435782161629	18.976150019472936	18.442307588776902	21.603761530487933	21.892506601307762	19.81997432880619	15.314737191796675	15.75520547249047	9.390268564060026	7.062180814876624	0.0	7.4166305818778735	4.172274662134041	5.726470794498028	8.206968051976057	16.490117697656615	20.185024605331197	14.204817396668354	19.284743431521505	21.798583973356823	23.278803362317216	25.49892830532442	27.839524517899942	22.17671018372551	18.370182408061034	18.52975025875573	12.078930447266158	16.18172262619079	10.920994048648923	11.148063161198353	13.706474009509028	13.664599577831162	17.198624496959685	16.67965386128301	21.239002080598745	15.388964253092265	14.33020317018796	20.573447523806344	14.638010342752516	17.734338705898498	15.187105151984934	19.961741721790514	22.896531297650714	24.48029985834762	15.405435854032907	15.720535712350976	10.819987291203617	18.185017191550546	7.581200254968046	11.808447378171916	15.988292578325625	14.562716770941876	11.091161237257333	17.803176032258087	18.96035516258585	17.20218787788665	14.650070257522016	22.841059456710123	24.684706708361755
3.9887227712281	7.024761348823412	5.01335882729354	13.175320102456158	10.538854158540037	17.08152255007061	17.074939897085525	20.854669264243622	21.160755883368818	20.98192150157428	14.527018424859827	17.014847373759892	10.384947608439832	8.196262180901453	7.4166305818778735	0.0	8.325166600300335	11.59712692348898	6.322865601199193	17.568045553642115	17.709847197082507	9.536260519107383	15.452978778033557	14.877157502617953	17.943918738235542	19.188053228358562	20.922010771032845	17.361277154094132	11.710174233115792	14.098007609676777	8.70957275969861	14.740872914235306	11.837549162719855	14.056767748816194	16.23300551503613	18.565210973168508	21.86392219165299	20.698580309920988	24.28031185267589	15.970173693290063	15.144086553513429	19.85881401548539	12.238178141975201	13.560800522582973	9.838593413783324	13.940231033244995	15.798511889150712	17.698449054049778	9.824679142279091	8.612921611270178	4.254015113891626	12.030666138512375	4.06938804554707	5.499094167908612	8.651203414918914	8.82527374169193	8.198889173710375	11.745185619134382	12.722470762502939	11.955203169905133	11.704296928291324	16.920508629232152	21.097648443082928
8.54950870966925	8.810428337130025	10.554239164132438	16.846393466695503	14.027701367639555	22.102071226573848	19.432652118828717	22.370207119007187	24.282124333435213	22.458514830982597	18.57837346424674	17.8073120626761	13.294622616505263	8.960400262469253	4.172274662134041	8.325166600300335	0.0	3.93278844978291	8.148003879639862	14.081994811257417	17.697580581251383	12.876408513817607	18.15943337160083	21.440260937683032	22.929838097644456	25.32848269841391	28.443509923577462	22.30253557956507	18.27225943793235	18.20469111674578	12.453943703610774	14.958106197178353	11.615940845862651	9.067254488359561	14.211633301617109	13.737027868161803	16.76931495741454	15.410855809612407	20.637328368411335	14.155797324118604	14.342560341963258	20.543395107142445	15.365595480882176	18.4356360805852	16.59842290348108	21.424538299796517	23.363603133617744	25.940137412364226	17.480134278035056	16.509817033058276	12.448559523872124	18.964485447251754	7.253208938886898	11.716481263492117	15.974849682467108	13.528036405741931	8.594209899952173	16.526654610139598	17.418728222909383	15.265459338014288	11.704184645102695	21.252559974726697	21.517502502864094
11.82231047429236	10.352097416056084	12.562149039300555	17.487394244434423	14.69485104707994	22.864202876545104	19.286831503559636	21.711518393898803	23.98747067974303	21.456938076414144	19.08533686790939	16.78338123440707	14.1304050170039	9.341606627356779	5.726470794498028	11.59712692348898	3.93278844978291	0.0	9.750133649752012	12.965054177731039	18.531736813955078	15.091039579649552	19.369765180299474	24.298618678289916	24.668055011593008	27.609378050817227	31.149042437999462	23.736483948450637	20.952665656321145	19.635100803398817	13.844151376126263	15.095843259740256	11.05190233297032	7.254433812826189	12.337307779256577	10.467383104416085	13.390772250949583	12.33275563638633	17.919607896246635	13.192239861595613	13.310325134471968	19.859131629458737	16.003564477065016	19.719856608788447	18.65156431414886	23.7255616528752	26.258316505725627	28.869586543751765	19.86736465138171	19.498509887102085	15.437667243842457	22.736750908737076	11.121059430171023	14.53677654421634	19.300794848566326	17.40407619201167	11.15964357051742	19.284677091175453	20.991466893447427	18.91560385173872	13.903375474999994	23.816331599637042	23.40893749547072
9.584162261767544	9.193402600665907	4.9396011379903815	13.562367249763243	7.116408667739633	16.497062350851152	12.149463296957965	15.521619467548218	17.968001943468877	17.659287349604256	13.700826604302133	12.79841981933986	11.44429927480943	4.748069844387869	8.206968051976057	6.322865601199193	8.148003879639862	9.750133649752012	0.0	11.930082321176515	13.337542837862067	6.903145864687736	11.15984033681381	15.299115782126893	15.29954525429792	18.080687419899906	21.665507366364597	14.286595041432713	11.67286048203158	10.394629171932138	4.309721063283361	8.830933553855887	6.19767053460083	9.008037163508758	10.619798507664067	13.792478558640518	16.684803103185544	15.280359029361728	18.27131014963058	9.701771607467943	9.008177717901368	13.957141206365817	7.493847194433728	10.303686438540494	9.395768909297061	14.45325338438419	17.050117129237346	20.218475516069407	11.677688362087135	10.871331128170196	8.54841333276473	17.783186756124497	8.969097140419565	5.878911624667934	11.357351523076492	13.268610829752506	6.571285096059818	11.244223495636433	15.332157999655601	14.959662692222654	9.829715349349428	15.989022605276695	19.32373631405017
20.402265752222288	19.594678993534387	16.697538391526997	23.579922382058104	15.842533654983406	25.693303843030634	15.45559542914511	16.20328264357652	23.400948917894112	22.53682644801379	22.970658434551606	17.21362159289465	21.783408695526937	13.961621265100327	16.490117697656615	17.568045553642115	14.081994811257417	12.965054177731039	11.930082321176515	0.0	9.042957474711402	12.568527029697771	12.265051790197758	22.14505138293259	19.0161975036256	23.266765300671075	29.248688046202705	18.59537993279276	19.441406212352444	14.616969996146151	13.102518724737633	7.1766339203681895	10.948123181866402	5.9078346144162905	10.796629801648876	11.93442133303982	11.976641154248593	8.527544567761796	11.481390223997645	4.913982162590714	9.119726045922414	12.358888210123792	13.628277906981495	16.79642840922105	19.409139070518545	23.93738378772856	25.428659021904902	30.252182694437593	22.818332347514364	21.195747508118103	20.295522790842686	28.367996298999323	18.46919921943398	15.930917151306744	20.803294683637912	21.65374213932403	11.659045097266148	16.847911009156935	21.83986204717449	21.178188310739543	11.48980406507075	19.177530229998354	17.064812180592774
21.358559830149005	22.420643251179015	17.420794646300344	26.071229790737203	17.358133797421022	26.740333791474637	16.70982971854844	18.012011819001597	25.383290204009786	26.387502743967904	25.00045088321591	21.329233584897572	24.61627061254939	17.285824920505178	20.185024605331197	17.709847197082507	17.697580581251383	18.531736813955078	13.337542837862067	9.042957474711402	0.0	8.910155089611742	7.004196718734754	15.917628548968876	13.109703370917984	16.73709324375788	23.386530423564437	14.22101003776416	14.48822953078075	10.628503527329183	12.845392690919288	7.498603229774689	14.997522429022476	13.081854904726685	16.97045264631616	20.060866176877656	20.65229551849502	17.45871253395402	19.07158732934603	10.187970669752877	13.701725000028656	14.143740575023305	13.971109223843522	14.698945610744577	17.64335250041856	20.809312549317745	20.069249902683286	26.095919552963576	21.34090892437338	18.004142980223737	19.429228760460052	25.60550010090405	18.71308754923414	13.814718632609038	16.857305847465152	18.841823936631457	10.586322195250572	10.956118313339648	16.674673099821092	17.224620962425746	8.332082749245671	11.26573029603485	9.773702766199177
13.445366514713625	15.20633944661859	9.572508206573746	18.957092614515506	11.378785369234434	20.110910827798858	14.074921013916045	17.145453814447322	21.281379859911905	22.431401004452695	18.394923860584157	17.70328853835585	17.37920790887349	11.462290393249322	14.204817396668354	9.536260519107383	12.876408513817607	15.091039579649552	6.903145864687736	12.568527029697771	8.910155089611742	0.0	6.665852135222829	10.109234326632446	10.66140227375534	13.107464426877394	17.869585578244063	11.1403974355456	7.352912599835039	6.988391340591709	6.3158643781739485	8.124348824212488	11.361272684799273	12.631135712165444	15.40634179305632	19.156604297534685	21.283179689845852	19.00609906283563	21.391798566716282	11.35184454528475	12.422248129474443	14.788947067758537	9.36552574876721	9.601792734685846	9.928442101410338	13.494128996108081	13.390055768044023	18.48683020905627	12.982482908544789	9.420840754397208	10.629144987878194	17.254911518677616	11.349297304292627	4.943326976723339	8.503127863067593	11.67446899861253	5.3866960305700795	4.8916407038265755	10.925495747322435	11.727621669386917	6.199541925657734	9.172026322638933	13.567856393759616
19.420140989859238	19.9825496544486	13.711624266562797	21.600078463690842	12.664300753827527	20.908641799694013	11.544795032118676	13.504598493414345	19.789647989716045	21.83334077310211	19.889424331819114	17.388718290531838	21.00091740458487	14.622732906131475	19.284743431521505	15.452978778033557	18.15943337160083	19.369765180299474	11.15984033681381	12.265051790197758	7.004196718734754	6.665852135222829	0.0	11.466527395774818	6.81762867784713	11.12347510387453	17.625486673888798	7.287195840007938	9.499177455208113	3.7866612137456035	8.509893575515752	5.980572544078786	12.418960563533679	14.662427607692798	15.328177745339564	20.13950705217657	21.415867422291072	19.12549784968829	19.549228540018284	10.236119283153098	11.581259090300847	10.720131915661689	8.799810613522304	8.109771376938275	11.897907272190725	14.511395009601554	14.725643220655138	20.402287642384334	15.94299567036664	13.364831367013792	15.729214891395891	22.884517150167035	17.820035666379855	10.542743051504807	13.382444564119444	18.061388396182597	11.279661367694448	8.55751104142889	16.107312436908195	17.630922394815858	10.849250778282078	9.661985968630383	14.488796225969889
18.196729700407182	20.981611496695454	14.809514546841502	22.438836489706365	16.536528527163966	21.26498626657013	18.61206478505851	21.747313140788503	23.951099675465503	26.92538783159666	21.345747421952236	23.547324099861417	21.97179497005895	18.857222196081842	21.798583973356823	14.877157502617953	21.440260937683032	24.298618678289916	15.299115782126893	22.14505138293259	15.917628548968876	10.109234326632446	11.466527395774818	0.0	8.30169323093128	6.02074271606485	8.689212072674335	10.225045451858948	3.8417166564466623	9.925851215648844	12.93271517013514	16.357111399036498	19.36473127208446	22.62741215789206	23.689674102392644	28.369812288386463	30.63933812058598	28.67237471590171	30.02451979823922	20.31932598881923	20.501780222295594	20.60791581319647	14.79604539245359	11.579115515233491	10.699619156734977	9.722034606593194	4.7612103610488585	11.389726178017334	12.409671239764336	7.740760007335411	13.026213440144756	15.260344651537997	16.924828045722073	10.02932900292847	6.980145978920255	13.606173781095537	14.416578967606796	6.274372511018403	10.365494632073359	13.649926838312	14.482113451947042	6.823404281007705	17.10556946048382
21.79088585169106	22.70019343564064	15.836387212203233	22.53845542251532	14.676601760529069	20.02072209901958	13.317674339322688	15.4086679210569	19.71159822569646	23.21470744355518	20.306964438812678	19.932946142385557	22.80108965415461	18.24740398752336	23.278803362317216	17.943918738235542	22.929838097644456	24.668055011593008	15.29954525429792	19.0161975036256	13.109703370917984	10.66140227375534	6.81762867784713	8.30169323093128	0.0	4.92085816487143	11.676287070579981	3.357954599012828	7.792787473398618	5.2534753009470565	11.601626300179282	12.26398130338628	16.789231395339975	20.879092365335595	20.098188921932046	25.582578210927633	27.142778891721054	25.30572790425521	25.003087133236026	16.37926185596017	16.486268478566753	14.228910035187466	11.33256959598059	7.729112196620918	11.167517448331512	11.10994837097251	10.37911655198029	16.089183206621453	14.738461692868384	12.354867852600407	16.569910693098834	22.36847227469524	20.80113013077095	12.579952177344865	13.060779825052188	19.701604884235692	16.03767045405447	9.788173231598064	16.975185672288223	19.605095775835686	15.878045357196036	9.419482089548772	18.092815201055533
22.749509213358575	24.44949921104698	17.719742770722362	24.186698491149937	17.544971410574192	21.364300324251637	17.31641750397874	19.708619594441203	22.485831699049296	26.342541062385678	22.173062195351573	23.487467909440525	24.534181844408238	21.11945546117414	25.49892830532442	19.188053228358562	25.32848269841391	27.609378050817227	18.080687419899906	23.266765300671075	16.73709324375788	13.107464426877394	11.12347510387453	6.02074271606485	4.92085816487143	0.0	7.308333016467102	7.166863008375662	7.585107507752255	9.35886873789295	14.625922203570125	16.69343176597147	20.518978705397203	24.695558707929624	24.26192855780765	29.661551614211714	31.51306949297819	29.69760006428449	29.74671733223315	20.841698943470295	20.79783741279138	18.967630615257683	14.97282325450006	10.86553664388198	12.31983638805618	10.356123656444174	7.13916605948131	13.061502335732486	14.816321324759635	11.899921396983897	17.100322848684375	20.75940711133452	21.843383194929302	13.968691561905908	12.399962945125283	19.420951014605965	18.27686367273622	10.485497618441569	16.124374941154652	19.34720346133381	18.101488347731994	9.301205186925644	19.513619474945063
23.700016263752268	25.719442614708367	19.693924766374845	24.416049089689402	20.24078834911318	21.016970026455915	21.37511260980439	24.190050877565582	24.188149356944834	28.362549417302905	22.673334331709704	26.475881756352763	25.21181578345259	24.019783145979883	27.839524517899942	20.922010771032845	28.443509923577462	31.149042437999462	21.665507366364597	29.248688046202705	23.386530423564437	17.869585578244063	17.625486673888798	8.689212072674335	11.676287070579981	7.308333016467102	0.0	12.59273207560177	10.64766698894438	15.033892724511862	18.440822564230015	22.588192361246538	24.529154040453555	29.615655193139748	28.647653516041753	34.02492639595609	36.379516267042696	34.9782204398817	35.243440714177744	26.47699437442422	25.633679442145137	24.41067311500965	19.005129108552232	14.725947238348894	13.750406680437546	9.398470827734874	5.328770234587844	7.717365568681307	14.222893169762397	12.347344508074123	17.682620981771922	18.927473166621457	23.605120747622912	16.774672197283657	13.473717360039524	20.62918653540075	22.46134794220455	14.849525450824116	18.05062465596154	21.43709680180203	22.97599695346214	14.594082853493605	25.20069950293436
21.105186152088688	21.224048394248342	14.407212652916007	20.102173387199652	12.285569801262485	17.158897734480348	10.343736839035113	12.544130261693544	16.379495796042384	20.02693658625434	17.558759357749878	17.040442226857937	20.743642649261574	16.479939806623474	22.17671018372551	17.361277154094132	22.30253557956507	23.736483948450637	14.286595041432713	18.59537993279276	14.22101003776416	11.1403974355456	7.287195840007938	10.225045451858948	3.357954599012828	7.166863008375662	12.59273207560177	0.0	8.65248863374222	4.484680372888757	10.165650811211975	11.476728038277944	14.823303280628119	19.997454397049186	17.970976070140686	23.75452279916751	25.39437553189171	23.953457405664945	23.2286703645244	15.224131005201981	14.53366406379522	12.028487251525178	8.99778711863693	5.118252868551874	9.528155779864008	9.861987997723352	11.282467214914732	15.964876930569453	13.316281929478787	12.218869627277945	15.79626452559098	22.80077077806244	20.653662354346867	12.397543110670153	13.723029935635843	20.58489578576122	16.395444819910434	11.453936668453093	18.7285398940222	21.067315835338643	16.87466482027503	12.254554595920233	20.471793380834438
15.25521498849473	17.482076978168703	11.087677724851117	18.93876859477618	12.762866606369839	18.20531074034027	15.413315304635494	18.812580242234276	20.834962615301247	23.422406151567742	17.889154230286305	19.88437338184434	18.391691868347873	15.049349686778145	18.370182408061034	11.710174233115792	18.27225943793235	20.952665656321145	11.67286048203158	19.441406212352444	14.48822953078075	7.352912599835039	9.499177455208113	3.8417166564466623	7.792787473398618	7.585107507752255	10.64766698894438	8.65248863374222	0.0	7.363892981603136	9.180409410359076	13.50957432978809	15.648056210208885	19.391467333540007	20.06962095830311	24.749022399204783	27.155591201714337	25.38736696202978	26.823339246977707	17.23026031574163	17.039842132212847	17.764539057651838	11.244299520981773	8.478553912281791	7.245675295721605	7.825150230810091	6.058427282554953	11.649787910354124	9.542143433298254	5.129808974648746	9.943130363956158	14.618803651095451	14.283308597453019	6.63389016679932	5.302801024296111	12.49373053163313	11.84741131917294	5.242545874587492	10.705487146021246	13.262368071307696	12.67057528739831	8.235524819476558	17.425833650897378
18.007767081806755	18.307894065401324	11.608724710765102	18.821509279817903	10.222321591540627	17.513242148438398	9.64206783532969	12.32712195653199	17.044946509821973	19.571572365054216	16.879695967768452	15.599885339174193	18.66884221850006	13.276465656297416	18.52975025875573	14.098007609676777	18.20469111674578	19.635100803398817	10.394629171932138	14.616969996146151	10.628503527329183	6.988391340591709	3.7866612137456035	9.925851215648844	5.2534753009470565	9.35886873789295	15.033892724511862	4.484680372888757	7.363892981603136	0.0	6.693507990358585	7.639397477602888	11.620099386024158	15.833981141183195	15.085817240281072	20.424342353802277	22.158672704566715	20.399708013821847	20.60279199734008	11.60168141106164	11.516774643208944	10.698276375503081	6.596070388119174	4.528582526337404	8.533236231492822	10.91986845621662	12.166241465783822	17.24865846528587	12.66601025601523	10.806118838189043	13.479682927120912	21.091238741992562	17.10355384685213	9.099980354961225	11.70311243256648	17.55904188897258	12.097292358909666	8.601287362180733	16.125057498459235	17.913916347774965	12.646021553627493	10.585303076247033	17.423139353438824
12.327874418879416	11.770383731153567	5.474857541471995	13.419459072510021	5.08631608251644	14.374789873007579	8.976980250678483	12.631290479980686	15.284641133790148	16.189334223342154	12.414179017526756	11.667215241956645	12.499732109345732	6.697703426478195	12.078930447266158	8.70957275969861	12.453943703610774	13.844151376126263	4.309721063283361	13.102518724737633	12.845392690919288	6.3158643781739485	8.509893575515752	12.93271517013514	11.601626300179282	14.625922203570125	18.440822564230015	10.165650811211975	9.180409410359076	6.693507990358585	0.0	7.610350846948345	6.476817495083952	11.725852768953079	11.019490613238581	15.732787344774845	18.30154069693857	17.03278588347124	18.56551842229672	9.77233456202066	8.44816266148869	11.479372651168996	3.873856178634998	5.997821378069726	6.365729220586587	11.25644625481184	14.366658590010163	17.79979415315515	9.814285110931358	9.338554686150369	8.941869966084791	18.467546939369452	12.111938839783392	5.729039509208045	10.655028846879121	14.95851657381689	9.045284438067432	10.148313736536902	15.861869877489509	16.484098363368922	11.46199324859207	14.396841483466877	19.618042495266018
18.321613856341816	17.643425401008475	12.626616719865682	19.804329772207232	10.861549432182372	20.374198848399956	9.757965554516291	11.342506620568733	18.332899152937316	18.936433615008404	18.416791000116678	13.863229535170978	18.829616487270517	11.3832931924694	16.18172262619079	14.740872914235306	14.958106197178353	15.095843259740256	8.830933553855887	7.1766339203681895	7.498603229774689	8.124348824212488	5.980572544078786	16.357111399036498	12.26398130338628	16.69343176597147	22.588192361246538	11.476728038277944	13.50957432978809	7.639397477602888	7.610350846948345	0.0	8.070356799430048	9.362944769018995	10.00386537978904	14.366060859029101	15.458295075169957	13.169548556187447	13.956846548201726	4.262634376437523	6.412070445725903	7.8109764312957095	7.46561976560823	9.842361780449682	13.326424153512981	17.385804547928817	19.191486440190005	24.001111255736006	17.224618321774102	15.801361264375917	16.118271962850287	24.731308090962436	16.95679396923817	11.474035350874123	16.083032166155633	19.32202642752366	10.357974848807144	12.282793391378092	18.899356789044656	19.34482409774284	10.774713111766875	14.707235902102514	16.72511793938228
14.345950840881896	11.468107041775834	8.40637262900559	12.872270195583617	5.738010027342942	15.09097601134722	8.253738355963561	10.866038290681955	13.976136519140313	12.83418952159104	12.089840414494295	7.482956300713965	11.81099977238557	4.66663159486615	10.920994048648923	11.837549162719855	11.615940845862651	11.05190233297032	6.19767053460083	10.948123181866402	14.997522429022476	11.361272684799273	12.418960563533679	19.36473127208446	16.789231395339975	20.518978705397203	24.529154040453555	14.823303280628119	15.648056210208885	11.620099386024158	6.476817495083952	8.070356799430048	0.0	8.249153762928401	4.743053290686498	9.520202877358841	12.198927548490772	11.672126246682565	13.168846585882903	6.984192564094587	3.847241355440153	9.791074325652108	6.037780086460089	10.502291551881815	11.683207711009112	16.667557035692393	20.716025816432147	23.513925174470494	14.427115789927038	15.355766475444229	13.232237464427723	23.315847258634914	14.647047242350462	11.332887391340183	16.691642193218044	19.455402738987896	11.891203948542385	15.98028366258768	21.241015958334025	21.05655017234062	14.454981769861073	20.029977986053787	23.09546725539037
16.110591998873417	14.651895369323945	13.474868894480116	19.5691409883153	13.486873692092585	23.071255172580116	15.416005037561781	17.016616690662897	22.001271214561903	20.185827564824574	19.75901171044647	14.866952450055084	17.226345511701183	9.871403796827149	11.148063161198353	14.056767748816194	9.067254488359561	7.254433812826189	9.008037163508758	5.9078346144162905	13.081854904726685	12.631135712165444	14.662427607692798	22.62741215789206	20.879092365335595	24.695558707929624	29.615655193139748	19.997454397049186	19.391467333540007	15.833981141183195	11.725852768953079	9.362944769018995	8.249153762928401	0.0	8.510588446384201	8.210191133533849	9.84053714281851	7.296608534862706	12.288283699956136	6.594253798817866	8.383432012027855	14.20580785664045	12.908531632032695	16.806866033093605	17.895918461979658	22.940777043612346	25.26021406170285	29.08065496434658	20.526747541108463	19.66879042620301	17.286320022936177	25.67806239237117	14.750485162254025	14.245603097541588	19.539803608979824	19.52097678008149	10.238274514561853	17.36094713047246	21.271502544358903	20.019135560474666	11.780826639216317	20.99437206630616	20.010418346035717
