0.0	4.8729954745426465	6.32659275506557	9.720147449752185	7.6965533576764145	7.690352224232929	11.468742965477675	12.894073802261284	11.446213365752786	13.06410598390298	16.563804126631453	16.970723203462676	16.760087195885223	16.556732772335636	19.08890997833934	22.983059842057298	23.285155970874534	19.528443317194846	21.826953684050952	16.308482029562626	20.334228951708177	22.527285138229526	25.633863822182445	24.415094330741443	27.430269593676165	27.24129743656402	25.53532595942766	27.094672149986582	24.396793542983396	23.8467282983474	22.783943859531615	17.64642306099411	20.0015123424543	18.826654078719102	16.47664925431179	14.431164014773367	18.54722700239893	20.95418095084611	24.418797994896277	23.37800229467861	25.52115398544531	25.060301873749435	24.717813313171604	28.947904397380473	30.62017703560445	27.635309157731694	32.67588152584387	28.37448779776895	30.174365090433653	33.3425387878678	29.537877267294682	26.235547230976984	29.82183026311491	30.81283097696036	25.18936008292163	26.332223073819954	22.229659865943525	20.42555567192661	16.935178752762425	14.859604407610133	9.86488141080529	14.409348598077225	17.253087420179355	12.834444788136251	12.053937178896927	17.24329226952967	17.42711161147682	14.012767151424457	16.73524582163062	21.102479024285632	20.80843359113411	25.781240572592683	24.00862491408197	21.501432602147922	24.39668433794099	29.056779860621607	30.20445920086115	25.664234213393524	29.056654859057552	23.339606171440074	26.904549874704653	21.136043998177232	22.272600818625882	18.257271885188892	13.922211786471834	17.55889668220331	13.233627471034943	11.531982789873668	8.551494886910636	10.711232008397106	10.337644337992339	5.527489255915259	5.602080940487227	9.195818897980352	7.730637826661853	3.4463359298194063	8.20041911076601	10.674603381317084	9.055779736788862	9.563634145817563	12.952169777432509	14.725944116789345	15.230535771160236	18.14269349475343	1.4495937190049302	15.893222845842642
4.8729954745426465	0.0	6.023759789058649	6.039223164510237	3.6681833226771423	6.103047346485711	9.159704459420189	9.422769799624755	9.774185621589831	12.095002800648542	14.091588250589671	14.433975766550509	15.588548218598312	16.217149156403597	17.62846640737323	21.732168962465817	23.057312063014635	19.73076425037719	21.847506581028	16.74736773498968	20.36647144259909	23.446464697345064	26.379775280407312	24.63501996300155	27.375906400894067	27.88380621197834	25.270893145859898	27.020135368151738	24.97476009959344	25.13125811886151	23.62505158047986	18.93877586685891	21.433517333830363	21.256082423840095	19.010911649982223	17.86946972991965	22.361319300480982	24.156553597694327	27.874991108127716	26.372742096816634	28.023031704553848	27.85980584133488	26.52814098504902	30.918784649310364	32.094273678288644	28.998248630957498	34.10835248234301	30.333186720734606	31.954695301217097	35.703766364256545	31.799670415781154	28.4307005738579	32.40496770509049	33.75764675794262	28.221447737186026	29.844360701267522	25.954152755471846	24.458608232211727	20.30335481845838	19.12731786449882	14.22997866008729	18.669874613253207	20.978154460359082	15.957169718245394	15.372100684921056	20.357295158393434	19.9859699062922	15.702648539430909	18.48963641038773	22.63024375341179	22.206719173741586	27.14459128660705	25.98794621741951	24.056768424935438	26.694077854918977	31.261786245900378	31.95162761056952	27.312467337808826	30.100209851634656	24.35504457742134	27.129107856335327	21.303702684045362	22.10979867690528	18.75695663358228	14.152979873897443	17.505820933473593	12.90193863100089	13.168135684679983	8.61125334674256	10.045332341179664	12.044316235498961	8.289285313522967	4.875320663010683	9.64813301862567	10.887708548873576	6.664186718983695	8.095826419634955	12.498850122964207	12.23307932399694	10.835900269472344	13.393185362182379	16.604251221029436	17.726495643820368	19.419541468227646	4.880405281182336	17.081166204606152
6.32659275506557	6.023759789058649	0.0	5.622899850263919	7.557564107684465	6.113650188551429	6.879585353819569	10.469235410968249	10.87541846278638	10.19400318184605	12.959307036416277	15.124559262907091	15.936623688745536	14.643198464758996	15.617958684297534	20.472134847017582	21.117102753511613	16.815082497282013	17.772556306531676	12.259908002638314	15.19861375972028	17.798035603712904	21.130507407689734	19.845783690726442	23.220753814281437	24.087648171925593	22.249372068432642	24.88709207924688	22.304844990131134	21.651757132760423	19.284624987324346	15.001585463979366	16.254791779395205	16.341687333819173	15.111334610367539	13.84449241043508	18.57642842605393	20.120190669183295	24.61631670581306	23.82617122550262	24.85074635645525	23.95502155643169	22.470806736937114	26.24592157217503	27.80850380307271	25.333969438562704	30.858057732877395	27.432078621137855	29.955533865070805	33.460220738772655	30.254575058239116	26.165216353453467	29.576228347357592	31.53992159092802	26.394623169858214	27.52738908583939	24.137971021589706	21.678578483110034	17.480998767806415	16.847697597461558	13.113952585508454	18.269545676146194	19.654713804265242	14.596200895195034	15.991443966682649	20.769899974335896	19.36327160846874	15.854880870419398	20.053759237119145	23.79461605217132	21.955675363798747	27.301018638866385	26.702294956574598	23.763410636075566	25.546522172649667	30.830503920059694	31.030105893861286	26.13602100235017	28.474954697355265	23.06068733935426	26.733769672188313	21.19838323977877	23.505700419278696	19.900660564362333	15.918845718155014	20.691742459682615	16.89581734030633	16.625225216175515	13.26976787309767	13.258192588248063	13.684603256028446	10.64209663174983	7.738357734604475	9.582060751698222	9.74793980860296	4.985268459940834	4.740887511162769	9.100250586914997	8.06689712107182	5.039264410620134	8.204758462313956	11.83436597453747	12.279445854145028	13.441213093597405	7.55660599148529	11.07605009367087
9.720147449752185	6.039223164510237	5.622899850263919	0.0	5.590336989527538	6.508329006733294	5.419719042583969	7.128277903792577	10.187554150200661	10.490947150192133	10.791756831615531	12.857482730288622	15.368882691350315	15.295920915818572	14.83044947156709	19.714859053283444	21.649426580283084	18.17393298055214	19.07232196872235	14.51229011647783	16.871216250253735	20.539957371923446	23.416615796011172	21.44421008862088	24.25021071254588	25.846822527865175	22.861895225170947	25.51926795845716	23.832724038701123	24.134130970122282	21.54682545421784	17.896101327555773	19.544033811571794	20.616656382089577	19.250043594334777	18.915296817677188	23.732065381787066	24.74127851693321	29.15782378734389	27.758138804410628	28.438764108968822	28.044324869628163	25.621337153423145	29.614178404063647	30.509668553564357	27.83647337172179	33.23829290141468	30.355950994901363	32.468257539554116	36.56725871178158	33.15650132935522	29.214564325149503	33.08263921922989	35.24214164497239	30.147862035014565	31.836908187830417	28.54350248246271	26.6554463205955	21.96611180436366	21.920133711514858	17.864687361283412	22.730169383402316	23.96496923177836	18.51989832414187	19.471159542635952	24.119095581973475	22.514293993923904	18.18657888832522	22.046729744211284	25.584237425621623	23.910734353524653	29.04406041625245	28.94192499203789	26.76479391498673	28.466042570028314	33.450755639123386	33.289847254074346	28.41936295987389	30.17756366696915	24.79274550030147	27.407212634119333	21.917051094977992	23.631807269075612	20.832206742657053	16.69994264627011	20.85075663056164	16.94205197008323	18.28413265686559	13.876552692093236	13.340835323693614	15.815192333957274	13.337216515123316	8.7086272181089	11.341746322030207	13.79583955888584	9.641868692259852	7.441189402278571	12.899771496957205	13.398906481692896	9.809780083875854	11.122034491017862	15.810875367842646	17.078773015816584	17.00433506802266	10.345038511038561	14.77607880407127
7.6965533576764145	3.6681833226771423	7.557564107684465	5.590336989527538	0.0	4.504535400267524	7.441735284880332	6.050632213215122	6.917581433175956	10.004483249703522	11.187338273713241	10.999029518543322	12.683783681174742	13.998869056719336	15.032311321851322	18.855291505065345	20.71182972607211	17.966231577579748	20.386865652329437	15.90084491721358	19.6672732846515	23.368471537912416	25.78338254129056	23.566263793410357	25.785164490049407	26.394700979946197	23.166331219409646	24.70117597536903	23.154896227591408	23.938533741354767	22.582175334281867	18.155916750036962	21.2631584270285	21.621367669719227	19.063534537316542	18.87716159149094	23.460339190001793	24.629476311362843	28.20914430199208	26.150196299676175	27.49570075998311	27.808166893330984	25.832719766876373	30.515213618974936	31.16825633995098	27.82026062892546	32.751699435653286	29.29217398872467	30.59622302466734	34.74988511863373	30.747386777834148	27.473327427820575	31.77506709224896	33.30294107651407	27.89163646116472	29.99154872001768	26.335170314758475	25.379984718927002	20.670652397655065	20.397101743113478	15.678756669209116	19.852888725865874	21.45425912235614	16.09333841542501	15.787236489694466	20.35341040600319	19.420194782262808	14.66468749861092	17.55171541587876	21.300577394608343	20.670308119786753	25.483272066234445	24.88040777415765	23.37401741531158	25.737968894107446	30.149208666621714	30.47912149580823	25.860306149512674	28.24028457952954	22.55568201569938	24.725119622283767	18.97691351988434	19.622850905228017	16.76938770597222	12.266158784050123	15.655856175119077	11.456433849763055	13.196892519350596	8.600253720059001	8.177815219742746	11.467630792530755	9.308874860023625	4.32141265901216	8.365540687353473	11.497308726749054	8.544702839398557	7.745552445296947	12.406677922944622	13.634719056759746	11.982132528785042	13.232098892102156	16.725886338772085	18.854072661753012	20.185145973584596	7.611574000714292	18.00794056421046
7.690352224232929	6.103047346485711	6.113650188551429	6.508329006733294	4.504535400267524	0.0	4.968863740030746	5.933411001989442	4.779353535262784	6.035987605209027	8.925991554373615	9.597030802735516	10.173284127430316	10.163443337816595	11.758866167285651	15.81292885586138	16.98039596620734	13.742507129052656	16.219410678955576	11.59804603019177	15.823572666251268	19.430865932542197	21.632711054564453	19.463180430065616	21.724721529951957	22.07807208144891	19.229218818005176	20.94159870820689	19.009601014634185	19.511873261848137	18.178204114363123	13.653094180140993	16.969101758775597	17.367967833701613	14.736031267264247	15.07269036718141	19.70520657076487	20.449339244087838	24.14949528125614	22.1192592828798	23.180400630727835	23.439956568263725	21.332060396234162	26.027926754143085	26.692214658419545	23.39010225513315	28.42437684624634	25.007679427882277	26.6366463746156	30.73396705278644	27.00737460473539	23.40067285856221	27.569401654803805	29.377284130976268	24.146399758260664	26.203935597802094	22.861448937473327	21.792007263508346	16.761392754232965	17.247617341729782	13.194326759275992	17.550288982508924	18.249372464270166	12.656439707803257	13.676400848821963	17.96123663179898	16.159489243129837	11.691566428528432	15.73686801664217	19.149934863704193	17.499814110474485	22.637200170110482	22.44881917270916	20.331962623601775	22.169696248263943	27.00283752338071	27.03200170079428	22.235856267182854	24.469334817583736	18.853645910592785	21.667853929863497	15.978240869991403	17.764135376144072	14.555022544258525	10.514959786253772	15.347567718526323	12.095092670725327	13.32725217216231	10.12949222443068	8.02420298400056	9.72159883321096	8.751493635922799	4.04658316079032	4.84923531957063	8.419181380928778	6.5990184441858375	3.735786543315009	8.11640207388286	10.331625053177317	8.971238601575507	9.316474024696198	12.441170800358517	15.20926186672497	16.763132806304792	8.157373306151394	14.8043784329027
11.468742965477675	9.159704459420189	6.879585353819569	5.419719042583969	7.441735284880332	4.968863740030746	0.0	5.363391268922102	7.441012206410508	5.511945764461579	6.224760174523683	9.336032991089958	11.348264143996541	10.337779425734514	9.57502935627903	14.662208798643196	16.389569005297403	12.90281474973805	13.890062534834712	9.814359879338134	12.663474418628715	16.893435495527687	19.063004627887814	16.677653365805504	19.09093477209893	20.589871158028167	17.443708058471834	20.198619033662183	18.581122089519436	19.115411966958025	16.581061397767613	13.246272227361631	15.484270524245991	17.122572179766145	15.553415431867155	16.47212892232264	21.246259893310764	21.355372457625887	25.692277946009575	23.934445208939614	24.07309643411646	23.99723626776248	20.918449383269532	25.113849526386804	25.572901788297692	22.772481774755736	28.102301289170818	25.574022561890704	27.73576074416156	32.03928617288259	28.867307292350755	24.749358124088445	28.671365532386147	31.197346944255724	26.45747670022525	28.425097146549252	25.648876519680037	24.103286629918376	18.87065279718565	20.1235079225102	16.868131198520988	21.50118644074474	21.502950574637822	15.89850768929915	18.030628009868924	21.996947991336164	19.353705410114667	15.22243859952512	19.86739127971994	22.72304152996146	20.053338830956584	25.221474790975087	25.888785555860725	23.546446562106127	24.518118073810946	29.65798109402506	28.95419297547411	24.033201488482867	25.259736001596163	20.132230342916035	22.8176354774352	17.637958876794112	20.253080079242583	17.655073709220293	14.280019817570583	19.329980182248974	16.535234261003865	18.258963245576737	14.90053283859596	12.404120551302666	14.302592908047114	13.599894404935474	8.916457213307636	8.681381982455836	12.15400774642567	9.897424593315064	4.852208271423113	9.609854433371611	11.988386177834116	8.675155396531105	7.546830193592672	12.21664937783916	14.909362244661642	14.748541202075758	12.243436332770807	12.956138611196028
12.894073802261284	9.422769799624755	10.469235410968249	7.128277903792577	6.050632213215122	5.933411001989442	5.363391268922102	0.0	5.370700737259902	7.197546963489142	5.722159013618967	5.922241681104074	9.359229232295023	10.907894102290532	10.217565916613605	14.014838033052413	16.838758097746833	14.86216997967948	17.02699446594316	13.922896577170622	17.204607871524864	21.754752691419288	23.337328182551385	20.4733750961332	21.934458664264334	23.1162461711927	19.00638230697038	20.721937487129367	19.999406918733094	21.59541440234314	19.983482570191523	16.583503415934963	19.95762283035451	21.451649732534097	19.03881612251974	20.29262137829104	24.92123169319799	24.98685908384821	28.644375314397106	26.102686214062597	26.545639378749474	27.27247967913812	24.076722133587115	28.810829056036418	28.685263754533988	25.302473878248083	30.07287732357568	27.51047171170643	28.725705332379537	33.43127150434482	29.7055720725004	26.259904922498013	30.750290996308784	32.893200409665276	27.998984084983825	30.570879703837882	27.595277331157078	26.997142264859765	21.608827466730904	22.845785917676842	18.955942788415477	22.974201250265814	23.214761210875697	17.58322326492071	18.531824614262383	22.261149202806536	20.022873725913225	15.171225132646995	18.75957559851193	21.4849141840547	19.726048330744035	24.38735088393141	25.082859022247074	23.80748508493619	25.191649951384225	29.618785877432277	29.022593002367824	24.38424819341874	25.6306854912444	20.392006683059545	21.791415898595066	16.549682593474046	17.805954672403335	15.973804047670928	12.439147471692689	16.350510255666276	13.65484572614281	16.815389584848916	13.0748381823198	9.966814293794789	13.711107349339258	13.704730374804035	8.503949352566789	9.121951338461916	14.03263934118269	12.407614216835386	8.546450700900596	12.902367591303008	15.876921527213327	13.475524150764123	12.532860295270087	16.510469940880945	19.770731457226756	20.050244758903595	13.094152467385669	18.276595600641983
11.446213365752786	9.774185621589831	10.87541846278638	10.187554150200661	6.917581433175956	4.779353535262784	7.441012206410508	5.370700737259902	0.0	5.4656492452226475	7.5109076870823746	5.85867032402674	5.827545471533945	7.764562135068783	9.857246217096632	12.572442250481036	14.2495540848651	12.417063961017442	16.01019941900238	12.721636594133399	17.343550960933882	21.389685460919388	22.665066800700213	19.946601481975414	21.167053617328882	21.08191955421234	17.462072857450735	18.20858957138827	17.031491963786205	18.592952664220476	18.193874545374328	13.965439664336103	18.483672080847892	19.13138036525179	15.784129862572094	17.280458415764343	21.537577590052	21.596424495271982	24.55661980515563	21.616985632267195	22.569571273409657	23.749861363398367	21.170259899302398	26.370989410668525	26.275056058026493	22.426966660531534	26.869035010003486	23.631969244219054	24.4365920528413	28.987188377738796	24.93997928558812	21.846694800532603	26.52023366038296	28.212080268888478	23.135327735516935	25.902272361442442	22.809797404572677	22.850159149436397	17.470657563828887	18.87493699344742	15.107427520058037	18.47711606987883	18.42858744602689	12.944743794658068	13.707671972424906	17.045179462376517	14.837774674469237	9.869561264623648	13.476686841332693	16.218086641939532	14.663194650932425	19.40100438479437	19.7761000276131	18.518372006070074	20.200448118451856	24.49117457527083	24.265051651762892	19.685177855479083	21.648558446440838	16.070005552978365	17.86584383092266	12.201693239843852	13.446637287228475	10.906162983362574	7.246789473775098	11.98524374575809	9.902353149976324	12.71855970923551	10.338645025333584	5.85509882578595	8.78103651244916	10.280925942088887	6.182404477880245	4.602384043831778	10.16807068717891	10.554181837526572	7.503996429354807	9.936976458012083	13.680419732594759	13.058088112283839	12.045571689882792	14.401169612511374	18.319691582838267	19.938975714787944	11.498627108199944	18.312221393250248
13.06410598390298	12.095002800648542	10.19400318184605	10.490947150192133	10.004483249703522	6.035987605209027	5.511945764461579	7.197546963489142	5.4656492452226475	0.0	5.37304096183743	7.259928829588867	6.974723167953913	4.868486786633805	6.063957987510362	10.327166488183757	11.29838370882485	8.081276547101895	10.755664150862488	7.475824690569418	11.95884188559388	16.1491355511404	17.265282416669645	14.526799839521043	16.081044089686614	16.48590073709463	13.227129178386063	15.213295934919312	13.51325585756812	14.524361772695235	13.145066136738564	9.448068120945306	13.48570470074486	14.924732782357665	12.33168033757202	14.590554700189116	18.945634957570537	18.298078687102297	21.957365316584934	19.495240335331097	19.52112634900626	20.193819412133248	16.89314010252376	21.73840136677591	21.69481639434077	18.296451251088115	23.275595309850466	20.60410491977851	22.38939540340805	26.882248014525512	23.612723897748268	19.648429436264742	23.865424827130052	26.365655409036876	21.794759749942923	24.218082739369834	21.784331838222542	21.08291617745961	15.437552973015366	17.84896794059791	15.289221681448193	19.127657051958813	18.02168441745341	12.515852784764647	15.340828710991557	18.359165199785068	14.930309709831306	11.029573606846665	16.09243087878907	18.229177101899587	14.884786102753518	20.006057628907833	21.182871591848222	18.885176786848458	19.41066834210267	24.481433683312314	23.529504828808015	18.63143342724065	19.78929617500475	14.636009182724875	17.443585504669926	12.356813120041096	15.681246929153204	13.126800157344286	10.735441481044043	16.388084133921318	14.921550668225066	16.755641075240746	14.847707078367685	10.81700429925731	11.711759441107388	13.095488014698981	9.40721758889329	6.008329541844082	10.347007668552646	10.843759258436894	5.730818484273717	7.2094511229838965	11.705538523547235	10.376947546158961	7.645649406557729	10.233322761121595	14.61481413153753	15.47794657518662	13.691642134125868	14.223825945655454
16.563804126631453	14.091588250589671	12.959307036416277	10.791756831615531	11.187338273713241	8.925991554373615	6.224760174523683	5.722159013618967	7.5109076870823746	5.37304096183743	0.0	4.9758396918916565	8.03192759712424	7.863919995010726	4.8872409944303445	9.351340160561081	12.42101524100286	10.728716651376677	12.277163493913461	10.78439214433265	13.468147133249786	18.431492055445908	19.126662568308216	15.834835770348326	16.674547259320946	18.290078969886082	13.785695606849341	16.064452292689676	15.728922445611296	17.666119156581274	15.717528722072966	13.5509736541187	16.84770919557362	19.256728792710902	17.24650784521999	19.6955067959652	24.0832634182516	23.131103619744948	26.853868532582062	24.212694112574123	23.709633918105578	24.568596695921986	20.41720857075528	24.954447687679764	24.270922826039882	21.072608677932664	25.776644779112743	24.072142418132145	25.571137747545645	30.486006665858497	27.343163858180205	23.546321078602933	27.853388859450092	30.64213400083957	26.416869212274694	29.101798349962174	26.913957414523853	26.366462786289976	20.6794375032389	23.213249426093252	20.44984768041064	24.309397104165917	23.257929678812616	17.77808368277119	20.164103619471206	23.090267910288112	19.650003141430957	15.469239583580428	19.91810820558443	21.67734366841127	18.4665020433632	23.051271543954893	24.86589619166396	23.26946605104499	23.50503356983894	28.16368590876636	26.69483760874946	22.035390472085144	22.18877004837833	17.616379725064498	18.986481478949724	14.553395168240284	17.266058216041994	15.968897851229482	13.797495316103007	18.51900056603987	17.15375136054252	20.214060874865424	17.49991852380945	13.296092138558073	15.842054849456268	17.071088170939007	12.426538637459595	10.498713248934804	15.424011657869766	14.965720000826193	9.651020070597456	12.447866744985772	16.502264198514442	13.9943962932693	11.082488445532137	14.736001347305198	18.802993959673884	18.337148256412565	17.066949110900026	17.151486329394995
16.970723203462676	14.433975766550509	15.124559262907091	12.857482730288622	10.999029518543322	9.597030802735516	9.336032991089958	5.922241681104074	5.85867032402674	7.259928829588867	4.9758396918916565	0.0	5.01068851665729	8.07274768075576	7.353948168739817	9.059558222593989	12.553397741608174	12.363430007734621	15.50830102384832	14.159354610155168	17.783351781236032	22.53131250654929	22.946361011686587	19.585071241245434	19.756332531143688	20.378265286193365	15.548301770782448	16.216449422754046	16.446943430940625	19.138191753085422	18.53210687856064	15.76940886327715	20.198651614857578	21.940649852438106	18.985649948524635	21.492475365729195	25.654621735973713	24.841036639838634	27.75906787881223	24.42400092947076	24.47936246420988	26.092728876234016	22.335434355962672	27.433036365402348	26.441852809803937	22.60905097621995	26.64556746673564	24.527615530067614	25.004556375601982	30.11750583413875	26.35747930356234	23.356210312935232	28.15787810960548	30.35239638013887	25.923940749130892	29.110896951029	26.682293653657833	27.06834730832402	21.398042910334528	23.787947015254147	20.589096566756268	23.735390087698296	22.86106494992507	17.55939192069015	18.886758862495174	21.40103937974371	18.420448033552887	13.800577459904392	17.164018942227905	18.692562167052795	16.44346690687239	20.49183997542622	22.185957490191853	21.56359691993379	22.30159158284532	26.209311138099885	25.046164671452434	20.72708439924105	21.275607872914577	16.489824054155584	16.740427608078615	12.111573552226023	13.404908847015001	12.764197646678705	10.762295103995323	14.483473183301705	13.744359581209869	17.730421757239043	15.394938623533207	10.523283208082436	13.954208989356816	16.097353199516487	11.786815854427266	9.974099504618215	15.592230897096128	15.965391815610545	11.681446705617898	14.042893845341318	18.410777789602392	16.926500177711354	14.613590449280679	17.42326092538419	21.85608827194008	22.34675522428447	17.07556937401803	21.045607478229126
16.760087195885223	15.588548218598312	15.936623688745536	15.368882691350315	12.683783681174742	10.173284127430316	11.348264143996541	9.359229232295023	5.827545471533945	6.974723167953913	8.03192759712424	5.01068851665729	0.0	5.119973671796655	7.727526870348235	7.81490740096629	9.629107933190923	9.876596771112451	14.395995413712475	13.17533588161701	17.747984698969383	21.906465843875655	21.958676144446468	18.80672705523464	18.706545464932482	18.013850354374153	13.792034872152389	13.349293755919541	13.125349413479158	15.890967131572166	16.563281966719167	13.304349648204893	18.663789852329295	19.71844808993491	16.067799283366767	18.992057420846535	22.630529308339085	21.602077298045614	23.799617522859208	20.05409100419755	20.395498217131212	22.507913162439515	19.224812076009368	24.695416005135666	23.664486160169126	19.403588294578192	23.05948312581693	20.383102591942283	20.456764884102036	25.494422637955278	21.50453161360588	18.79695510583042	23.771750471330783	25.648920122855923	21.214869803634127	24.629265389782592	22.322673755356156	23.34824407461951	17.751027812744635	20.574853897859924	17.92207273865692	20.300031091374663	18.798272893382908	13.933631708101798	15.46409572742893	17.157916613272253	13.842623375671883	9.567363637850347	13.024778870387808	14.048926361661012	11.43750004322768	15.573968221456271	17.356219111899367	16.707650030994362	17.375140037277387	21.204555946512453	20.17934405805846	15.861900586245449	16.938926454331874	11.82200953110467	12.488979540477455	7.3047385049880935	9.302202172908096	8.175325352297067	7.245948762908566	11.714734616540118	12.188059472189655	15.541674504901401	14.714186583557472	9.223784367660059	11.035544510397859	14.599062733959832	11.656459863067106	8.053176090857182	13.269276087748691	15.345522059455638	11.71151491935573	12.09123429451258	16.996559318661898	16.87929517617812	14.421291279663281	15.66131065163748	20.59908459184212	22.084919913361137	16.834865837485463	20.995858464580852
16.556732772335636	16.217149156403597	14.643198464758996	15.295920915818572	13.998869056719336	10.163443337816595	10.337779425734514	10.907894102290532	7.764562135068783	4.868486786633805	7.863919995010726	8.07274768075576	5.119973671796655	0.0	5.4299639033002745	7.0304997826642115	6.857430873616289	4.968904008689639	9.611921125100121	8.50474188091524	13.220072093783205	17.05918521094715	16.972274490809614	13.994788950904672	14.288557290991763	13.516377886942058	10.036875068095803	10.813586799031507	9.328633089368802	11.308597326546918	11.506237320520622	8.32118471657771	13.670056026969332	14.989560908137264	11.733347705236078	15.261988422432502	18.829231444136404	17.298032761913184	20.030382265733937	16.775392219485678	16.467930194395485	18.088087542851707	14.431478189740222	19.761156353503342	18.9786755809617	14.983705658503046	19.34106978656497	16.77353331574667	17.996680066544627	22.811336426766164	19.510993960451586	15.805155465568205	20.34321136638189	22.881464180377353	18.725853850838096	21.6953121609681	19.844790080392222	20.141816956190752	14.383169487005276	17.961141814892017	16.322928943487124	19.08191892142459	16.78870097064066	11.940535581784085	15.220569700645223	16.879956382917957	12.604275200322528	9.444475362637535	14.44094223733053	15.393906268368749	11.11847192325739	15.9383548381713	17.991937393723166	15.943161014981321	15.694107545408917	20.53613417953764	19.092733555850394	14.29515761336098	15.038374790184637	10.022192718507394	12.717742601926417	8.056257086901494	12.417589763646188	10.401768159346062	9.85059140551788	15.420894909850656	15.539989248573429	17.52439266917944	16.92828061869257	12.035537628443436	12.040444022571252	15.176143571343502	12.579493197059074	7.822484839461179	11.829799929070406	14.214394871106458	9.935524503518362	8.844690794184478	14.128987876030955	14.066396819373777	10.727302819818975	11.238597016380613	16.493001048313545	17.817910314796148	17.034070247021713	17.08634047912134
19.08890997833934	17.62846640737323	15.617958684297534	14.83044947156709	15.032311321851322	11.758866167285651	9.57502935627903	10.217565916613605	9.857246217096632	6.063957987510362	4.8872409944303445	7.353948168739817	7.727526870348235	5.4299639033002745	0.0	5.542983747473757	7.908756418094702	6.6574318019139085	8.444065807003668	8.913234341932178	11.633349852377382	16.40338499880882	16.04805141005272	12.474269926089704	12.439402700960905	13.666204436239155	8.926204303827209	11.371776545052	11.153035575328637	13.455954279905562	11.883734234533346	10.70483844714546	14.419280609171617	17.142280913796878	15.15559192911689	18.63888590206945	22.4916075026641	20.685402784970822	24.067682875727108	21.234224821762318	20.07083139736346	21.251380095638066	16.532116795120253	21.10165657288303	19.89713107822423	16.611763939451656	21.106781989864192	19.897839963393434	21.499425462282645	26.48575657098777	23.784374080340775	19.847358606177796	23.99667059579974	27.14717646993918	23.519044710671277	26.31397399380025	24.81265581652529	24.56599429238719	18.83687699291638	22.407601273591766	20.68565497124611	24.035693955504428	21.901605179542543	16.91788058712088	20.24379511437466	22.267930234996545	18.005107514608497	14.744105693581853	19.566623712050664	20.4531035696624	16.159342138107622	20.524558167490255	23.119903440880776	21.272307076107715	20.564244331311272	25.289535118826418	23.218722884248347	18.642823863645674	18.04060237923146	14.085827123208238	15.671688263227209	12.107497011075159	16.09448971494011	15.075467849283287	14.238712079165389	19.351650547306033	19.0680045334028	21.75713980728362	20.109381448379235	15.340409984404264	16.629380603249093	18.90580843211242	15.131197091674016	11.55717303653906	15.94457298846866	16.84856816695165	11.473197751170385	12.119988807162304	16.906893861833435	15.194019850111562	11.16820696886712	13.363572032759329	18.172636790795714	17.8070235252129	19.69460879307346	17.205214676216364
22.983059842057298	21.732168962465817	20.472134847017582	19.714859053283444	18.855291505065345	15.81292885586138	14.662208798643196	14.014838033052413	12.572442250481036	10.327166488183757	9.351340160561081	9.059558222593989	7.81490740096629	7.0304997826642115	5.542983747473757	0.0	4.936419671413578	7.885630012169387	10.896439182548352	13.050372797149583	15.85642677205761	20.13212065598163	18.695409414069736	15.035094670380158	13.233777696414187	13.234930977564577	7.759850903940682	7.675324888619368	9.404529451534609	13.305997804261485	13.595442544154896	13.160271648405327	17.659227890803884	20.07172041945407	17.51648065721094	21.66517150664956	24.859190606968504	22.482726170656242	24.758450957517045	21.118135360219284	19.72199153432688	21.97648572693046	17.094886791639208	21.90705173252479	19.700902213803904	15.876250703473293	19.04597679950377	18.3844174982434	18.8194843936591	24.20808549108875	21.457338941934562	18.337333082014226	22.75934208907797	25.742610527250243	22.720591739043968	26.12238274066377	25.14933751891692	26.023306942302497	20.414635687193726	24.60896598401242	23.29269394052325	25.676964193963325	22.848901097052597	18.563444111730274	21.629093353908146	22.48518199727729	17.96311386615124	15.279536504914278	19.229468009958207	18.864715845352652	14.400361232394486	17.629826641082065	21.218430549311712	20.251343624109044	18.91758713011602	22.745677501498797	20.07908171332866	16.13460882343689	14.539456078695034	11.552825794658709	11.339381995290008	9.388904977420815	13.331321420293621	13.760535249119933	14.587786249964513	18.795723345830325	19.96394543290216	23.11632378350727	22.372564839135062	16.985604907242347	18.113217931154267	21.625738289693633	18.455820232472576	14.3465554519264	18.82727862346144	20.87254526631779	16.032263389016784	15.657973814497963	20.87701475193694	20.063908642791176	16.04998876201672	17.005034718571935	22.271998082819838	22.419666912274145	23.381694100555425	22.06678802118687
23.285155970874534	23.057312063014635	21.117102753511613	21.649426580283084	20.71182972607211	16.98039596620734	16.389569005297403	16.838758097746833	14.2495540848651	11.29838370882485	12.42101524100286	12.553397741608174	9.629107933190923	6.857430873616289	7.908756418094702	4.936419671413578	0.0	5.330315988137062	9.135525089008068	11.8433165124423	14.985731404865433	18.306525743479988	16.399385251266484	13.197322504114963	11.194120988885757	9.426494759096725	5.2667436039498305	3.9894569981269816	4.557196493823427	8.793915574945018	10.476114663153796	10.360246103531093	15.15564184021735	17.078401035677786	14.432854763807358	19.063985479303327	21.55119434848499	18.673849294527322	20.43914001011548	16.756926977800468	14.994305190022953	17.53385057125782	12.75206661614583	17.742118331887593	15.449354533097097	11.260646354698899	14.361649632587191	13.45315877297184	14.192474424220691	19.462191492034414	17.060244449038407	13.63840752295193	17.880657598144406	21.055282200696507	18.44537141794278	21.75542781081519	21.328122967390435	22.37950505243343	17.063100290625624	21.86307158473968	21.551560924689475	23.398524556981723	19.773941935144933	16.281887803655614	20.064387333295777	20.1788691379981	15.162427677928518	13.81536412244694	18.027968810492705	17.172686563259948	11.7314288133878	14.959282535218284	18.78586216889244	17.13533100466361	14.977030489560573	19.149421122734886	16.2106217387756	12.133738856852924	10.323989996832328	7.671934160357007	9.183057207450526	8.04322478034015	13.374889520769136	13.137843548380513	14.787232861894724	19.415193842109257	20.95647613155624	23.11281748341012	23.266681132370355	18.06409728990468	17.681127964667354	21.56651429238954	19.380741365618928	14.467963768593933	17.748956503082987	20.750442033242557	16.431162587641555	14.388092101237286	19.593631663038558	19.7269063110253	15.600364346108217	14.958068547999803	20.373379813693166	21.143277857892624	23.783145687338507	21.13955278137625
19.528443317194846	19.73076425037719	16.815082497282013	18.17393298055214	17.966231577579748	13.742507129052656	12.90281474973805	14.86216997967948	12.417063961017442	8.081276547101895	10.728716651376677	12.363430007734621	9.876596771112451	4.968904008689639	6.6574318019139085	7.885630012169387	5.330315988137062	0.0	5.432997567165751	6.617760995868481	10.418665855819574	13.64129757678977	12.655175486518921	9.745400990099998	9.77325095668234	8.668520517766803	6.232255578252506	8.382541955345069	5.745309404667413	6.968076216851351	6.766510769486173	5.350562854634157	10.237200593716848	12.23833116020085	9.93845074053971	14.38446129454765	17.348104987173187	14.80860861961977	17.764739651085574	14.997865273317862	13.451584555765944	14.746767741700548	10.11834200141507	15.173519189656934	14.172424241490896	10.489812235305841	15.34804460328507	13.521161658645413	15.832746143273482	20.402313322862433	18.14258228908814	13.678073163028698	17.491437859014667	20.861705743623453	17.58919646482079	20.14226598318182	19.24556670740113	19.07837209464748	13.565534296451993	18.105667061956066	17.862099561632817	20.495422471668597	17.235585891937493	13.220177858261156	17.7160443037942	18.783112834917887	13.841767509460347	12.364185844389965	17.62590377576077	17.96751972914751	12.58072163036413	17.075850311435502	19.727235975003264	16.887810968944745	15.31500295235275	20.583559353245015	18.422348993016257	13.685797719601215	13.354369238125075	9.595889739148673	13.31565811141164	10.366419170139133	15.770688875344312	13.947339508653993	14.21199294371372	19.820055855275015	20.17607123798671	21.49396032771241	21.23389943412674	16.687837195007397	15.746693127005996	18.657129529161214	16.505111383255915	11.616103589920863	14.078834262140141	16.631392849932855	12.264551957658984	9.805477776092564	14.765843864094961	14.7528237054987	10.527219810338485	9.729443925832166	15.10234491738322	15.905846548552812	20.258554004172375	15.865491231696359
21.826953684050952	21.847506581028	17.772556306531676	19.07232196872235	20.386865652329437	16.219410678955576	13.890062534834712	17.02699446594316	16.01019941900238	10.755664150862488	12.277163493913461	15.50830102384832	14.395995413712475	9.611921125100121	8.444065807003668	10.896439182548352	9.135525089008068	5.432997567165751	0.0	5.82762249317026	6.239036268747931	9.488199172517195	7.899039204252201	4.474807384284854	5.612418381194907	7.204913355157276	6.157081762465487	10.853303707569625	8.575676333914005	8.13354558538149	4.046262193968772	6.555477294201814	7.7108227377381775	11.457074520361886	11.39510228509561	15.472369997579145	18.354166689280234	15.49499937628145	19.37424867086078	17.796462136036272	15.305198816080297	15.32512931325602	9.898161753936657	13.28761578627263	12.490257684711972	10.524586079055133	15.9432401208995	15.50036415492662	18.93095535721205	22.95722658199055	21.77075189075955	16.849526184517202	19.507192684819863	23.575391600817568	21.011356066733715	22.799520968161087	22.4069966341819	21.149320907514596	16.137835677423418	20.543013900855765	20.793647479018265	23.989062140178103	20.803829352965728	16.987037590765414	21.899191374134958	23.34761654408688	18.480850577514566	17.27320056598634	22.757652067625056	23.300809036946067	17.8177973873134	22.164349721707794	24.878992986026383	21.621224805161233	19.64313094591481	25.077508058351583	22.583397368996216	18.098694880439574	16.93038904758041	14.369796228469964	17.970671822847102	15.692161869429777	21.08310584956684	19.3301283572544	19.164971125842335	24.925159627020296	24.74048776008338	25.899620666501946	25.04733925527527	20.92952787650384	20.186854112806543	22.16218278692432	19.603094937166865	15.366036234661513	17.260605651415325	18.70519782309747	13.947074183747356	12.084429754326239	15.982070999415694	14.84602957025277	10.075743606089768	9.847830565861399	14.206937044137526	13.23172244772719	22.809424965571104	13.803897964206557
16.308482029562626	16.74736773498968	12.259908002638314	14.51229011647783	15.90084491721358	11.59804603019177	9.814359879338134	13.922896577170622	12.721636594133399	7.475824690569418	10.78439214433265	14.159354610155168	13.17533588161701	8.50474188091524	8.913234341932178	13.050372797149583	11.8433165124423	6.617760995868481	5.82762249317026	0.0	5.5535078665274344	8.862966170715517	10.138521815355732	8.204112337565988	11.270527085385302	11.981707695700207	11.114478308031298	14.732402976323904	11.69598735410742	10.499461241234275	7.123498389697718	4.554713204045965	6.145432470977204	8.72997328271239	8.219428682112238	11.093790511123526	14.971900074030673	13.452369011271399	18.09927870039802	16.952276170969423	15.833413705704539	15.187149120987593	11.518844661174954	15.32053808847379	16.025479722831175	13.815515329317018	19.57226768860217	17.456401949135195	20.864051516400664	24.583951963811437	22.62771189128748	17.680689439330603	20.61829701443564	23.98296689393092	20.278855141520612	21.717158617656047	20.24126676231007	18.259123863983014	13.097521018753676	16.38270254239261	15.911053479753246	19.816507384980966	17.65333616642634	13.19280596988087	17.868797890977685	20.327167876926044	16.187963461927765	14.404887357730253	20.100662514965816	21.74717773078861	17.09888311909884	22.20599031681632	23.703422493841675	20.085529454197662	19.358848183972096	25.159940016303555	23.72359541656063	18.825186547125465	19.35772066575829	15.328376935711294	19.65147474858968	15.806958192503993	20.610660428894604	17.808136183893833	16.43179030027188	22.45278417019287	21.282002903076037	21.770435972902465	20.577020370928455	17.296089288920427	16.287174330586435	17.240128167333868	14.86644407571805	11.191616325047598	12.317486193096714	13.095701051780258	8.676388092811147	6.92210890359946	10.363199653701097	9.097421416781515	4.460976257999914	5.051292117696724	9.538585444710064	9.549427873344504	17.393774037680576	9.305873374664754
