0.0	5.078683683465351	7.524661741314266	10.060776398175731	13.415110414959026	15.982786388566876	19.21058781294256	21.909719400929543	20.583126823717006	15.49337503823821	17.232074335888978	20.440107736048414	17.702484807136877	13.15608794732891	17.352047323723546	19.307399158949924	15.05672053732737	14.48632575450337	18.005924558092364	19.874362601110022	14.082796134413135	15.076445297468394	13.759878768871483	12.37067799698371	14.349236183005052	12.58127719251113	17.954301070248107	15.577051115886858	20.674088971014772	20.722842183243408	24.527462197079636	20.97664661836421	21.90167872004021	21.538340052403125	17.709617238951967	18.046890338774435	19.1713157164421	15.685708632683728	12.270148873345242	12.365591514048573	13.499371586263365	10.25349422569371	6.830679721233792	10.131818817996196	9.987375329560374	4.826282031880761	6.588709653620243	10.869627799899147	10.950564579789296	9.823302880945105	13.378288586620414	11.224521390123215	10.037355129823702	7.169868829678268	10.70676710989139	10.349076227278802	15.60411281288614	16.46428924964409	20.907910888177863	21.867793405469232	18.978294196690886	19.213118334693824	24.90489803753459	24.63921888738773	20.20560042073583	22.35435528769112	27.06713432907965	24.726135476369528	21.769334879488458	26.910213874264816	22.615799821891304	27.07101186456028	25.000020863117186	21.9048400336258	17.842573855727903	20.27792604842466	16.616306467480896	18.646225387548625	18.09247477872605	17.89209934032556	20.163028441914093	22.01522622581002	21.06155219860417	24.060013023366626	22.645436092781708	22.07530922615159	21.983702946534738	22.308325979298804	22.356303092800303	23.6626950465782	22.021392791304205	19.56933362993071	21.691574373794545	17.886561381086725	21.743984362982953	21.72382572323212	16.244362489735465	16.374774510037618	21.276960502346213	19.62794807365535	15.229864844129992	19.30588841214222	22.22727827578481	19.651372873795317	17.390494443961813	2.4393831792238942	19.33885105536336
5.078683683465351	0.0	6.033561155713001	7.2250909186924765	9.9432147146003	13.186319315992124	16.56167721451386	18.76113816191626	18.612333027839377	13.459445725020384	14.121460577941015	18.207181574829388	16.68539708064381	11.65973086509345	15.376606808535257	18.45671349396455	15.358142886160246	13.983923253250458	18.236221428394405	20.1415443121308	14.386027660321751	13.978907786922653	11.707674402796442	9.43625368162159	10.270864350531015	7.697822017946206	13.012276944522275	10.550733653196044	15.735521765692722	16.34124852709512	19.84474107205065	16.1494068762381	17.594910620223224	17.148521854736316	12.952345097371715	14.132342661025447	15.563143121420794	11.855469173694994	8.5640539071242	10.492038636395815	11.184645237861861	6.499497878674777	5.3733697256894555	9.959512279886752	8.760447810085108	5.049552692182912	9.291134364711054	12.05033499142782	11.675163059861653	12.855702792800491	15.043932308375425	11.00833954895094	9.469623026283598	4.746994997256037	7.21650598590895	5.458586918044501	11.021682116845309	11.902542889154045	15.990851702105894	17.31194327972327	15.012548814795847	15.067921006380827	20.45388784778219	20.690397731198015	16.16897205931445	17.638404781908267	22.55233924764818	20.688322881636214	17.46072176647097	22.369739345654846	17.736516065738886	22.161046048190194	20.089414249129355	16.894821954746572	12.977983925063988	15.48030003905053	12.479614619408448	14.64776538369678	15.15702235718404	15.356443523491594	18.636433176249383	20.889085197813163	19.0148371121401	21.788947202277072	19.333433902498204	19.659150111055695	18.73343657682411	18.287333550304428	18.356137567175224	19.011338343530472	17.589418377179918	15.42141175161627	18.11520067845064	15.250042918365335	19.428962546160776	18.59094520391818	13.165327198564572	14.750890491504453	19.171558665621706	16.95275224508881	13.657868886427078	18.496533051858545	20.492789271335127	17.90350973283191	17.131257588465168	5.990753713062415	19.035456447840982
7.524661741314266	6.033561155713001	0.0	5.860951986706485	6.521131144759365	9.982069213602843	12.077981738999462	14.479896188115777	13.234194516405246	8.144397992873701	9.89903388713675	13.099356879368079	10.812465386662682	6.281951277263926	11.077634555772423	13.12075206854077	10.021403884538788	10.249049769249241	14.330292718075514	17.400112968862096	12.214144595084838	13.516421492269995	9.512492816949559	10.59441098082571	9.549071156202425	10.31697822039764	13.746962397804193	13.177878952800295	17.63674973328893	18.618084736776986	22.437623215808795	19.346470158005193	21.875276441279244	21.47200143190571	16.703617767316686	18.847746753963047	20.848055836478743	16.94786808463525	13.935764678913966	16.500280662141616	16.84476318779106	11.768829209415426	11.326143316481446	15.493909298015055	13.158559038015575	8.755141881254007	13.249154142174358	15.943316766046687	13.856306007674728	13.679975219701973	14.896315047095744	11.679605883913961	7.154497912511209	6.867302703536561	5.141148374534984	7.1144689441003095	10.031630721744104	12.42817878753796	16.189972528463617	17.624834623287825	13.733898991436792	12.887410661567213	18.947904628623895	17.713936629167847	13.401164765114519	16.64282057100143	20.756463457148957	17.97125983098139	15.872695085431731	21.407171306209598	17.764001477172453	23.035309933659708	22.15141564440163	19.432290999351657	16.099252414973066	16.77888102399483	14.549422483287763	14.259975425169914	15.243699974232634	13.09582313305266	16.803095791938347	17.662537199172988	15.502918009039075	19.284571486338244	17.752666644296173	18.779026868345937	18.919797699489934	18.71233145106119	20.499639606450362	21.2438663524774	21.012574762067363	19.897223722030766	22.19654801688436	20.291369100073727	23.82240131401978	22.07902938158138	17.013999514342245	18.71296820762686	22.381997024824503	19.057720571847785	15.969898417126053	20.88958166049288	22.00638961151918	18.20532382014046	17.842476601024963	6.426645038475688	19.115306038451315
10.060776398175731	7.2250909186924765	5.860951986706485	0.0	5.9577194237032645	6.276525360143953	10.616261339244467	14.067626121794905	13.55471157962978	8.68791426792733	11.018328921625635	15.166979422106094	13.752011269003965	10.451990099722096	14.9904786691948	17.23049897042438	14.987730992050981	15.67309639983052	19.8409886580934	23.01787208371277	17.904204098669425	18.39018064110045	14.08102239704409	13.970443664262618	11.404951916093902	10.36357352047055	12.82468459686711	10.663529491059553	14.06304655467033	13.818072151178594	18.2737310415167	16.26762064485052	18.785646237244645	19.586245196133	14.223747222734413	15.68923912269356	19.011432506677455	16.243784295883117	11.962712757423972	15.574083487626929	17.27628970119151	12.185876309137784	11.591862663224257	16.860171180695247	15.775872618642378	11.985344742293844	15.995190531379514	19.213633774179854	18.243178788049153	18.564308731485546	20.34467823980287	16.55952748296075	12.702861068906516	10.478600072606229	8.078967732364472	5.688744902564504	8.651287330167822	8.133965546091598	13.313301230704669	13.125420775196128	9.199814006700173	10.281666517047976	15.807049080367413	15.932842444302299	12.48797799032967	14.643542096310135	19.267118610579903	17.917383485511845	16.26436435754428	21.356938777526214	16.72905988986426	22.137323103919137	21.028290081160264	17.186064756434856	14.968613923654214	16.5885610665632	15.964629805548904	16.122805683136026	18.590766030829332	16.964529003603943	21.496858792217203	22.498070229365265	19.48030777156797	23.17255783902546	20.496140159232024	22.633186354797985	21.75817045253641	20.381609044281245	21.757138622976342	21.039821972314687	20.631146150655358	19.072167779631165	22.803633573583852	21.110814290340077	25.44677462228833	23.712919632257982	18.73207193291626	21.313062309920195	25.08798868459473	21.969748427986836	19.63294565079352	24.79232843060266	25.79419361053701	22.42976804569053	22.688932842467484	10.27546700871367	24.137213061038665
13.415110414959026	9.9432147146003	6.521131144759365	5.9577194237032645	0.0	5.909918319044932	7.151970852226109	8.877828801917119	9.601344344328592	5.21963240779817	5.16742293651388	9.843794842311858	10.026051010855966	6.90384505616999	10.122659198992334	13.03004150641121	12.507862028280886	12.615396380199872	16.76188957546027	20.036299234946515	15.812825472544224	15.96126633344212	10.658079466089983	12.070802779098338	7.603890696081785	9.517467414487985	9.82252647972007	10.643008000029047	13.591991987057167	15.320138102593226	18.75267704727185	16.455624696500724	20.103134861327415	19.971999380963567	14.807024120433052	18.086381683135166	20.793299376605656	17.32463836467978	14.809335538992833	18.91097430388363	19.07757277695556	13.594437936797714	14.950458439835572	19.45272429783412	16.73101428886035	13.751886908024632	18.74971100465076	20.75257921275107	18.472408431721487	19.568504714337575	19.813496332220282	15.647359268626655	11.080020165398217	10.663765835481994	5.390384235397227	6.47416118961965	4.906977095904047	8.224221823304063	10.835072038345954	12.523431043787783	8.415614141281617	6.457994785644741	12.567633548564176	11.274961631771841	7.140477520352661	10.64252259151184	14.532762947046992	12.28320734568225	11.01166461698396	16.40888293927421	12.841286675944517	18.619106472151145	18.619920979775824	15.999514376151984	14.048733296140616	13.538925595171557	13.701383788390375	11.8622338109685	15.129649520031878	12.44167492054761	17.584323026453067	18.144722637377924	14.42303780931709	18.176926682746785	15.454888490253008	18.507319052636777	17.874125981205243	16.394073507115554	19.09680693262036	18.54095459638246	19.3577101884717	19.1982208122008	22.06431208362662	21.75186300517158	25.241764050254375	22.403570677373843	18.11091362160163	21.215667309215384	23.882347373774657	19.80200267958794	18.447522512310286	23.690007303804727	23.457840534026605	19.529522965479448	21.02212102702837	12.788882627474457	21.961698959676845
15.982786388566876	13.186319315992124	9.982069213602843	6.276525360143953	5.909918319044932	0.0	5.314721220862634	9.643537293478108	9.273465991216131	6.243434535100981	9.160337664848937	12.609300558707451	12.161574565741544	11.210023090161421	15.000204154940068	16.508417402430727	15.842148353045829	17.56157177925158	21.303840463450683	25.092218507945827	20.919517036867646	21.676530595832556	16.395964757359117	17.710025547783843	13.327474116716013	14.01212021269655	13.806840030372433	13.233787869100448	14.624097142553481	14.590593414116416	18.844532796759772	18.12469704941548	21.578000291289953	22.687460275682092	17.15969453272072	19.3748534933746	23.234326750891412	20.757016927310293	16.997663714581453	21.268479581748974	22.724343156470407	17.443390811038974	17.716505980627836	22.909727433769397	21.260566469888563	17.723723333180857	22.07043783366691	25.00232428212116	23.350701231703002	23.643878260422316	24.654566038273433	20.92084262201598	16.15104675621785	15.4474629046576	11.010359930735573	9.994795061670873	8.871735064273675	8.439197354766197	12.3271426711335	11.416812192918046	5.912925512331548	6.951592861540609	11.99500127163588	11.369575524129852	9.607726867110365	12.555016551897111	16.05951175709274	15.063913684615072	15.214321052351682	19.98994307907519	16.197480542065193	21.99111617132904	22.05143382637516	18.53401712872295	17.6821366634329	17.891266690761697	18.942245251586115	17.361437422810695	21.00189880877275	18.155957004372738	23.28666334632847	23.306095048855973	19.485826947015806	23.533773628482468	20.861143799170826	24.329281138235437	23.59088430533696	21.685037381121845	24.195333504560878	22.744385612728337	23.398934428840622	22.75556766643787	26.573189254747174	25.988269696832493	30.040960674381953	27.484180946845967	23.07747252504808	26.243178920190253	29.283612249217622	25.45214000890598	23.969956811842803	29.235738634042928	29.281574437126817	25.424009505291593	26.635580122462137	15.707521940793496	27.650078606990196
19.21058781294256	16.56167721451386	12.077981738999462	10.616261339244467	7.151970852226109	5.314721220862634	0.0	5.1176441350098445	4.479141732438983	4.6315360340107175	6.806004135473668	8.522132857018779	9.172034394453043	10.268373076586157	12.743719790103851	13.479293284090977	14.37695564546662	16.527189728167283	19.62986735973273	23.68704316135105	20.583683195090025	21.6756273515745	15.998329633742737	18.76688950291961	13.77834354443422	16.371935704905397	14.965148046267675	16.310205206298036	17.36641740430583	18.466670160287944	21.98359659691686	21.179110502616822	25.210504594150095	25.719226386962895	20.430307662258304	23.54796599993583	26.976719789425857	24.016622790778438	21.13497290795321	25.459307390776694	26.09959461109202	20.63806961590227	21.581292473411715	26.373085617385353	23.81147308637489	20.430096773188968	25.171812618528993	27.56481435737167	25.021852267678323	25.299777105731092	25.356132629956363	21.91633742232892	16.62412823503234	17.547183719121456	12.1629302273852	13.241447354130006	10.173342031894098	11.9534057849502	13.689531713116361	13.964082126520537	8.79431321305151	7.08758524745156	11.58840229908342	8.577599861961273	7.786119597373647	12.305776733501498	14.154725492280742	12.181673043327816	13.773558884885514	18.436157591837414	16.20651563991391	22.042457815641548	23.151600007367797	20.684779451105467	20.011272106895138	18.688607061126664	20.115948804138274	16.986318901305534	20.79264205315645	16.80017845660571	21.91005243219939	20.994897583236405	16.88005990672873	21.13453788041692	19.10186107847993	23.14238688555656	23.009701811195473	21.30572599566732	24.905616249412862	23.749756352147646	25.28583509796364	25.5402213603293	28.62492564059665	28.767408561568974	32.190172622780715	29.000898437125826	25.058855388213587	28.266160953530083	30.610540698935388	26.17738448681478	25.153507350883952	30.28105309989262	29.5440747206989	25.201886530208984	27.00668314954113	18.34823130716411	27.5443200846612
21.909719400929543	18.76113816191626	14.479896188115777	14.067626121794905	8.877828801917119	9.643537293478108	5.1176441350098445	0.0	5.5278966442189095	7.476318818870926	5.50171900262914	6.148560355693196	9.680498224375276	10.956752552193642	11.070325186133728	12.454210549443587	15.07647444432435	16.140890318027044	18.937925479148976	22.593665043517532	20.387935075841316	20.83647237496092	15.190747835890408	18.404754051579108	12.913950048115634	16.719744508580938	13.939939083708287	17.005810670493933	17.675650037911424	20.073492758199233	22.57411178518604	21.485251567467806	25.977044241849967	25.795567395552105	21.01344396461282	25.0489051131801	27.895152196305155	24.65347508638821	22.93424883571468	27.420645486034967	27.142277413219094	21.75958199383909	23.758718356849208	28.018519210282083	24.672069306315063	22.102603838100457	27.23185493413652	28.759197893095315	25.66065374835942	26.703957049488867	25.797726484332376	22.110808381486052	17.145783969931983	18.624723697509975	12.816010147506145	14.895044359804603	10.21761101309935	13.591380052056966	13.067756947998692	14.872296312048533	10.988213513272305	7.19307471103352	10.397817604350223	5.559807439155018	5.321253493909635	10.358454042720611	10.612189428701845	7.696168696805276	10.46887004451055	14.602781735973663	13.890493340179264	19.37190903155157	21.37557143171463	20.070153261366894	19.697511158401404	16.984053314934403	19.056723982538543	14.760288934463167	18.948371554937236	14.668580958463364	19.823397608157638	18.69920485940281	14.094187616501182	17.870210864553954	15.759121563845328	20.534040241360643	20.44262067572811	18.631303584709997	22.99022035324496	21.916139448469195	24.269433378734394	25.46558771285054	27.845509278474765	28.957173036562196	31.713239275524682	27.88011732759153	24.696770235206696	28.171240414672628	29.61298504739818	24.765800785005588	24.657355251168322	29.580690345944365	27.928592124896653	23.529794646584246	26.291424871005436	20.866903649732418	26.468249498597746
20.583126823717006	18.612333027839377	13.234194516405246	13.55471157962978	9.601344344328592	9.273465991216131	4.479141732438983	5.5278966442189095	0.0	5.19531578430951	7.239521253064671	5.884845551718543	6.1293592127613135	9.509102368256327	11.175374203609069	10.346954977348952	12.110457189762357	15.065874934013822	17.291156056939883	21.627683328544286	19.434794981711104	21.293594551468598	15.707436877331617	19.68635040127	15.145394753510724	18.817555294938803	17.623077504702213	19.714929828487133	21.2402345970273	22.751311209282893	26.107414006123545	24.894495844883306	28.981416699234316	29.02084465019614	23.89869840476108	27.26991165771025	30.285401633087833	26.84999893407498	24.312111593186234	28.299827090275276	28.49036997871272	23.01526282417885	23.90921686841182	28.32790078566349	25.27506711012448	21.71557197132645	26.424059933396187	28.596257351304654	25.441273727966497	25.223809494565902	24.72111467363235	22.01317078990514	16.392557647937952	18.776620877264996	13.461720772611512	16.049019653694398	13.076776474372217	15.990985511322602	17.233662181937742	18.21563207751422	13.2124399633177	10.762193310425133	15.005698489267523	10.724713819319655	9.964686168835227	15.224494028097528	16.120736328116102	12.921774872315929	15.013277216847973	19.722749286788364	18.626956707793475	24.32350228844818	25.829712070044554	24.012393017300592	22.916630133137545	20.933068186340673	21.80550031328682	17.945390365909425	21.087861575895314	16.17332028395396	20.701062325719825	18.827087027514928	15.062880087882672	19.635701570727324	18.80555343929524	22.56478252620617	23.317841054667102	22.28714980911871	26.463262190226953	26.022122151765362	27.839171744987382	28.406339412495676	30.80485851630611	30.97427220041145	33.9354060858429	30.614400454111244	26.78642475883275	29.58181113831989	31.668914142768536	26.99711233457576	25.813897575769044	30.65443710594774	29.6895221974239	24.960308898555695	26.657461187249886	19.236351610220783	26.833731802496562
15.49337503823821	13.459445725020384	8.144397992873701	8.68791426792733	5.21963240779817	6.243434535100981	4.6315360340107175	7.476318818870926	5.19531578430951	0.0	5.436327356018881	7.292734764734513	5.953984556963708	5.994421802026973	9.699960377208104	10.321143438989031	10.097511520451363	12.414547951416383	15.626912477204993	19.744621129279533	16.33217056986358	17.974110341682206	12.462885145145295	15.655263084273294	11.630583969002704	14.528152345659093	14.625238044530926	15.811315046882479	18.292362843762696	19.571539829896782	23.27813435688099	21.48593668991194	25.16778323864839	25.188622030067968	19.98118482854182	23.000264941138205	25.883176570235424	22.36538667414146	19.531434688015587	23.279271848687312	23.643650804503167	18.191133612879383	18.758447459062978	23.249876745659137	20.486990127330227	16.724597061780404	21.390327761332635	23.778092288779504	21.014743959265818	20.8759164745336	20.956583430405967	17.91927148243342	12.39044903510328	13.984967662120612	8.988602612487508	11.327787222638158	9.73965825277955	12.591780408761473	15.045607703215772	16.102703555921504	11.010476269507384	9.104873500571191	14.77767780422234	11.879760377094227	9.131733349028975	14.005220176388534	16.569539482419664	13.563678394264615	13.886902573175085	19.26138774062801	16.863560589266026	22.719634442311285	23.33875954914288	20.993061933788734	19.220145743324235	18.162263066895324	18.21133069217095	15.423388424248204	18.201014325137926	14.053202323846026	18.735510934497615	17.90039725640777	14.398178981643046	18.935288830668405	17.553621973213428	20.600954042688926	20.998060999280547	20.05926897365797	23.47329731743845	23.25218408021924	24.38754298079291	24.36623168398332	26.942633151102264	26.481186126048993	29.752443935773453	26.89778027522962	22.602750473995933	25.219163124117987	27.858118277627508	23.55998476951777	21.824405173527566	26.826197318804372	26.52931445050602	22.051900232393283	23.186018125851987	14.299009326353595	23.767204864360465
17.232074335888978	14.121460577941015	9.89903388713675	11.018328921625635	5.16742293651388	9.160337664848937	6.806004135473668	5.50171900262914	7.239521253064671	5.436327356018881	0.0	5.167141376003375	7.593760801360393	6.2110462275997715	6.748104344363542	9.68404554805108	11.282053169478298	11.264135182179826	14.732220427774276	18.12690354235716	15.252400452701476	15.542537771781511	9.845960057353798	13.113969649778507	8.071138475767661	12.39585639170885	11.053339712065762	14.066516831253836	16.355623282621067	19.070577006362207	21.73391118184528	19.43818039335769	23.582315437327647	22.82789725887895	18.139348234001858	22.215206238671325	24.431591362455595	20.61646664267776	19.16983687119503	23.21366370958398	22.506548210658185	17.13691768046377	19.193172411749945	23.0684082478776	19.43524435888215	16.926093141476052	22.128158538398747	23.388167229338556	20.167823551087633	21.40102947934846	20.446011232906073	16.614593228780308	11.753074899348961	13.335480107566921	7.574640987016383	10.872757181671927	7.174819817570148	12.03384825000825	12.339450244623855	15.10749873108832	11.304165496787043	7.396827409282868	12.594888442053184	9.268057365391728	5.264946013361926	10.418057052832511	12.52369645510592	8.750193725024916	8.691682072969082	14.112274204315575	12.508122953756539	18.14892101222479	19.322715691962006	18.020495740976653	16.390784976355764	14.018995449756318	14.659073228500294	10.760985343117023	14.227491109169831	10.052796483809034	15.324478033653344	14.933764118186328	10.609888434912609	14.603299678839276	12.492081549501371	16.3380481935741	16.410177290513996	15.208714408811433	19.233981197217446	19.084618641073483	20.924175017466304	21.829544147071903	23.75771492498086	24.360636115320535	27.01443275391722	23.465105250949676	19.91807601164275	23.025808335322516	24.732022374786975	19.995203630968234	19.361378572292747	24.30980168088183	23.062854496126103	18.623979387076893	20.976934180167728	16.07583030399133	21.323090783057335
20.440107736048414	18.207181574829388	13.099356879368079	15.166979422106094	9.843794842311858	12.609300558707451	8.522132857018779	6.148560355693196	5.884845551718543	7.292734764734513	5.167141376003375	0.0	5.257004824933155	7.494299621643439	6.212693603451237	6.422196440692063	10.03618056001927	11.23147674676626	13.22579514123416	17.062408178999625	15.693934781393544	17.062998406233834	11.708902567319143	16.43932495089767	12.222337564697744	17.176471060895363	15.800930781147608	19.21058173930286	21.332101465905073	24.039820609222883	26.659863811816905	24.50118680738676	28.7122128421827	27.78180626554241	23.24711260594967	27.3611635498662	29.43931957137514	25.417435998074673	24.093203895758712	27.859369981042402	26.93914011010542	21.65973043250337	23.442557462234436	27.039916271254338	23.090479484005453	20.332245061183734	25.32766040292727	26.471592985560545	22.646660220437365	23.16513743412034	21.566623931731094	18.788023220946844	13.611614573909785	16.899465388306332	11.62919261490805	15.748906830029313	12.314211236306058	17.02425057993213	17.001929644829847	19.65584903920681	15.557739918846307	11.68601603315577	15.973812876210495	11.285384647873155	9.054046114559148	14.43180157716309	14.914200075880014	10.251386941930864	11.72530707565619	16.46919285735863	16.496736014255923	21.73458867676902	23.54416294293729	22.84604902366134	21.24040394649854	18.251384534000312	18.639746628325003	13.957095471372684	16.55662395839746	11.137975319517846	15.40433262466781	13.35229724279574	9.325446766183857	13.826505991464114	13.578577258034853	17.223338557973637	18.487162856149155	18.039410035245773	22.73516477534553	23.12821327005025	25.3480777466587	26.58631462259948	27.921341848115954	28.628079957517365	30.78829303023089	27.097638006109936	23.83328464061757	26.47542657743572	27.806939310683962	22.85178671290013	22.15408023126661	26.6488089601483	25.03022404618802	20.160957408713735	22.452364913062407	18.829555955607844	22.269202052239855
17.702484807136877	16.68539708064381	10.812465386662682	13.752011269003965	10.026051010855966	12.161574565741544	9.172034394453043	9.680498224375276	6.1293592127613135	5.953984556963708	7.593760801360393	5.257004824933155	0.0	5.542119175561192	7.345228170526121	5.023332846416031	6.0945166600826015	9.72461524687511	11.42741746562906	15.976955473954417	14.043830772446466	16.868774429974287	11.841307604012709	16.740174656788007	13.733218417030017	17.950756672810925	18.21342627568239	20.401868255081425	23.301937666457412	25.1749898476892	28.55159370020619	26.246493119707587	29.970580099478195	29.309851408399272	24.493063241758552	27.860571072665763	30.0657579619601	25.968428281768272	23.83569767295195	27.02747727410562	26.630601259066705	21.389937464670794	22.018937484285885	25.710294842847194	22.23228168898158	18.51158651458773	22.97481665645003	24.806556950830984	21.138351832958612	20.3648686929792	19.432048343904206	17.615243862987004	11.90059571764568	15.789547344921129	11.43334091878108	15.637951545291457	14.046812551423608	18.06730589981892	19.662285891718895	21.570957540625493	16.73639396638955	13.97562708272377	19.209020757174738	15.115224649908725	12.510632683961289	17.89405471315101	19.384838260058576	15.093497805961311	15.751382864028564	20.996103555189954	20.03678839519481	25.539633709280047	26.623542720307388	25.21266376522683	22.957186595635243	21.019692352108095	20.280682837663797	16.637362179845283	18.20357603646886	12.901084710008945	16.39596312433172	14.176843188708146	11.527339974947392	16.433684840529576	16.931343771981627	19.251040526811696	20.969969754304675	21.089576808834913	25.154629435205088	25.967883240412036	27.453195686993535	27.900459105145863	29.410441264723367	29.042839768962132	31.53090079212507	28.539779047899266	24.557471595651595	26.497129656060814	28.657272320913883	24.12387283972627	22.206970220288998	26.630857013080465	26.006359485555	21.060277406441045	21.975938174997985	15.836776955092489	21.991823931896057
13.15608794732891	11.65973086509345	6.281951277263926	10.451990099722096	6.90384505616999	11.210023090161421	10.268373076586157	10.956752552193642	9.509102368256327	5.994421802026973	6.2110462275997715	7.494299621643439	5.542119175561192	0.0	5.398487712732783	7.028452113909998	5.776344222593386	6.472893264051022	10.123451961687428	13.939772349454103	10.36345037475381	12.35261164795192	7.143622716637239	11.403199718377362	9.077064750938957	12.935112325943903	14.32177920865055	16.119843124341646	19.88023813743581	21.97582755988788	25.21079355928704	22.194956502215565	25.57377549426837	24.584705481879208	20.00170927635219	23.327188539964467	25.05244838052964	20.747213171610465	18.926568112469948	21.87634083578083	21.16807819500206	16.017217230696176	16.898300622484616	20.339344244706854	16.7211544938448	13.242725543740383	18.006441497924847	19.564480689799698	16.045787683161794	16.04901002548433	15.325842297611572	12.588816276361488	6.891668684263951	10.286959329144434	6.198366628430832	11.019357502088065	10.588605078117535	14.987322192227918	16.903656889807852	19.34072601053465	15.133805350560195	12.470520613257001	18.309482237078928	15.372458976527232	11.260607469980531	15.86215608915717	18.576172391763006	14.54741168237802	13.40823326071913	19.013849360298728	17.085542939306706	22.44123405095537	22.771660787278403	21.247035716936782	18.322594188615216	16.96722126946763	15.345943845157265	12.666248911790177	13.792346491172804	9.451669628404273	13.347143487837416	12.80839917596765	10.211523702856589	14.681184713681185	14.232808617902553	15.875591717746142	17.05919485600963	17.26505134151866	20.612948797251782	21.750841787104658	22.714507208758253	22.86203991634909	24.250274222054294	23.56811648597999	26.14169001320604	23.4168387301561	19.176271345352443	21.058679765724296	23.510698918448906	19.224031278581663	17.005701070115958	21.67237175457764	21.471652355174975	16.79850901671812	17.509806442721786	11.401672944559655	17.959060677215408
17.352047323723546	15.376606808535257	11.077634555772423	14.9904786691948	10.122659198992334	15.000204154940068	12.743719790103851	11.070325186133728	11.175374203609069	9.699960377208104	6.748104344363542	6.212693603451237	7.345228170526121	5.398487712732783	0.0	5.3721219427327345	7.68186883175922	5.749859315741671	8.474297710250015	11.589793012545162	9.914327112665436	10.940608657034758	5.984621925491383	11.443436643916515	8.991768852939051	14.357807858120037	14.42022982254437	17.89244058996457	21.267578335952752	24.427498685207723	26.783612956830922	23.489390600278426	27.234325836188134	25.493526675107116	21.55335080948083	25.72347991283259	26.791150599591095	22.206807318954745	21.72698024548496	24.758924668641026	22.987656074121094	18.14769144202666	20.215200672998236	22.847065825185314	18.328821573007158	16.162998539880327	21.07146422345677	21.391173424547805	17.136748093052653	18.16962700934946	15.893434186126397	13.102591588816757	8.572592585261225	12.686743150117694	8.659297384567513	14.04001055982093	12.016101339875629	17.52680441025264	17.633758406115156	21.20488423201102	17.75402271686225	13.915928659118624	18.829365032016828	15.199034095151733	11.220785997139116	15.687281120072651	17.214843552951244	12.320323465822435	11.262590982260628	16.308619202042877	16.047677600446104	20.7539237225642	21.863316913855734	21.654050906197792	18.911464453474892	16.05346249619569	14.699231084041601	10.480665464843813	11.310657480180915	5.649077837677604	9.533828003750976	8.362706528393607	4.890033878130603	9.554653620494742	9.954815759854913	11.93137798155987	13.830765869490925	14.535315902826994	18.850798868305475	20.531091628261287	22.32364982887444	23.51935164676482	23.871760547046808	24.282142952651412	25.882448994030486	22.426996171747746	19.20071513941818	21.209547249764434	22.406571999526417	17.558403263433636	16.487734637351053	20.689158382044813	19.215549263753253	14.228128701960783	16.27813056444454	15.578103287773539	16.05890951631414
19.307399158949924	18.45671349396455	13.12075206854077	17.23049897042438	13.03004150641121	16.508417402430727	13.479293284090977	12.454210549443587	10.346954977348952	10.321143438989031	9.68404554805108	6.422196440692063	5.023332846416031	7.028452113909998	5.3721219427327345	0.0	5.359944000327739	7.257311957603745	7.511312431112982	11.848830153651113	11.477617347059306	14.47631659731013	10.354941988587962	16.059734707763972	14.040872125750738	19.02689194314174	19.335815017665276	22.34794730701422	25.607149710000098	28.20797223756792	31.06429386780939	28.14549267722294	31.863532828294602	30.46490663388458	26.206903069040987	30.000119356109984	31.425268824171795	26.893696959882895	25.72824296289577	28.542885123663456	27.243213170338514	22.36200643019213	23.517760593084375	26.325012702614593	22.145542300657773	19.11840419777519	23.50966869713261	24.39717005932913	20.04985462156471	19.571574851472214	17.433951584315004	16.216917689996773	11.203224822523742	16.262231893782207	12.622230970283281	17.81935097485599	16.153833947755896	21.096619683345608	21.840014764882113	24.703575105123818	20.44199676634796	16.990306976935543	21.947588821897252	17.599096500724805	14.602054049847503	19.737975893490834	20.739018132995355	15.734610602144981	15.937446245323526	20.815453701536708	20.869959647924166	25.777577542501835	27.07722852165615	26.58200274220207	23.931129698469952	21.305607225175372	19.928885516942213	15.846104883443665	16.266392782182184	10.550181667939835	12.743573152300065	9.627340929492677	7.92936061019588	12.685529088578255	14.673901866441222	16.129032635044034	18.791466968981712	19.80601091153793	24.17393685975662	25.8769607033729	27.611216329573175	28.55287118906431	29.029146881993356	28.980037175480547	30.64381137814848	27.48134176553272	24.04058831248955	25.531181390577864	27.007041052967832	22.358224836112147	20.658864518019683	24.473301091342222	23.35664678731468	18.244029384271972	19.32800758491021	17.19245618288375	18.834868655379914
15.05672053732737	15.358142886160246	10.021403884538788	14.987730992050981	12.507862028280886	15.842148353045829	14.37695564546662	15.07647444432435	12.110457189762357	10.097511520451363	11.282053169478298	10.03618056001927	6.0945166600826015	5.776344222593386	7.68186883175922	5.359944000327739	0.0	5.733196376830152	6.71095464645346	11.307384638509738	9.128354203320686	13.316658527218479	9.80520031952622	14.814391592950251	14.11036915741311	17.966601485982732	19.86050734860938	21.616029053637483	25.611246312014323	27.520170053578237	30.90728127585056	27.75419601275141	30.886047616079708	29.70850255140236	25.340444641860906	28.367254115823208	29.76943138736986	25.258842523532294	23.464939155285478	25.61569285423785	24.778078027753732	20.110494292663603	20.212550005597024	22.957859799152878	19.35390551834732	15.540628119803667	19.337718516963154	20.850112140263512	16.872736017261488	15.250403021934423	14.079311077863391	13.592779052165843	8.323569423787356	13.525847882313789	11.294648958616717	16.182719213096245	16.358493029448727	20.600231504921656	22.66305891667487	24.999177835390885	20.49783902996032	17.97635060639975	23.693130864901494	20.157038492217946	16.540344525631554	21.422888813340535	23.589030570270086	19.0461491530853	18.31642030463465	23.693154110455854	22.494633756496846	27.603630508924315	28.032239442833713	26.80605736748152	23.549581684782563	22.11704100269394	19.727460590056086	17.05270222886096	16.71764112083461	11.991139703170488	13.765561122847691	11.832111298985145	11.22282111295039	15.701833972806313	17.255986585480603	17.59159016742069	20.05857924296751	21.29339076514391	24.713394120235293	26.647080451911183	27.530083963609083	27.617755023370798	28.34030158203529	27.19160661602834	29.264041505165515	26.915980666198198	22.75803994878751	23.59704035284025	26.022744859904503	21.998322405427565	19.07328257611523	22.895719167088032	23.01785947307847	18.15625967633492	17.71264226887495	12.76559435576911	17.723003839464308
14.48632575450337	13.983923253250458	10.249049769249241	15.67309639983052	12.615396380199872	17.56157177925158	16.527189728167283	16.140890318027044	15.065874934013822	12.414547951416383	11.264135182179826	11.23147674676626	9.72461524687511	6.472893264051022	5.749859315741671	7.257311957603745	5.733196376830152	0.0	4.570895199836352	7.549022491033523	4.502900174908342	7.738025922548108	5.004608758067237	10.279332691129438	10.88748917277009	15.05383390342765	17.18124365413149	19.52205785921178	23.90386725691216	26.606464427896206	29.277843986500947	25.409566336073105	28.413575457340368	26.457399169357767	22.812672044347725	26.287521821362173	26.77987533434797	21.92179345270362	21.38281318606923	23.29686590450897	21.374161787609065	17.130149548656277	18.296748714486384	20.094876456046425	15.63262925934329	13.141621961024448	17.29138270872562	17.461643273950273	12.892851849399843	13.00036996408377	10.495116964658042	9.055628379703041	4.855577162124743	10.601164156250052	9.287693234336896	14.772130909809464	15.001617713542457	19.98349590279432	21.17951039633284	24.509384037365738	20.98583555914039	17.934065112154823	23.416761446334846	20.36670041896384	15.97710010094425	20.030392646980097	22.375381466589896	17.7584276517674	15.781436774018626	20.832067144069896	19.851681007999353	24.258036139168347	24.475557980654823	24.005696428682494	20.31064645426625	18.545859605854112	15.365154459320514	12.943891514547543	11.413091527756608	7.311994023271608	8.386531816206148	7.951515999970525	7.908285565117289	11.450081070769107	12.95000509710738	12.201505787702194	14.830675319197816	16.69354282453343	19.87036812495063	22.552500002407825	23.426899837229485	23.904909819951886	23.722437007474948	22.962935475973442	24.364295523507607	21.84071152259091	18.146938932082037	18.83756366708162	20.67587095185608	16.56586943081929	13.918660080421212	17.586660037327718	17.322464613014848	12.425939954847642	12.42970817153649	12.379303655365034	12.36539923917257
18.005924558092364	18.236221428394405	14.330292718075514	19.8409886580934	16.76188957546027	21.303840463450683	19.62986735973273	18.937925479148976	17.291156056939883	15.626912477204993	14.732220427774276	13.22579514123416	11.42741746562906	10.123451961687428	8.474297710250015	7.511312431112982	6.71095464645346	4.570895199836352	0.0	4.764135567818948	5.784657998487042	10.072678517489551	9.12366538293904	14.267523875171774	15.201549983420808	19.548553019994564	21.447399189737517	24.063700315807814	28.353926439544416	31.12087116530251	33.766047182630196	29.896741981503055	32.91399605203938	30.79229168074195	27.319730613318136	30.80816485824054	31.11444703036644	26.183282811924194	25.811288543537614	27.410823501340452	25.307540948814076	21.404017669849082	22.334993838089915	23.66192259414651	19.201180312316218	16.843738666738364	20.30903162328943	20.180475412793108	15.365351099046203	14.59383409042444	11.280977171665247	11.877833730174098	8.92851419921097	14.803678723821335	13.839688458282554	19.32175881457601	19.32695064260985	24.403385925800183	25.398585979053873	28.7863175375578	25.06666969667533	21.84271450688882	27.148098125590927	23.544430312757186	19.5729487755656	23.905034551682096	25.629271034636066	20.638484621460886	19.200930119935478	23.884261635731146	23.71437533712512	27.874879658222948	28.41047078156193	28.333901726824745	24.66157375905667	22.539154377865994	19.30872713891131	16.55510217606917	14.37867819511176	10.167525090174138	9.0632250007389	6.703528182507842	8.90284722493404	11.902143847035239	15.191210148287746	13.662421297159637	17.31357944374458	19.811156058645487	23.223766064533	26.330341501434013	27.396095083905497	28.086692962442317	27.36364229063348	26.645946637513756	27.476025352602413	25.037963541005933	21.783615481826445	21.872923560916657	23.251811001196494	19.322034832597723	16.713762093655365	19.386138670693025	18.92673273858324	14.07806480636271	13.57865151066564	15.72191683469547	12.790896183376042
19.874362601110022	20.1415443121308	17.400112968862096	23.01787208371277	20.036299234946515	25.092218507945827	23.68704316135105	22.593665043517532	21.627683328544286	19.744621129279533	18.12690354235716	17.062408178999625	15.976955473954417	13.939772349454103	11.589793012545162	11.848830153651113	11.307384638509738	7.549022491033523	4.764135567818948	0.0	5.871881125667353	8.781858063026338	10.498454307744993	14.524296788403648	16.80509437051587	20.845699898653194	22.98485415491002	25.76660107307775	30.26404051179697	33.39669272405439	35.579244069876125	31.250580372571623	33.9750162780514	31.281873058799793	28.539588371768392	32.08837411014714	31.598127587233297	26.539336651484597	27.079883582761134	28.130981583830806	25.266812495173735	22.152322121230625	23.459669729640762	23.708556244998913	18.960574000329018	17.760780672063586	20.693069217613164	19.40558969108031	14.386138927369919	14.39169883111126	9.857190197479163	11.301127235132254	10.77370706412938	16.022970518506426	16.225907741599045	21.551742183136557	21.818258921857428	27.04928357089494	27.600449999283054	31.470426078574224	28.319664393948592	24.958840938738224	30.02423331269248	26.715941440849495	22.50134009103757	26.2178266646251	27.92227659156589	22.991727946295214	20.90205330673507	24.998246558323398	25.168818654511476	28.548297537246825	28.89249786758115	29.449660472101588	25.486499765162602	23.278453560565772	19.389574998989772	17.203978945154482	13.634092554870321	10.958721241765174	7.335774604481896	6.2824290783077155	10.341167029365707	11.350665388051189	15.279996697952763	11.982646000269593	16.169412552037883	19.526392894750913	22.434614150824107	26.337837643441365	27.27221007345257	28.18054931268141	26.46222630981343	25.86568818365914	25.794016513736068	23.564491486339907	21.01499773670706	20.377068373651134	21.041011528602652	17.566711239506894	15.130909921278302	16.616595870038857	15.976298092845951	11.60237923656326	10.659554253024243	17.77183234738741	9.235915838807715
