0.0	4.282346563354064	9.80767281546116	14.173163165018146	13.551627198178924	18.26534883257058	18.629892998669764	20.350649680593456	23.88444644498444	21.932175694211328	19.90689217893198	30.715525945981216	27.338014958701987	24.00006821405112	28.165990614483878	32.7402262040229	31.725798886374793	32.40398646884885	28.56422740277583	23.96642233837968	20.003233630660944	21.2403630421334	24.886553200469056	23.82208283590768	23.67757015952262	16.877939952040293	19.33163443077996	15.214898304850957	12.217377578246765	9.856347713966688	12.791314421229968	15.307611621336097	18.447221459112438	18.794312613994403	26.417755184446225	24.989440902784352	20.644828339026965	24.64227668834326	29.371112331430016	26.239643700920904	26.688601739773787	29.89736615209354	32.09972935828378	28.22865154081725	32.021826240873196
4.282346563354064	0.0	6.989908005039273	10.530253790085505	9.325221081123514	14.155049592613484	15.093582348954794	17.27617664722669	20.450319085904678	18.159650961273442	16.372471216874324	27.17522086824644	23.368747210126	19.81519482597842	24.157749957408633	28.821275112887555	27.617621312813903	28.18918161800342	24.302241590639717	19.753575192272862	15.741432509510176	17.054718908826374	20.67049701347449	19.606877479349805	19.9057323369798	13.006807352786211	16.059121985541275	12.171920165426489	10.20607521867816	7.150590197316728	9.334611047183834	12.290880385269594	14.296516127364148	15.499879527619166	23.066309931250917	21.853050718726863	16.916518649950845	20.63117679965139	25.575463423101535	22.797784914665094	22.511716979084085	25.756719526158257	28.22173193503157	24.354729946520386	27.838468368280655
9.80767281546116	6.989908005039273	0.0	7.36964081443772	7.196800963387729	10.976848504086181	9.074583421359765	11.155541392316204	14.165752596023495	12.675502710759822	12.5788363787622	21.485531277125638	18.30588133163218	15.987082282041081	20.07174059599999	23.671892107567963	23.074553818445185	25.244235799993128	21.187410203872684	18.108911723758983	13.086893563626152	16.58692794399778	19.38097675202311	16.444494193899686	18.896427736652925	10.581649766912333	12.785792698734777	8.104380636380375	5.869616989742347	6.322872666914465	8.151035767515257	5.922231923390397	11.069017872757495	10.187012204910618	16.711916779164984	17.133499915760776	13.298468074986094	16.123922879221187	20.37836103090522	19.64883893366546	20.20845291384029	21.844916860243845	24.547076609904	22.571659810617298	25.110226885335166
14.173163165018146	10.530253790085505	7.36964081443772	0.0	5.398879292268	5.4109166997549405	7.456492591175864	8.491646669914829	12.277143717568967	11.257255569850269	5.865547294368208	17.229356004349874	15.330671206927189	11.655218963735555	14.27420714192246	19.28818133386595	19.501822882370647	19.46651301312144	17.109086786757604	12.43665317927592	8.789607852134452	12.059842652008289	15.77030773951193	13.393886366982178	18.43512563640875	11.377492860459313	15.317612683678691	12.208019959427677	12.443762095555742	11.776973985735177	11.40657911565081	9.399295144656845	9.286158527745233	12.431184765114791	16.117358594960667	19.201288649726404	13.977628734766306	14.089514143416956	19.046115012635298	20.757739519439166	17.506939422610596	18.98309413950141	23.49494973734212	21.49615580681316	22.120533323145647
13.551627198178924	9.325221081123514	7.196800963387729	5.398879292268	0.0	5.463172428375354	8.067961700227745	11.537517576318582	13.09218543345223	9.99741162885451	9.850537897126541	19.29844447847416	14.439935745767935	10.5110094537942	15.394409139813003	19.95541041309304	18.400862192362712	19.19364121630276	15.092592510718347	11.309980816340348	6.526277300126443	9.4025305242662	12.434570706257237	10.513522251395331	13.481958450181493	6.404616190830892	10.931808692313256	8.622495330666833	10.32223769855291	8.310625106502036	6.66461764576732	8.15390766934908	5.445931880296116	9.688964817512154	15.808398261758576	15.936292143282962	9.83482012038498	11.811665450265023	17.19339355340107	16.42773353923873	13.980314888398068	16.687051317983602	20.107115339983856	17.058566086693837	19.100235923648764
18.26534883257058	14.155049592613484	10.976848504086181	5.4109166997549405	5.463172428375354	0.0	6.826012629576786	9.268205105521956	10.47778459931448	8.318871122040486	5.772603716013757	14.72668918986073	11.039169484916727	6.47143938745695	10.076300407474488	15.278517987617926	14.631440033661464	14.462703688473376	11.723167318887967	7.603355679139054	3.7278211684088647	7.9994573958111115	10.905904005507796	8.363829253697814	14.783061005889028	9.389245832787301	13.58298330291054	12.234174414060199	14.414957944727803	13.48773103941626	11.549814410996774	10.41123579515498	5.81493617212017	11.299282998930712	13.905494304140765	16.890722628190538	11.133903885587975	9.758516036624753	15.084634737855813	17.476576499335856	12.508795693473196	13.933963627122637	18.94145563775101	17.10556758191511	16.8720255422292
18.629892998669764	15.093582348954794	9.074583421359765	7.456492591175864	8.067961700227745	6.826012629576786	0.0	4.826793792296763	5.3842400531947145	4.830653959354261	8.054290534730377	12.798908171011016	9.821491803175638	8.910931667567176	12.252896186933352	14.732066401969622	14.78322575795393	18.162068827263436	14.51257025453134	13.576084257683046	8.691760137583508	14.098255373792588	15.468761019148538	10.728638138313883	16.932258447583575	9.88466315525655	11.765575230339334	9.49795354481085	11.029583511958968	12.525521165181956	11.513236229204837	5.701893724503499	7.517947340902405	7.208839684799164	8.741934764153939	13.30120267404993	10.069490592174585	9.033278635215439	12.70717607135661	16.330528293437013	15.258062481873347	14.64125597225267	18.592562390347595	18.90278231910491	19.06153086336846
20.350649680593456	17.27617664722669	11.155541392316204	8.491646669914829	11.537517576318582	9.268205105521956	4.826793792296763	0.0	5.962486063417826	8.679721500287588	6.967891417222714	10.933214650012344	12.050706548520186	11.638572133563418	12.372513762439933	14.705886611953613	16.715314487381963	19.34075178119545	17.345010880219167	15.832192304095901	12.05988494594985	17.1767637867659	19.063498842384874	14.49949377808483	21.55468591582974	14.604287714735877	16.484975191161304	13.78091781989586	14.117739095521772	16.109240008476313	15.769346141818989	9.16853899118501	11.973347400566393	11.602639970902983	10.234078068895617	17.329118137322137	14.838000387657743	12.734070780528171	15.52524916705342	20.8736292430791	19.130011851283477	17.707303956992913	22.33780423934634	23.286747915912358	22.44924014539558
23.88444644498444	20.450319085904678	14.165752596023495	12.277143717568967	13.09218543345223	10.47778459931448	5.3842400531947145	5.962486063417826	0.0	5.005663930556617	10.531288134534394	8.694278789420723	7.183271346215945	9.332518511146189	10.91583356055782	10.87806757699572	12.011054834904089	17.164052187410398	14.087802411385123	15.402039144678353	11.546561298414222	17.046407485159428	17.217993640588258	11.733606315426139	19.084033403485858	13.549010942346683	14.21343699232093	13.194265123443651	15.131760033978953	17.315853969556883	16.035171009650472	9.753691452222203	10.877707800744462	9.499593041618251	4.55661618484679	13.147351019438961	12.059745285895263	8.553814203514678	9.862105419060885	16.87695444953625	16.00428128578534	13.161602113043344	17.305460721480422	19.782893765288517	18.437034294827676
21.932175694211328	18.159650961273442	12.675502710759822	11.257255569850269	9.99741162885451	8.318871122040486	4.830653959354261	8.679721500287588	5.005663930556617	0.0	11.10822690381882	12.281877888599597	5.9090122297644285	6.650295242527811	11.276075000997494	12.356206269975388	10.868378939289874	16.02521712777126	11.161204833552532	12.762034728844114	8.081320925596977	13.490892825618198	13.153370526773251	7.5799586044628064	14.118418678551814	8.918509712464814	9.793470562647142	9.742202575228784	12.975321938743404	14.194568302694018	12.121199891988491	7.977969758734738	6.424406513720772	6.069684102205092	6.170648682521036	9.897801370871008	7.19189084345799	4.537217165663532	8.027933256894427	12.480711369750185	11.765074416914594	10.277055009339936	13.855895714970762	15.142129458676314	14.978111395506991
19.90689217893198	16.372471216874324	12.5788363787622	5.865547294368208	9.850537897126541	5.772603716013757	8.054290534730377	6.967891417222714	10.531288134534394	11.10822690381882	0.0	12.537125608152285	13.154066034498559	9.893560895412516	9.685386311792225	15.027907673891008	16.732753616282768	15.790876148344339	15.314771559642018	11.02994618255533	9.173679333376208	12.753383962497328	15.91417181430291	13.144660424460117	20.481165872099464	14.659728418517012	18.319317571665906	16.110817080424372	17.05633315866448	17.090034648145444	16.118344626497468	12.685805741211842	11.22225591789675	14.797319818092664	14.939709515378347	20.70834996370809	16.037481752307666	13.544113365677084	17.84225998513207	22.39137651868602	17.450090250230122	17.465343016296107	23.171849884362167	22.445246334833623	21.05660033281833
30.715525945981216	27.17522086824644	21.485531277125638	17.229356004349874	19.29844447847416	14.72668918986073	12.798908171011016	10.933214650012344	8.694278789420723	12.281877888599597	12.537125608152285	0.0	9.720436891189301	12.094759056086351	8.209809066555831	5.988231133813192	11.502021813882259	14.446294648990312	15.189297186068435	16.780341137628373	15.75357789182245	20.152714570463235	20.168843552264043	15.6857455523587	24.510281719122226	20.665290497386703	22.03266846184839	21.556370577331325	23.54234733610437	25.254556532798176	23.690530223912265	18.108500185500862	17.057710974279622	17.904683470598812	10.775192993836226	20.425692386021016	19.173058876148755	13.509505591137343	13.49922295845218	23.151123300567917	19.292168861841745	15.029046561083872	20.686479316711793	24.109293040145005	20.000044797148043
27.338014958701987	23.368747210126	18.30588133163218	15.330671206927189	14.439935745767935	11.039169484916727	9.821491803175638	12.050706548520186	7.183271346215945	5.9090122297644285	13.154066034498559	9.720436891189301	0.0	5.670059083838399	8.273974217180415	7.303355743190674	5.106750382890343	11.843348240450323	7.751147929731657	12.14142826595778	9.851546597079045	14.29904087977979	12.573814251970736	7.271376265247841	15.326599272031293	13.132391470978554	13.952533743116318	15.23847633231389	18.838538878749436	19.713649450111223	17.144286188425514	13.88021884058472	10.025196585277298	11.455173471079517	7.206526067447373	12.464117054154231	10.655934423744718	4.2439100290249305	5.232914004406471	13.737754897945983	10.439475205171968	6.192307532576367	11.482628832891615	14.585228292747251	11.616717938432297
24.00006821405112	19.81519482597842	15.987082282041081	11.655218963735555	10.5110094537942	6.47143938745695	8.910931667567176	11.638572133563418	9.332518511146189	6.650295242527811	9.893560895412516	12.094759056086351	5.670059083838399	0.0	6.7138753612737245	10.338709047162837	8.276472718391	9.869481444717808	5.865352630271781	6.707285696029443	4.6726825997331405	8.848298997622033	8.382387839430747	4.082532099786954	13.051808340890936	10.625506263903032	13.452997836129605	14.200842834266796	17.728589731342392	17.35242395555552	14.553588809586246	13.130255207356713	6.680688105115324	11.667260276695744	11.336197148511951	14.687448097784145	9.96125859009962	5.200497868524905	9.990472259279075	14.59681856754842	8.225833754326413	7.73519512956991	13.640627076371393	13.505492927624903	11.298075599976782
28.165990614483878	24.157749957408633	20.07174059599999	14.27420714192246	15.394409139813003	10.076300407474488	12.252896186933352	12.372513762439933	10.91583356055782	11.276075000997494	9.685386311792225	8.209809066555831	8.273974217180415	6.7138753612737245	0.0	6.910203962752955	9.0182721697555	7.361067013008097	9.126000274692897	9.09030138737693	10.131850184571595	13.051620617207146	13.303389484945068	10.491909494104561	19.44912308192032	17.070271437243125	19.861041739090403	19.997125628312546	22.78958602228223	22.88239353926345	20.567316212978934	17.69124901302899	12.970139053141256	17.14047471853731	13.641891362318065	20.172108441737336	16.44799555749337	10.777559000504946	13.37816304171812	20.74337051114674	13.621797052080273	11.31824842881471	18.114630247065065	19.243164835933424	14.849926610753494
32.7402262040229	28.821275112887555	23.671892107567963	19.28818133386595	19.95541041309304	15.278517987617926	14.732066401969622	14.705886611953613	10.87806757699572	12.356206269975388	15.027907673891008	5.988231133813192	7.303355743190674	10.338709047162837	6.910203962752955	0.0	6.389274232495554	10.333858573374396	11.07015082175109	14.903687737452481	14.872105683130775	18.48161052750345	17.13361473587199	13.179983148595607	21.757567259741695	20.007987791995056	21.23028815132909	22.076729497828605	25.127545390267596	26.19335607149249	23.85702431232464	19.810329541253626	16.398255589847267	18.269158950063087	11.557174731911173	19.273701415386164	17.920395190835688	11.429967126536388	10.692137212591428	20.620301941516043	15.66209328813841	10.599800281942354	16.455909522721655	20.36097539943868	15.096456556303355
31.725798886374793	27.617621312813903	23.074553818445185	19.501822882370647	18.400862192362712	14.631440033661464	14.78322575795393	16.715314487381963	12.011054834904089	10.868378939289874	16.732753616282768	11.502021813882259	5.106750382890343	8.276472718391	9.0182721697555	6.389274232495554	0.0	9.38704230495924	6.423291568188227	13.024639572878574	12.74291952088474	15.74441754269542	12.845680447505103	9.135777706669758	16.496753884342866	16.702708119058858	17.497968971871746	19.633119509329862	23.589453189162793	24.037363300321346	21.088539877571442	18.82650207700962	13.66884431307042	16.011509532011758	11.476573743265606	15.569003969956436	14.044920834139365	7.742639341761743	6.849142496101295	15.381305307608717	10.289879554212908	4.451791614727283	10.340998260913764	14.36771068836838	9.019357064155534
32.40398646884885	28.18918161800342	25.244235799993128	19.46651301312144	19.19364121630276	14.462703688473376	18.162068827263436	19.34075178119545	17.164052187410398	16.02521712777126	15.790876148344339	14.446294648990312	11.843348240450323	9.869481444717808	7.361067013008097	10.333858573374396	9.38704230495924	0.0	7.362222888167985	9.036427333373195	12.82018960846004	13.028131152643835	11.613475079878784	11.578261658975217	18.8793576303395	19.679387904719952	22.53312402040536	23.94524274068864	27.536954532460943	26.725545334358902	23.718941539423135	22.923338878367442	15.985549264117296	21.382926436517906	18.790303340319284	22.978681575605254	18.89411709358552	13.459967681397332	15.656896467690688	21.563557101559724	12.13439469392503	10.755667328415061	17.1839399891302	17.52185114106725	11.488533506862732
28.56422740277583	24.302241590639717	21.187410203872684	17.109086786757604	15.092592510718347	11.723167318887967	14.51257025453134	17.345010880219167	14.087802411385123	11.161204833552532	15.314771559642018	15.189297186068435	7.751147929731657	5.865352630271781	9.126000274692897	11.07015082175109	6.423291568188227	7.362222888167985	0.0	7.836898155313638	8.776562482561244	10.0095454082202	6.6240748305781745	5.150406785478638	12.08781123532597	13.582822978108851	15.758647006019496	18.02603209939601	22.226094790817182	21.380910072855713	18.028322827870912	18.08970137767299	10.546631544624223	15.52567899901588	14.725753248777643	16.262230450421683	12.144660757413154	7.381953384148106	10.308203192555043	14.23748346759215	5.212103210390238	4.590073125369979	10.70540797901465	10.651817130482126	5.97270368784908
23.96642233837968	19.753575192272862	18.108911723758983	12.43665317927592	11.309980816340348	7.603355679139054	13.576084257683046	15.832192304095901	15.402039144678353	12.762034728844114	11.02994618255533	16.780341137628373	12.14142826595778	6.707285696029443	9.09030138737693	14.903687737452481	13.024639572878574	9.036427333373195	7.836898155313638	0.0	5.687650393390795	4.398417846036162	6.359829389066665	7.601935709933615	13.77528775075776	12.980639468158405	17.192214509710105	17.743566662793558	20.948161233996963	19.12645026293779	16.249376918713587	17.244872211974283	9.53894995663537	16.578438207742135	17.96929333092831	20.11002071088733	14.031304400695692	11.245764551731876	16.20669585321637	18.517108977855933	9.422839130375307	12.000169376856164	17.64420900487681	14.839353366722126	12.778364472839517
20.003233630660944	15.741432509510176	13.086893563626152	8.789607852134452	6.526277300126443	3.7278211684088647	8.691760137583508	12.05988494594985	11.546561298414222	8.081320925596977	9.173679333376208	15.75357789182245	9.851546597079045	4.6726825997331405	10.131850184571595	14.872105683130775	12.74291952088474	12.82018960846004	8.776562482561244	5.687650393390795	0.0	5.570777531026534	7.315851879774037	5.068989378794971	11.46723396788711	7.865919636053616	12.089381377751216	12.13609708721335	15.380860683940423	13.986186986722117	11.173623509662901	11.659124921102483	4.040586632823575	11.041336582425034	14.013558867633021	15.418261573181438	9.156316039881835	7.735893811103492	13.3942850316853	14.839378237376263	8.85764070755485	11.176708378601278	15.921815610151434	13.520188199965778	13.457788313030044
21.2403630421334	17.054718908826374	16.58692794399778	12.059842652008289	9.4025305242662	7.9994573958111115	14.098255373792588	17.1767637867659	17.046407485159428	13.490892825618198	12.753383962497328	20.152714570463235	14.29904087977979	8.848298997622033	13.051620617207146	18.48161052750345	15.74441754269542	13.028131152643835	10.0095454082202	4.398417846036162	5.570777531026534	0.0	5.244563946840564	8.00115579336012	11.159046369064097	10.657267009199655	15.285683004849759	15.88249088954198	19.095855819946134	16.44181264834233	13.426204102508473	16.38399102340376	8.328248756001043	15.726319523116358	19.36443448262509	19.43846260318817	12.682556761224202	12.101116647892331	17.550875139043775	17.20802073074473	9.147336873971687	13.608645021167806	17.93669390646076	13.417097242943548	13.661310722147924
24.886553200469056	20.67049701347449	19.38097675202311	15.77030773951193	12.434570706257237	10.905904005507796	15.468761019148538	19.063498842384874	17.217993640588258	13.153370526773251	15.91417181430291	20.168843552264043	12.573814251970736	8.382387839430747	13.303389484945068	17.13361473587199	12.845680447505103	11.613475079878784	6.6240748305781745	6.359829389066665	7.315851879774037	5.244563946840564	0.0	5.7788090725268475	8.135471198136207	10.920352276971173	14.296547700546162	16.4625571965032	20.585369377586467	18.362803393980947	14.795211423444758	17.67954450259079	8.956516545089626	15.565467830659978	18.395261447315498	17.309772105844214	11.302925965244624	10.130724547555532	14.742594592863268	13.974566774441124	4.368572059948009	9.803323151621344	13.396878635740471	8.822496987853127	8.656634174904742
23.82208283590768	19.606877479349805	16.444494193899686	13.393886366982178	10.513522251395331	8.363829253697814	10.728638138313883	14.49949377808483	11.733606315426139	7.5799586044628064	13.144660424460117	15.6857455523587	7.271376265247841	4.082532099786954	10.491909494104561	13.179983148595607	9.135777706669758	11.578261658975217	5.150406785478638	7.601935709933615	5.068989378794971	8.00115579336012	5.7788090725268475	0.0	9.065506306668633	8.474238125766972	11.021728705880877	12.966633190194077	17.19303120867075	16.258257936220065	12.91859169008771	13.398573315024914	5.524662470736845	10.886263551083042	12.619752389471994	12.78813405538867	7.437588149122754	4.424570953522723	9.601435379564155	11.265580796121718	4.637880496720498	6.4529720616836155	10.933758827531603	9.525767754390559	8.851849826017029
23.67757015952262	19.9057323369798	18.896427736652925	18.43512563640875	13.481958450181493	14.783061005889028	16.932258447583575	21.55468591582974	19.084033403485858	14.118418678551814	20.481165872099464	24.510281719122226	15.326599272031293	13.051808340890936	19.44912308192032	21.757567259741695	16.496753884342866	18.8793576303395	12.08781123532597	13.77528775075776	11.46723396788711	11.159046369064097	8.135471198136207	9.065506306668633	0.0	8.427967836627108	9.528733020333288	13.276968810878689	17.833551273809576	15.479274626281837	11.74927476857167	16.605167152502627	9.777037435489548	13.381730043826497	18.90139332214706	13.238442245247644	8.192415182744742	11.383182823848045	15.000848021814035	8.261599279472902	7.009065236434604	12.276492226422047	11.581068367657712	4.843837952422976	11.126694028853104
16.877939952040293	13.006807352786211	10.581649766912333	11.377492860459313	6.404616190830892	9.389245832787301	9.88466315525655	14.604287714735877	13.549010942346683	8.918509712464814	14.659728418517012	20.665290497386703	13.132391470978554	10.625506263903032	17.070271437243125	20.007987791995056	16.702708119058858	19.679387904719952	13.582822978108851	12.980639468158405	7.865919636053616	10.657267009199655	10.920352276971173	8.474238125766972	8.427967836627108	0.0	5.0957850244072125	5.715315554856063	9.959883284165088	8.17333219474512	4.6065643478867155	8.47184820446678	4.1413145910252815	6.665725242313285	14.408351142941264	10.826410760755653	4.3043913758062935	9.23258701246873	13.99460878353409	10.288792344915976	10.775828147080194	13.832219884095004	15.257150244244157	12.066875005695472	15.816382108957296
19.33163443077996	16.059121985541275	12.785792698734777	15.317612683678691	10.931808692313256	13.58298330291054	11.765575230339334	16.484975191161304	14.21343699232093	9.793470562647142	18.319317571665906	22.03266846184839	13.952533743116318	13.452997836129605	19.861041739090403	21.23028815132909	17.497968971871746	22.53312402040536	15.758647006019496	17.192214509710105	12.089381377751216	15.285683004849759	14.296547700546162	11.021728705880877	9.528733020333288	5.0957850244072125	0.0	4.985968651100169	9.691663255069978	9.536295106435974	6.928595088890117	9.032526539295372	8.123269712403985	5.340507911358412	13.526190441328463	6.67144173711779	3.660986158946038	10.046584222850344	12.941258445413634	7.167998798387296	12.659817140653566	14.47379466315499	13.865822162306209	12.233460742039057	16.773060602075564
15.214898304850957	12.171920165426489	8.104380636380375	12.208019959427677	8.622495330666833	12.234174414060199	9.49795354481085	13.78091781989586	13.194265123443651	9.742202575228784	16.110817080424372	21.556370577331325	15.23847633231389	14.200842834266796	19.997125628312546	22.076729497828605	19.633119509329862	23.94524274068864	18.02603209939601	17.743566662793558	12.13609708721335	15.88249088954198	16.4625571965032	12.966633190194077	13.276968810878689	5.715315554856063	4.985968651100169	0.0	4.878153764222292	5.701256231535764	4.745997651479992	5.006723868591057	8.29418420704483	4.3575565678649335	13.619219146397484	9.779631598923304	6.821770613414731	11.931521167796383	15.388104740307387	12.066335429254426	15.786865114792064	17.383444975311388	18.133419588205193	16.555980999541603	20.340728032791713
12.217377578246765	10.20607521867816	5.869616989742347	12.443762095555742	10.32223769855291	14.414957944727803	11.029583511958968	14.117739095521772	15.131760033978953	12.975321938743404	17.05633315866448	23.54234733610437	18.838538878749436	17.728589731342392	22.78958602228223	25.127545390267596	23.589453189162793	27.536954532460943	22.226094790817182	20.948161233996963	15.380860683940423	19.095855819946134	20.585369377586467	17.19303120867075	17.833551273809576	9.959883284165088	9.691663255069978	4.878153764222292	0.0	4.84818679694551	7.081936502948209	5.442862547064533	12.057834132702741	8.01174513201111	16.0940613500489	13.663950407537463	11.646428538322047	16.079022985576703	19.364742510486828	16.741353402854102	20.374768840872676	21.808038149359465	22.874823269021146	21.36942197308326	25.030212722834236
9.856347713966688	7.150590197316728	6.322872666914465	11.776973985735177	8.310625106502036	13.48773103941626	12.525521165181956	16.109240008476313	17.315853969556883	14.194568302694018	17.090034648145444	25.254556532798176	19.713649450111223	17.35242395555552	22.88239353926345	26.19335607149249	24.037363300321346	26.725545334358902	21.380910072855713	19.12645026293779	13.986186986722117	16.44181264834233	18.362803393980947	16.258257936220065	15.479274626281837	8.17333219474512	9.536295106435974	5.701256231535764	4.84818679694551	0.0	3.7899032929613585	8.059325405357042	10.925580794190624	9.817343774716491	18.680057998401473	15.31184605160224	11.343748106185629	16.4061486186083	20.640731442323435	16.549344134329562	18.890875578801147	21.695031567636477	22.85106887132483	19.694858076298065	23.989383514375035
12.791314421229968	9.334611047183834	8.151035767515257	11.40657911565081	6.66461764576732	11.549814410996774	11.513236229204837	15.769346141818989	16.035171009650472	12.121199891988491	16.118344626497468	23.690530223912265	17.144286188425514	14.553588809586246	20.567316212978934	23.85702431232464	21.088539877571442	23.718941539423135	18.028322827870912	16.249376918713587	11.173623509662901	13.426204102508473	14.795211423444758	12.91859169008771	11.74927476857167	4.6065643478867155	6.928595088890117	4.745997651479992	7.081936502948209	3.7899032929613585	0.0	8.131922827974627	7.892988921831146	8.286849551003256	17.192711177590013	13.281771871369662	8.203742569936807	13.497063018143256	18.008451705602234	13.509221792530086	15.210999483819526	18.405251302299238	19.51512749647206	15.97161725094821	20.340510047002883
15.307611621336097	12.290880385269594	5.922231923390397	9.399295144656845	8.15390766934908	10.41123579515498	5.701893724503499	9.16853899118501	9.753691452222203	7.977969758734738	12.685805741211842	18.108500185500862	13.88021884058472	13.130255207356713	17.69124901302899	19.810329541253626	18.82650207700962	22.923338878367442	18.08970137767299	17.244872211974283	11.659124921102483	16.38399102340376	17.67954450259079	13.398573315024914	16.605167152502627	8.47184820446678	9.032526539295372	5.006723868591057	5.442862547064533	8.059325405357042	8.131922827974627	0.0	8.728493957111093	4.803480102610584	11.27689692854945	11.745645218043423	9.272414028110022	11.746664604875534	15.094947713315085	15.294330725439137	17.26607248725466	17.677584288187948	19.859724794837074	19.40947819807034	21.581164258486563
18.447221459112438	14.296516127364148	11.069017872757495	9.286158527745233	5.445931880296116	5.81493617212017	7.517947340902405	11.973347400566393	10.877707800744462	6.424406513720772	11.22225591789675	17.057710974279622	10.025196585277298	6.680688105115324	12.970139053141256	16.398255589847267	13.66884431307042	15.985549264117296	10.546631544624223	9.53894995663537	4.040586632823575	8.328248756001043	8.956516545089626	5.524662470736845	9.777037435489548	4.1413145910252815	8.123269712403985	8.29418420704483	12.057834132702741	10.925580794190624	7.892988921831146	8.728493957111093	0.0	7.406095444034086	12.53516259390449	12.009708513256328	5.512622438281002	6.704486148921733	12.227423544627758	11.877058766468265	9.175529790979413	11.460636234206834	14.696711256414595	12.417003639135512	14.085553354229718
18.794312613994403	15.499879527619166	10.187012204910618	12.431184765114791	9.688964817512154	11.299282998930712	7.208839684799164	11.602639970902983	9.499593041618251	6.069684102205092	14.797319818092664	17.904683470598812	11.455173471079517	11.667260276695744	17.14047471853731	18.269158950063087	16.011509532011758	21.382926436517906	15.52567899901588	16.578438207742135	11.041336582425034	15.726319523116358	15.565467830659978	10.886263551083042	13.381730043826497	6.665725242313285	5.340507911358412	4.3575565678649335	8.01174513201111	9.817343774716491	8.286849551003256	4.803480102610584	7.406095444034086	0.0	9.340925783556488	7.119093246186668	5.32304307128175	8.602487646257666	11.373535560323917	10.67031611105182	14.134717753664491	14.250711350977994	15.391407211079118	15.541420224663582	18.036549760170853
26.417755184446225	23.066309931250917	16.711916779164984	16.117358594960667	15.808398261758576	13.905494304140765	8.741934764153939	10.234078068895617	4.55661618484679	6.170648682521036	14.939709515378347	10.775192993836226	7.206526067447373	11.336197148511951	13.641891362318065	11.557174731911173	11.476573743265606	18.790303340319284	14.725753248777643	17.96929333092831	14.013558867633021	19.36443448262509	18.395261447315498	12.619752389471994	18.90139332214706	14.408351142941264	13.526190441328463	13.619219146397484	16.0940613500489	18.680057998401473	17.192711177590013	11.27689692854945	12.53516259390449	9.340925783556488	0.0	10.379906839138444	11.667623258762735	8.416913315864274	7.15275749368296	14.8219260700155	16.126133344078944	12.364608445569523	14.980344808888136	18.900864541288843	17.797608811379288
24.989440902784352	21.853050718726863	17.133499915760776	19.201288649726404	15.936292143282962	16.890722628190538	13.30120267404993	17.329118137322137	13.147351019438961	9.897801370871008	20.70834996370809	20.425692386021016	12.464117054154231	14.687448097784145	20.172108441737336	19.273701415386164	15.569003969956436	22.978681575605254	16.262230450421683	20.11002071088733	15.418261573181438	19.43846260318817	17.309772105844214	12.78813405538867	13.238442245247644	10.826410760755653	6.67144173711779	9.779631598923304	13.663950407537463	15.31184605160224	13.281771871369662	11.745645218043423	12.009708513256328	7.119093246186668	10.379906839138444	0.0	7.009651557151262	9.747136394939304	9.263174913320482	6.367902590500855	14.242601714400458	13.233755826895143	11.24892801158038	13.611945963912891	16.535061518606316
20.644828339026965	16.916518649950845	13.298468074986094	13.977628734766306	9.83482012038498	11.133903885587975	10.069490592174585	14.838000387657743	12.059745285895263	7.19189084345799	16.037481752307666	19.173058876148755	10.655934423744718	9.96125859009962	16.44799555749337	17.920395190835688	14.044920834139365	18.89411709358552	12.144660757413154	14.031304400695692	9.156316039881835	12.682556761224202	11.302925965244624	7.437588149122754	8.192415182744742	4.3043913758062935	3.660986158946038	6.821770613414731	11.646428538322047	11.343748106185629	8.203742569936807	9.272414028110022	5.512622438281002	5.32304307128175	11.667623258762735	7.009651557151262	0.0	6.565446799533708	10.248377879019607	6.803509436827971	9.472868368185154	11.042001232927223	11.586054195448675	10.284897388176153	13.637863970939577
24.64227668834326	20.63117679965139	16.123922879221187	14.089514143416956	11.811665450265023	9.758516036624753	9.033278635215439	12.734070780528171	8.553814203514678	4.537217165663532	13.544113365677084	13.509505591137343	4.2439100290249305	5.200497868524905	10.777559000504946	11.429967126536388	7.742639341761743	13.459967681397332	7.381953384148106	11.245764551731876	7.735893811103492	12.101116647892331	10.130724547555532	4.424570953522723	11.383182823848045	9.23258701246873	10.046584222850344	11.931521167796383	16.079022985576703	16.4061486186083	13.497063018143256	11.746664604875534	6.704486148921733	8.602487646257666	8.416913315864274	9.747136394939304	6.565446799533708	0.0	5.731172052590773	10.171881857688835	7.77406138720075	5.9420689864508285	9.839968394701492	11.320475778929104	10.481603626516902
29.371112331430016	25.575463423101535	20.37836103090522	19.046115012635298	17.19339355340107	15.084634737855813	12.70717607135661	15.52524916705342	9.862105419060885	8.027933256894427	17.84225998513207	13.49922295845218	5.232914004406471	9.990472259279075	13.37816304171812	10.692137212591428	6.849142496101295	15.656896467690688	10.308203192555043	16.20669585321637	13.3942850316853	17.550875139043775	14.742594592863268	9.601435379564155	15.000848021814035	13.99460878353409	12.941258445413634	15.388104740307387	19.364742510486828	20.640731442323435	18.008451705602234	15.094947713315085	12.227423544627758	11.373535560323917	7.15275749368296	9.263174913320482	10.248377879019607	5.731172052590773	0.0	10.805896649572997	11.300587288945705	6.428721282448328	8.139884284276025	13.436423289670953	11.51831926065045
26.239643700920904	22.797784914665094	19.64883893366546	20.757739519439166	16.42773353923873	17.476576499335856	16.330528293437013	20.8736292430791	16.87695444953625	12.480711369750185	22.39137651868602	23.151123300567917	13.737754897945983	14.59681856754842	20.74337051114674	20.620301941516043	15.381305307608717	21.563557101559724	14.23748346759215	18.517108977855933	14.839378237376263	17.20802073074473	13.974566774441124	11.265580796121718	8.261599279472902	10.288792344915976	7.167998798387296	12.066335429254426	16.741353402854102	16.549344134329562	13.509221792530086	15.294330725439137	11.877058766468265	10.67031611105182	14.8219260700155	6.367902590500855	6.803509436827971	10.171881857688835	10.805896649572997	0.0	10.615966121437612	11.630135277339054	7.968023206559249	7.933057783805385	12.75062704248909
26.688601739773787	22.511716979084085	20.20845291384029	17.506939422610596	13.980314888398068	12.508795693473196	15.258062481873347	19.130011851283477	16.00428128578534	11.765074416914594	17.450090250230122	19.292168861841745	10.439475205171968	8.225833754326413	13.621797052080273	15.66209328813841	10.289879554212908	12.13439469392503	5.212103210390238	9.422839130375307	8.85764070755485	9.147336873971687	4.368572059948009	4.637880496720498	7.009065236434604	10.775828147080194	12.659817140653566	15.786865114792064	20.374768840872676	18.890875578801147	15.210999483819526	17.26607248725466	9.175529790979413	14.134717753664491	16.126133344078944	14.242601714400458	9.472868368185154	7.77406138720075	11.300587288945705	10.615966121437612	0.0	6.356446157732562	9.028894373538307	5.8112014490588155	5.394539401294237
29.89736615209354	25.756719526158257	21.844916860243845	18.98309413950141	16.687051317983602	13.933963627122637	14.64125597225267	17.707303956992913	13.161602113043344	10.277055009339936	17.465343016296107	15.029046561083872	6.192307532576367	7.73519512956991	11.31824842881471	10.599800281942354	4.451791614727283	10.755667328415061	4.590073125369979	12.000169376856164	11.176708378601278	13.608645021167806	9.803323151621344	6.4529720616836155	12.276492226422047	13.832219884095004	14.47379466315499	17.383444975311388	21.808038149359465	21.695031567636477	18.405251302299238	17.677584288187948	11.460636234206834	14.250711350977994	12.364608445569523	13.233755826895143	11.042001232927223	5.9420689864508285	6.428721282448328	11.630135277339054	6.356446157732562	0.0	6.889388757816714	9.924216748270673	5.579956704140608
32.09972935828378	28.22173193503157	24.547076609904	23.49494973734212	20.107115339983856	18.94145563775101	18.592562390347595	22.33780423934634	17.305460721480422	13.855895714970762	23.171849884362167	20.686479316711793	11.482628832891615	13.640627076371393	18.114630247065065	16.455909522721655	10.340998260913764	17.1839399891302	10.70540797901465	17.64420900487681	15.921815610151434	17.93669390646076	13.396878635740471	10.933758827531603	11.581068367657712	15.257150244244157	13.865822162306209	18.133419588205193	22.874823269021146	22.85106887132483	19.51512749647206	19.859724794837074	14.696711256414595	15.391407211079118	14.980344808888136	11.24892801158038	11.586054195448675	9.839968394701492	8.139884284276025	7.968023206559249	9.028894373538307	6.889388757816714	0.0	7.894688558259136	7.38781421573597
28.22865154081725	24.354729946520386	22.571659810617298	21.49615580681316	17.058566086693837	17.10556758191511	18.90278231910491	23.286747915912358	19.782893765288517	15.142129458676314	22.445246334833623	24.109293040145005	14.585228292747251	13.505492927624903	19.243164835933424	20.36097539943868	14.36771068836838	17.52185114106725	10.651817130482126	14.839353366722126	13.520188199965778	13.417097242943548	8.822496987853127	9.525767754390559	4.843837952422976	12.066875005695472	12.233460742039057	16.555980999541603	21.36942197308326	19.694858076298065	15.97161725094821	19.40947819807034	12.417003639135512	15.541420224663582	18.900864541288843	13.611945963912891	10.284897388176153	11.320475778929104	13.436423289670953	7.933057783805385	5.8112014490588155	9.924216748270673	7.894688558259136	0.0	7.509439915625266
32.021826240873196	27.838468368280655	25.110226885335166	22.120533323145647	19.100235923648764	16.8720255422292	19.06153086336846	22.44924014539558	18.437034294827676	14.978111395506991	21.05660033281833	20.000044797148043	11.616717938432297	11.298075599976782	14.849926610753494	15.096456556303355	9.019357064155534	11.488533506862732	5.97270368784908	12.778364472839517	13.457788313030044	13.661310722147924	8.656634174904742	8.851849826017029	11.126694028853104	15.816382108957296	16.773060602075564	20.340728032791713	25.030212722834236	23.989383514375035	20.340510047002883	21.581164258486563	14.085553354229718	18.036549760170853	17.797608811379288	16.535061518606316	13.637863970939577	10.481603626516902	11.51831926065045	12.75062704248909	5.394539401294237	5.579956704140608	7.38781421573597	7.509439915625266	0.0
