0.0	9.021418570888414	6.648626757615259	12.292227955942296	14.779751745288008	16.619520287457092	23.03001828170628	22.681160283904184	23.292765029928614	23.629051828176056	23.65389187709839	16.67968114589293	18.496327730066024	12.231323237541408	14.10754485084697	10.180824022633148	7.314422121883902	12.061700106433701	12.493875563787002	9.13537535082876	8.465864570596073	4.973338348482205	7.386705156894419	5.912455939097333	13.712455105804262	16.50332053527616	18.6423689217996	22.101489787315654	23.766179087729085	28.811130726865695	29.66748144397618	34.671317649691225	29.068512786897358	30.136738486755842	25.35347843936057	26.377686349462795	20.542408992254074	18.4025378737286	16.645073122764288	12.048885039431491	9.151058072172798	9.805944688516187	12.57069939366585	15.129476963270145	20.942888213991694	20.206885618863925	23.308584425455837	27.385165976562334	26.67508839382026	23.08585248562172	25.25916737297541	16.06024260469024	14.604142702881582	12.248574418665914	8.301666240736365	7.016510001921998	5.158002021444624	4.744259185244291	8.810174190819588	6.5551283304667045	9.924772601560239	13.641926429387135
9.021418570888414	0.0	8.69973727157423	10.184862820736829	11.302242860155053	14.239076515990412	21.560228734379056	21.632851907427604	21.58016210386001	20.54235186476922	18.762674551822734	13.269238349154685	12.962304921891231	6.831171044477319	12.579031496329721	5.217595444870171	8.169853657046628	12.435683436119488	12.28457013844482	13.32968120874002	13.331157231014801	12.92937353115689	14.118900049155444	9.434432929695673	16.03098594348069	19.00384527072527	21.092566506750455	24.55011497866695	25.266420363843658	30.675319044998826	30.129478644002276	34.6335356186885	28.094771240543828	30.26860409957762	26.60550072076242	26.7342480456727	21.45463487810956	19.19039448267892	16.39540674905744	12.567771713773206	9.088164897983978	14.1406470549332	18.95533991861476	18.95993704706215	26.227289114381392	25.993899674406094	26.57158381385054	32.022881583579085	30.74793482398724	26.01238442674736	28.8430913953338	21.12661346714613	19.680193083694405	18.23152402252932	13.706918544018672	15.794039093145278	11.71894117565872	5.049142185244188	7.665230710397464	11.893536176292576	11.659831993986856	14.59998327949811
6.648626757615259	8.69973727157423	0.0	8.574808536454468	8.573760561775364	11.346060847310946	16.6143274999324	16.94035777335335	18.309000001591432	17.521897011742162	18.540195134883792	13.095278908890766	13.14776205974887	8.491384941378625	8.471770218303217	8.816788529600421	3.394331453376633	10.277327406706931	12.907226030022288	11.252842224295751	7.044584101812634	8.595119719874635	6.530860084911111	2.0394133855859398	7.934287473634663	12.106517902831929	13.130179998089996	17.58174501782883	17.94361938745297	23.53347647838712	23.590924765170644	28.45098479042942	22.632496967739506	24.34239508537885	20.196820432061994	20.28965924541701	15.577625605612617	12.13235573465667	11.468969686314697	5.4901956847873254	3.9060117604927918	6.261653835414682	10.523389702988958	10.530445317937456	17.848081331909864	17.304247079330846	18.549358694787394	23.44877025261182	22.363494950178477	17.90236839991045	21.35702235398354	12.465219734572463	11.857461991395816	9.676057311136317	6.94675402715064	10.181664353002796	8.963394807967912	7.4454431840249296	7.082845305791903	5.961457495648888	5.0581319606683905	11.205732688012684
12.292227955942296	10.184862820736829	8.574808536454468	0.0	8.495252119111104	5.337074790308638	14.392836335820771	12.646666697669504	11.873957164890372	13.078050774034542	11.863363797820197	4.608687545188313	8.885748524559565	4.742540683079798	13.546734513292176	13.312726751742538	11.12657024424908	17.856928184584397	19.99346623545543	19.304141361179315	15.585630375956347	16.10668721954861	14.033104572675942	8.194198917493344	12.285284130019523	10.642512748326581	16.84245108321191	15.726610736915985	18.489305328963876	22.324787617273806	22.73614779070935	27.406771665256148	21.09256143386664	21.56996848393332	17.499985955995534	19.208220379847024	12.071200940665323	14.280307413333901	7.054941042993316	9.528218694895727	10.90646186378508	14.136761425488151	16.638870780566	16.021530688848035	23.767848172903854	21.814603709833325	23.18541359689035	27.154398576327605	24.21752055380034	20.217481047195818	20.35766710005401	16.41968636031971	13.355439597860984	14.982948933373661	9.531145044467072	16.75167964053359	11.387710446629827	10.133443683229924	4.019843443186265	8.832752029705132	5.833377315724114	5.626109069387058
14.779751745288008	11.302242860155053	8.573760561775364	8.495252119111104	0.0	7.332612382759323	10.741898171771995	12.402928160109054	14.167333197500023	10.585545612051561	11.923418670277306	10.715834817584756	5.838192819353551	6.879567310504409	6.643711950845712	10.947820974422857	9.024934901143578	13.518746933244639	16.786310667786246	17.770175207675475	13.583306577786988	16.901428410637383	14.176375314951764	9.931004020919865	9.232027179594922	12.981601964751185	12.897853240177414	17.166559996150237	15.510900137436577	21.339139785673094	19.516323773052044	23.65708725671508	17.000832467747163	20.21184593266529	17.91024596819218	16.300418253802636	13.8319283127513	9.620197576647914	9.440924335263434	5.7957187898403815	7.4394643440512676	11.867482893985759	16.285957389230056	13.088184106317104	20.934055199327023	20.781528710508777	18.787218375936206	24.670844416642176	22.871242670711688	17.37337759368812	21.841988433513848	15.905365626495193	15.86746893604846	15.139353460826968	13.392787745663817	18.589246531979224	16.489884185021133	13.423661705366555	10.36753697577573	12.988000649236339	8.517223325106558	13.079647868212879
16.619520287457092	14.239076515990412	11.346060847310946	5.337074790308638	7.332612382759323	0.0	9.476451277365209	7.704666934021116	7.56242316448937	7.8219984028233265	8.107161528228179	5.256806005872258	6.721974141593203	7.7072989619125405	13.42785584644367	16.212291297165763	13.617164412050544	19.715267263946487	22.689127646570554	22.43700989881865	17.73052656506817	19.6373165439656	16.424227540498492	11.40863994367255	11.592780168945376	9.303190379659855	14.930331761043679	13.068729152729077	14.896134808845744	18.4747145946088	18.205926037928087	22.5925024157966	16.142676289086065	16.846450294047095	13.672551654432834	14.749781953185192	8.75608675639417	11.609377592895335	3.9789294059664058	9.387807371268853	12.634529377866969	15.504258241128833	17.708654857255503	15.54803357285015	23.221705596867714	21.289217485792545	21.288692124882076	25.254089061290255	21.833229234312732	17.592785416139307	18.081732914027302	16.079120258161904	13.773239242950343	15.933880336156069	12.370584754151427	20.087587477262495	15.992055751801402	14.989102405955833	9.243946901894152	12.40453715666702	7.783177028159811	7.994596818180818
23.03001828170628	21.560228734379056	16.6143274999324	14.392836335820771	10.741898171771995	9.476451277365209	0.0	5.1886181374925	9.579920720425898	5.056951542499027	11.600167458577555	14.461139253985662	11.523156407009122	15.738355071423063	14.460262151481356	21.55668300613664	18.095386293797393	22.28579286821609	26.413581172723163	26.426613896979195	20.613377801696608	24.42854495507087	19.946498920795538	17.163955571665063	11.7793610611896	11.385158628134503	11.469709244045596	11.556945139274939	8.309388896880037	12.378804800605955	9.601910636618028	13.49083065709626	6.7733016146553915	9.850700975431533	9.789137336437106	6.587301699213025	8.8589325313969	7.867439077031298	8.924545476657997	11.719847406287116	16.39730078135471	17.61602323516675	19.06810719832227	14.633425041205697	20.73795287661998	19.544616671073793	16.468230309779816	20.46389530137956	17.11627225216531	12.401223673462491	15.85271900536626	15.730732348204459	16.088627379392207	17.597660650830132	17.863878959705684	24.630843955559932	23.169470111158667	22.59764088858516	17.797130583930826	18.635964341114995	13.656732775294769	15.864138574914513
22.681160283904184	21.632851907427604	16.94035777335335	12.646666697669504	12.402928160109054	7.704666934021116	5.1886181374925	0.0	4.838838286972529	5.506618215124429	10.26068731618315	11.84310381032105	12.108417940252082	15.288388925061769	17.28101410311087	22.807442025090424	19.198429320787486	24.575948568441042	28.353220088468213	27.734227652091004	21.94906465836649	24.711570176060796	20.328400058936335	16.927258775196645	13.304799911441242	9.107772698831191	13.942901324334793	8.946664989117869	10.250794740637694	11.8626671470948	11.577765190499381	15.710497906979054	9.981315945918283	9.229681674873223	7.251432379923936	8.44893628558169	5.128658029816431	10.813006938244595	6.301147253202928	13.117019810911128	17.855254824666083	18.961996170346573	19.537554783885394	16.362776711013616	22.626468731117104	20.21177756881968	19.37930245044731	21.991022562560577	17.592218808022068	14.166396276205312	13.6525041234439	16.01144716433145	14.54578120337695	17.728049152452957	16.532693258579073	24.38456035499308	21.692462662968758	22.024851789834983	16.358849001757683	17.409320332593236	12.799391672199278	12.694873875069502
23.292765029928614	21.58016210386001	18.309000001591432	11.873957164890372	14.167333197500023	7.56242316448937	9.579920720425898	4.838838286972529	0.0	7.298078938571009	8.431826317662285	9.523637825700435	12.252725710913829	14.93016718570495	20.002176737291897	23.770055227660855	20.846455422286326	26.857398632529613	30.115170795239482	29.518560697453783	24.246174877651274	26.119534621426364	22.299730208753527	18.020902464685133	16.540385807165407	10.86931673529809	18.131961389134922	11.28895803792232	14.887916657625475	15.380532065654315	15.932806066117422	19.668102666186492	14.23984613307753	12.410104895333646	10.068427737177059	13.05327521475569	7.0323128181116505	15.007537373351584	7.1640189356039885	15.662046826620587	19.789471013006153	21.559664111379494	22.200819937527427	19.89825414299288	26.50992620299123	23.644173237075776	23.85698374306175	26.139399102637995	21.41184227999965	18.550676292565754	15.863612989802892	19.114151605167564	16.296795592337492	20.245078151880502	17.355301132261573	25.762417387697624	21.598107007834493	21.93850204234141	15.748557889015766	17.975503225935924	13.857709382262394	11.374629748714934
23.629051828176056	20.54235186476922	17.521897011742162	13.078050774034542	10.585545612051561	7.8219984028233265	5.056951542499027	5.506618215124429	7.298078938571009	0.0	6.736579136060599	11.711031771653609	8.677728308083239	14.065797336857347	16.006700796885802	21.337284687738105	19.062665126515725	23.74584315911742	27.32708410304437	27.894561245331914	22.726261584090206	25.939659203534372	22.08352627476877	18.049188084067293	14.830037016974245	13.355360107601816	15.830731842824381	14.251556182685848	13.194926248701004	16.138474225684128	13.792184958864308	16.977487097193656	10.277990092611166	12.455145881373422	12.410162100103214	11.043722311323199	10.328357174277214	11.93963491970117	9.049008015419165	13.55287084859661	17.504779255886383	20.085034632094843	22.20023492924769	18.328712946457458	25.148956260928166	23.74656789013988	21.268335755266797	25.342555650935044	21.697445560867994	17.246518917547785	18.9631285982363	19.375475540816883	18.55635860802309	20.573543340720914	19.103748759774838	26.466065584913693	23.52454489816225	22.19062011841715	16.90722562234079	19.495639679111388	14.458047310749555	15.208781391260217
23.65389187709839	18.762674551822734	18.540195134883792	11.863363797820197	11.923418670277306	8.107161528228179	11.600167458577555	10.26068731618315	8.431826317662285	6.736579136060599	0.0	8.640382507448706	6.976608167120027	12.158359659721192	18.411827497561493	20.761866304725693	20.080294745545824	25.241473980540533	27.895863790907523	28.950051357199296	24.844712459487685	27.023927426567262	24.196983014162008	18.9482610959817	18.66575814258754	16.517135518422965	21.067807314661405	18.563307450389175	19.433622734740116	21.9794328463712	20.38078392174016	23.415965158407705	16.894173925879052	18.19900424940932	17.369482588935405	17.569129373593448	14.007903957944194	17.160422962988026	11.18345207743636	16.27593115986462	18.91358090504383	22.803053299122222	25.561667042637335	22.616433188863315	30.128545793953993	28.519080815355167	27.00908556070342	31.237083082787045	27.477135872028228	23.172340913644117	23.483690752725803	23.582106537494674	21.555028024131506	23.846952983657992	20.38495403380419	27.927409398028757	23.247541665781764	20.9937394576691	15.59245494544545	20.227217309517094	15.768336712288294	14.74756813001446
16.67968114589293	13.269238349154685	13.095278908890766	4.608687545188313	10.715834817584756	5.256806005872258	14.461139253985662	11.84310381032105	9.523637825700435	11.711031771653609	8.640382507448706	0.0	8.374862526472793	7.064523001159976	16.833894996081128	16.732439594600127	15.42685625662948	21.875687556039	23.934460765685454	23.738978169290657	20.091018520409367	20.6808071178456	18.558450452593377	12.795711702340267	15.794039564415188	12.593472440159266	19.734569355405952	16.610251276276056	19.91950365115111	22.774617145889888	23.06747290745786	27.34190348273264	20.966261348247574	20.97854479825653	17.506749174421913	19.65804546850228	12.332479790640344	16.661639235109273	7.932287208781739	13.168733912184978	15.00285518890958	18.486131231617676	20.746565371133887	19.678695335086545	27.395970212458632	25.153483802338414	26.138466458738833	29.82647399405193	26.23599688327633	22.445673048803894	21.411191528065583	19.810734336040568	16.396962627268053	18.961538270520304	13.592789294870126	21.223030443572267	15.3074862938448	13.96670756645509	7.952846977620038	13.102290099189116	9.993607414245924	7.197379231586856
18.496327730066024	12.962304921891231	13.14776205974887	8.885748524559565	5.838192819353551	6.721974141593203	11.523156407009122	12.108417940252082	12.252725710913829	8.677728308083239	6.976608167120027	8.374862526472793	0.0	7.00037591946473	12.116218570874945	14.068432152033026	13.927294205450794	18.51855717306273	21.056407384711754	22.605146205001848	19.04608776154291	21.57618792617266	19.26467152008359	14.092613874251757	14.463943112378944	15.478871305013087	17.723012185420558	19.072731795972086	18.49516430092677	23.110581111261077	21.11780809021932	24.737155296953524	17.784162862545685	20.602208359636727	18.9743272923189	17.98780868164509	14.848203209642158	13.9532671638535	10.440315536865658	11.251334884564628	12.705716936426663	17.472133971655275	21.46879274221811	18.4759392057497	26.325425418423197	25.63727202909695	23.71117199983757	29.1378545236349	26.50784451962116	21.33690006681517	24.085099567275893	20.588660343253128	19.464896434374324	20.06913825091175	16.975688992614273	23.199856039244413	19.383250264487145	15.880115576687464	11.753035641654613	16.439202902877934	12.013216271160966	13.748620441242894
12.231323237541408	6.831171044477319	8.491384941378625	4.742540683079798	6.879567310504409	7.7072989619125405	15.738355071423063	15.288388925061769	14.93016718570495	14.065797336857347	12.158359659721192	7.064523001159976	7.00037591946473	0.0	11.623431421193558	9.720944739398645	9.656949162118254	15.485501589864398	17.144503598796973	17.786016310511602	15.141515486579653	16.094407053424536	14.930758316714016	9.054551311563486	13.429125016790733	14.484839047071235	18.134993668884594	19.541813127273272	20.633528992629	25.40062708411121	24.77460597297252	29.15615656286017	22.465529330592243	24.253959480521385	20.938870824464495	21.3276979697388	15.795173905070083	15.33098580864182	10.586428850054089	9.809981516124802	9.38810228130096	14.344363400499896	18.3983911318443	17.221754199568128	25.153027778839764	24.174184678146855	24.291481124739942	29.360559503506288	27.079574054173385	22.348404650254114	24.276020973372514	18.883412451937897	16.904956374390178	17.089619581402566	12.369663364733752	17.85195778687107	13.059529212321069	9.053081982978284	5.424822766992836	11.193812067027025	8.413100417862491	10.300045122878894
14.10754485084697	12.579031496329721	8.471770218303217	13.546734513292176	6.643711950845712	13.42785584644367	14.460262151481356	17.28101410311087	20.002176737291897	16.006700796885802	18.411827497561493	16.833894996081128	12.116218570874945	11.623431421193558	0.0	9.512168430147032	6.834360993892628	8.050696030969107	12.248852330865132	13.517675006964696	9.541798634541072	14.358420606136306	11.959871467725163	10.39678908210853	8.276419126125196	15.903074404129331	11.353578298392758	20.012461629727735	16.48778899815073	23.427018495094302	21.26332897434597	25.28420459314504	19.406120826388776	23.47525861932392	21.260235661670624	18.485179051232436	17.908920100689606	9.698023595764324	14.32403852452804	6.009528392323253	4.977747477590003	8.46176398119407	14.107468779810317	10.574588432823587	17.44161073616527	18.905797102698717	15.835050503417122	22.785902801630527	22.65247382785258	16.849943545301883	23.91128717952521	14.987721635419854	16.95399215269975	13.78448610906871	14.522099174605374	16.660373711047132	17.394965817312286	14.266887987204763	13.851790251885165	14.135148659280214	11.078413495112082	17.482128631778448
10.180824022633148	5.217595444870171	8.816788529600421	13.312726751742538	10.947820974422857	16.212291297165763	21.55668300613664	22.807442025090424	23.770055227660855	21.337284687738105	20.761866304725693	16.732439594600127	14.068432152033026	9.720944739398645	9.512168430147032	0.0	6.373280256835636	7.830768833739511	7.810207898928477	10.44431486325016	11.022334161848057	12.231546857199827	13.407924239321853	10.351545286788845	15.005769291263618	20.331242705605906	19.58221581717032	25.650712985212973	24.655158321506082	30.894554587170738	29.632206808414708	33.92103595052189	27.56786456241194	30.732571586428826	27.56595437275463	26.46907556709965	22.927448492938485	18.029719020388416	18.13196698634908	11.760505139341793	7.03998161629753	12.32034067588837	18.11865863705887	17.396333334079504	24.167411870189415	25.01806472681282	24.333670608240983	30.577317545550315	30.178267527921268	24.989124138902607	29.779020807369086	20.65358367033782	20.672657725723695	17.834311685562522	15.325704992756267	15.804502993889379	14.378376662791776	8.33345186769867	11.40254884830912	13.783058419032237	13.095112608854498	17.88294217316006
7.314422121883902	8.169853657046628	3.394331453376633	11.12657024424908	9.024934901143578	13.617164412050544	18.095386293797393	19.198429320787486	20.846455422286326	19.062665126515725	20.080294745545824	15.42685625662948	13.927294205450794	9.656949162118254	6.834360993892628	6.373280256835636	0.0	6.994550513748693	9.684958486435601	8.950618267626718	5.774895236410512	8.336544811652075	7.470149516644629	5.2115951504485105	9.226417692119462	15.098063232569045	14.025554101196745	20.352725492420024	19.528134009004507	25.693319167819112	25.107167721419817	29.74573894997929	23.883438051712716	26.40596702824906	22.728511568631106	21.95102462777014	18.36703299030685	13.15613281387732	14.218072212837548	6.681188594428203	1.9951990169145712	6.174996238823559	11.81995904717363	11.33503264880032	18.243564246345574	18.6946219967156	18.872457286070563	24.54886197956561	24.15010056123641	19.2969904590759	24.074435334093696	14.33016621996252	14.73875437207223	11.486324238461966	10.07352110078677	11.05648593562717	11.133407911618406	8.040657661294777	9.504493504360482	9.010768438802977	8.29402076931449	14.453518656832872
12.061700106433701	12.435683436119488	10.277327406706931	17.856928184584397	13.518746933244639	19.715267263946487	22.28579286821609	24.575948568441042	26.857398632529613	23.74584315911742	25.241473980540533	21.875687556039	18.51855717306273	15.485501589864398	8.050696030969107	7.830768833739511	6.994550513748693	0.0	4.794802354703134	6.748247065084663	7.046810006733828	10.736798881816538	11.31137041148285	11.947724724112474	13.30041577188904	21.07866871595382	16.60728193593835	25.798524703025045	23.052232343748802	29.94563828693772	28.45707104248227	32.603216459564344	27.147140582604944	30.84884045562177	27.910225043844143	25.75126657291619	24.226976238639505	16.476381409848255	20.449945625298767	11.709693176642807	7.242441592634201	9.050048966383038	14.972771858776852	13.939267830169197	18.915759496546176	21.218699694685494	19.635243737006785	26.266214577922153	27.324742330027668	22.183324724636687	29.129384264015705	18.143228701726535	20.232790247378457	15.50858038907211	16.350014001715042	14.261518343474194	16.882846034666986	13.275173237751357	16.269299355026444	15.447434119181377	15.016654516898356	21.427562109124782
12.493875563787002	12.28457013844482	12.907226030022288	19.99346623545543	16.786310667786246	22.689127646570554	26.413581172723163	28.353220088468213	30.115170795239482	27.32708410304437	27.895863790907523	23.934460765685454	21.056407384711754	17.144503598796973	12.248852330865132	7.810207898928477	9.684958486435601	4.794802354703134	0.0	6.021422235251726	10.110046459192382	11.496788525862083	13.995962037198273	14.317234167739088	17.57544957719053	24.642206918520056	21.24098874554442	29.712532038666986	27.628557636775298	34.3775694958451	33.06029484604187	37.25041014983169	31.599905163573066	35.17717041836055	32.00385855481955	30.244452775558333	27.934032701154045	21.01610221263573	23.781760262362198	15.632931169602996	10.601470027736394	12.842871426257858	18.390860978536434	18.306444397169326	22.999963621641836	25.169908470824463	24.27638740329151	30.66949809974999	31.74336904798018	26.7839892339675	33.10306729365917	22.08585173225814	23.552323635691952	18.97711183948472	18.76095240412717	15.529937666527811	17.639180966813647	13.216925418761384	17.699605745520646	17.47837517187227	17.937726416545132	23.690174601987835
9.13537535082876	13.32968120874002	11.252842224295751	19.304141361179315	17.770175207675475	22.43700989881865	26.426613896979195	27.734227652091004	29.518560697453783	27.894561245331914	28.950051357199296	23.738978169290657	22.605146205001848	17.786016310511602	13.517675006964696	10.44431486325016	8.950618267626718	6.748247065084663	6.021422235251726	0.0	6.66021192727602	6.279772602523724	9.768982841710159	11.986509914212249	15.856108903811934	22.24710297884763	19.588388548403707	27.311267626751075	26.23657578071181	32.502555964113085	32.226350484297654	36.80414226670706	31.59058803523349	34.17886444290167	30.24811215399982	29.375719979049396	26.241526241541973	20.20116391121896	22.61269975602776	14.806668257517245	10.418438065726097	10.024338628214164	14.209182009284932	15.814335879033198	19.708881808440687	21.343355369368293	22.40004301021739	27.689471648701915	28.85012841436941	24.7040946656749	30.100739435463144	18.652900716803014	19.956133683311833	15.06626436845589	15.316937072748196	10.097394855240681	14.030311475683332	11.910673975625182	16.562215266057905	14.229473354794978	16.059041646512792	21.690201366738197
8.465864570596073	13.331157231014801	7.044584101812634	15.585630375956347	13.583306577786988	17.73052656506817	20.613377801696608	21.94906465836649	24.246174877651274	22.726261584090206	24.844712459487685	20.091018520409367	19.04608776154291	15.141515486579653	9.541798634541072	11.022334161848057	5.774895236410512	7.046810006733828	10.110046459192382	6.66021192727602	0.0	5.808751063902974	4.472767200855037	7.799741604954006	9.400817663513546	16.245723393122244	13.080283786757432	20.975103767969483	19.67636673448533	25.8784596670082	25.778715925745335	30.464410350154253	25.502044675277688	27.78190221460649	23.862322343016096	22.963866146318825	20.236669972470576	13.938435302008417	17.19166071409972	9.182608759886595	6.52384007954432	3.3867692281507358	8.284390244237184	9.223252447836513	14.168909039152307	15.333603345896087	16.394718450353473	21.59144026268115	22.330588002752215	18.10436268388133	23.705270240528776	12.212545454538681	14.094329301221238	8.949995533202381	10.698194986706278	8.010538566008885	12.256304185421628	11.705914420157388	13.81838856719974	10.27520761072557	11.047133159660598	17.4388179260585
4.973338348482205	12.92937353115689	8.595119719874635	16.10668721954861	16.901428410637383	19.6373165439656	24.42854495507087	24.711570176060796	26.119534621426364	25.939659203534372	27.023927426567262	20.6808071178456	21.57618792617266	16.094407053424536	14.358420606136306	12.231546857199827	8.336544811652075	10.736798881816538	11.496788525862083	6.279772602523724	5.808751063902974	0.0	5.378943788671963	8.24033703427148	13.509512464354184	17.873653530897645	17.672068745244115	23.023651778684467	23.69016901969847	29.07615149763186	29.913537920057482	34.86005506457054	29.816004693279684	31.154473296545923	26.465139730698734	26.900513226103318	22.29549839076079	18.443773587583834	19.071706837119113	12.943567631334563	10.021152561562443	8.09200008655953	10.270000147569753	13.56973538523704	17.874179220811463	17.914459334594923	21.18364888813948	25.157742160862067	25.469715112599175	22.113843627070132	25.53033621148491	14.799707167406487	14.867827962651315	10.772996925711931	9.97793054963757	4.124128858290307	8.621408033408242	9.488401888215755	13.167316249729792	9.027478647413577	12.265252627462388	17.079559887671987
7.386705156894419	14.118900049155444	6.530860084911111	14.033104572675942	14.176375314951764	16.424227540498492	19.946498920795538	20.328400058936335	22.299730208753527	22.08352627476877	24.196983014162008	18.558450452593377	19.26467152008359	14.930758316714016	11.959871467725163	13.407924239321853	7.470149516644629	11.31137041148285	13.995962037198273	9.768982841710159	4.472767200855037	5.378943788671963	0.0	6.060917597677736	8.631811342147005	13.254973651366035	12.574327181326646	18.069974188773017	18.433391411398915	23.77984214342436	24.720467358568065	29.702671428083228	24.95513555301548	26.09015855281987	21.467660213220476	21.788084636601592	17.720380964455497	13.624236935432949	15.139386898976326	9.087339813116875	8.278603202520793	4.078198895657772	5.400421772059333	8.48538061482882	13.569386174648931	13.110829275270067	16.406219892418907	20.221234872386944	20.197424424441557	16.78417447786584	20.514467326476513	9.517280651629353	10.24115855835217	5.598664151463709	6.901090859813761	5.157275349625346	9.3676365073364	11.244814437350158	12.25260353373599	6.9298295389919184	8.86826173559049	14.508984665631951
5.912455939097333	9.434432929695673	2.0394133855859398	8.194198917493344	9.931004020919865	11.40863994367255	17.163955571665063	16.927258775196645	18.020902464685133	18.049188084067293	18.9482610959817	12.795711702340267	14.092613874251757	9.054551311563486	10.39678908210853	10.351545286788845	5.2115951504485105	11.947724724112474	14.317234167739088	11.986509914212249	7.799741604954006	8.24033703427148	6.060917597677736	0.0	8.4703302212379	11.238492448859134	13.637232063983708	16.84993913953622	18.145301040239993	23.275377549434676	23.877327454436433	28.866220143777337	23.196989633421037	24.31237129425268	19.770023197688808	20.539141888555235	15.021763710973758	12.85124005367484	11.103028150529582	6.601076711182711	5.9239499206745645	6.937193377178044	9.99102698351248	10.875965641239661	17.96705480614019	16.859981710684263	19.08154599723256	23.361628209099695	22.02035534634873	18.00411724303693	20.473080920479735	11.945221015564787	10.56331253415687	8.961675540242107	5.048588150751083	9.139684177135544	7.218806420483506	7.149177063501469	6.356493075470648	3.924440086264523	4.28398633500629	9.891837587901456
13.712455105804262	16.03098594348069	7.934287473634663	12.285284130019523	9.232027179594922	11.592780168945376	11.7793610611896	13.304799911441242	16.540385807165407	14.830037016974245	18.66575814258754	15.794039564415188	14.463943112378944	13.429125016790733	8.276419126125196	15.005769291263618	9.226417692119462	13.30041577188904	17.57544957719053	15.856108903811934	9.400817663513546	13.509512464354184	8.631811342147005	8.4703302212379	0.0	8.945095029684593	5.236812789496899	12.712298840641875	10.556440912345716	16.866463026200016	16.56618455277625	21.41493782345911	16.40972325610592	18.39895927585459	14.880125960327986	13.607960670175641	11.923562976565812	5.0066815515563565	10.009382345746438	3.8526334152032446	8.011143717172379	6.10319195155076	7.979289039026881	4.080247256234679	12.038097387723965	11.600016663610514	11.143386176150385	16.226358361285687	15.196578745756554	10.129554483665103	16.04048496516094	7.022378241643319	9.303884978846476	6.971398722116822	9.606186928685673	13.63328145569907	14.945411368276803	15.334363976901535	13.106427374643234	10.410592386416603	7.299573730563362	13.513669667697146
16.50332053527616	19.00384527072527	12.106517902831929	10.642512748326581	12.981601964751185	9.303190379659855	11.385158628134503	9.107772698831191	10.86931673529809	13.355360107601816	16.517135518422965	12.593472440159266	15.478871305013087	14.484839047071235	15.903074404129331	20.331242705605906	15.098063232569045	21.07866871595382	24.642206918520056	22.24710297884763	16.245723393122244	17.873653530897645	13.254973651366035	11.238492448859134	8.945095029684593	0.0	10.90659252184979	5.729791114783588	10.630831687987602	13.09177582574481	15.511017963407458	20.664785621835776	16.119405976513185	14.555999584398657	9.03573056026719	12.297293982528519	4.819701858883431	9.917861557911944	5.444692248879712	9.997933033908076	14.426027764999803	13.303668241869897	11.929828611249931	11.118894746803228	17.07908915361565	13.55766036035694	16.472758503449594	18.046524689747564	14.161102398915327	11.689744738935614	9.904083430746681	8.800495305855788	5.525387140221884	9.912818628904235	8.77009581274037	16.50294369712506	14.745825165176031	17.38139081808399	12.619266712859837	10.305656712434809	7.4769419539	8.25166340840356
18.6423689217996	21.092566506750455	13.130179998089996	16.84245108321191	12.897853240177414	14.930331761043679	11.469709244045596	13.942901324334793	18.131961389134922	15.830731842824381	21.067807314661405	19.734569355405952	17.723012185420558	18.134993668884594	11.353578298392758	19.58221581717032	14.025554101196745	16.60728193593835	21.24098874554442	19.588388548403707	13.080283786757432	17.672068745244115	12.574327181326646	13.637232063983708	5.236812789496899	10.90659252184979	0.0	12.327838116645614	7.137994443728649	13.97212113024051	13.148935287321136	17.713619525196798	13.921295271072514	16.254471893041277	13.768752177543645	10.941382305864918	12.834711588449176	4.066326039877493	12.827210872624809	8.634079119438482	12.66244282380917	9.856000510995345	9.821548400346394	4.380555405279488	9.39866591229845	9.582018943384163	6.407717703233993	11.866859086123785	11.385788196604711	5.639713704933744	14.644630043708784	7.018718869777292	11.32104346234395	9.276846180589628	13.974546189417039	17.352172826860656	19.735068709875886	20.548465225620845	18.154448177242383	15.148769804734437	12.133392407547733	17.50667065648085
22.101489787315654	24.55011497866695	17.58174501782883	15.726610736915985	17.166559996150237	13.068729152729077	11.556945139274939	8.946664989117869	11.28895803792232	14.251556182685848	18.563307450389175	16.610251276276056	19.072731795972086	19.541813127273272	20.012461629727735	25.650712985212973	20.352725492420024	25.798524703025045	29.712532038666986	27.311267626751075	20.975103767969483	23.023651778684467	18.069974188773017	16.84993913953622	12.712298840641875	5.729791114783588	12.327838116645614	0.0	8.76527913616154	8.047609989431278	12.113920149948347	16.994843710018564	14.001100353180243	10.406007507695431	4.379277882367859	9.635830630724113	4.629158189364549	11.783950402307646	9.231575241143453	14.564828480866613	19.453923466032755	17.784124787313257	15.40611946768701	13.95399142008493	18.07444499498126	14.010459240954864	16.563337521857616	16.248885785945404	11.029968616896825	10.353611099670664	5.0525592886987	10.925539738908022	8.988171020560626	13.622655069652497	14.164551052312445	21.27774928813968	20.182762929606987	23.10941569320884	18.162878580788206	15.867049214519088	13.121574222139841	12.982533071573496
23.766179087729085	25.266420363843658	17.94361938745297	18.489305328963876	15.510900137436577	14.896134808845744	8.309388896880037	10.250794740637694	14.887916657625475	13.194926248701004	19.433622734740116	19.91950365115111	18.49516430092677	20.633528992629	16.48778899815073	24.655158321506082	19.528134009004507	23.052232343748802	27.628557636775298	26.23657578071181	19.67636673448533	23.69016901969847	18.433391411398915	18.145301040239993	10.556440912345716	10.630831687987602	7.137994443728649	8.76527913616154	0.0	7.333903687509948	6.384226020314306	11.407951800336008	8.374535680063369	9.334556650873717	8.151988245857947	4.283094710391194	9.842199139402299	6.805143048065636	12.283005255606756	13.057998417869701	18.038470202995978	16.319100315740563	15.390586314763961	11.05470080410651	14.459470828088063	12.906737335807254	10.135526163557511	12.329196237450462	9.025966702113315	4.559587250727537	10.88795324564188	10.912111727423186	13.217026128080184	14.27370355356785	17.493633488478736	22.906332766048113	23.73399912027793	24.960064938778615	20.97376018301754	18.928580585628044	15.14566024689023	18.259094102298675
28.811130726865695	30.675319044998826	23.53347647838712	22.324787617273806	21.339139785673094	18.4747145946088	12.378804800605955	11.8626671470948	15.380532065654315	16.138474225684128	21.9794328463712	22.774617145889888	23.110581111261077	25.40062708411121	23.427018495094302	30.894554587170738	25.693319167819112	29.94563828693772	34.3775694958451	32.502555964113085	25.8784596670082	29.07615149763186	23.77984214342436	23.275377549434676	16.866463026200016	13.09177582574481	13.97212113024051	8.047609989431278	7.333903687509948	0.0	6.377509629596634	10.156047087891983	10.383294801406905	5.917369352860084	5.65012407871912	6.534119237308847	10.744533269913537	13.80910385904508	15.34414852695261	19.24267826027631	24.390232148737724	22.498209593284013	20.248941023223445	17.25879497372307	19.312324166697433	16.28140159686239	15.831242827380114	14.372166781578212	8.962136429619967	9.542850152491168	7.704900142484716	15.223779773359144	15.860852826580956	18.9283061442459	21.363532653740435	27.55875428673719	27.633662425352373	29.918290283659154	25.139525536506955	23.050432551253735	19.72009129510875	20.589469363562188
29.66748144397618	30.129478644002276	23.590924765170644	22.73614779070935	19.516323773052044	18.205926037928087	9.601910636618028	11.577765190499381	15.932806066117422	13.792184958864308	20.38078392174016	23.06747290745786	21.11780809021932	24.77460597297252	21.26332897434597	29.632206808414708	25.107167721419817	28.45707104248227	33.06029484604187	32.226350484297654	25.778715925745335	29.913537920057482	24.720467358568065	23.877327454436433	16.56618455277625	15.511017963407458	13.148935287321136	12.113920149948347	6.384226020314306	6.377509629596634	0.0	5.222434852777784	4.864977743126986	5.672713299302974	9.091731719127504	3.532963132293199	12.894551147210594	12.13367253903064	16.108362257310244	18.48196472181864	23.462867482623317	22.46226258052637	21.764101187775324	17.311846392813038	19.94586012101371	18.555806160504336	14.761370648866901	15.862522222504923	12.20248059898549	9.91793858258868	13.501939701880938	17.173722504036903	18.9207732273491	20.622896119877236	23.297184311209108	29.22139801866174	29.46459824165569	30.35811881118008	25.811979383021516	24.678108666906752	20.50849823101878	22.567287198293634
34.671317649691225	34.6335356186885	28.45098479042942	27.406771665256148	23.65708725671508	22.5925024157966	13.49083065709626	15.710497906979054	19.668102666186492	16.977487097193656	23.415965158407705	27.34190348273264	24.737155296953524	29.15615656286017	25.28420459314504	33.92103595052189	29.74573894997929	32.603216459564344	37.25041014983169	36.80414226670706	30.464410350154253	34.86005506457054	29.702671428083228	28.866220143777337	21.41493782345911	20.664785621835776	17.713619525196798	16.994843710018564	11.407951800336008	10.156047087891983	5.222434852777784	0.0	6.967307715323266	8.353265391500651	13.523813776438034	8.528955887988694	17.70106255983051	16.729028530901434	20.884597138766324	23.188413266713116	28.00321879510863	27.213674429246286	26.693584861037127	22.016100039257164	23.915879068005957	22.99863856788059	18.25049828007832	18.988561496647307	15.933301642360005	14.387025115188715	17.822039965689015	22.15237968807179	24.11385489658935	25.666423345799387	28.488374444111756	34.292792569317335	34.61625729158503	35.21586700421446	30.64169453905998	29.82849465090858	25.528839874125758	27.46567371490437
29.068512786897358	28.094771240543828	22.632496967739506	21.09256143386664	17.000832467747163	16.142676289086065	6.7733016146553915	9.981315945918283	14.23984613307753	10.277990092611166	16.894173925879052	20.966261348247574	17.784162862545685	22.465529330592243	19.406120826388776	27.56786456241194	23.883438051712716	27.147140582604944	31.599905163573066	31.59058803523349	25.502044675277688	29.816004693279684	24.95513555301548	23.196989633421037	16.40972325610592	16.119405976513185	13.921295271072514	14.001100353180243	8.374535680063369	10.383294801406905	4.864977743126986	6.967307715323266	0.0	7.104540315656406	10.813662280822932	4.758774616710589	13.099634054156422	11.604114093889034	15.06940337881281	17.375169186939775	22.09155168208668	22.3509837555348	22.95536077300757	18.051003283556152	22.10531797807294	21.234385260616147	16.63387583180063	19.533652808017134	16.28381068050294	12.584371437749622	16.729738238023657	18.893906093041867	20.303095999256257	21.72908297022764	23.475417117573997	29.729653081577165	29.23884856128504	29.081470053151932	24.443971886816755	24.530957382923383	19.811346208148443	21.956369910528604
30.136738486755842	30.26860409957762	24.34239508537885	21.56996848393332	20.21184593266529	16.846450294047095	9.850700975431533	9.229681674873223	12.410104895333646	12.455145881373422	18.19900424940932	20.97854479825653	20.602208359636727	24.253959480521385	23.47525861932392	30.732571586428826	26.40596702824906	30.84884045562177	35.17717041836055	34.17886444290167	27.78190221460649	31.154473296545923	26.09015855281987	24.31237129425268	18.39895927585459	14.555999584398657	16.254471893041277	10.406007507695431	9.334556650873717	5.917369352860084	5.672713299302974	8.353265391500651	7.104540315656406	0.0	6.153138745188652	5.693793871338588	10.639842674948	14.593656313846086	14.666708522395917	19.77459044280087	24.915126951337243	24.451856088387363	23.527922210868955	19.883433370376657	23.467366323494907	20.961756360845488	19.16172635274321	19.484441259894954	14.53930454566103	13.27431944804966	12.141642572047342	18.81490077683046	18.814873217392112	22.011258792685634	23.14887719012156	30.216476706238826	29.092233882182118	30.339762626368913	25.006716743802038	24.52298753648969	20.38601410281492	20.648616024369858
25.35347843936057	26.60550072076242	20.196820432061994	17.499985955995534	17.91024596819218	13.672551654432834	9.789137336437106	7.251432379923936	10.068427737177059	12.410162100103214	17.369482588935405	17.506749174421913	18.9743272923189	20.938870824464495	21.260235661670624	27.56595437275463	22.728511568631106	27.910225043844143	32.00385855481955	30.24811215399982	23.862322343016096	26.465139730698734	21.467660213220476	19.770023197688808	14.880125960327986	9.03573056026719	13.768752177543645	4.379277882367859	8.151988245857947	5.65012407871912	9.091731719127504	13.523813776438034	10.813662280822932	6.153138745188652	0.0	7.003325664839403	5.516479181047727	12.49761699750897	10.487461129824826	16.422640580723186	21.548845553948983	20.57538353814297	18.939214707839678	16.41957055601742	20.519378044039115	17.063127676352877	17.691780730573765	17.646952227032525	12.206608405260216	11.239165155145852	7.233034009668178	14.298129411460499	13.151693483588629	17.226624128619306	17.793979970631984	25.101344745638897	23.738535137348585	25.872237518145653	20.55258020278731	19.316072615084714	15.790704776567125	15.52697430184303
