0.0	5.596013257618983	7.6575275984133375	9.971091626588738	14.633735081541232	14.810163817423927	20.06122203510347	20.976269282230586	23.102998738004835	25.100049761546998	23.958117804445607	23.417380775721725	24.529190828966936	21.9285139699451	18.81648999005709	20.3052830351721	18.664434485126527	22.022404261534486	17.05101086326051	20.404418682587625	15.358592591504891	16.869264765348234	20.83770987542213	20.819550844751	23.177443442259886	18.182259796859768	20.47999860315738	15.092678200219707	16.64915082017387	14.573784210713768	10.499769345581521	12.52253615464254	16.29940141102124	20.880245075457644	22.04465273593235	27.07130964405618	28.151232729438743	29.51473122819546	33.25693057607409	30.632824049383295	32.747841245407365	28.527422256598687	28.12578546076293	31.19155822495711	28.45500061149116	24.20080999301323	26.278459830475214	27.903856888237993	23.47915236723105	20.593818871825345	25.00873643192676	25.058939517506353	19.805048066645732	19.39292978014232	24.624511507574873	24.02850460807429	19.044656644896236	21.973177031935986	17.070248117156062	15.880571925993483	10.937288960440117	10.449723420121817	5.25090438542411	7.003205783268849	6.399281085125391	7.514775443924237	10.7267645508721	14.29420616250709	11.704172504138377	16.555701907054626	17.788639211414228	22.239951408453884	22.612810954200317	20.559096104092863	18.448806173830718	14.645723902849586	12.396369991096957	9.482805426187987	7.51199059198719	12.513465761091672	11.038720135771344	16.568864883332154	18.000328691242107	13.544346313842636	15.669312582977978	11.142891890622433	15.02237973177357	12.404600808123607	13.461846368091878	17.380863779929825	18.675555701928836	17.612203041773448	19.50867278505313	23.00018366711038	23.867340848042065	23.34180383675518	19.486200550392358	21.93942077392159	17.754888631430077	19.563222727655287	17.537462724290172	15.829958303102401	15.539902353477157	16.098694773835103	12.27449300367739	10.282171388186812	11.520822839704108	5.826872951516702	8.303178666177699	12.68751994510433	14.276673127803122	11.652088938276586	13.920752248090349	17.57052429745605	17.50901934306542	17.46288866636847	20.24138911469604	22.54478901625412	22.787221835815878	23.40962861750824	25.999302526376844	27.40878857039918	28.131849347265376	31.77081666107223	26.97041186364301	27.753572296121156	26.83778871440905	28.041978084084924	32.34995174974658	2.498368979478188	33.448724478914805
5.596013257618983	0.0	5.5400654812668275	6.861517309471547	11.005984858346888	13.086656368261718	17.828676706345444	20.134469175554116	22.20735016446389	25.04561516392106	24.692283935319328	24.74938765953602	26.76320875894188	24.54592616704798	21.95647327438149	22.339515107632756	19.64930275548202	22.105317251900527	16.42473868968924	18.375360909421783	13.773337882020197	13.933931731162915	17.955638176887835	18.991136609643537	22.042665865948265	17.80141610383117	21.410440261328496	16.235516003364577	19.322085235730697	17.683519842516958	14.650686514939695	17.442006942617535	20.439892466100996	25.143677614948068	25.437733238744595	30.674963646823144	31.359320961568503	32.01882105593373	36.21585578725897	34.21255130806357	36.434610888944654	32.051626297526134	31.195277514155404	33.73910660168677	31.315265642061114	27.21658054627499	28.39394608870653	29.795163816657144	25.80708102585592	22.562739530303077	26.132878123258653	26.07580453431614	21.02594567830169	19.766646555276047	24.5649832873273	23.92280628350263	18.419687303178378	20.02667697200518	14.908018715438201	14.783491239582357	9.483609705275727	9.809075023525228	6.8477672869912745	8.331426737003484	10.871341337877936	11.289615942914963	14.034261073754584	16.971539142397408	12.852561017755718	17.890596283292673	20.52206668083464	24.88598661872282	24.765505659203846	21.83518917811847	20.299231581324236	15.97370455151589	15.27770954149895	11.277867849284892	10.82966888387793	13.904035198869899	11.448423471660934	16.901872355774938	17.2584999265744	13.351580219501825	16.87260204244718	13.86621291393196	17.087315055617847	16.091228570754197	17.1088084614629	20.002650473727755	22.014352238149918	21.886404049239644	23.087338740163496	26.208244893073065	27.82662995116525	26.700467721611655	23.437240160863855	26.622393098916564	22.84182517362698	24.314439975812544	22.097625807279254	21.1723011846776	20.21878124383094	20.86874975701135	16.71214293953538	14.774049615646932	16.969146000553085	11.412494014141949	13.393129724882382	18.24648751641466	19.56388490416178	16.359487834929805	18.80438858438156	22.850516621348294	22.177135194173882	21.721225619267138	25.078793528914183	27.403538895605582	26.94888918304973	27.594766113503812	30.735149811618342	31.839048983359	32.049362587548515	35.978335574214135	30.7781128228939	31.38434111957992	31.038723206961823	32.487883868147286	36.34411978805154	5.55433103291862	37.66805878629039
7.6575275984133375	5.5400654812668275	0.0	5.807928089043475	8.056179049290682	9.620490513820851	13.950194041609379	15.526187274671951	18.62170001104306	21.103282408032403	20.16910990845762	21.192381776337196	23.14574656189773	20.72032530008761	18.933287564337697	19.38681028060891	15.756984248996572	18.77232557397101	13.038619076764627	15.510467927240521	12.00340370889193	13.682447864323166	16.491999699644524	17.98216823197141	19.797639515677897	16.101887731419172	19.141110157700606	13.63309366785869	17.534988566061344	14.847329686848326	13.541804755469268	16.270209436257637	17.914213817560917	22.97532367959278	22.11494393657122	27.395392335180237	28.3953013931092	28.31989800137293	32.90457779695172	31.052516146540565	32.9088960402393	28.290220571217127	27.42718740007294	29.464924782843724	26.980717374166865	23.291568904044162	24.15623687602756	25.006202979025023	21.16308975322473	18.131124306312035	21.298599109570215	20.83248826132632	15.90027345432229	14.834396898821106	19.384340862370433	18.42270261355956	12.958177928587176	14.786683376830405	9.71733101816976	9.899593928283533	4.262423992557949	7.141803115764184	4.940182452039512	9.508080272632805	12.127477820331594	14.550034013015086	16.552633316753294	18.659509517341583	14.11394400521253	18.367533747315118	20.29000868039818	25.129714223118427	23.8841803306715	21.43933933942856	18.960611678267433	15.073697365793377	14.961534656257351	9.681627434299392	8.507019450409937	9.904027097259188	6.290284068172307	11.523232855718952	11.788903526528808	8.198959763515724	11.903615024384202	10.010838713179195	12.654555193570323	13.091654103108349	13.832819735553903	15.597296144664083	18.226380331375292	18.959640451499716	19.453018037619604	22.041156038589286	24.32596927370477	22.759014710670193	20.31885892705111	24.360388813475222	21.243389500396972	22.788138071220857	21.29047764093513	21.145570326373615	21.07645569726364	22.86707549755148	18.943153471285306	15.82312171979987	17.968303079557035	12.631431346292398	12.456130469945231	18.25945204237328	19.445633442816856	14.962477905053516	16.940410823518015	21.719743555608062	20.49378049239226	18.946337461318443	22.841660361070158	25.47013829009964	24.124154517760438	24.388188916951	28.21244015756983	29.165043879287058	28.610740679963378	32.63255812222137	27.064715257281325	27.495470248543096	27.839747171918088	29.453562528224698	32.71132077408924	8.87936233590455	34.27271989627578
9.971091626588738	6.861517309471547	5.807928089043475	0.0	5.4653921784191475	6.6918062024757905	11.428741329995166	14.379011969321887	15.721360540583655	19.026665032440246	19.649902222005906	19.720203150441776	22.63922307987455	21.24329746834163	19.19377895972375	18.073031672936764	14.773317586153059	16.113152929358858	10.283057242081055	11.538755583410577	7.2434744139768865	7.946620410399126	11.347324715312011	12.665213048911946	15.442843387159652	11.864861710131455	16.145819432103394	11.57963066033767	16.084300543165554	15.331265855301615	14.09930246108063	17.91976764569893	19.42593428684393	23.74024501675898	22.975549687135615	28.229604648607474	28.077493982152514	28.03172444736799	32.52178609741583	31.47968926024587	34.12749743907072	29.924168034715123	28.15270648488992	30.233355000729397	28.690222250714335	24.512821008460843	24.456540387287546	26.234176407250654	23.15895290745047	19.097527494548928	21.77752098526413	22.549046080663306	18.024854786439892	15.25068734081361	19.785726247726938	20.272757787046434	14.61128314103406	16.3452943154632	11.532717218980318	9.751549964891803	6.3651429091671	4.749583705054486	7.009752172185622	7.557987355299395	12.405984523209916	14.55199529117857	15.252773085438832	16.249016850276654	10.765222190427256	14.675529950005847	17.916197191853623	22.310335172221944	20.970933675314683	17.67472409585414	16.232039878033593	11.971563026821887	13.28072591386631	8.514722696125583	10.610885823810559	10.599123946035354	9.877761619701422	13.998750307779684	15.164196371093123	12.898735635886123	16.1730008083288	13.969431225742383	14.737995616941513	15.399436330681452	17.760460034578745	19.034062372644765	20.512464451203734	22.01057189491825	23.418106587380965	25.23729002393545	27.2336509961911	24.981155357021986	22.229773208671013	26.20554028679522	23.605271782696175	23.833803475639034	21.450782503816303	22.459400248911418	20.845503060699723	22.944789044610257	18.72386258586344	15.664371404850627	19.440736090160684	14.98546896886552	15.743026564698038	20.801469122044075	23.124344754942324	19.16264250770288	20.08614154504982	25.044980857657205	24.855725887487903	22.939164305441967	26.083303584240493	29.433038666841323	28.508183517626755	27.929065157855188	31.654619826277568	33.34882762616225	32.66585195494872	36.11467351893268	30.4635260053601	30.13622291380573	30.068941425466317	32.46532305941314	35.58398931528639	11.319639268503508	37.04621093780388
14.633735081541232	11.005984858346888	8.056179049290682	5.4653921784191475	0.0	5.57912282395427	7.728132333840223	11.834030141787748	13.87489995740399	17.539890660766513	18.45578643302777	19.85195507476273	23.220423510166924	22.044478244396792	21.07236486109083	19.399956148811025	14.890466210098658	15.598322884500702	9.843882193151455	9.357899385046283	8.143290622748298	8.676834331859508	9.762034404699117	12.847497261534711	14.7279310160792	13.050445216400695	17.37824684113544	13.444152540226716	18.881754829029088	17.705856835986257	18.005541309684908	21.655001313722554	22.069013016994948	26.46050661159786	24.50738151085985	29.64924533088149	29.51716016090537	28.446665925316825	33.37501871843134	32.85937720019942	35.20281851310105	30.863461473801483	28.88970929649625	30.139621557148278	28.83589730855451	25.28319738679865	24.35433418699673	25.444357523270583	23.02675038382911	19.17107960914586	20.566899837130894	20.940856169526484	17.162223459830905	13.920561086527778	17.287042035347547	17.612969866033268	12.064312101742322	12.238206041400835	8.032549288189475	7.6892400002870325	6.428925547511821	7.549531581970558	10.962162827486384	12.778458122292886	17.435957221621653	19.945167915316986	20.574589103661058	21.117570914130496	15.477995947162087	18.480279570217796	21.628415787447985	26.010601540980268	23.717689128503746	20.510731363126308	18.868364503930557	15.200397636401005	17.413177832588627	12.274011603088876	14.001062475522625	11.98504252747352	10.480997548899927	12.84380545397714	12.914707788101648	12.338398486639273	15.958406611557125	15.711431070863567	15.517677156984098	17.881920548847138	19.73936102533642	19.675179061299318	21.842844714520346	24.20913198112751	24.71393341953863	25.89415779087748	28.667673511481713	25.915100835262173	24.214206128019228	28.88779406615464	26.869544456776172	27.130851481184198	25.24533492197203	26.749644484785055	25.573168584793294	28.09301034881859	23.96832898955083	20.576860666986825	24.190215317903643	19.634225184060003	19.45973158275446	24.992572367349503	26.925740835143504	22.282598129009994	23.18164755612318	28.441045779414658	27.601709678908904	25.0822985582129	28.720439047202014	32.062956661197674	30.300086778064607	29.599047885131196	33.89886321229371	35.236626718665505	33.84381698861408	37.45430694112919	31.517346141869925	31.012870186037876	31.755680479979493	34.26425330261967	36.660692250652296	15.89404851089725	38.38086488017194
14.810163817423927	13.086656368261718	9.620490513820851	6.6918062024757905	5.57912282395427	0.0	5.4940845516555115	7.884592598532682	9.282236496096868	12.584632162759243	13.62989741802166	14.351400285230708	17.864455878180944	17.10907484250137	16.175125833636606	13.93623884935844	9.559911902290816	10.22875493781906	4.317829046317778	6.070999565210591	4.582985877378654	8.357194547383017	8.700586935753458	10.100817918873583	10.556370894046813	8.394509918964577	11.977329190862246	8.244278804358578	13.94544227223128	13.271693124507667	14.63022721618048	18.465054894770137	18.052884150676302	21.904577045668237	19.71528787853709	24.7265820900199	24.167265273057016	23.129400832435135	27.96779320463319	27.719658397984585	30.38586035592584	26.33716469418238	23.92349609088913	25.316385772259693	24.49631124698968	20.635705848530208	19.388624821505207	21.175389234999376	19.10364761901476	14.65338128983084	16.17360711105905	17.593247007879167	13.942120340314844	9.848480283249842	13.865641214316959	15.489855512550665	10.309539308255482	12.736332308292964	9.261973487296613	4.794464050460373	6.522720346912489	4.704771719891531	10.059415832663342	11.259757727049456	15.622216676795881	19.15776413981264	18.741120032427897	18.314796742505028	13.004682767370173	14.842745797884298	17.267768683040096	21.689175806797664	18.77169264451293	16.0583993316451	13.878151909881375	10.834516995934841	13.630043984629538	8.878159295753266	11.691525382164441	8.050765056428654	9.373754273557937	10.66901986105079	12.898083661012011	12.6998033504101	14.811434967860489	13.897962809893494	11.995576992941901	14.630439613265132	17.590489180569985	16.986795187376824	18.021460515082886	21.04814821268152	22.257722309981872	22.677423930447215	25.093949438433132	21.88621794915818	20.13034571027721	24.841640093266435	23.562245307572976	22.99923732278376	21.149094524081104	23.65847825229057	22.3836009061315	25.738544650468672	21.936505655261588	17.993735723646733	22.049283038622303	18.6039943088784	17.814562227167233	22.841218130307976	25.51051680977165	20.94139763412199	20.584889123657963	26.044887456752928	25.984501232811162	22.785433170536525	25.737148398305667	29.745243036158573	28.21913152432894	26.588074584667336	30.82807257244811	32.83511497359413	31.238867623405323	34.20618417381959	28.297927077876995	27.173756813493863	27.62592485768916	30.696749418502034	32.89641423989711	16.737324181586263	34.5149512950838
20.06122203510347	17.828676706345444	13.950194041609379	11.428741329995166	7.728132333840223	5.4940845516555115	0.0	5.655655812966035	7.105684734156318	10.835170667635566	12.810599926301814	14.88426670936375	18.887896215088496	18.763094138346982	19.03236743888174	16.059089573171455	11.058598173540815	10.119224724555476	6.422685078141104	4.473658057297616	8.24926128348137	10.825022992619509	8.409428381851521	11.09909339378164	9.97129113909885	10.840839212792723	13.892929138789071	11.913484855815609	17.627711087181936	17.012187374519105	19.4999817043292	23.10227966819329	21.762113084176217	25.278124372206065	22.039897564626603	26.61276031343133	25.806104437785486	23.659921420833644	28.757590989856308	29.31790563928452	31.769301251325103	27.85464931366176	25.073308033866823	25.478226294978008	25.272021824999246	22.170411953394726	19.726086161877728	20.92749148146949	20.023179477984456	15.892346793182327	15.503954958904222	16.90607098458613	14.693910671346448	9.988060821805957	11.80574064554339	14.012116497947787	9.859782983952877	10.683678264708353	9.3257566903027	6.155750689992484	10.32611839153198	10.178748916469289	15.24732093277195	16.714225590528905	21.062047910762967	24.64552937412147	24.092238194504187	23.244388338749467	17.983815829712988	18.970236316352985	21.3221131970593	25.37643339434363	21.660163448160954	19.14409575178238	17.16412083424028	15.056663755668648	18.451272489570133	14.082343978628279	16.591296220979928	11.923549451668435	12.861313973424242	11.95240457750126	13.348443265564734	15.030851204867517	16.91951876015452	17.631968872686436	14.755131905294801	18.633939197702624	21.21081497161988	19.355392828783373	20.64771820525019	24.46946763327455	25.00673319021827	24.567309429189407	27.54224247840322	23.808612673310463	23.147979354673538	28.261775684416996	27.682991977348898	26.92397717507256	25.459465015647087	28.47648590009176	27.366251913878493	31.010999992478126	27.308556570521453	23.268097078767457	27.283167277718412	23.903081855781558	22.648417636996374	27.78163140295049	30.256166663211317	25.348389326964334	24.82670030428896	30.37834846598293	29.97186210626759	26.278690254501914	29.388426720521128	33.437253703042394	31.296506554949406	29.375009228939284	33.995836434822515	35.817786036315134	33.54813032099304	36.410993373339046	30.379950404233274	28.89081956753547	30.03265070085529	33.31906814718358	34.687302168857144	21.88857198615627	36.492427040155654
20.976269282230586	20.134469175554116	15.526187274671951	14.379011969321887	11.834030141787748	7.884592598532682	5.655655812966035	0.0	5.87317974268578	7.08546991299267	7.364850699205995	10.715804331395558	14.167239187225482	13.96830057378524	15.215095568229628	12.61342117563902	7.190120799555513	7.679722951252978	6.276366546817871	8.001270202960706	10.928827716549236	15.055205113648856	13.013079343983513	14.153065312061495	11.164695813915598	11.69142105322404	12.262944900441344	10.512631282052464	15.514108334420028	14.123173354163676	18.03871908181941	20.994032483949525	18.46861447282637	21.638095571246254	17.554018127846682	21.781189090498366	21.302411591763345	18.624387906578686	23.90078440978935	24.44469648316799	26.564406264963633	22.691816627607118	19.890865249891203	19.94912992458039	19.85102457133289	17.124933928092524	14.343700731066571	15.314144431796047	14.862594801949136	10.912437995032912	9.860783147669821	11.673683481663046	10.174872063060882	5.107945561182398	6.585899609820329	9.92656170559299	7.214018241018498	10.322798351817152	10.198124896338621	5.701552235299916	11.345023033218157	11.389717089321351	15.748950327187359	17.931095308804508	21.1470268397618	25.504161721592414	24.71369225710326	23.638898656542576	19.180870657482703	19.504483591895397	20.334665583357264	24.52101803385904	20.231187879339853	18.9569301044385	15.864993657199692	14.928693465361892	17.8380840060095	13.907807436013929	15.653328167221915	9.944036289291597	12.055763443769138	9.101484104883435	11.949601135709889	14.29957090389243	14.522505941370053	15.665489432941792	11.348968726664202	16.01451656155494	18.58471329006048	15.674078498042999	16.4723211480935	20.954597900526206	21.356206251704442	20.027833709376917	23.065133974250536	18.989035340341513	19.108221224938237	24.435474147243205	24.67243250403898	23.771032463524662	23.081023678475912	26.52576344184948	26.227672706492235	30.43515765721032	27.237816160549237	22.805358390277288	26.307130999002567	23.674661703662657	21.393303398532243	26.17315345651575	28.63532613301156	23.633023505497263	22.288085725947507	27.791681914040335	27.491612766535933	23.162084054562005	25.94574679163166	30.209205334940503	27.836794757651948	25.28742103070845	30.02221630902427	32.00105544478018	29.301581901406806	31.751109198356325	25.776515126639154	23.903088900607738	25.346955580023007	28.82577880760457	29.673407063267582	23.123668077706537	31.520207582113365
23.102998738004835	22.20735016446389	18.62170001104306	15.721360540583655	13.87489995740399	9.282236496096868	7.105684734156318	5.87317974268578	0.0	4.592892768791769	8.979227633686977	9.42444571256106	14.08709755996146	15.476076259652924	16.14280293459329	11.726383917270297	8.187771847256581	4.168819818860683	6.055920057836806	5.774502040517536	9.75225928265073	13.470859564872878	10.511923153892145	10.355116025790595	5.918324431839901	8.51920591769853	9.111682141829595	10.133147684960388	14.707133037717764	15.575582893525981	19.17952927503697	22.663591596072056	20.31473429797009	22.42537702671647	18.91709338822666	22.739814049814353	20.789461225423906	18.421655178697776	23.18042469737354	24.718996220109275	27.77503968803353	24.674650794740895	20.98462966425621	21.31508703742786	22.406747749361962	19.140203497772887	15.629904862733392	18.10548274860076	18.436756914337295	13.811158288205643	12.704919410277816	16.147841966424235	15.030575833844308	9.762659629083696	11.046076127270204	15.4447827376823	13.023290809541201	15.699534234947564	15.126163825050675	10.030743050542364	14.925427531003221	12.770349947305958	18.123197019463095	18.39779120903606	22.11415386711606	26.206920134889316	24.466643199169262	22.35280884832712	18.109045565031963	17.108459361362804	18.455329968383797	21.794991312257604	17.146802014325207	15.54624853374588	13.563874417849743	13.356459813299848	17.332148023560798	14.76857912897033	18.130998917364327	12.746580315181967	16.291994258332174	14.426519499534502	17.620829351924463	19.339625156896755	19.710820510611963	19.654127206282507	15.14299605122814	18.802923232622128	22.444154948409132	20.07817038448881	19.578440706276037	24.07717260727967	25.515309567531368	23.95718342434273	26.23246681213403	21.93573185958105	21.40373367175136	26.155146070392686	26.76052154940855	24.693237969478254	23.25731669537348	27.583870610035024	26.120281214957302	30.5272711008284	27.392326444537595	23.184030116679857	27.580934639251883	25.675609641894997	24.125018830711213	28.218856627664362	31.483305627083556	27.034867146283204	25.117544535410453	30.516498488095205	31.143142581137745	26.899343473927956	28.874079062638668	33.607247402981336	31.904110941376203	28.827280226832325	33.126140413791894	35.810223144620466	33.34099401723118	35.14567860309531	29.41437167778938	26.959892828117496	27.63001600168506	31.712250521074733	32.623305663292726	25.294425359858902	34.214081950138215
25.100049761546998	25.04561516392106	21.103282408032403	19.026665032440246	17.539890660766513	12.584632162759243	10.835170667635566	7.08546991299267	4.592892768791769	0.0	5.630617062745421	6.307870260433544	10.62463800742569	12.645683030687074	14.291738645485292	9.962872744088601	7.316177170019219	4.1997142040758195	8.799548724084472	10.293499779921813	13.39768623078885	17.65470150911434	15.039626323606425	14.26515602733699	9.28136296200084	11.226705725584427	9.230958085919772	11.06575943789744	14.340107076547868	14.916338074756577	19.51532459709222	22.370731915087973	19.056137066022316	20.46006956666773	16.268960666292173	19.407586512724514	17.366585309399635	14.324013208752318	19.14284078608476	21.06406520165482	23.97712365202379	21.22039339273502	17.25169641317903	17.148766250428533	18.845657249610994	16.004632151441292	11.772735802141735	14.475926660843543	15.729309445682578	11.480684199190156	9.4376743618096	13.762104720177684	13.733461639330246	9.101844303983025	9.36705735430892	14.49470130813912	13.600847864110852	17.096889481393628	17.239882024761865	12.06087659307778	17.232779451646056	15.344647100209482	20.025799057053533	20.686163032150244	23.514067847268308	28.03444272479605	26.098471528621893	23.778562169368332	20.3302769554581	18.76169863035872	18.755919728544626	21.92092078404803	16.79439799108901	16.506042071923755	13.783963889998114	14.825792297519856	18.248004998218775	16.33643275700699	19.088153905806642	13.430029195040301	17.56727005988561	14.663718356656835	18.4657753171316	20.50288013026552	19.781422447510174	19.931820515531847	14.599586654028693	18.44265178099295	22.047728633239295	18.998057961212886	17.773386622916547	22.709825819983795	24.144284777854807	21.745250498244435	23.840827574118535	19.266365254871264	19.440382762061063	24.117551798333217	25.585181414642893	23.204916045454976	22.423116303003617	27.179292552001876	26.29404194805466	31.103811838590502	28.452508767543595	24.074036985440724	28.032312040126858	26.819359363778883	24.61208443395431	28.22822058937358	31.4981719651271	27.141519613434706	24.5404947160488	29.728544997261057	30.549281188064974	25.892626786363262	27.384805855784673	32.27757699534911	30.49391617483539	26.82858175879969	31.06186580928764	33.953316208186905	31.153562878794947	32.4015597759521	26.894261565591616	23.959597566669682	24.767376044600365	29.110040614627312	29.451065705056966	27.449175403499815	31.011002098384335
23.958117804445607	24.692283935319328	20.16910990845762	19.649902222005906	18.45578643302777	13.62989741802166	12.810599926301814	7.364850699205995	8.979227633686977	5.630617062745421	0.0	5.916788531035182	7.865458900465089	8.464990204364643	11.34169988652369	9.111814812984276	5.934782704117552	7.715944473323695	10.378506080467247	13.713772967206875	15.636874815935682	20.484401593789727	18.744382993015204	18.27561019596017	14.034959250655099	14.19519302111882	11.458114779883212	11.316439547033173	13.857331101540085	12.434120065930093	17.811453409985987	19.763273700488597	15.685751068048322	17.437091489509307	12.359449808582823	15.536418802145134	14.964934693427194	11.512208334822414	16.877290609817464	17.756608232200513	19.801478810246678	16.462566331560797	13.110363963523033	12.804140518868376	13.636260096000013	11.24350462595879	7.278364712208819	9.135996023117354	10.189154026447996	6.529324512186088	3.9204946172564825	8.536301312172956	8.963124403897403	5.857152628867285	6.013412297791255	10.68766978367024	11.021597791600568	15.581183043425753	16.041364164119933	11.343430585258321	16.243158377797542	15.504380317133807	18.876798410634297	20.818183735481487	22.590061017110326	27.498452326059375	26.082185499116672	24.42021870269818	21.390147122955543	20.493021183958923	19.355035135918254	23.104017039770895	18.278612905322145	18.830496306927717	14.919492411083754	15.953549576361237	18.136259724350257	15.88217179091226	17.107721331383097	11.465435942889581	15.281607597111327	11.360473805297595	15.603619780553268	17.745733467142898	15.903158942803502	16.58888661384816	10.847960577348731	15.18715510723925	18.081409077609162	14.290689959801263	13.135243302242865	18.35429940568589	19.22744088332786	16.379977265534343	18.779095243088147	14.141784011740317	15.22709626524093	20.27089616085566	22.0133724661727	20.326578462518107	20.56220287815497	24.839276841904297	25.21194292111376	30.062126881782728	27.725236384801846	23.154536228039483	26.118233088633325	24.99568291824129	21.90069237184575	25.48667380750192	28.226413057508367	23.70490628043356	20.9327678652064	25.967835016042972	26.389947164671494	21.430336428895803	23.03360871554074	27.732256598470514	25.555442264018854	21.79304043042821	26.2442651211181	28.862789790818955	25.77906710353887	27.097266806325766	21.52960364930967	18.67738522227174	20.054169756086694	24.141283290764125	24.231003934827562	26.358372242037	25.94542802546808
23.417380775721725	24.74938765953602	21.192381776337196	19.720203150441776	19.85195507476273	14.351400285230708	14.88426670936375	10.715804331395558	9.42444571256106	6.307870260433544	5.916788531035182	0.0	4.870880758388017	7.620473828308282	8.811245149101643	4.4363937535549205	5.544705462980141	5.827606851708035	10.239542557562164	14.009567859044619	14.661652580198218	19.534117772214906	18.336916239266284	16.371245922115623	12.185531375020153	11.521965100944051	6.922435357241703	8.962939524905279	9.720498508443155	10.65161171624262	15.636916365464309	17.86398311230641	14.082069040424658	14.512036303220832	10.682721939167111	13.700555729991207	11.375059232388889	9.459797865790055	14.085490539014534	15.364182619502174	18.820993542249987	16.331741880441577	12.173269889362604	13.43997852419676	15.0543985759024	11.22989844106855	7.881296176596067	12.345210421912759	12.895653325904664	8.429801546316133	8.766160169621571	13.654318997237699	12.915158316908819	9.736392588929817	11.818364781068656	16.22707841646474	15.364749032344196	20.240254111374487	19.523206151723002	13.819135285360282	17.849671531932092	15.231034989117763	18.75469729564531	19.085524813828577	20.578060542832954	25.352219142219827	23.04738157865033	20.545951876717655	18.41346804068459	16.34238882423702	14.578695265097032	17.72291148712862	12.66360927927677	13.89634062831758	10.121765331581432	12.47061204408852	14.770287366085732	14.316837833236328	16.682970187353735	11.846112977680663	17.15347784394461	14.878031242553504	19.695599528899354	20.652583468094832	19.00052574391091	17.840751838222626	12.370034596245702	14.884589463570794	19.046137302363096	16.524198603490312	13.695789467671334	18.383537638067402	20.819150305050318	18.329822834532784	19.35627170409625	14.950000749851657	14.421493707343373	18.477492680515702	20.473811779415456	17.450195795547426	16.93576923623495	22.119546539646752	21.544913899119532	26.65356638771821	24.637560258679375	20.29347858526232	23.83882310820735	23.795913211890284	21.359982252435383	23.917057041244103	27.54587808042056	23.852319453745014	20.363285613390712	25.116402594404033	26.761490016133976	22.135901430143935	22.625760759473025	27.817514311943007	26.74031349040327	22.557550793130293	26.212691936300335	29.735371306142603	27.353006209264457	27.986191037519127	22.869548221705553	19.670096072565496	19.54253794616002	24.186110688508048	24.94818644761093	25.899273914926628	26.205742802786553
24.529190828966936	26.76320875894188	23.14574656189773	22.63922307987455	23.220423510166924	17.864455878180944	18.887896215088496	14.167239187225482	14.08709755996146	10.62463800742569	7.865458900465089	4.870880758388017	0.0	4.3862138799711765	6.766083931229045	5.627031293289509	8.341384919703248	10.6168833809603	14.13254279897984	18.514700910926347	18.534262182369957	23.574355010169924	22.86541015208308	20.8472760106279	16.974046902854493	15.602602514317088	10.620845497735871	11.669960059477269	10.464354782396477	10.249269793157882	15.600326253439619	16.619383894739887	11.932529298615895	11.309615075025397	6.786470571465013	8.914036018663019	7.1893982182654925	5.407502786312044	10.174517233533596	10.647529478776356	13.969659771638087	11.6703707125781	7.380590795134396	9.42372876849504	11.01848006854693	7.106206544847331	4.5759097900360475	9.839592855856752	10.383959919578851	7.282565656998949	8.578538286338741	13.059882672376238	12.751992255886941	11.55007026820752	13.41907889128488	17.034462328331525	17.109199638309207	22.45855218768984	21.882352483297716	16.602113662230238	20.05910661928849	17.9290444303172	20.22504585916751	21.044992541253905	21.298018229385328	26.235960114847447	24.05052891558553	21.819851589253773	20.666539925237053	18.700085789158862	15.547890943982878	18.54562055202745	13.998045990702252	16.451180704071625	12.195842355735081	14.984729984454336	15.931619832678322	16.110803629926988	17.290249745700265	13.260722289061118	18.398383784620766	15.892431562642585	20.906707263391873	21.612442863241384	18.973973298347275	17.66434317960987	12.28300644856928	14.059777620142357	17.812218285906138	15.128423655943834	11.201025761776592	15.785497401644086	18.405573496716965	15.311756665601532	15.617880823656956	11.282246123664402	11.264139926915714	14.85022311684945	17.811642211730994	14.678690404821662	15.295949591687158	20.434389280311464	20.899793718478684	26.118475228575885	24.773110128964273	20.515507928798634	23.083427568639365	23.841897575741775	20.796892970544224	22.536228875446366	25.969173928671108	22.674126970761368	18.527923063280205	22.692025189954368	24.60831572664115	19.824933476474484	19.533927803907154	24.758981970418535	23.847181786731674	19.123361515649254	22.43249490788712	26.232379097981287	23.798882254945898	23.786660915306193	19.095824730117734	15.515602553182832	15.120753744157685	19.977667422610622	20.48846119578614	27.020344582455206	21.60782191842423
21.9285139699451	24.54592616704798	20.72032530008761	21.24329746834163	22.044478244396792	17.10907484250137	18.763094138346982	13.96830057378524	15.476076259652924	12.645683030687074	8.464990204364643	7.620473828308282	4.3862138799711765	0.0	4.547949231078395	6.886282205898769	8.07148963592877	12.372734081407067	14.118543710521212	19.13459883799747	18.502280323451174	23.65726904557768	23.524724468560446	22.009907174491218	18.805129030704858	16.576444012629715	12.466583217120858	11.346372999794617	10.344799765532132	7.749000842175742	13.32495999197313	13.695047979514149	8.618284722541112	9.374776305651606	3.9004909724128867	7.9013804281203806	8.942945155503972	8.056107772272005	12.57884766234622	11.0731081254359	13.28404112204931	9.616579280691697	6.924764527619644	9.561275212281242	8.851894843820157	4.016561480711355	4.860002392567378	8.483129902424585	6.909264924393077	4.203305286984824	7.903102310437237	10.93680744874228	9.684235623735615	10.033798937056117	12.685300127964968	15.041329403815022	15.022498545275388	20.677660700052908	19.847074225993236	15.141121526053706	17.86456276693045	16.56103529784981	17.784712415472605	19.579316915220673	19.210882813827045	24.273254341597443	22.76087669320421	21.383182250521372	20.14766628998411	19.225113921495215	16.005414789847887	19.756789285061803	15.948508715856192	18.021587945289568	13.268873809560686	15.082504242144848	15.093214669452841	14.559054746097521	14.457310927346894	10.955786296985895	15.49205364939135	13.085319366915355	18.10307621204801	18.399956875921593	15.289714807632238	13.944457534811907	8.824715115403805	10.473785074710907	13.677387851383513	10.922936766672372	6.839611654023252	11.636166256900355	14.025445576779283	11.17899774887046	11.74756703047919	7.406597529253952	7.4258339571673355	11.94412649032084	14.476864994851445	12.485704809876218	13.822942216176726	18.016708832289734	19.51514245995931	24.477758949456526	23.109594454521435	18.75497694125405	20.524197454547444	20.95974758149126	17.366085751864045	19.358664438859456	22.293413879149313	18.765208116187694	14.719684912626121	18.992732094070185	20.454567744882837	15.545722371867436	15.665626027706784	20.757658374372877	19.57798143508228	15.060778232704115	18.74835040569458	22.234041921567336	19.846750673092757	20.4310096772257	15.330133839446916	12.27932188076714	12.216995086159669	16.646930101946037	17.673745489593117	24.369620609549507	18.994348344115267
18.81648999005709	21.95647327438149	18.933287564337697	19.19377895972375	21.07236486109083	16.175125833636606	19.03236743888174	15.215095568229628	16.14280293459329	14.291738645485292	11.34169988652369	8.811245149101643	6.766083931229045	4.547949231078395	0.0	5.591079720499401	8.303098572278305	12.619366855098088	13.43900043313717	18.79035491880713	16.823932980251456	21.79773618781663	22.51330275205525	20.510222235964942	18.235804503750995	14.812508817204494	10.954033920736348	9.148291815826328	6.561680663324439	4.296773021580225	9.276195860774582	9.853916734240347	5.427379961948325	6.45626568010463	4.235752882088336	9.179415560926362	9.591343893646037	10.951847059873073	14.478034597839292	12.366967573826567	15.349218314811159	12.011948374648101	9.91383992328821	13.575848654095946	12.55302167707586	7.269628342414216	9.223235886254963	12.955490546693861	10.373423916564239	7.087489702768543	11.767253246802838	14.538786540435648	11.832211037572135	11.651266147373082	15.649453799308981	17.783955491130207	16.374707405891893	22.0934526245782	20.20149406228061	15.196505620207912	16.776509357129132	14.531183460233887	15.205195627856261	16.167926300100397	15.262186949975755	20.226594700140264	18.46657959261591	17.100406621449665	16.45907929410133	15.629923316273228	12.00742733399065	16.017774092545512	12.989306233203868	15.011803101095037	10.19282934200345	11.856555822410943	10.996601582165814	11.476739127194897	11.661246147309425	9.525702393525597	14.599579136373901	13.922173342392725	19.018797334394325	18.188930119758663	15.669080066217662	12.643157402858856	8.643324047628452	8.05710905076037	12.410280097194407	11.534821039967143	7.089384914652991	10.398716645623596	14.196273051506886	12.883771827350472	12.520272017460995	9.388581618598337	6.344663569986634	10.100018854637314	11.673190670095114	9.049945493778468	9.512290501388426	13.975814554209421	14.998946579333001	20.005481060574503	18.670160401258336	14.394975581893808	16.41308848884701	17.361709004483256	14.335251280787967	15.78946219445566	19.393238789759444	16.427183700557464	12.157482459922496	16.47512155889358	18.75983784403833	14.50581241586757	14.184862454708993	19.50822654817218	19.310153818107942	15.241834978476223	18.286752670759768	22.166499436104402	20.771526840846967	21.541050725283306	16.692969768760484	14.336664194448202	12.889298086498483	17.06331853726999	19.4084734779403	21.251888109608558	20.391614937458044
20.3052830351721	22.339515107632756	19.38681028060891	18.073031672936764	19.399956148811025	13.93623884935844	16.059089573171455	12.61342117563902	11.726383917270297	9.962872744088601	9.111814812984276	4.4363937535549205	5.627031293289509	6.886282205898769	5.591079720499401	0.0	5.675245383300541	7.741809032268215	10.218311224831336	14.899364085509715	13.740321786067023	18.659834848743305	18.607597311617265	16.160703821609413	13.217300778351614	10.586403898547914	5.786984043912473	6.571368366385901	5.418877823276861	7.155585249566195	11.646499893359971	13.900868952284052	10.65105327932229	11.082242745771268	8.721893282788765	12.548264933801688	10.496183905810836	10.7347048618673	14.654499473340122	14.660946409028261	18.467791003370593	15.812490964653241	12.2443302902293	14.919424064691547	15.555860836243035	10.721458413728213	9.578708820977033	14.203105209049818	13.224409641480582	8.574680707350094	11.300387032989757	15.43449302810675	13.335943442502492	10.830891645278532	14.45705892055031	17.988640228264835	16.208517824734553	21.485327974039905	19.77970105885749	13.960243304733263	16.705106875929328	13.416548679925553	16.128376480051504	15.944513526434072	16.746164220118622	21.50065128210315	19.04718104763028	16.61634447244247	15.137596702815538	13.172358656769337	10.640526074902889	14.251281943713005	9.815224190467836	11.34425013517837	6.814061089240728	9.371146893960361	10.772425861177025	11.276701658533419	13.669152850651775	9.990287560576	15.771376621887256	14.814194883942152	19.8773694815504	19.74580496253439	18.15067111935936	15.69107500254045	10.961233768721964	11.912752156958577	16.649625355123096	15.294808886063224	11.875490064454207	15.751678039190129	19.0692487251148	17.421554882167523	17.733383867562274	13.939898346710377	11.876066805986989	15.434861214134488	16.914546822612873	13.630401474553077	12.627757733813572	17.871180090137873	17.111102786826827	22.238423421456403	20.357360400802627	16.077960941324914	19.627254478287615	20.07344462775336	17.931341248447673	19.964937748482974	23.93859037072131	20.73211239839472	17.04298573507698	21.65026492253123	23.83859152758059	19.63496421464701	19.732251922364927	25.021089699890954	24.619854493347862	20.630436802529015	23.845541403479565	27.654790334058692	25.95756703391926	26.673903560532928	21.701301090666938	18.90663842072938	17.868919692319352	22.36433639096473	24.08789890644416	22.789921172293422	25.128031893519413
