0.0	5.498058731650798	6.510047647686916	11.140224235375452	12.930313069001606	15.33520482192347	17.434808189900796	19.15627037546633	14.87675514803546	20.10020847959649	17.439138377940488	13.093768739061035	14.16049482786488	17.63855184743002	18.368155767715752	16.342035050821483	13.984801833863465	11.316932231089815	10.070145034405135	6.758678524212335	6.697242399816688	8.086790211271301	5.159787404715421	8.725700746055097	9.319488992582109	5.49121148058484	8.543792416933387	12.488124581949076	12.801415070901589	9.865755369694192	10.011831666291094	14.154641260195719	16.087943862646885	15.025235014875095	13.964322377899084	9.934890190710295	10.99521415508141	7.057001904036965	7.8056163213800245	10.010485107465913	14.152377839743508	14.901293859608318	12.009095965680293	14.213495884599327	18.296595405253814	17.67632355558668	16.149926873791156	19.841315152414214	22.450710656662245	21.34592991385978	21.857637248415624	2.476089856999312	23.95432421153709
5.498058731650798	0.0	5.862321798359701	8.149939371440263	10.952955764641313	14.065645076342408	16.66993222696851	17.83866974205497	14.939945257173637	19.97648875887888	17.357152443512422	13.348149856211302	12.677248848172086	15.056308855859388	15.942877507060617	12.79238100768127	10.494151921611598	6.465096228673816	6.883450911381741	5.297799553770569	7.995480544307483	11.578801574104583	10.473705893392328	13.616622768385575	12.653955418966326	9.053917459809826	13.331840682079847	16.881411761455016	15.791977400270317	11.625128068954062	12.74130212922063	17.39797442383492	18.01949781155021	16.00042438384288	14.56897683618252	9.814022192399548	10.421257166321414	7.650479176074567	3.933863193245159	8.602619761443346	11.21461874950188	13.35917244841937	10.241300044777272	10.326766261638545	15.195867594484268	15.659896285079988	13.258625784274892	15.932307846443068	19.5365296562678	19.06783331380217	18.426805051306882	5.884059028962833	20.756302564397394
6.510047647686916	5.862321798359701	0.0	5.508724918475133	6.621308132643835	9.103972139163377	11.309372163469364	13.293918899482746	9.975068650111513	15.67581231424301	14.024739032739042	9.543725753076084	9.25190875366245	12.005163505843333	11.939515680057836	10.251532532480566	8.736908899466938	7.315567426552859	6.998186308727203	7.910679397823005	5.727935019588064	10.229413658782715	9.983581876851465	11.276005239944896	9.299844695044364	5.505461063747949	10.332123965169906	12.934807152035498	10.828544104906301	6.071583772100424	8.073112913674844	12.345152400408299	12.261815749443985	10.391562419113422	8.736595002761623	4.021428349472408	6.515151588730411	6.213092343450801	5.4940129242339975	9.90833974290828	13.798296243933043	13.93215686919409	9.241952726737322	11.116899183999509	15.640526421550698	14.25728202409186	11.301995829075334	15.462105277402987	18.304388064738195	16.33273602492735	16.258120197107935	7.278914739537914	18.30726488379164
11.140224235375452	8.149939371440263	5.508724918475133	0.0	5.924339209885785	6.746621166330874	10.491234653378827	12.883946076677493	11.898499958486594	17.286223242308267	16.541132508452122	12.702951191539707	10.519086163080809	11.055730223283666	9.383675089829106	6.503729107834875	7.559007726575127	5.336106748604832	8.679012963874385	11.539637196695098	10.756949650388917	15.62862376859656	15.280850545637866	16.63627873678638	14.466975707452473	10.727494899175694	15.006123303143612	17.560151814782294	14.873688389448294	9.74721822851379	11.053711895213155	15.403496799960264	14.232872524317386	10.847060420469155	10.075848170055574	5.899993893522892	5.347796341799856	7.742619254505455	5.1528300495434545	9.30100565508766	11.707561129917933	11.817928921452227	6.7684423870524055	7.027882494280963	11.564735816263756	10.421003601369746	6.297421755331212	10.153113983659026	13.421452176946843	11.70620170668678	10.898925043464189	12.148783599314708	13.07960621625343
12.930313069001606	10.952955764641313	6.621308132643835	5.924339209885785	0.0	5.900170786695579	6.369989901056281	7.24101013331041	6.517192383129091	11.430822346842652	11.129249173268242	7.916395216946351	5.186070049336876	6.040972270931009	5.50516902141247	5.288344395597109	4.875236983232006	7.737956068770221	7.521937105927798	11.728320494561933	9.153076742462881	14.0723022961538	15.741896187931523	15.823047594322839	12.213752086458204	10.679671682850717	15.282440957439363	16.17521758758668	12.145692763297216	7.8629093564596895	11.684694408019904	14.415377836043724	11.787155305986932	10.057446225749189	6.860005817108083	4.981717381036864	8.8615571346054	11.756615267435297	9.7715283736993	14.727359698358468	17.523715198721806	17.55949555414725	12.31694125569687	12.757031243281743	17.22108628220744	15.485497702792726	10.899685753307898	14.598035689288995	17.84910674257388	14.906316212640101	13.27321092387047	13.073858966060161	15.155919446528063
15.33520482192347	14.065645076342408	9.103972139163377	6.746621166330874	5.900170786695579	0.0	4.967308182393667	9.425854784306063	9.500907328929069	14.57247055799855	15.649918533070084	12.404399197816478	10.615983340801431	10.542655388307645	6.515176645461964	7.5630693360083185	10.16154883935847	11.306785647428622	12.894130757562774	16.321789820219177	13.232859722444127	17.62324719407616	17.99095852907232	17.68361615115649	14.961321727487519	12.371589255993955	15.66296400127307	16.614800117688592	12.954545481609435	8.758515394943485	10.351362073647843	12.7910835342334	9.858541645180136	6.291541395984785	6.06987555691577	5.821857242622764	6.5398611047956985	11.430011267421055	11.5364974925415	14.338252077290976	17.29225932000075	15.704310092621045	10.590424747515408	12.383783061500504	15.252473358426654	12.0579407304442	8.243909925121434	12.854444053513765	14.352988819580682	10.337557403477035	10.48640736571366	16.309789010706005	11.729076986531151
17.434808189900796	16.66993222696851	11.309372163469364	10.491234653378827	6.369989901056281	4.967308182393667	0.0	5.384176946281499	6.38457490447709	10.288224988885572	12.425026275466916	10.257994860147233	8.846795605219382	8.751441621591107	5.500764160300517	9.078587101542016	10.614396620939004	13.832400138222656	13.682103525542084	17.482294406675127	13.487031882103715	17.431146971897196	19.14349333276548	17.894145290829048	14.306567010618368	13.550606550531258	16.771401222202584	16.278242964013817	11.658396865070275	8.971557800283815	12.209574848174375	12.925176937550427	8.571056510274587	7.5078094309929595	4.814615177120501	7.651117844289947	10.827772891603221	15.116279400455026	15.031492572122168	18.664528058541322	21.8378885001676	20.52581727825501	15.31243568782051	16.86889871175938	20.117196634873697	17.002219770017227	13.017153192622098	17.167577429791663	18.90987100930117	14.580999594617229	13.965086238934326	17.854396961028275	14.947372253218697
19.15627037546633	17.83866974205497	13.293918899482746	12.883946076677493	7.24101013331041	9.425854784306063	5.384176946281499	0.0	5.670545211106986	6.5016092575510775	8.961157065383057	8.717411359631411	6.468994019859734	5.310731477704907	5.38701640921363	9.299509223097235	9.36445314242281	14.304491452331018	12.87039205632102	17.30330610843723	13.813046895486591	17.6960961418791	20.7548177406063	19.51794665893943	15.116243613895021	15.737934366218068	19.600629902034825	18.653666118304354	13.63395149473142	11.64910593869784	16.13743554266885	16.71076824125182	12.38886785621383	12.530598339217493	8.547630226867245	10.644924285452426	14.892968954214936	18.45286213523205	17.00865858656495	21.802984454623623	24.575156333640784	24.2346849430072	18.946330220941014	19.389912375776554	23.372020163021894	21.081306988657733	16.40710100471668	19.69294350691199	22.4791363364044	18.611362675374096	16.48781826227824	18.895524492643077	17.68038687614134
14.87675514803546	14.939945257173637	9.975068650111513	11.898499958486594	6.517192383129091	9.500907328929069	6.38457490447709	5.670545211106986	0.0	6.062883568317467	6.603802539365636	4.171148994887986	4.998729566468396	7.930625141230274	8.85802622749102	11.181275805286324	9.665909441480833	13.516879629502888	10.822328397466656	13.874930752611965	9.191421270930554	12.405072851730251	15.59119508858643	13.962164448383627	9.515529612721993	10.851308180838577	14.466555333247248	13.277594782518124	8.33479317752898	6.9798051019581715	12.067395742350207	12.419170874802443	9.059388362347228	10.317502625012374	5.512137785304966	7.584488686012281	12.901803128687671	15.334701752953952	14.877028861544925	19.484031118569526	23.118462060064203	22.66507592747054	17.41453231598685	18.92269882097582	23.18687312552128	20.748269661203278	16.711108466759384	20.867488816549304	23.497543334911683	19.801171687670834	18.831047292016414	14.499578759811037	20.304364817423085
20.10020847959649	19.97648875887888	15.67581231424301	17.286223242308267	11.430822346842652	14.57247055799855	10.288224988885572	6.5016092575510775	6.062883568317467	0.0	4.641165140702087	7.168416303345245	7.864704321157485	9.329022584484262	11.704704029533106	14.808183994397222	12.981457120994087	17.96486141028101	14.558397304150724	17.831080735049692	13.700340208820034	15.939149080861041	20.264786555444555	18.185405157334202	13.495099490508006	16.298142153460223	19.580030401505034	17.38372737339124	12.509145632133821	12.789399023171852	17.845570157979793	17.206858729807436	13.422635052823713	15.608297156658033	11.013847979258612	13.606577202850264	18.847318775664345	21.322039954501417	20.308984177656093	25.330450328043295	28.67689914033097	28.53186769378082	23.248141517168737	24.17778082000725	28.57166087106283	26.284786385019295	21.886120139899504	25.509513957025025	28.40482567314725	24.546366117488198	22.808648573731073	19.239873807578252	24.093607729274176
17.439138377940488	17.357152443512422	14.024739032739042	16.541132508452122	11.129249173268242	15.649918533070084	12.425026275466916	8.961157065383057	6.603802539365636	4.641165140702087	0.0	4.652691826848942	6.342891583143592	9.355213044146057	13.089867365840586	14.830232020989587	11.613050219919812	16.151320659083158	11.703412699834551	14.291741825262717	10.753852442467203	12.645411050084427	17.52171568431634	15.958698808477006	11.199505753526456	14.458796454651685	18.142338002969577	16.47499628790079	12.179375594178495	12.205090413994222	17.47596352133533	17.599288411007223	14.883854645546462	16.8246800000016	12.036660844932515	13.133205340722805	18.61481104494925	20.02524240885614	18.501356898069005	23.87508532714608	27.165756658786417	27.667799178852245	22.571230824900116	23.234767614613848	28.091336937778383	26.398906500404294	22.021197137934184	25.51384538494034	28.9494385028711	25.66945571891725	23.780288512170195	16.13570936114526	25.44134490781003
13.093768739061035	13.348149856211302	9.543725753076084	12.702951191539707	7.916395216946351	12.404399197816478	10.257994860147233	8.717411359631411	4.171148994887986	7.168416303345245	4.652691826848942	0.0	4.380000931739275	8.825939261791737	11.512504402510217	12.555751347968258	9.414804717525348	12.914718210749879	8.738294101218674	10.968363790294909	6.553035064324324	9.357941333371835	13.50464376608363	12.268947600875196	7.518628766938033	9.91612081548612	13.932715452567397	13.037403756188047	8.851820463490682	7.844449179781715	13.090677709360305	13.949346137996542	11.860975419199537	13.224229861022973	8.631912378263085	8.833690330223094	14.330298843924657	15.428855000363889	14.36841875967517	19.448039456135444	23.038298890989797	23.31681803628086	18.293666432519974	19.45488990196354	24.22410853558543	22.43802535583433	18.42757571154691	22.318172023854988	25.518190180474264	22.405252276160166	21.151230961070173	12.087866397021534	22.931201972133678
14.16049482786488	12.677248848172086	9.25190875366245	10.519086163080809	5.186070049336876	10.615983340801431	8.846795605219382	6.468994019859734	4.998729566468396	7.864704321157485	6.342891583143592	4.380000931739275	0.0	4.624101555488686	8.055440022568432	8.69596857065036	5.520761205460566	10.188680564257618	6.9321372313365455	11.116194645875698	8.35343113918068	12.570564038594433	15.991302099882391	15.60641348973685	11.14886704856014	11.865051507680251	16.534226766120014	16.454880971832186	12.105663907339622	9.465693845881642	14.465123220712824	16.22186684420624	13.485972448470562	13.51771530768918	9.080905528076194	8.509647052229822	13.487460869782531	15.342893194596938	13.008004384038191	18.587780709035982	21.424386626613583	22.065948793506784	16.948826108655357	17.08176419308275	21.95486232312164	20.57445191269533	15.96166412527367	19.21835492484026	22.886416203734694	19.9968933625594	17.842010389493993	13.390396081210204	19.70623438424065
17.63855184743002	15.056308855859388	12.005163505843333	11.055730223283666	6.040972270931009	10.542655388307645	8.751441621591107	5.310731477704907	7.930625141230274	9.329022584484262	9.355213044146057	8.825939261791737	4.624101555488686	0.0	5.359136573873506	6.425025374371487	5.0131008292186	10.582237617586811	9.227954185957524	14.338832338779023	12.579303915953933	17.106779529489913	20.149209499338745	19.980965478866423	15.632363617811146	15.68409692123362	20.393552079864456	20.471850814741604	15.886027432115126	12.823618196512182	17.36400016394455	19.271059171805422	15.817911765451893	15.058460788042328	11.141199428923722	10.841177625170232	14.78917522491903	17.578271657415687	14.535969450389866	20.073689408396827	22.090821312498775	22.83299611717482	17.76858520472497	16.918968011403198	21.510016260022493	20.356601759096716	15.243979887179464	17.616981327293246	21.52055879960536	18.670958509393895	15.446667226524134	17.119955579355178	17.175471870698278
18.368155767715752	15.942877507060617	11.939515680057836	9.383675089829106	5.50516902141247	6.515176645461964	5.500764160300517	5.38701640921363	8.85802622749102	11.704704029533106	13.089867365840586	11.512504402510217	8.055440022568432	5.359136573873506	0.0	4.720594592394907	7.3616113110271515	11.223718875847188	11.979258568667937	16.834016260824736	14.473909379629843	19.21932374287062	21.150344951811004	20.844835827442605	16.999951708408226	15.88055144998935	20.079651642101805	20.38407490810056	15.845585051565298	12.247640794237638	15.716341841290044	17.64821682329386	13.815182619226643	11.930376861486758	9.307603467346427	9.576007865829245	12.147351992981475	16.222227959692567	14.148059583432651	18.602206066676306	20.63083032323256	20.369170354548494	15.298460341901647	14.983402849532222	18.652186123623082	16.70294873115036	11.725183916833862	14.479686659321745	17.45970464648438	13.97097038764211	11.209215494932257	18.565919841247336	12.585493103620596
16.342035050821483	12.79238100768127	10.251532532480566	6.503729107834875	5.288344395597109	7.5630693360083185	9.078587101542016	9.299509223097235	11.181275805286324	14.808183994397222	14.830232020989587	12.555751347968258	8.69596857065036	6.425025374371487	4.720594592394907	0.0	4.86328936852871	7.135754110326493	9.500103689208355	14.385190473695133	13.57507586736539	18.721579643689047	20.040297794229716	20.74064498883686	17.33102255447042	15.266935387898386	19.916803997260764	21.28910088598882	17.36693011741729	12.89206485269599	15.855487874847366	19.02515220900014	16.19543747052729	13.52611825926903	11.377059807436398	9.38543288315675	10.898468986828853	14.171000987718559	10.772874125786078	15.526221400609966	16.81113556337524	17.418827536440535	12.67300385682815	11.116360247856226	15.32731929800472	14.49412612828565	9.21975140353005	11.19372047741719	15.260443713528726	13.01801961307351	9.56126435249978	16.610481628960176	11.644969702401559
13.984801833863465	10.494151921611598	8.736908899466938	7.559007726575127	4.875236983232006	10.16154883935847	10.614396620939004	9.36445314242281	9.665909441480833	12.981457120994087	11.613050219919812	9.414804717525348	5.520761205460566	5.0131008292186	7.3616113110271515	4.86328936852871	0.0	5.657196736066849	5.199153510881883	10.49871531406745	10.225220431048616	15.252797975090989	17.392482320584705	18.263438482362197	14.570527359261952	13.376614624289209	18.45112244775809	19.705767834968615	15.915317001344155	11.845861018698635	15.716944522495943	18.845032197593714	16.500989060818767	14.87314788160315	11.605600722258627	9.108452181780518	12.24064522941004	14.053107509785203	10.039648256010983	15.882419331648002	17.59376347949266	18.981043652417526	14.227659763364377	12.852492999044562	17.91004032734434	17.517264915463137	12.582308676696595	14.769089473342165	19.19129744421515	17.25671218643095	14.229061338953864	13.59059896851189	16.42307571464769
11.316932231089815	6.465096228673816	7.315567426552859	5.336106748604832	7.737956068770221	11.306785647428622	13.832400138222656	14.304491452331018	13.516879629502888	17.96486141028101	16.151320659083158	12.914718210749879	10.188680564257618	10.582237617586811	11.223718875847188	7.135754110326493	5.657196736066849	0.0	5.555859235578081	8.864908369896288	10.553812757327242	15.474596240772703	15.882612194092376	17.97271637084557	15.524303981746165	12.611385254624533	17.502233579407715	20.137035122919645	17.485263930165925	12.720442100452312	14.98519865514345	19.314412561886403	18.226472286063775	15.62600814094947	13.706725424062794	9.483773791342465	10.348959891422231	10.72362359709728	5.357352016190305	11.131632638886517	12.221195493344352	14.397272835141644	10.406980404890652	8.240103897010503	13.65390376019687	14.302562291243447	10.173136737016682	11.910184501618746	16.54432881159041	15.894900709954973	13.572652047431015	11.481948827569699	16.030247849479288
10.070145034405135	6.883450911381741	6.998186308727203	8.679012963874385	7.521937105927798	12.894130757562774	13.682103525542084	12.87039205632102	10.822328397466656	14.558397304150724	11.703412699834551	8.738294101218674	6.9321372313365455	9.227954185957524	11.979258568667937	9.500103689208355	5.199153510881883	5.555859235578081	0.0	5.356650604686248	6.676067757851225	11.333186131599822	13.41368163901324	15.001435638935853	11.864044479004532	10.754132590965485	15.897169236311251	17.6744929175718	14.858885200271946	11.12694075203609	14.762202498797205	18.23315289091379	17.1602097854271	16.04114747827955	12.816225877298299	9.336229957374586	12.651568149774352	12.447617821349452	8.383916888769647	14.433380887854321	16.618108727283964	18.560714347272928	14.256617213364493	13.44927709006215	18.83196236676701	18.82524539532808	14.722740396583083	17.238863740652327	21.586268071386417	20.1434387432196	18.00611024680642	9.117293765917	20.33461593979266
6.758678524212335	5.297799553770569	7.910679397823005	11.539637196695098	11.728320494561933	16.321789820219177	17.482294406675127	17.30330610843723	13.874930752611965	17.831080735049692	14.291741825262717	10.968363790294909	11.116194645875698	14.338832338779023	16.834016260824736	14.385190473695133	10.49871531406745	8.864908369896288	5.356650604686248	0.0	5.79627936454748	8.54608546701144	9.754829125339565	12.429748786419376	10.705985721817385	9.481356988669317	13.939192823333508	16.40949100977606	15.091972148121929	12.091134778018196	14.70656168158289	18.341377038363888	18.700286266575354	17.96233834886079	15.280475244210933	11.430424169997174	14.129786409749922	11.859247649137581	8.854296809827954	13.788961325388666	16.402975325660915	18.61502072631642	15.163588636482384	15.154891694908324	20.28380047287168	20.52770216197013	17.49089737557423	20.218773469923843	24.18159544573977	23.175156207038345	21.93711723794079	5.006541258320344	24.28676881926809
6.697242399816688	7.995480544307483	5.727935019588064	10.756949650388917	9.153076742462881	13.232859722444127	13.487031882103715	13.813046895486591	9.191421270930554	13.700340208820034	10.753852442467203	6.553035064324324	8.35343113918068	12.579303915953933	14.473909379629843	13.57507586736539	10.225220431048616	10.553812757327242	6.676067757851225	5.79627936454748	0.0	5.190204485924735	7.768179757160825	8.419026236608701	5.367355784040644	5.294601581631852	9.997848279078466	11.331383134384128	9.354599893602522	6.954103897574841	10.544144836316683	13.199871865864385	13.336622403090669	13.526796887454717	10.447922789040117	7.729546028802142	11.930262019819907	10.817769753465095	10.052073416836672	14.626379731832786	18.47338743760479	19.154230223808124	14.82949058458963	16.357908096870126	21.15881031948744	19.976895127790105	16.874995124179733	20.781559397940846	23.960762653049503	21.79609513047864	21.26518991702824	5.539601331159882	23.32918680807868
8.086790211271301	11.578801574104583	10.229413658782715	15.62862376859656	14.0723022961538	17.62324719407616	17.431146971897196	17.6960961418791	12.405072851730251	15.939149080861041	12.645411050084427	9.357941333371835	12.570564038594433	17.106779529489913	19.21932374287062	18.721579643689047	15.252797975090989	15.474596240772703	11.333186131599822	8.54608546701144	5.190204485924735	0.0	5.626670857246879	5.335129487675904	4.089138631146741	6.827024528058185	9.057493509998798	9.607353555018735	9.537982235184709	9.699278854856981	12.284123007009118	13.722434735480412	15.077817429820744	16.425115925314472	13.690346063577621	11.945465376945679	15.799026305453898	13.755554941681448	14.229267134522438	17.743279455967496	21.931810602335318	22.44092110594782	18.66400819095281	20.793825825291517	25.31904061984624	24.00510096487573	21.51198422266966	25.6049137852184	28.451173773408478	26.250840464867036	26.230691892268812	6.481560648045843	28.22173200373347
5.159787404715421	10.473705893392328	9.983581876851465	15.280850545637866	15.741896187931523	17.99095852907232	19.14349333276548	20.7548177406063	15.59119508858643	20.264786555444555	17.52171568431634	13.50464376608363	15.991302099882391	20.149209499338745	21.150344951811004	20.040297794229716	17.392482320584705	15.882612194092376	13.41368163901324	9.754829125339565	7.768179757160825	5.626670857246879	0.0	4.451422937752166	7.204297153000841	5.715975270281229	6.031006664693116	9.245458786915746	11.125347058794883	10.408546040669696	10.395603437741277	12.8804751909751	15.734378656212733	16.092737241549447	14.92506231458017	12.266767328891996	14.206429540164134	10.710197164762668	12.777873192599944	14.4090348565267	18.915164054827137	18.999543609052694	16.178596273809735	19.098748164491933	22.903260933899034	21.639872495522052	20.33038848348444	24.492852857544662	26.67926035158898	25.012595962054068	25.950913724553033	5.052164923602906	27.89144806761684
8.725700746055097	13.616622768385575	11.276005239944896	16.63627873678638	15.823047594322839	17.68361615115649	17.894145290829048	19.51794665893943	13.962164448383627	18.185405157334202	15.958698808477006	12.268947600875196	15.60641348973685	19.980965478866423	20.844835827442605	20.74064498883686	18.263438482362197	17.97271637084557	15.001435638935853	12.429748786419376	8.419026236608701	5.335129487675904	4.451422937752166	0.0	4.802043403724912	5.937689058219268	4.612405568026692	5.277729587417386	7.812292796642019	9.109173624954307	9.559529407799394	10.170922989585723	13.113642225175758	14.714003196084429	13.34554670954413	12.19267081558126	15.01548696039192	12.788902380137877	15.404076132596007	17.297459740022834	22.129852513342495	21.516519987745617	18.131275851337122	21.514091461234408	25.234565968959824	23.18859606419398	21.658490842386605	26.29810937730168	28.15579128134287	25.72254285809854	26.86335452618624	8.531966745854639	28.59842812684316
9.319488992582109	12.653955418966326	9.299844695044364	14.466975707452473	12.213752086458204	14.961321727487519	14.306567010618368	15.116243613895021	9.515529612721993	13.495099490508006	11.199505753526456	7.518628766938033	11.14886704856014	15.632363617811146	16.999951708408226	17.33102255447042	14.570527359261952	15.524303981746165	11.864044479004532	10.705985721817385	5.367355784040644	4.089138631146741	7.204297153000841	4.802043403724912	0.0	5.388305760435534	7.4604571637244925	6.710300323990157	5.471368682761067	6.495358797098638	9.600141327958196	10.162160791834976	11.11524873007824	13.010651780368313	10.237054494844529	9.616571678962828	13.917672874577296	13.025113653191823	14.3045225469756	17.681789821913863	22.220962791824256	21.92302820163699	17.679440715006447	20.372760501714755	24.622356003836853	22.562052911103628	20.014733648934563	24.56161001183104	26.937784232952215	24.1259753184744	24.452630725080684	8.58324542430173	26.220619434641826
5.49121148058484	9.053917459809826	5.505461063747949	10.727494899175694	10.679671682850717	12.371589255993955	13.550606550531258	15.737934366218068	10.851308180838577	16.298142153460223	14.458796454651685	9.91612081548612	11.865051507680251	15.68409692123362	15.88055144998935	15.266935387898386	13.376614624289209	12.611385254624533	10.754132590965485	9.481356988669317	5.294601581631852	6.827024528058185	5.715975270281229	5.937689058219268	5.388305760435534	0.0	5.178120015634781	7.8760417999177506	7.414395978700757	4.887082455641493	5.847755612015676	9.082740475593356	10.804011410968817	10.654752178952297	9.355126676921653	6.6959594914932845	9.3740866515141	7.681621411469601	9.948193946899623	12.442606826681592	17.197045029129352	16.604022681049617	12.61477251063407	15.805193305246188	19.683633909402115	17.694546733620836	15.781864093605293	20.387585486696928	22.43342174911005	20.107870113324957	21.010798941660493	6.209273251262084	22.82038323772755
8.543792416933387	13.331840682079847	10.332123965169906	15.006123303143612	15.282440957439363	15.66296400127307	16.771401222202584	19.600629902034825	14.466555333247248	19.580030401505034	18.142338002969577	13.932715452567397	16.534226766120014	20.393552079864456	20.079651642101805	19.916803997260764	18.45112244775809	17.502233579407715	15.897169236311251	13.939192823333508	9.997848279078466	9.057493509998798	6.031006664693116	4.612405568026692	7.4604571637244925	5.178120015634781	0.0	5.022628385655379	7.922873846787714	8.031439144514547	5.954655263213111	7.357088909498137	11.291285790669379	11.932387874211544	12.056675262826067	10.72448480208879	12.088944786872172	9.94351715449469	14.039366370943673	14.641598805605124	19.7623333768911	18.248987597164337	15.146271917068422	19.332151774903842	22.323290303227733	19.799531900213786	19.03711598334119	23.908236734010135	25.010293405174632	22.58113127270944	24.54881097379163	9.599459596989316	26.09176907548513
12.488124581949076	16.881411761455016	12.934807152035498	17.560151814782294	16.17521758758668	16.614800117688592	16.278242964013817	18.653666118304354	13.277594782518124	17.38372737339124	16.47499628790079	13.037403756188047	16.454880971832186	20.471850814741604	20.38407490810056	21.28910088598882	19.705767834968615	20.137035122919645	17.6744929175718	16.40949100977606	11.331383134384128	9.607353555018735	9.245458786915746	5.277729587417386	6.710300323990157	7.8760417999177506	5.022628385655379	0.0	5.114904090293942	8.418660087829215	8.125924049344539	6.016082054202555	9.481247731090422	12.13960375974014	11.538358303937548	12.175741599714627	14.876854581030505	14.109513829894771	17.651888637556887	19.096997903447004	24.18996137878251	22.534382003685167	18.87127539542743	22.929045953881662	26.099124704794367	23.103951457330588	21.786077691720163	26.87451723232635	27.956007359226597	24.787958371372618	26.55697376706764	12.849540564678302	27.924409675263956
12.801415070901589	15.791977400270317	10.828544104906301	14.873688389448294	12.145692763297216	12.954545481609435	11.658396865070275	13.63395149473142	8.33479317752898	12.509145632133821	12.179375594178495	8.851820463490682	12.105663907339622	15.886027432115126	15.845585051565298	17.36693011741729	15.915317001344155	17.485263930165925	14.858885200271946	15.091972148121929	9.354599893602522	9.537982235184709	11.125347058794883	7.812292796642019	5.471368682761067	7.414395978700757	7.922873846787714	5.114904090293942	0.0	5.142025712375361	7.751932521509671	5.922783603482269	6.115288131727916	9.349816555495378	7.207184067100297	9.029798828002317	13.07050383708089	13.81127358771857	16.188309840954894	18.88108404479844	23.659313325869704	22.24900394470595	17.744953282810155	21.166610887742145	24.743532773885715	21.67952320408873	19.36653252636443	24.383377824667612	25.883041458873404	22.279641888875812	23.299912907926437	12.900409413422583	24.6487693221082
9.865755369694192	11.625128068954062	6.071583772100424	9.74721822851379	7.8629093564596895	8.758515394943485	8.971557800283815	11.64910593869784	6.9798051019581715	12.789399023171852	12.205090413994222	7.844449179781715	9.465693845881642	12.823618196512182	12.247640794237638	12.89206485269599	11.845861018698635	12.720442100452312	11.12694075203609	12.091134778018196	6.954103897574841	9.699278854856981	10.408546040669696	9.109173624954307	6.495358797098638	4.887082455641493	8.031439144514547	8.418660087829215	5.142025712375361	0.0	5.299362763531994	7.201184985210707	6.64976684658475	6.829548606140482	4.5179714871334795	3.9524206516184273	8.322135232227767	9.557661172664664	11.366486127373156	14.419202492592602	18.931862326172443	17.761045666950977	12.959120122946707	16.06958749570838	19.812168153064242	17.046464831246404	14.419446846733624	19.34168894157421	21.157714741881545	17.90044164293718	18.650281768091393	10.40535519283054	20.202308606957647
10.011831666291094	12.74130212922063	8.073112913674844	11.053711895213155	11.684694408019904	10.351362073647843	12.209574848174375	16.13743554266885	12.067395742350207	17.845570157979793	17.47596352133533	13.090677709360305	14.465123220712824	17.36400016394455	15.716341841290044	15.855487874847366	15.716944522495943	14.98519865514345	14.762202498797205	14.70656168158289	10.544144836316683	12.284123007009118	10.395603437741277	9.559529407799394	9.600141327958196	5.847755612015676	5.954655263213111	8.125924049344539	7.751932521509671	5.299362763531994	0.0	5.253244512311225	7.64932894565431	6.380697306510467	7.8811110057958835	6.736622604187648	7.09846822197177	7.440212411442782	11.809041336475339	12.408974822289592	17.40174500748846	15.091009449281499	11.187338937499975	15.709576093109092	18.299145095896833	15.00815319556771	14.085005304538006	19.26596440038681	19.90626093913048	16.95593845559777	19.24523652045583	11.568455308556105	20.56441575184608
14.154641260195719	17.39797442383492	12.345152400408299	15.403496799960264	14.415377836043724	12.7910835342334	12.925176937550427	16.71076824125182	12.419170874802443	17.206858729807436	17.599288411007223	13.949346137996542	16.22186684420624	19.271059171805422	17.64821682329386	19.02515220900014	18.845032197593714	19.314412561886403	18.23315289091379	18.341377038363888	13.199871865864385	13.722434735480412	12.8804751909751	10.170922989585723	10.162160791834976	9.082740475593356	7.357088909498137	6.016082054202555	5.922783603482269	7.201184985210707	5.253244512311225	0.0	5.106195316072527	7.0860270840932085	8.462095639881431	10.113215957774049	11.659077647757382	12.687849114429916	16.800358411465872	17.629685639441707	22.615094334642826	19.996496647207326	16.14619171405305	20.643564411715246	23.04970255356755	19.250055188514573	18.258504899575648	23.558352380631202	23.79614529486804	20.1308625667092	22.58954064434069	15.220244746949517	23.57980922538349
16.087943862646885	18.01949781155021	12.261815749443985	14.232872524317386	11.787155305986932	9.858541645180136	8.571056510274587	12.38886785621383	9.059388362347228	13.422635052823713	14.883854645546462	11.860975419199537	13.485972448470562	15.817911765451893	13.815182619226643	16.19543747052729	16.500989060818767	18.226472286063775	17.1602097854271	18.700286266575354	13.336622403090669	15.077817429820744	15.734378656212733	13.113642225175758	11.11524873007824	10.804011410968817	11.291285790669379	9.481247731090422	6.115288131727916	6.64976684658475	7.64932894565431	5.106195316072527	0.0	4.861291869623004	4.946170654175653	8.831011695592304	11.497829582051581	14.254208982896825	17.036544610544333	19.02294496257767	23.54276805926034	21.173695719338436	16.57503397032375	20.289177626552416	22.97380813166035	19.053466000008296	16.99636962166693	22.154429953691796	22.692415082754692	18.3980649921892	20.091439436399828	16.83662244877149	20.93008934162982
15.025235014875095	16.00042438384288	10.391562419113422	10.847060420469155	10.057446225749189	6.291541395984785	7.5078094309929595	12.530598339217493	10.317502625012374	15.608297156658033	16.8246800000016	13.224229861022973	13.51771530768918	15.058460788042328	11.930376861486758	13.52611825926903	14.87314788160315	15.62600814094947	16.04114747827955	17.96233834886079	13.526796887454717	16.425115925314472	16.092737241549447	14.714003196084429	13.010651780368313	10.654752178952297	11.932387874211544	12.13960375974014	9.349816555495378	6.829548606140482	6.380697306510467	7.0860270840932085	4.861291869623004	0.0	4.80659689065143	6.776961642800299	7.433040394082439	11.270626667194488	14.085638523579917	15.45748198940222	19.630969067987447	16.94539793902568	12.372592241478864	16.179940652266453	18.376467135656497	14.27493981566668	12.471455425638393	17.684495877040764	17.88066380506401	13.678945500153235	15.853642663956913	16.269821149285466	16.676347761112993
13.964322377899084	14.56897683618252	8.736595002761623	10.075848170055574	6.860005817108083	6.06987555691577	4.814615177120501	8.547630226867245	5.512137785304966	11.013847979258612	12.036660844932515	8.631912378263085	9.080905528076194	11.141199428923722	9.307603467346427	11.377059807436398	11.605600722258627	13.706725424062794	12.816225877298299	15.280475244210933	10.447922789040117	13.690346063577621	14.92506231458017	13.34554670954413	10.237054494844529	9.355126676921653	12.056675262826067	11.538358303937548	7.207184067100297	4.5179714871334795	7.8811110057958835	8.462095639881431	4.946170654175653	4.80659689065143	0.0	4.920595025184539	8.931522749725307	12.21824833055403	13.453120130343986	16.61387346150125	20.644780944063054	19.090735192798462	13.97538041920287	16.70023782313698	20.078692676404277	16.797903225472492	13.647155575494905	18.519512851395685	20.032444927944525	16.011730661317074	16.533656906661967	14.512031454263836	17.743448684724928
9.934890190710295	9.814022192399548	4.021428349472408	5.899993893522892	4.981717381036864	5.821857242622764	7.651117844289947	10.644924285452426	7.584488686012281	13.606577202850264	13.133205340722805	8.833690330223094	8.509647052229822	10.841177625170232	9.576007865829245	9.38543288315675	9.108452181780518	9.483773791342465	9.336229957374586	11.430424169997174	7.729546028802142	11.945465376945679	12.266767328891996	12.19267081558126	9.616571678962828	6.6959594914932845	10.72448480208879	12.175741599714627	9.029798828002317	3.9524206516184273	6.736622604187648	10.113215957774049	8.831011695592304	6.776961642800299	4.920595025184539	0.0	5.535658793497895	7.987240154088014	8.554228584946602	12.126900130768908	16.08694666395362	15.179849400708372	10.018906511044786	12.493451201670739	16.41138652996053	13.932332350330924	10.714055935123877	15.481626415888616	17.6652839188845	14.651542938201011	14.928603369399836	10.737438459011392	16.64506457607535
10.99521415508141	10.421257166321414	6.515151588730411	5.347796341799856	8.8615571346054	6.5398611047956985	10.827772891603221	14.892968954214936	12.901803128687671	18.847318775664345	18.61481104494925	14.330298843924657	13.487460869782531	14.78917522491903	12.147351992981475	10.898468986828853	12.24064522941004	10.348959891422231	12.651568149774352	14.129786409749922	11.930262019819907	15.799026305453898	14.206429540164134	15.01548696039192	13.917672874577296	9.3740866515141	12.088944786872172	14.876854581030505	13.07050383708089	8.322135232227767	7.09846822197177	11.659077647757382	11.497829582051581	7.433040394082439	8.931522749725307	5.535658793497895	0.0	5.261502065721119	7.502709723899474	8.33097691064602	12.232760358831433	10.162879339113504	5.137370674969294	9.123126827093095	11.769713057605058	8.75045086792579	7.032076116416845	12.16789165682653	13.255549349539995	10.836996169558565	12.655624645900991	12.738742977110116	14.217786342191062
7.057001904036965	7.650479176074567	6.213092343450801	7.742619254505455	11.756615267435297	11.430011267421055	15.116279400455026	18.45286213523205	15.334701752953952	21.322039954501417	20.02524240885614	15.428855000363889	15.342893194596938	17.578271657415687	16.222227959692567	14.171000987718559	14.053107509785203	10.72362359709728	12.447617821349452	11.859247649137581	10.817769753465095	13.755554941681448	10.710197164762668	12.788902380137877	13.025113653191823	7.681621411469601	9.94351715449469	14.109513829894771	13.81127358771857	9.557661172664664	7.440212411442782	12.687849114429916	14.254208982896825	11.270626667194488	12.21824833055403	7.987240154088014	5.261502065721119	0.0	5.84520305293509	5.11691583651137	10.153856784162297	8.92464774678221	5.560320842035899	9.648006154341738	12.541019767116634	10.962931506838187	10.499328462613233	14.705875058822881	16.14837739809051	15.054002326667158	16.76380191337839	9.310647615706904	18.561324696943377
7.8056163213800245	3.933863193245159	5.4940129242339975	5.1528300495434545	9.7715283736993	11.5364974925415	15.031492572122168	17.00865858656495	14.877028861544925	20.308984177656093	18.501356898069005	14.36841875967517	13.008004384038191	14.535969450389866	14.148059583432651	10.772874125786078	10.039648256010983	5.357352016190305	8.383916888769647	8.854296809827954	10.052073416836672	14.229267134522438	12.777873192599944	15.404076132596007	14.3045225469756	9.948193946899623	14.039366370943673	17.651888637556887	16.188309840954894	11.366486127373156	11.809041336475339	16.800358411465872	17.036544610544333	14.085638523579917	13.453120130343986	8.554228584946602	7.502709723899474	5.84520305293509	0.0	6.128797388323138	8.72224573309026	10.25180118374894	6.604122887263456	6.694908871834915	11.55238148743121	11.808038067946287	9.411874008423263	12.257817454774246	15.623198873133386	15.233033945979749	14.875616504355296	9.007642030414297	17.14503292617529
10.010485107465913	8.602619761443346	9.90833974290828	9.30100565508766	14.727359698358468	14.338252077290976	18.664528058541322	21.802984454623623	19.484031118569526	25.330450328043295	23.87508532714608	19.448039456135444	18.587780709035982	20.073689408396827	18.602206066676306	15.526221400609966	15.882419331648002	11.131632638886517	14.433380887854321	13.788961325388666	14.626379731832786	17.743279455967496	14.4090348565267	17.297459740022834	17.681789821913863	12.442606826681592	14.641598805605124	19.096997903447004	18.88108404479844	14.419202492592602	12.408974822289592	17.629685639441707	19.02294496257767	15.45748198940222	16.61387346150125	12.126900130768908	8.33097691064602	5.11691583651137	6.128797388323138	0.0	5.18774386292305	5.022902166712508	4.568056717033698	7.024011025136089	9.031093037513294	9.351534589032974	10.08032435113012	12.698600316050406	14.20030550561088	14.820237306031474	16.357145666015942	12.121048377725517	18.21367025883591
14.152377839743508	11.21461874950188	13.798296243933043	11.707561129917933	17.523715198721806	17.29225932000075	21.8378885001676	24.575156333640784	23.118462060064203	28.67689914033097	27.165756658786417	23.038298890989797	21.424386626613583	22.090821312498775	20.63083032323256	16.81113556337524	17.59376347949266	12.221195493344352	16.618108727283964	16.402975325660915	18.47338743760479	21.931810602335318	18.915164054827137	22.129852513342495	22.220962791824256	17.197045029129352	19.7623333768911	24.18996137878251	23.659313325869704	18.931862326172443	17.40174500748846	22.615094334642826	23.54276805926034	19.630969067987447	20.644780944063054	16.08694666395362	12.232760358831433	10.153856784162297	8.72224573309026	5.18774386292305	0.0	5.206742549158852	7.390161458171233	6.0655474457543095	6.708894229926329	9.798725715468759	10.894873555513158	11.15719712100288	13.065639345951901	15.391736162125735	16.14909492161475	15.886434496827727	18.008295058380494
