0.0	9.2861578733834	11.792833849999086	13.602183095716327	18.077437365587045	18.700047088159323	24.077326644759633	25.19524691402994	27.869368400614256	24.099326022117634	21.615514064270783	24.482995480289148	30.337294084085425	29.234682576533483	23.495971376787065	29.172366555079062	33.002826020003816	23.93150758922408	23.58556027870056	30.556106257486817	29.851995611547196	22.66273572974474	28.75587406476006	32.3068403000566	29.174666496931643	30.86585598389375	34.75268034145753	27.623551748813163	29.398293506383382	29.22129949840093	29.351518504894713	23.50575549678277	25.77393352633475	23.36403805099235	22.184709162789193	19.29562953391005	12.87718191295016	17.472065008805806	8.776012096364976	16.941108183911492	12.296883322802906	4.79776677121576	6.349588869568326	9.10915904375822	7.917544253823162	7.272019202253705	12.929092271184494	17.22155813857731	20.09028399018516	18.547416448302275	14.973319089419403	11.86514221736849	20.441009390473003	18.424531361264766	22.527183432058617	25.048736726373594	23.015314309423932	29.868175225178774	27.419699048433728	30.82319348084983	33.502621376007546	29.341454695805925	32.83881284010406	28.754502140013997	23.690480929540303	24.485211455097225	21.28804754686082	25.213828590906406	21.32625702322433	21.44812879139092	15.663524770470895	20.04483316163351	16.188275309978454	21.822457499770564	17.937010875018913	23.983193357746018	23.995004096162575	14.567135101014763	19.623178735550297	12.24387872513456	19.699387528557335	15.372051964279162	18.434643047818742	14.935152196929911	18.68451843465545	16.141461987890334	12.664704810791708	11.478418576514361	11.363618419673703	15.019016169513813	15.424675537915428	19.17304378224693	22.274435540790943	23.87757717365103	25.725146401868614	24.250543526070988
9.2861578733834	0.0	5.96487271869501	5.249760167780433	8.859673403429637	9.882486106328805	14.85586223457892	16.578901132497432	18.856601829163836	15.52621503220759	13.45502035444118	17.62429507436521	22.923824934260075	22.676672560038497	16.11397794764117	21.09124733175012	25.77559101305269	18.059513281677788	16.11023521659307	23.041072082263653	23.86856725735079	16.84384508465474	21.96325514148505	26.178896082046926	24.39359173763362	25.86271778089557	29.748210467424748	23.126454232593854	24.870575014475087	25.80289107941456	27.580024551233528	22.84406413601265	22.063887844049347	20.508372224643463	21.22892779959031	19.415540635181294	12.59190815530578	20.28130672563339	11.05374186090232	20.552666839720732	15.773231008005668	11.78832046276096	8.0164479056149	7.027992681923681	6.859808646955398	12.669375027606437	13.215881464929147	19.322117040263098	21.715962080332943	18.609791660294853	13.108025352821151	10.643122889631247	18.326485893127987	17.13809995297677	18.25295874288273	20.977525990477705	17.29213798713097	24.69790897086641	22.84475134554182	24.944859120796607	28.91576100810084	25.650973305058255	31.3006914341202	26.976971085257848	21.421785666630516	21.539335270793636	19.082708590785614	19.888920074805597	18.6475480885968	14.615268954350897	12.439548080798835	14.793386231623076	12.126169623285847	19.39684695412975	13.017165927585252	17.35778619278459	16.13359748534291	9.847441903064826	12.696323650409981	6.028208339805669	13.068735805993448	11.496970617179961	13.668628412106727	12.300498496806288	17.93913452745517	15.037352481877122	12.357951731663736	9.386537659619695	7.9660426336157375	6.767146352677663	6.751699520160666	11.367372862030848	13.124605282947442	15.734167977238123	16.886389327633093	14.968524405116195
11.792833849999086	5.96487271869501	0.0	4.646998971525657	10.366886046118235	8.485693142284171	14.273542286730617	16.71909254485098	17.72486846367006	13.100993822110595	11.998229490396529	14.987416814447174	20.819697542380183	20.709768992097604	15.401429369155416	21.136738138781475	24.67145764884849	18.82970730191816	17.478121512207036	24.210625206669953	24.81872326052176	18.89101197478911	24.384798414652987	28.301801112154337	28.068396049134833	27.74348403049209	31.012635818626624	24.909092586986734	25.0199114828542	25.326398281913693	28.627229019366315	23.795109643053753	22.905625552355673	22.865390311162475	23.28874800360027	22.666130771427873	14.745810421911541	22.89303661179535	14.449845709349098	22.111453291057305	15.374339316187584	14.664330805573913	9.509255764366968	10.666044641636493	12.468465923392946	16.91446528994985	18.763845753932515	24.281562928729617	25.30572122359075	22.87905138876799	18.498557030093245	15.266036566028355	22.01474871579699	18.457408904693416	20.538424746081024	20.3973013743484	16.407205928777547	23.90595410740614	19.887177241138012	22.37161940582252	26.172508527871287	23.02380778029996	28.985700593741903	24.78413405416128	21.330020178638758	19.347602482477512	16.310130179781364	16.70602791300462	17.859271731339422	15.272990995785849	14.065415762100233	17.90317978763081	16.786498138179482	24.01915783734227	18.42061599061095	21.81752622540479	19.432563934953823	15.181002210009563	15.866999834452994	10.621004891727367	11.284089609123304	10.901042676288348	10.744610480157036	8.804197246675868	16.484767004266697	15.052717145679761	9.678125190304742	5.5072451904949995	9.089108391256646	5.535463561560668	10.481622925075259	12.490034080072828	14.776383064269632	17.98738828840828	19.13369799085622	15.178466474231813
13.602183095716327	5.249760167780433	4.646998971525657	0.0	6.204810329482924	6.521475837520588	10.979279217161535	14.804883087580823	15.502305575333269	11.705088387938753	11.30737253870052	15.792994722254955	20.82644487363365	21.370095460708693	15.174639288995964	19.74933677672718	24.426766041219683	18.914672789683607	16.18742978892556	22.694500439390108	24.501877934071093	18.36164974078044	22.689454355975453	27.121007797563706	26.644902177349433	27.391369695888272	30.925737884422787	24.969431303231403	25.906740530499164	27.01795660143022	30.14523402046853	25.847765213695073	23.90993824437646	23.411210698476697	24.659335738997363	23.63794701173487	16.593407158232385	24.831279690431778	15.983571305997332	24.806167014183433	19.09784401420141	16.65719366738665	12.182682521881118	11.65220263457065	11.89131001847656	17.87699078229125	18.068155855728648	24.32363710626248	26.335405465458393	23.12044830863494	17.49642140290618	15.358292112074116	22.04672769182471	20.304113092729875	20.615352560753205	21.993707373467455	17.415835624645887	24.909592504711338	22.126008362404807	23.643559745025954	28.16454873883779	25.50580979795108	32.10445861193492	27.85705260429316	23.430724802607212	22.126907916404594	19.704690918162438	18.694560945824488	20.248970928252103	14.970719787165214	15.364678077736116	17.17580453098526	15.748009987849276	23.147730019135285	15.969663346556546	18.65579072826421	16.35464192074533	13.481065928682447	14.189128240829758	9.645829441885457	12.285455506074815	13.176595861775334	13.378719472082416	12.75601361665317	19.85591047805811	17.74452979150965	13.924826246171028	10.027313443440073	11.0675578036687	5.103574809814646	7.376874705466466	11.393456920266619	10.857137728470525	15.504959787484182	15.274611638357225	11.569788762016259
18.077437365587045	8.859673403429637	10.366886046118235	6.204810329482924	0.0	5.610026967126659	6.690473609744511	10.784531774998198	11.662229775168306	10.01066781113059	9.815232831211564	15.521412124192356	19.035592870109195	20.22304534371739	13.369222921784857	15.9511248043142	21.867383736091508	17.140922922536316	12.834576715756997	18.530362997813572	21.779480549087513	16.03396728834631	18.4886936391809	23.329115662315342	23.111309836528953	24.659656692424324	28.290796733614705	22.929808418547164	24.684099678010845	26.830726869443502	29.887142650840303	26.661121663436216	23.101622194239788	22.431429068233292	24.850174822266254	23.92453307173084	18.429846441807406	26.568232446273424	18.419724708588568	27.409991149054953	23.18416310969886	20.383439467637693	16.19746074517253	13.782217280432791	13.635413790366519	20.53433482863737	18.310451110636226	24.66563635532228	26.902890122459286	22.935079656617138	16.76746837502881	16.00117449589106	21.053333233074966	21.290166670645963	19.07739154890302	21.948211609701705	16.94867387290893	23.84499556420718	23.044314545861745	23.214546642332866	28.43947910780381	26.513325314117246	33.79606198178302	29.60659268117692	24.13187884530986	23.69395984571548	22.322860365065228	19.603354046243055	21.483169717758397	13.12040228222507	16.13134097390078	15.091146644287969	14.352383316750478	21.287390447716938	13.26606841241947	13.893974517674739	11.083201329263305	12.092608427261203	11.084047265976984	9.737902756258277	12.642327974772762	15.107059729147172	15.575066560857758	16.70934444077274	22.571376807162004	19.903402657758317	18.416586333691235	15.163009214651625	13.559937622608576	7.035041911716974	4.735142489450375	9.176961708324693	4.70941725255824	10.700748888909327	9.09474793520577	6.345222209815385
18.700047088159323	9.882486106328805	8.485693142284171	6.521475837520588	5.610026967126659	0.0	6.497139890093623	8.84695841331071	9.367079930592334	5.688256103922872	5.201485748442622	10.350115249508866	14.593127628185727	15.640984989297078	9.608007969112592	13.696045376420932	18.24436371645462	14.66636491626284	11.51919740318615	17.33969004754733	19.674778522626514	14.909373956936843	18.495862917383793	22.703699311545297	24.006545157097317	23.364142989101307	26.397889875091643	21.375479318687333	21.595348074134925	23.215833025585802	27.48816427519723	24.26613161981969	20.551011501336653	21.257805389291015	23.36783193917191	23.584291505611446	17.240071218239915	25.835029975248204	18.45590317103119	25.98413302076844	20.95119999447594	20.69066743580657	15.338809493948503	13.767261676334	15.820034401936043	21.791985428853238	20.72256001629041	26.362865495338585	26.963352159429487	23.686706891354675	19.006502035511204	16.985499653249516	21.22935966727968	19.245341226410353	17.943082100509105	18.255945005261935	12.98652432900278	20.02979319447485	17.88934648270124	18.259773451196182	23.39918661022457	21.56169572929731	29.131678931975852	25.044445334864026	20.885341978056513	19.11517002889628	17.745251313053352	14.304316850923756	17.816145714579115	10.604842808697784	14.355151301642664	15.020128487255546	15.839817166090043	22.743000536208697	16.735101074449723	17.413627149478245	13.579757999342853	14.628951244736118	11.765357664802684	10.888406742322486	8.00359431039462	11.895266917928385	10.839660603371321	12.712521993391901	18.893094908512104	17.11687943749279	15.189847760065225	12.230755816615648	11.814734749046826	4.012768630783551	7.836076260870627	7.405187041045285	8.013222770016156	11.433395231471339	12.17249428532025	7.472859872810765
24.077326644759633	14.85586223457892	14.273542286730617	10.979279217161535	6.690473609744511	6.497139890093623	0.0	8.403668066471836	5.980395485971233	5.963155853338497	8.6326677711152	13.686956489880684	15.471410166693849	17.829314627034286	12.425471786556027	13.180756001424971	18.71192797277758	17.771237176234184	13.126536683588533	16.963089298623274	21.337448134300253	17.707398526523686	18.699288675789127	23.20809807305619	25.125383374071333	25.206624874622673	28.0576266724288	24.085566541517785	24.719389791730897	27.159610350385513	31.635441119780797	29.31318312354651	24.363469479697628	25.07980835987868	28.03754837355055	28.209179197009274	22.894176275721232	31.267831935187267	23.96022118351729	31.89482993522499	27.375504902739813	26.304472856436224	21.401696830350065	19.219352686302447	20.119955484852976	26.80200805644898	24.446028411686125	30.396243199790543	31.62672806530867	27.793154649520897	22.404370180537775	21.55754613967091	24.96769647580452	24.532820293788596	21.392052014457246	22.51638875562053	17.053423506537555	22.972381974997592	21.975664561319217	20.843128740419413	26.601059846682606	25.784911730368634	33.93025803813915	30.059629819758424	25.81035875686004	24.203327488025757	23.466327227639542	18.440280119692627	23.121767013486053	13.97827927931009	19.661786436875644	18.140893634656752	19.22263274802239	25.532836961587616	18.477903852736766	16.96995634993389	12.769264748249263	17.72293507569618	14.126898158755065	15.335521439242042	13.107991333651633	17.904186287276	16.66609460708709	19.085140467128515	24.936089467228093	23.057940557268545	21.674875368514858	18.581598596295336	17.87164011531058	10.342480369131815	10.695846819450539	11.008617722299885	5.410988980990051	11.263881369642544	8.640162715559633	2.0378004325852648
25.19524691402994	16.578901132497432	16.71909254485098	14.804883087580823	10.784531774998198	8.84695841331071	8.403668066471836	0.0	5.874767419856772	7.987133887513068	5.822549008316434	9.704209105114705	10.046947100310149	11.641613648536953	5.902109961906001	5.214611882623165	11.511865504204282	10.321610356559248	5.7400664644586055	8.953811124981177	13.006477268596251	10.780989213065887	11.440390175845234	15.326458808847093	18.69320702318531	17.143137115822455	19.70661871550993	16.33611988459127	16.905712040673667	19.980667030761136	24.421174064418736	23.267560412091996	17.068444018699726	18.468689380770922	22.04631136288185	23.268487232730024	19.5126512409827	27.209791951485716	22.095309326365378	28.209545239431613	25.424174678185366	25.927341701071743	20.867918352676003	17.78271049200195	20.46796509216304	26.20258979936478	23.075411750953748	27.606278910389907	27.0753034110049	23.56991687185622	20.15535714413223	19.199883839402442	19.647836557195518	19.37495219079071	14.698639373485959	15.846410567095207	10.81793258439636	15.479629860808815	17.206209215986625	15.270948317834147	20.950737765418477	20.421579908806837	28.412370840210055	24.74747435095363	19.624211595236858	19.21851752345415	19.867005263414	14.446245684628158	17.761938228794005	7.429022325161658	15.316500743334366	12.567917274871052	15.96050861806665	20.88840150790851	17.035002464443732	14.802450239116627	9.741963543731359	16.149586820677445	9.5983361668073	14.190172912623485	9.518418221693539	14.606061982769669	14.062371344445866	17.993512567593505	21.09342352739076	19.052513517223037	20.743788297687477	19.19270100345667	15.895792521529076	11.265311302123758	11.55857352663947	6.604715971575945	8.633260192287402	6.077924201719036	9.466634263887974	8.148242845062342
27.869368400614256	18.856601829163836	17.72486846367006	15.502305575333269	11.662229775168306	9.367079930592334	5.980395485971233	5.874767419856772	0.0	5.459880622322718	7.7626651905610595	10.974340087388429	10.517339954242265	13.56018223812616	9.964949812383841	8.85005815892978	13.512496788048662	15.684514014702474	11.60723797464232	13.487845697499832	18.049988593728436	16.601676719275055	16.75771110641504	20.44860878504539	24.279230411046264	22.58250817964495	24.61808826421353	21.945590357309225	21.577926748438966	24.260891687441248	29.629796094100506	28.313237820629013	22.27418376098587	24.178391968218087	27.500324720146097	28.75007636786776	24.093869550389464	32.23924943379263	26.309122012926416	32.81431018263421	28.814042683983086	29.419640378887046	24.065022179597754	21.72089870670735	23.8950327664198	30.0714534139099	27.495175086497547	32.64338042242886	32.52139888830747	29.015106317872085	24.91814374117195	23.851114060992277	25.340996285703017	24.355542574032466	20.457324533781602	20.142915262186943	14.85309979684007	19.285218455996702	19.04561796336805	16.65606515770609	22.624202109387767	22.747300272452556	31.24160084874616	27.75103536713002	24.206089952358628	22.235029277469152	22.467936648189713	15.904036988651425	21.851550153070683	12.706160611209654	20.12386704574119	18.261818495584674	21.027818562146017	26.467261668600493	21.31827677059952	18.84110980544795	13.859967374677824	20.52959608179607	14.928280799738488	18.139229197756563	12.367962369304852	18.316082188349597	16.35107300405518	20.022668453858866	24.586622412802114	23.22048715348402	23.09955879117654	20.840636509114823	19.595523295199122	13.056913046390594	14.446050455226032	11.353095703493604	9.451851638672453	11.085773901523476	10.780881138374658	6.620801680199799
24.099326022117634	15.52621503220759	13.100993822110595	11.705088387938753	10.01066781113059	5.688256103922872	5.963155853338497	7.987133887513068	5.459880622322718	0.0	5.220384850767054	8.50004163346417	10.98075972693483	13.213329183240228	9.324510175782052	11.845724964686132	15.361942283400706	15.68715401957277	12.651222593642096	16.6070603809525	19.582268180860694	16.938676479066658	19.319376342655367	23.035185991925694	26.133281264803315	24.11588962946791	26.343100060926425	22.656759947972752	21.690714621440367	23.452533712920395	29.028849615848404	26.675159402190474	21.84333517276908	23.821635347719063	26.309223120354293	27.461091230563994	21.499646498909556	30.007765533409273	23.502638978718412	29.97258979856044	24.859221103754884	25.98408613202312	20.32233357394466	18.918650724557267	21.44793334699815	27.269239619978606	26.011120554687505	31.330373189225774	31.134334833844925	28.01860899495128	23.942873612379923	22.00179499419329	24.863877423118836	22.363804383970283	20.35218357513312	18.870073784188197	13.410055703918077	19.203390795843593	16.64256879395227	15.70371161948158	21.313935660354268	20.61491714573504	28.92208721333746	25.225199703603046	22.473734129206825	19.52334376253869	18.850228468043863	13.034867002339283	19.4676183865734	12.171134376861703	17.98701570872492	18.183807912545536	20.309294557994292	26.60714469575572	21.274346899371903	20.51644787249396	15.874602015867179	19.574534968763068	15.084061636206945	16.122791096180663	9.29837876058837	15.102298103549806	12.406278737337914	15.456357472821232	21.184385729968994	20.256481666798855	18.580610505022424	16.03185835523498	16.33603245420245	9.20522803372426	12.948644087046366	10.323221998300959	10.22158113368034	13.020280252658509	13.397062475252493	7.649244313111426
21.615514064270783	13.45502035444118	11.998229490396529	11.30737253870052	9.815232831211564	5.201485748442622	8.6326677711152	5.822549008316434	7.7626651905610595	5.220384850767054	0.0	5.842502721173608	9.698582280957265	10.53154160370601	4.714314167479971	9.494803385263754	13.166425355060461	10.727079292819687	8.409093012089512	13.560501255543613	15.326434814260756	12.059116298400392	15.665009503266894	19.172342098121824	21.93707728964555	19.587714672158963	22.075125073029756	17.77446683628084	17.089684310421333	18.892477760389298	23.95966559483663	21.573070739793152	16.790201458744303	18.648337710178343	21.105766699373522	22.44079268260434	16.867348064879312	25.18680256997339	19.458899577492687	25.345512875647167	21.117168512883865	22.661771436158972	16.998069444718517	15.071482666851923	18.53527518490793	23.80514982363444	22.374008774302574	27.0629108279888	26.208208920183175	23.283017752756344	20.061366560731738	17.845651539348438	19.933202160356345	17.28990655135687	15.260937083414676	14.14052370816353	8.641405001439034	15.131423519860036	13.769550521402206	13.408481204622765	18.77031805396245	17.397630747746938	25.3697936413454	21.470479136291818	17.553178992152976	15.625535913602967	15.307982577699766	10.396663953966407	14.74820624714205	7.101347488548792	13.03201784357453	13.431308057558057	16.12199762405295	22.11834187780542	18.18709323444229	18.026719136795748	13.510612894354383	16.085418970418505	10.980481714426562	12.56789308770973	4.755121170943585	10.60437164919854	8.88914908813685	12.611332207766226	16.990300699037988	15.603480677304583	15.611795858984342	13.92139828495061	12.264182041753257	6.982390074894302	10.738151225086128	5.750121493263131	10.308846974466563	10.124542469614166	13.196845639976347	9.453549357359874
24.482995480289148	17.62429507436521	14.987416814447174	15.792994722254955	15.521412124192356	10.350115249508866	13.686956489880684	9.704209105114705	10.974340087388429	8.50004163346417	5.842502721173608	0.0	6.302163759448907	6.015583152431571	5.439734313522896	10.639707613271511	10.606575945073427	10.840656008215436	11.275341700682421	14.890263253689426	14.813834629914156	13.823121705496455	17.949930504532073	20.13813701191497	24.26752177173756	19.60605214742267	21.008962448789276	17.713230323184675	14.765337941433335	15.643077080332965	22.217554442294094	20.271818167941138	15.509409310243756	19.106191137890356	21.00986233814411	23.620119100801954	18.13096906819782	25.868919950954993	21.721066632792727	25.363831061883786	21.01411055724799	25.016489444396733	19.070188034307403	17.985914521745315	22.58946073915423	26.757741651690466	26.171100522353658	29.9373913262807	27.523464234212103	25.49644900823706	23.868963640294325	20.983000930481523	21.83747954924215	17.143476326686702	16.29350382992065	11.383334471690027	6.622290486803164	11.699103520344684	8.321611940646516	7.959958130597026	13.177801306097226	12.179858951704654	20.5703603809726	17.015516586883912	15.36361880083925	11.555635991098075	11.977331974838199	4.99722140672849	12.47637744534291	8.953418664019061	14.22314802135139	16.133415552165413	19.788893083207032	25.011784882936308	22.96428165134371	22.92937003961482	18.370965094503866	20.502277428342122	15.034040481466649	16.742147549150467	5.074232302396226	10.955455828621657	7.353496863922381	12.082718693197876	14.965962045919897	15.06013910663293	15.463179453782331	14.981961866952052	14.264084297065713	11.15395886002198	16.115082155956237	9.994386656464338	16.057333701003554	14.54348581993555	18.554174327493264	14.775567216455263
30.337294084085425	22.923824934260075	20.819697542380183	20.82644487363365	19.035592870109195	14.593127628185727	15.471410166693849	10.046947100310149	10.517339954242265	10.98075972693483	9.698582280957265	6.302163759448907	0.0	3.967382100095856	7.800000013623369	8.20047701473247	5.5048056663645015	12.231609158799118	12.318961978948282	12.651473313781878	13.48313209861146	15.451800402418419	17.159579183910825	18.496391822772026	24.44544109510299	18.8085579249812	19.174728485493347	18.04370221096185	14.579951010102267	16.402530295417655	23.51208255516632	23.243817655470206	16.88689585486138	21.174559901255023	23.906768690550713	27.063846283849276	22.999857254491076	30.16977584805461	26.89818103458505	30.094892430850546	26.76334955662631	30.68582109534036	24.914033557580854	23.172052093911958	27.52953168265258	32.00855239540386	30.389530699693182	33.871991988164126	31.10747081746681	28.924841568811175	27.599428499716577	25.40792691073603	24.58648803040359	21.06051081193253	18.257756302573362	13.45097244890004	9.74768254456321	10.935117138876478	10.642778973021725	6.576788824691805	12.495047321330885	13.753850258709788	22.275149638111976	19.499815567003896	18.21622264038725	15.061821023693097	16.862107000939794	8.99908334719424	16.359374302759313	11.587801046659626	18.666351850015076	18.60121320525907	23.195572170979673	27.405193842637498	25.937284202250638	24.32063268546597	19.393608171879166	24.21549888934375	17.518662216196173	21.251596206299293	10.696010406564199	16.44234886993014	13.465799394494612	18.314489536742002	19.935993345449166	20.00836645290734	21.64342979056696	21.26127132607561	19.783953367772725	16.415736314789967	19.991095756890395	13.390412663114677	18.036788000480918	15.405906568519873	19.26298219613066	16.291447471805284
29.234682576533483	22.676672560038497	20.709768992097604	21.370095460708693	20.22304534371739	15.640984989297078	17.829314627034286	11.641613648536953	13.56018223812616	13.213329183240228	10.53154160370601	6.015583152431571	3.967382100095856	0.0	7.429951952675997	9.58709977539061	5.747018488189988	10.201322264740696	12.116698104905002	12.968858458625036	11.707876274250324	13.979617739345171	16.874008537886358	17.593044169766614	23.350957431881262	16.832039255996172	17.005703713999463	15.651222598087726	11.27773250743021	12.567034217654243	19.96900520775722	19.75740598198485	13.696972358055493	18.543980992624046	20.854678181421914	24.48471973061389	20.7256932269336	27.345515120080037	25.061391735521095	27.1105013132916	24.287391366442108	29.04872199385917	23.404208818528673	21.816398286428964	26.770650041563993	30.490638010568162	29.23580858785921	32.05774372544827	28.50616563749217	26.833444297177003	26.492913588793943	23.942503576224524	22.500998720911387	18.126110832766052	16.087027054166775	9.824581285585497	7.140482334998503	7.368735131187816	7.525801467028178	3.7681690695720156	9.439254918885608	10.185690472993072	18.559755882470153	15.750407939188579	14.601589954352429	11.529843476402469	13.937481369718283	6.82717526909805	12.986661114087006	10.510382001198225	16.492633800172193	17.271975723096485	22.12187636024606	25.887246848662958	25.6881421078015	24.756657544261657	20.16108563257509	23.616528598625862	17.099111644668717	20.591476320698295	9.748960302086243	14.428740996926189	11.79364213021232	16.715613274938523	16.8665046394251	17.22215009340785	19.827188489535885	20.222346285004196	18.2387824873496	16.530468948093443	20.345332441937035	13.187008252682457	19.733831748522448	16.107267724730974	21.104094844835053	18.56835929831152
23.495971376787065	16.11397794764117	15.401429369155416	15.174639288995964	13.369222921784857	9.608007969112592	12.425471786556027	5.902109961906001	9.964949812383841	9.324510175782052	4.714314167479971	5.439734313522896	7.800000013623369	7.429951952675997	0.0	6.899579527676428	9.675978317241189	6.535091689895995	5.847044639368728	10.261714013467683	10.79355493731415	8.841883392293335	12.655010238411819	15.32369696221733	18.99377472115152	15.284039568572311	17.47123935560395	13.573561727110576	12.520718977537292	14.766377022434977	19.954359204961357	18.45404776320122	12.666879715660782	15.26925736512694	18.105179517170665	20.26745596774151	16.002365632136428	23.577677417040448	19.56027914615517	23.998446769577594	21.14421744074731	23.60464047197264	18.16184184725131	15.723434166819002	19.98351675377844	24.515452869832977	22.589872453259762	26.259827631834284	24.245709412084906	21.63160488550615	19.8335706746094	17.677460331090476	17.60808866329849	14.96028404548267	11.942500963482326	10.32462671978752	5.021982483598955	10.72072991562456	11.726142600120738	10.76377493142054	15.942180629353725	14.766978570421307	22.593489570990773	18.860672017448405	14.25257161825936	13.326126998406721	14.257292083397456	9.260624100464025	12.152127885334389	4.071319045105227	11.587083702106485	11.314793224343783	15.480156669696989	20.268301766137764	18.505626921140298	17.94747172303024	13.461504221308259	16.50479884831518	10.114226991181237	13.605311448008116	5.035072612802749	10.183839839345275	9.28256405200431	13.826593285270649	15.689119316332741	14.24167196016563	16.67706087145985	16.16448768957089	12.803322434398401	10.361460411880202	13.01130718849933	5.806559140472073	13.05809326060499	9.531308826979409	14.767001083471376	12.78017299435439
29.172366555079062	21.09124733175012	21.136738138781475	19.74933677672718	15.9511248043142	13.696045376420932	13.180756001424971	5.214611882623165	8.85005815892978	11.845724964686132	9.494803385263754	10.639707613271511	8.20047701473247	9.58709977539061	6.899579527676428	0.0	7.2435095233631195	9.39049435195843	6.608489699376257	5.255339335473423	9.58083126390678	10.73957792680067	9.750579937432178	12.193717174734482	17.675779376748945	14.249977828127177	15.87992428940314	14.265098819706564	14.135234007609139	17.76521274078518	22.584220732792733	22.776898025659417	15.483910732511056	17.891250973475223	21.855856739430664	24.016858236433443	21.531422056686356	28.409808416327426	24.907881590656864	29.527426833468226	27.704121334950067	29.284139192845014	24.265167599201703	21.064231369215822	24.392377453180185	29.502439085862516	26.0814402060646	29.64707362996727	27.96189235260829	24.84346905902654	22.82304778284926	21.950784150427662	20.27300299357793	20.011441513803902	14.375429823961921	14.622299607415755	10.671148565306495	12.588094712967859	16.477805261076746	13.297581246511495	18.73362964650724	19.105264711501086	26.942681624854202	23.75597674618904	18.921006014768537	18.903943241517688	20.66109473446851	14.631287767206118	17.8358222970516	8.611740137696083	17.0134506868584	13.698435594019125	18.379463048948857	21.830735971111793	20.114477763604707	17.144501593470874	12.298331450857495	19.441514160281972	12.062736095800789	17.927545289720527	11.852880365460063	16.77748551739708	16.133408651884835	20.697108334772626	22.09058260975433	20.40387016225601	23.530345487799774	22.756604714906725	18.917421194113523	15.711845418985781	16.17790364932017	10.031767676730682	13.47518430629445	8.55761988667075	13.103062605502616	12.923169956721306
33.002826020003816	25.77559101305269	24.67145764884849	24.426766041219683	21.867383736091508	18.24436371645462	18.71192797277758	11.511865504204282	13.512496788048662	15.361942283400706	13.166425355060461	10.606575945073427	5.5048056663645015	5.747018488189988	9.675978317241189	7.2435095233631195	0.0	11.25478652631605	12.068953106357098	9.683511658623734	9.87379292916966	14.383623002515922	14.544172386472098	14.583970090386902	21.656125520519932	15.083767092620407	14.647306981903725	15.211656159496481	11.86948739359094	14.701285740591125	21.24699452314831	22.420801218555475	15.06205724845427	19.539038976457856	22.825963289064898	26.379555991249994	24.020751414126156	30.22419570558628	28.280340586714527	30.693424252831047	28.911833329890335	32.7121998150531	27.36355363737671	24.93772568012084	29.35833125530123	33.53946795880042	31.06034792251	33.75313822321321	30.413859378250113	28.31185468559607	27.8919954758303	26.22408932552047	23.51678578079471	21.143746856373582	16.880023361087883	12.999276815586944	10.817183939126254	8.802654382299565	12.986183215846216	8.296391961826531	13.004480449976285	14.85396446932094	22.513547872167837	20.158044672375862	17.80922131843249	16.50625887449723	19.32162590043616	12.55675040527479	17.115003509256347	12.216868222918627	19.518753355849313	18.03765224736349	23.370449978967816	26.176632862521227	26.268924122365366	23.922011121534013	19.28778848016722	25.01029011892677	17.71315723998572	22.895997009800052	13.812963878463103	18.586678327185577	16.83584379477463	21.803391169392487	21.665493959383642	21.308732911605745	24.827996614542684	24.958618826864388	21.941059025016386	19.8087798712614	22.06470256378115	14.971153756589377	20.125329422756106	15.425178774428138	20.253461299714786	19.010003613661162
23.93150758922408	18.059513281677788	18.82970730191816	18.914672789683607	17.140922922536316	14.66636491626284	17.771237176234184	10.321610356559248	15.684514014702474	15.68715401957277	10.727079292819687	10.840656008215436	12.231609158799118	10.201322264740696	6.535091689895995	9.39049435195843	11.25478652631605	0.0	5.757757355662979	9.20194684184783	6.190932443543863	4.069049613446141	9.616011292491896	10.991437675749436	14.096532976653101	9.449657843979182	12.208577972905614	7.1443620955683	7.684403758147712	10.765484912808319	14.10532943905878	13.47687698083178	6.76285329864201	9.133618002783871	12.570341130771588	15.30995988187052	13.522223024739908	19.458170187400924	17.791679621902155	20.585758236091333	20.211411521577233	22.75769777691307	18.26704571434401	15.091578312788197	19.80127427096343	23.07561660726089	20.483868823280613	22.58987655182691	19.35590416398222	17.12511803357626	17.38081475252503	15.50425885055663	12.503542520805494	10.874026931154273	6.028406150427242	7.103596617910681	5.247769929683697	8.283387241610248	13.405846225483081	13.008902620373803	16.581661477409178	14.861369418638327	21.02599334761173	17.444978576628007	10.213917748865846	12.82262106702712	14.765528514603602	12.511228730219258	9.842716771864001	4.113266066509637	9.069928592542391	7.536236728910358	12.996396277454357	15.741307852948971	17.272541093336013	17.100521903944042	13.756016556131755	15.390271922731289	9.015349803980811	13.715764856543583	9.132349052349285	10.369472383699609	12.020317162984846	15.96971265716361	14.560531771345362	12.249650546376916	17.922783024279063	18.62265896143762	12.887393575628762	14.144852058699342	15.011971171448712	7.997959875525692	16.704192533452296	10.415797527582013	17.436752723352406	17.598811250872632
23.58556027870056	16.11023521659307	17.478121512207036	16.18742978892556	12.834576715756997	11.51919740318615	13.126536683588533	5.7400664644586055	11.60723797464232	12.651222593642096	8.409093012089512	11.275341700682421	12.318961978948282	12.116698104905002	5.847044639368728	6.608489699376257	12.068953106357098	5.757757355662979	0.0	7.035039850315313	8.990887130829057	5.099818988588677	7.419270808924727	11.210801301733524	13.686872329409569	12.208303993046805	15.506631468250188	11.017065571622984	13.027045860898108	16.43219737821928	19.46931498782853	18.533725559088065	12.301947901873456	12.894832907728839	16.793774657994	18.03540537	15.658876124811233	22.51163589308423	18.7060825136729	24.006191858627282	22.798030635416428	23.301281692725635	18.811320183550382	15.0472709750918	18.331952765683088	23.164907868595883	19.550970573763724	23.081943515073693	21.876283451226875	18.47966375172172	16.28642665161577	15.42247423653091	14.19754243219203	14.86892178796177	9.085104281511251	12.53889013942669	8.669177583610871	12.983610543364879	16.847117317595295	15.669914592797195	20.472872661814485	19.23650147274994	26.236561134148946	22.51515410362621	15.643350913066216	17.30530787371994	18.402626014991103	14.83982474747536	14.58060752062563	3.853543059868628	11.349511153000162	7.27837397265866	11.807420687625683	15.752375857359297	14.204992922825076	12.714795033468773	8.525804546214838	13.137866847164032	5.689465529053567	11.917174679225377	9.451335322663054	12.335937521739188	13.636254652786274	17.40618014567731	18.484243663963312	15.71773585772166	19.576591707100018	18.969182770109438	13.575873746594015	12.104243289324728	11.305512525133388	5.007943258138515	11.418390868538689	4.783729337506991	11.706297924532699	12.551637740473252
30.556106257486817	23.041072082263653	24.210625206669953	22.694500439390108	18.530362997813572	17.33969004754733	16.963089298623274	8.953811124981177	13.487845697499832	16.6070603809525	13.560501255543613	14.890263253689426	12.651473313781878	12.968858458625036	10.261714013467683	5.255339335473423	9.683511658623734	9.20194684184783	7.035039850315313	0.0	6.91069298322162	9.327768660563176	5.362011508876955	7.168794087943144	13.267684103117002	10.314305924230633	12.272195507635251	11.342758027220958	13.107640618178328	17.516002075521705	20.69772216655765	21.873593644003982	14.224711639118503	15.724964489558278	20.2858974730319	22.31760271963315	21.735737574986924	27.466186119657664	25.145647140993333	29.260906090155807	29.00752391890528	30.024345497582637	25.701966134097482	21.854012456648555	24.95763537801805	29.618597775004613	25.24693254769747	27.957024504741852	26.08804144499234	22.89367597197882	21.677711803206886	21.569480007963392	18.058335527531774	19.696997454292063	12.48728970111495	15.235431509013349	12.698089371719115	13.093631309278539	19.45015270336936	16.47587435743462	21.0829992477511	21.303307161473874	28.20053817759152	25.17893610295581	18.934506935067212	20.84005248580067	23.054897921746214	18.22748618883607	18.849528327684098	9.964440269630146	17.38281956738731	12.298170224172209	17.356755609110163	19.074557692840006	19.08448737948144	15.463463089100161	11.518825076976642	19.04146641176112	11.648567433650616	18.712206934927902	15.102257007339665	18.591375967359077	19.224038557564338	23.578148713000452	23.59575634729508	21.31054013336342	25.974820857499914	25.634614519859703	20.388419991501472	18.732377884097737	17.678945710801244	11.922184692522833	15.721454252504662	8.627261582981564	14.209178209646131	16.20671137112152
29.851995611547196	23.86856725735079	24.81872326052176	24.501877934071093	21.779480549087513	19.674778522626514	21.337448134300253	13.006477268596251	18.049988593728436	19.582268180860694	15.326434814260756	14.813834629914156	13.48313209861146	11.707876274250324	10.79355493731415	9.58083126390678	9.87379292916966	6.190932443543863	8.990887130829057	6.91069298322162	0.0	7.702197742517065	8.0289026403714	6.522938439752441	12.726492738397818	5.342030402309838	6.809048792831428	5.737621170666025	6.55587260247481	11.211175194606998	14.051644353895519	16.0905283363287	8.122367652655045	11.01474501026023	15.157524207958932	18.46664085470249	18.884777489707346	23.33864104790745	23.186862386011	24.91325077298545	25.785575820855392	28.405659045153136	24.287374082293912	20.84475163042971	25.143360870846273	28.308426204368462	24.81058514919612	26.083093270137507	22.28826268880569	20.239022830608075	21.374563994524348	20.411062149398674	15.165977005651055	15.321743834962612	8.859603559458366	10.12744565350018	10.153767706732758	8.028465807700913	16.394656288897817	14.34588688895772	17.376762680687815	17.069991902788924	22.652587137315347	19.919035751341827	13.337758732608188	16.538137204832513	19.51200636141146	16.347602145568008	14.317188907030628	9.608207691341569	14.739508378732943	11.324817804604018	17.117034934394404	17.712596729765544	20.75419132413501	18.970737466826524	15.813406947111414	19.810014598380256	12.999388299525405	19.133524533985163	14.66281652973437	16.456632326698237	17.648998864973642	21.894924997406317	19.546688377105735	17.626515658420573	23.916786798661985	24.758055779971066	18.992474519010084	19.858308943559496	19.931287322757935	13.169933294208882	20.211102961982167	12.787087962020694	19.673975102185146	20.925239527425283
22.66273572974474	16.84384508465474	18.89101197478911	18.36164974078044	16.03396728834631	14.909373956936843	17.707398526523686	10.780989213065887	16.601676719275055	16.938676479066658	12.059116298400392	13.823121705496455	15.451800402418419	13.979617739345171	8.841883392293335	10.73957792680067	14.383623002515922	4.069049613446141	5.099818988588677	9.327768660563176	7.702197742517065	0.0	7.522688451670291	9.950229986544798	10.841898324033826	9.089605639022567	13.06048540790808	6.915114205003963	10.568159314615732	13.82126616801879	15.085521967755312	14.206743882131308	8.455062664225917	7.8284701762774365	11.9581734230356	13.373255201557894	12.63496101565452	18.258366176228776	16.192561519065283	20.153172982242143	20.572151637841984	21.36072613873692	17.580028495809966	13.584412798136377	17.48637315071781	20.969638713351134	17.340283565345157	19.527603529188774	17.263246042087708	14.259265070309095	13.978715656940116	12.940219024136072	9.583253365234313	10.948269277271912	4.006551888435966	10.477135618707852	8.747876879272209	12.102546323630307	17.22638708030725	16.98660189181848	20.63435186786636	18.69884181693698	24.373224468276874	20.703442258675423	12.344098526789516	16.106734719284074	17.496258605367764	16.020261752228073	12.258522647918122	5.137631961825131	8.58576186654341	3.823656279954659	9.57900403680168	12.018118943458244	13.652247410747425	13.56034642539221	10.98558098836408	12.205629537160744	5.981636906049432	11.630168072546935	11.127766380249245	11.369092962458547	14.208185755806294	17.445350975202665	16.42199592999384	13.116856205187677	18.935680533496694	19.299521895603338	12.53122893536569	14.18310484570003	13.151775924538436	7.521410940891317	15.418820377908384	8.505242274594169	15.692085597452424	17.12743619696421
