0.0	5.850238353909033	5.3721206397392365	9.349952403041888	13.890778803287228	13.86527075362844	10.295666244263712	10.382921793647636	15.210939062259337	14.748561081741183	11.539434184920351	15.427268203440553	18.87051931640442	17.024915086921624	15.479074589801028	19.72536859392362	15.67755221204404	11.987472858329117	7.954192525527458	9.322438620583	5.018594454183901	10.020962794082168	12.876228656718972	17.264013966294485	18.82202134117435	21.249923700360245	16.94645746723264	15.83257152938723	21.206729436378414	21.494747224022937	17.341805108387625	20.297238908752462	17.519984484218092	22.260460005647346	21.039016280917213	24.74537037700443	22.085939828313727	18.38750265457192	18.34985566746151	13.414587929115159	11.467664386455649	16.34007368320677	16.675682506773587	12.487293043002724	10.678086356923414	6.31274638097647	9.095279960097765	8.12656848774217	13.59288181095017	13.317485505830314	16.00115013537429	19.351161885748322	23.60928971833518	22.38456978618068	27.804376685394022	27.807494280249824	30.88517496575594	30.9058924424543	31.688515292479593	28.9038787546474	26.494886430225908	29.83693552045264	31.453664272207572	32.22423827247933	35.813909504304966	31.88041366267995	28.870061710078552	25.825062614911474	23.840403485821607	19.38764890414359	18.01540813202415	12.811505907043243	11.9086981335893	11.55446350162434	10.807002496299754	9.457427327914443	8.3534307664036	11.873397964077151	15.126507197156693	18.21129665349101	15.731044628590166	14.96949535430737	19.256814513129246	14.681218124242237	16.74781627083425	14.66094857969324	20.16188711437246	18.349219283529422	24.060637951404036	25.234514614190456	26.831007873305413	21.997779487161736	24.26648690685324	19.037815789017735	21.877393655123697	18.536153495281063	20.776406694837654	19.39957554836613	23.668067323470108	22.479161243555797	23.369530133337182	26.809209892865628	26.641307393711916	24.39033483905776	24.005636327638637	24.786086204493486	19.404861337763904	20.421182955001147	2.4787874195455704	22.644891227012597
5.850238353909033	0.0	5.78239952835188	7.061426803359704	10.72756045503129	9.728022100586951	5.348677135771349	5.973864310260107	10.159364218242683	9.087815167000036	5.825528650888255	10.198907139228123	13.124007595960112	11.320586650847885	10.43568088291004	14.721768149301205	11.641849807773264	8.81293955200899	4.389378727566593	8.660020902387513	6.625484419994677	9.031414555925625	13.953649569533017	16.920155056831696	19.29077832311957	21.620913178960436	17.857496561711606	17.78874508317262	22.995325997799206	23.351600623848928	20.252425936228725	23.579173030075925	20.339298184468397	25.501299822044995	23.266335023752045	27.624847798974503	25.88439483301247	22.0005638936411	22.501607068175797	16.823507496558467	16.301511767964495	21.21637864260945	20.68335489837896	15.996218090487377	15.743716215812222	11.211721683221974	12.022062845309962	9.47176149845952	14.358638982422896	12.251727536767781	13.951240522954729	18.095903165968192	21.305236382527667	19.928448593862502	25.710161155815907	24.810184909532254	28.824676432433478	28.661040738159848	28.656891344745606	26.069472282765304	22.952253584268426	25.55893359783441	27.40210816947694	27.68323575937604	31.46229083641811	27.654033027108905	24.523525571988785	22.153046737152728	20.425207154862402	16.248825494555515	15.907941342939049	10.543233017847475	12.074217818323662	10.12966082833944	11.439066912391848	11.637833646908025	12.684255891534033	16.61463764485108	19.07860562743671	21.111038408108	17.42584871910804	16.345397892997156	19.482281266684154	14.166046405923684	15.141942561296622	11.323187494461529	16.854759934145797	13.980658904141865	19.571746050040343	20.81605286311925	21.75047318020194	16.625117717995586	19.40693809723419	14.219132940202012	18.095706060373313	15.452847463156493	18.772785535908724	18.251555965720726	22.71621709248398	22.1948617759201	21.8840738864482	25.4894091290306	24.478780568519085	21.339073851490465	20.69761519985077	20.42023725191283	15.169294602980559	15.184009446128307	5.614172761466904	17.51080505101555
5.3721206397392365	5.78239952835188	0.0	5.880423828807449	9.201006800139256	10.741923408353498	7.948022539215423	6.662316528936719	11.493447569486454	12.724534265456459	10.233088273174339	12.602804877081303	16.34158004082591	16.08491654253657	15.048181586318393	18.219089800979386	14.834648749315523	10.177619279762727	8.01106211660023	11.482549414155532	6.636615506002787	8.564633528583867	12.528921578771705	15.55330421599104	16.355166305386167	19.790712825983206	16.532742710827872	14.802315972930822	20.01616852088892	21.461505567877932	18.037233163952575	20.44464710468823	16.63964054412866	21.193537042243925	18.58976053190446	22.617241262206896	21.071593802728568	16.855706064394465	18.061547925945053	12.462712569874553	12.049927958714733	17.37755203508422	17.45764910606576	13.421235804392625	13.575121357403285	9.020750910353383	9.813442526195303	5.612975381258891	10.733788675642245	10.259990609104921	13.229520902571974	16.16752140560161	20.195667982819586	18.007323799402755	23.5556739676469	23.176885221682543	26.252567084326685	25.85757975084761	26.744831716459185	23.716126621072508	21.615006482492475	25.15755515621421	26.964758854901742	28.16033299728457	32.063370443356	28.436138369211502	25.001501558801944	22.388619504490304	19.554427707720823	15.821086008584757	13.582950775267602	8.775012595181904	7.608074180891743	6.183303642268945	6.270034279353203	6.097561219601422	7.748990944293103	11.70117078391288	13.685013774293525	15.508477923164763	12.179683181705117	10.732015532435291	14.40244094282785	9.4889687049585	11.613964533032217	9.790230127559143	15.299770226438701	14.448927511733366	20.100405302597157	22.07571509900872	23.47273125857745	18.94079488032917	20.11351927300701	14.831483266363938	16.90004299432207	13.355311320445159	15.42382140445596	14.204885847274111	18.444920652598356	17.530224035872934	18.266109914622223	21.537361690448165	21.272362365495606	19.127728985963504	18.889585203932995	20.07225758529668	14.859038079528277	16.654218221402044	7.216198777197553	18.651324176929577
9.349952403041888	7.061426803359704	5.880423828807449	0.0	5.364352228000832	5.389986090484008	4.7438150819374565	6.518962701917501	8.478162242750885	9.504739368417862	9.86744577348585	12.164392149940534	14.2529608781478	14.651615445461408	15.45329694439558	18.568380424165866	16.716046601169722	13.051549242894911	10.707300890179802	15.36671112235271	11.710825866319308	13.073504178240773	17.923846239438898	20.131852574150603	20.95640454350691	24.646950568002985	21.81503986157095	20.2996380814531	25.33162552024139	27.028367493508313	23.86589159342285	26.196267655410104	22.167357968806318	26.433687167199313	23.1634628033684	27.061273481310895	26.018787680843328	21.519760028261256	23.363377602015724	17.934058994933565	17.304086338613615	22.808605082561627	23.254442645750462	19.30132566857843	19.06116597769805	14.526182909064753	15.648941188074136	11.120674307556762	15.500083401841918	14.250470747330036	16.54958521822605	19.65842621729023	22.707780724315548	19.547784115841434	25.356435509284704	23.702626426484755	27.47353469453733	26.109485413582433	26.548540976004503	23.028330780028444	20.952078920373918	23.624320721580368	26.336775706632388	27.386261291194643	31.95038465334123	28.817816138052773	24.839340022260263	23.562565979923242	20.21741349922801	17.645467911770435	15.542290782544605	11.423770784155545	11.429368280781727	6.730071200201019	6.888050462968244	10.667617196993504	11.571592476536122	16.073895456587156	17.92937753792202	19.199041297944103	16.002143857342045	12.80437967984854	15.211608658419545	9.716859429563332	12.685309863247507	9.536362324694268	15.12439651737358	14.375648436027124	19.637126768494618	22.51370106449822	22.549715159262124	17.683192682601703	18.38473042544349	12.632721391212076	15.199596960797962	10.907230593103426	14.781412818143004	12.664599142848596	17.73047042870814	18.57523267509294	18.98615379314366	21.15701210039388	19.650410443180416	17.59448347945525	15.7140473029712	16.79682383885017	11.068751646647796	13.332841006830593	10.00612665270486	15.401894930484396
13.890778803287228	10.72756045503129	9.201006800139256	5.364352228000832	0.0	5.206890022841	6.925168814662755	6.642539079384013	5.924223710523644	9.571040850999328	11.024612330508688	10.819362228485105	12.548970665155931	14.93178376240282	16.18512493471923	17.76597580139593	17.005095138442517	13.445860590405019	13.09154063725756	18.202714464877058	14.899589822782048	14.225525476398424	19.270789365318823	20.019948755675497	20.400758513134395	24.46617027386121	22.693801412332242	21.18885328889038	25.65675287955317	28.006429738711567	25.687667610326404	27.69618559924574	23.215634632943335	27.224853184981523	22.971352150706732	27.04923209829656	27.093818852570447	22.580019711666882	25.107506490114222	19.550456284515978	20.153634466452953	25.47914814288908	25.453682969774814	21.668284877223527	22.679548986566605	18.186757958438335	18.12597016823647	12.799017438970798	15.577133978829135	13.872237401693207	15.617376204435615	18.114872342162574	20.252886700136003	16.203777506178614	21.87783641248762	19.47390138676627	23.46800735775146	21.5727356266012	21.788726766222137	18.09356864492301	16.191285677412367	18.714031122457374	21.744881624365618	23.12152024690727	27.990894874971147	25.335922745129693	20.982207003827693	20.544472532775526	16.48236971093197	15.270843261094337	12.844583413929575	10.340103672933855	11.17965732837368	5.57687366219038	7.969030552454551	12.205576126858457	14.889640562089216	18.877594330143268	19.604173871203972	19.554664935410077	15.737467706565363	12.420342523892215	12.948806849994762	7.729101010498659	9.61029653570054	6.30637806657546	10.922803274760925	11.362841010102429	15.879935244035	19.636728847009557	19.184002442196984	14.972594392286947	14.155413818466165	8.631965624528211	10.186986755098975	5.683572658654086	10.3717534164723	9.08398795775719	13.912420429512688	15.534130157853735	15.104161882800197	16.917658525048775	14.789211402696075	12.455171776997254	10.421464087313119	11.681845335161512	6.157044662349054	9.702304207364918	14.820938516850564	11.278238909207843
13.86527075362844	9.728022100586951	10.741923408353498	5.389986090484008	5.206890022841	0.0	4.548442659662731	7.742338206205021	5.72345814971439	6.208996737383177	9.529798201192056	10.975510555131965	11.086771609511331	12.318486105972315	14.692995985462314	17.23075478268568	16.98686507571709	14.637574459582407	12.825484201509996	17.985982957012478	15.628913721568951	16.04713366348614	21.52203008358709	22.863953290620692	24.14553735290285	27.6251737175808	25.175184170543186	24.329856248258313	29.145064854293462	30.776185852526936	28.161029992477008	30.72499013371414	26.59623384069311	31.01829982272215	27.2866692469365	31.42622364728769	30.877295746134767	26.381685447202976	28.385999715914394	22.748324908018137	22.56814768003204	28.018388152074294	28.093860826884836	23.89708696841897	24.013688880384336	19.388485343426467	20.0554612677047	15.450371791059471	19.196270264960223	16.96860343388712	18.332472897457638	21.699043725146577	23.616790297986537	20.21595759956101	26.043248647082546	23.332179271928144	27.904370963098128	26.10498272812889	25.73105961457477	22.302467964895826	19.76194555906126	21.260955619883944	24.52730434523647	25.09260020572878	29.991330056645776	27.27535492193019	23.099165525736275	22.99859503620753	19.798919406301724	18.13646952342806	16.947024976644823	13.52992991588946	15.148426011794989	9.876779312834161	11.396229076197342	15.5085274639681	16.950596649977527	21.420312579087533	23.018949492599177	23.759928335399223	20.127737919045817	16.84815854697992	17.983843158820335	12.63453716576901	14.499129536545007	10.105218640982246	14.82006918081416	13.474313842682294	17.911368813734576	21.163754521499516	19.976280409694	15.016964906461517	15.67045608113898	10.093170496884268	13.647377474917015	10.117683535340893	15.377179271112862	13.928383181955734	18.892000115041892	20.738363103717973	20.121721415780115	21.89350638421623	19.26940921289815	16.59920784394942	13.683513394860041	13.539569252721034	7.888264359244608	9.359996851240766	13.910872181607736	11.47455561143833
10.295666244263712	5.348677135771349	7.948022539215423	4.7438150819374565	6.925168814662755	4.548442659662731	0.0	4.840620469905104	5.924660509500434	5.09219172864609	5.682897734606137	8.743494778461427	10.191353549195847	9.945520407665683	11.197907582761053	14.578648083532464	13.336280152860633	10.970775192381684	8.382700652613453	13.472023513327287	11.533848180200023	12.325655498968432	17.84112109743583	19.66966833511896	21.586225528427168	24.526939927753173	21.56894485636246	21.218843568939857	26.203965552929162	27.256294406847672	24.568299082889222	27.537502018422327	23.745193905394853	28.602311579196947	25.427711233058137	29.803781802906343	28.797583059143772	24.542580276200994	25.90364538505386	20.103688827066247	19.927709264990515	25.18693955578321	24.869964646826368	20.37518613811397	20.49504924370796	15.851331843008701	16.40544119156263	12.453837533444085	16.656902010188777	14.162417561019321	15.506355664718113	19.41228060196374	21.765921377912072	19.304869355083337	25.252440772989683	23.267112571543393	27.787964699628567	26.808899793351195	26.45983055372704	23.506621002556454	20.449750694628896	22.404827142109866	24.983468844674498	25.28700521243373	29.68567810157424	26.404162324017875	22.692972218138504	21.577160989016885	19.139111846849115	16.239068942511196	15.66935369945381	11.191242515136423	13.272102454559969	9.163208766645344	11.071635842349133	13.562280054146154	15.103003244224675	19.453664437654364	21.407006855877615	22.65843218724256	18.768469705170826	16.514354330540844	18.540448848572566	12.951802601814062	14.144233644907603	9.435917186656786	14.825606313254296	12.326007128342152	17.49613436070935	19.79313087104739	19.51911963594119	14.240676122254536	16.237986258059273	10.663919136660832	14.86707244620783	11.973089907405836	16.4772808825007	15.743933329475052	20.51726291009652	21.205740804279614	20.500731909457723	23.33557136882777	21.41875514256988	18.236176909261285	16.573889642153198	16.051426215540772	10.576163328216944	10.807097975626508	10.177033525709984	13.184232501803967
10.382921793647636	5.973864310260107	6.662316528936719	6.518962701917501	6.642539079384013	7.742338206205021	4.840620469905104	0.0	5.506012821372734	7.570182519016233	5.477783579206466	6.192342570827002	9.85659826824193	10.728413186732642	10.404169699199036	12.598323137996372	10.704846519807495	7.116591738750151	6.749682614833008	11.930049131947818	9.699525582390185	8.50643828660908	14.13345319458399	15.201036477993213	17.019828167446306	20.043868275058404	17.59186988158941	17.298236394782645	21.998998694097754	23.339746236202	21.22359786541075	24.062788385946963	20.070483110909603	25.004374676164655	21.52431463136046	26.20278476139081	25.66729589072355	21.60380078474099	23.03800815348072	17.011961481157954	17.993740029728325	22.94873751201029	21.96691894020131	17.511533001373902	18.961626082405676	14.403671031158314	13.626763594908914	9.200359613787516	12.445110296390052	9.533237349649347	10.819935942211332	14.584797063323622	17.04908221829667	14.752303763473062	20.680628461002758	19.184430764745258	23.4768071157689	23.006906113481598	22.809927079567558	20.198351036153692	17.02614258425135	19.717555089950338	21.684466323247815	22.306923206614044	26.40012932256951	22.90138845455124	19.313968418154644	17.49016034232404	14.970801886102077	11.667734888280233	10.997874015051993	6.392201636957986	9.39462020545692	6.413832918566069	9.96563551393459	11.006230298122517	14.276965735180697	17.995634686357608	19.202361157605964	19.848056682215354	15.301643410794398	14.110004058164964	15.853017364994967	10.573786887144273	10.214771444462295	5.519563376765216	10.991301214747894	8.597151471495021	14.214484639417776	16.361218700843548	17.08157255476599	12.345863348351418	13.923517167002505	8.681291259309262	12.154028544395121	10.07332936502212	13.450858522345799	14.025989371177863	18.08785581616822	17.851331894153844	16.693701356174934	20.372394513966636	19.0906486120142	15.515237229426116	15.348671240402503	14.934246168229766	10.117537574041636	10.4973172606634	11.122600605844028	12.542607233917192
15.210939062259337	10.159364218242683	11.493447569486454	8.478162242750885	5.924223710523644	5.72345814971439	5.924660509500434	5.506012821372734	0.0	5.153699239554081	7.276833621110452	5.952741729850454	6.625130474814951	9.616204778298373	11.467489196809673	12.516499493481298	12.984946620005724	11.137102035171585	11.282156238931446	16.552969066911174	15.08358633217681	13.560720975635144	19.224021488057154	19.354911996254547	21.06992651693376	24.156980237998717	22.352041305798902	22.248143541478683	26.592037553507197	28.1772172977685	26.493026427307587	29.219838962606822	25.041632644003784	29.742587182302742	25.672195861603658	30.31177305896631	30.352483006938147	26.151117265272784	28.05975875673583	22.087015890898083	23.151765774958474	28.227273968726404	27.325093376930216	22.9530488510562	24.40211541441119	19.80212583164973	19.106848639266264	14.472179940265379	17.010454720983724	13.801863549210735	14.19354852691496	17.62664794936859	18.69010157561181	15.640530146795989	21.43190622430112	18.54947436704785	23.613164996866196	22.350313899733635	21.386612830282836	18.65135084489806	15.20430133267674	16.60641525711415	19.426919305893914	19.726814328723826	24.434364992282067	21.581123515419893	17.506564814619434	17.412218661829552	14.605711486990595	13.089133350211666	12.958321219599533	10.182504648411443	13.61218197717372	9.331421886361452	12.951579328888492	15.60686448187954	18.749098403178614	22.710884373623696	23.66991746151931	23.75048533603811	19.18863413022646	17.171807215166755	17.592150549150453	12.53683834389482	11.928164799424978	6.522738815994851	10.381465404635255	7.9566762781593185	12.30423491109383	15.450264353835337	14.44263550406101	9.586883247518518	10.45610910602748	4.846411294814915	9.64349950174419	8.284459442824268	13.199033257045603	14.0343544327754	18.07029716103982	19.199949118891723	17.25315185511984	20.063341830672304	17.550202628320484	13.528385688772445	12.168459890157266	10.532204059368388	5.806230973877307	5.236004563209811	15.535706615661711	7.4689410584343205
14.748561081741183	9.087815167000036	12.724534265456459	9.504739368417862	9.571040850999328	6.208996737383177	5.09219172864609	7.570182519016233	5.153699239554081	0.0	5.5116411883056555	7.3076892255949994	6.114021643228818	6.1628917695461185	9.312567810649286	11.992520330317719	12.632604262645357	12.223720094785465	10.56823511336459	15.479924983381927	15.142496595398805	14.914810588226413	20.664504949479635	21.62236997738123	24.157079225002445	26.5914117698571	23.987019457891076	24.48786819501984	29.164167701158608	29.941965319520648	27.89732067006915	31.155030705253704	27.426242514502995	32.498894117529666	29.08742389730076	33.743569913420885	33.09389020755589	28.956885294164923	30.274634710414453	24.306590467759783	24.60955268678975	29.692037608084252	28.868239765576018	24.16770584996027	24.731360611750393	20.149001576066617	20.146461681078236	16.442370974781674	19.932875458206187	16.568051659835643	16.81056058911989	20.97380752309659	22.164470574732785	20.0090927004073	25.806689182011837	23.09239891649495	28.342142645916976	27.35964965998125	26.136797814109727	23.663541409566587	19.900344666243164	20.672297608825733	23.376799346885253	22.902249965034198	27.30523731963041	24.253824138194886	20.68268575293269	20.459660703994892	18.747998883919198	16.427244669535128	17.204129819274314	13.436950275949101	16.912821993168876	12.909200070859972	15.663551654920177	18.0876990481028	20.13361902788405	24.387005154247326	26.145273991648835	27.037721104655244	22.710115920822812	20.732089220405303	21.967937733796045	16.568481837726868	16.563336378758983	11.096455436383952	15.24150253117787	11.567480103387576	15.715135477497109	17.768737436472787	16.4671371030657	10.99746437279092	13.929187932417918	9.19248785905561	14.618426732001677	13.240372141171555	18.265111481793024	18.503908822428375	22.920686118332796	23.98453195088614	22.272282487722208	25.152009138753595	22.573360801557435	18.610990210546017	16.7753710946175	14.618564200735227	10.125536056453898	7.964942206145018	14.231402337509365	10.402981552494007
11.539434184920351	5.825528650888255	10.233088273174339	9.86744577348585	11.024612330508688	9.529798201192056	5.682897734606137	5.477783579206466	7.276833621110452	5.5116411883056555	0.0	5.378748962700206	7.663924954742281	5.928686307471434	5.593959267712718	9.415031935066995	7.96474276401591	7.338013507210204	5.375843079280981	10.162109980741814	10.545206490504109	10.07941576916808	15.677639843044604	16.98451285756726	20.11453723606874	21.95120457927141	18.933912219222798	19.969913155749754	24.651789017557146	24.89848938157694	22.936456496691118	26.503392827976672	23.145909508020964	28.53966421246995	25.698504961000985	30.52194792444914	29.540365148350393	25.77682475261743	26.46800466619709	20.47803848157645	21.082286040683748	25.73700220702545	24.37182094219775	19.50487508616964	20.464914706245526	16.073041227709048	15.51897861869356	12.695161780341278	16.160254235533362	12.591612972105407	12.74651325967928	17.347463980792263	19.148273467206415	18.09271369415948	23.846458554280048	22.2118414956664	27.0650670656055	27.014679652211008	26.09516864782201	24.080656901181555	20.109793315789624	21.807514610769726	23.570273525876413	23.153632602145002	26.860041759468206	23.131309355302278	20.14674247842885	18.398669868636365	17.431653612177854	13.626049382330756	14.92676959864325	10.289043636870623	14.134071445985095	11.851484697581032	14.881076265328568	15.43390036347155	17.85981288504842	21.622966492150425	23.4389465693125	24.6338130710922	20.118188733239045	19.3652091620818	21.323500955412776	16.035376025896053	15.306956269497562	10.224324350110471	14.727587810788576	10.33201278298288	15.330012221160707	16.214058366686142	16.580874012139542	11.27549282137372	15.080993498679305	10.625321841791115	15.64217218011333	14.59521331580885	18.44448952132029	19.288215157820407	23.371910989062826	23.155628367079917	21.504345784738728	25.41508972005957	23.789365871976628	19.633298848838923	19.22242424838567	17.457398700364468	13.0715656020244	11.21092202962146	11.169533195140273	13.491769770336974
15.427268203440553	10.198907139228123	12.602804877081303	12.164392149940534	10.819362228485105	10.975510555131965	8.743494778461427	6.192342570827002	5.952741729850454	7.3076892255949994	5.378748962700206	0.0	5.136968282640032	7.2425380328003195	6.966736507334748	6.967089539164822	7.376378107889235	6.986769454256026	8.830073194552812	13.29009723720907	13.492496891610502	10.640510745285809	16.119657442658887	15.60514262308882	18.505449213696053	20.462014553164742	18.689093923037806	19.875452033504544	23.865300210700997	24.68889176396435	23.74287434602543	26.967262434701805	23.252853549039326	28.442671026680323	24.82631821323459	29.874817527617534	29.844756821348195	26.18316311150514	27.360213007154723	21.278737104954754	23.057347890217883	27.506010054561607	25.61830498616745	20.994172461113454	23.26986377324335	18.981102324705905	17.25177454687692	13.738407956079714	15.496033168912241	11.285554553125314	10.360458148226082	14.523351865708024	15.112725723141846	13.846914452051863	19.432646926677407	17.304980745365782	22.544337275508987	22.571981960411236	21.177470049735195	19.62229841725134	15.21640002336692	16.716541990972846	18.240280923350873	17.814643702079973	21.59641873863801	17.997905155709944	14.797964662037733	13.467005920130404	12.46012844373335	9.428784160497184	11.584656081577243	8.560932476710272	13.636490213845667	11.64219274675462	15.873373726470893	16.400118330081124	20.213706366182095	23.603394241373863	24.494217263828187	24.660232578325584	19.57925948264413	19.242953808253418	20.007778830464115	15.327651796344353	12.908394667651548	7.72948830165742	10.485979719370492	5.275125034810877	9.954691434919466	11.197598915837396	11.551929099479814	6.585491440914298	10.065218911294364	6.5936603430064995	11.5231002710155	12.203690640070434	15.560056592761045	17.85129016141947	21.09731909052592	20.85274215457037	18.147033147336767	22.319674269854374	20.57997052468006	15.772524925448007	16.294874761286845	13.80904097274828	10.786191510354296	8.206614090974238	15.678221042102363	9.934943633108945
18.87051931640442	13.124007595960112	16.34158004082591	14.2529608781478	12.548970665155931	11.086771609511331	10.191353549195847	9.85659826824193	6.625130474814951	6.114021643228818	7.663924954742281	5.136968282640032	0.0	5.441323762796235	8.228293830482208	7.78843493284885	10.719994392168674	11.899201215637305	12.63207801724839	17.049588643684753	17.738849595449345	15.61473444118729	21.14233710204858	20.602744647838065	23.534633379552943	25.39467570408837	23.686748248649305	25.005801132339496	28.976275734713926	29.701571405085126	28.758912707624397	32.070088459178166	28.35760417327578	33.50942884809079	29.74297893232827	34.73122382146006	34.76912472237743	30.946933985458305	32.27308873689281	26.181256132910864	27.590034876116665	32.261087642476575	30.587368733345897	25.887550848632376	27.67562918063544	23.265201862615644	22.04228158792371	18.4724295127434	20.53091170835728	16.39081489255627	15.303243891375224	19.254636435580746	18.996168059904107	17.465160233029746	22.74577078746563	19.63397264402407	25.39820481310311	24.869617422763934	22.783368193469578	21.271547876188677	16.68112388135382	16.58143208780425	18.76818533512242	17.556662642512066	21.667321802124583	18.69286567240342	15.433982212124402	15.831982477068664	15.133428401710654	13.518748457063966	15.872375559864789	13.459805694524643	18.264693060635153	15.222231607935045	19.144956284468684	20.746179445091467	24.044155462598624	27.83253543390377	28.93393759265463	29.107889432997368	24.14990192142768	23.096170586440092	23.442489030584984	18.658133549871984	16.71786837504279	11.2998967879239	13.28850226392274	8.457346858415386	10.976070026150989	12.472585422295479	10.604734684356501	5.151046674543644	9.496050226350851	7.020679958093761	12.785582510567265	13.860957377602316	18.185994536315764	20.18801144877175	23.607784299057048	24.331374003864333	21.364391772794505	24.784909628837934	22.14535321750828	17.222658451926204	16.604874842816574	12.88496000416144	10.611777407454815	6.033366687852491	18.64546933549722	7.718480567306804
17.024915086921624	11.320586650847885	16.08491654253657	14.651615445461408	14.93178376240282	12.318486105972315	9.945520407665683	10.728413186732642	9.616204778298373	6.1628917695461185	5.928686307471434	7.2425380328003195	5.441323762796235	0.0	4.810582319719849	7.583972783050746	9.315346685947935	11.630509325401338	10.59417318678659	14.15961722853739	16.02948793073555	15.171444264767864	20.50588820292919	21.049969438765725	24.692602039513464	25.912745665239974	23.245267926476227	25.070266554972353	29.386751314068896	29.24747662980522	27.85739258154508	31.66075076413883	28.488974825453923	33.98142321326959	31.033971145064825	36.002388309071335	35.2405562715682	31.568301689747628	32.2013986780985	26.202643244682854	26.935602967614255	31.450310755950827	29.800458645739578	24.864490922520385	25.87032519635346	21.649921683078603	20.9749443157796	18.485417652291996	21.432576348506878	17.386410769767352	16.509011105698637	21.110718198646147	21.609344497816075	20.987555499624108	26.38591645186957	24.02297914433497	29.536657727964062	29.460010285964515	27.639592203610487	26.155721097217878	21.58681462242587	21.867087489569602	23.674911474911806	22.216375599766305	25.723525312971297	22.295518401669764	19.733182475196543	19.07335196086714	19.173419540764943	16.183410793118895	18.773634745397437	15.078042767936793	19.60777507301184	17.024980811104435	20.296083352042437	21.287897597633314	23.69707722491669	27.535889277547604	29.344552204206547	30.35773484765471	25.64917378088846	24.835487793770618	26.20477262032651	21.002367781526846	19.720507266422963	14.265205472761894	17.455825250558718	12.208347287154819	15.516476709453572	15.727056349647766	14.800864273946994	9.571668175930014	14.774899488501905	11.823143629395515	17.5979045639809	17.749887375714167	22.091186167247944	23.43796016207142	27.34681477308582	27.628724640910196	25.210520171734625	28.962771743984682	26.676122218021032	21.98347478760969	21.234878687260608	18.04266872230222	14.812845469630934	10.961633752182022	16.179208398773916	12.950615590232106
15.479074589801028	10.43568088291004	15.048181586318393	15.45329694439558	16.18512493471923	14.692995985462314	11.197907582761053	10.404169699199036	11.467489196809673	9.312567810649286	5.593959267712718	6.966736507334748	8.228293830482208	4.810582319719849	0.0	5.512885188309977	4.940567060296847	8.349483616564	7.925653037001751	10.361344403524813	13.249907029147037	11.902180350494866	16.674694418969423	17.260521592315705	21.432069131753344	21.9776426797257	19.103838703537335	21.537104871927603	25.654797162644336	25.015393440906745	23.892138008775543	27.908224645898922	25.128173896942812	30.784730512804206	28.32051071438459	33.36528708793744	32.42411260786404	29.151937138075166	29.278759705815627	23.40616897208774	24.49399311967376	28.49683460611284	26.32605787828938	21.38108414953648	22.863339349543253	19.000492262907883	17.713863001119353	16.156048540104397	18.701154445679055	14.577873225219461	13.386280546307427	18.17805901183655	19.028596094543765	19.45508468781899	24.63933245475471	23.221394629509895	28.310456087572312	29.006315649733352	27.459933308186393	26.366295671103	21.737935738916658	22.806120598789814	23.802376719935108	22.482718356113075	25.318345706799015	21.3259313691236	19.351166944804138	17.315706185109207	18.14432979164438	14.036634944548997	17.144790665453616	13.183836023177081	17.84994576535667	16.675745962596775	20.069858640530903	19.683837576151355	22.40590183148381	25.70807700282899	27.43054451869332	28.568101325153272	23.78219748331466	23.967058797210683	25.7423853418411	20.798687961367044	18.93985665896359	14.058271779766722	17.205376686649764	11.685970632036724	15.42112348165738	14.533876979716236	15.268779628358077	10.590539977110739	15.989573630189408	13.271681815551045	18.472647515252895	18.82915484151343	22.23909082532379	24.037673926739657	27.61139265355516	26.934696764248418	24.553591927692448	29.03222959409783	27.492663142689015	22.734591360624812	23.028472799728437	20.26493478765805	17.013628744252394	13.72833158980688	14.83583247503477	15.616276475182714
19.72536859392362	14.721768149301205	18.219089800979386	18.568380424165866	17.76597580139593	17.23075478268568	14.578648083532464	12.598323137996372	12.516499493481298	11.992520330317719	9.415031935066995	6.967089539164822	7.78843493284885	7.583972783050746	5.512885188309977	0.0	5.394668475006828	9.627307997323687	11.869318978587284	14.192886339071281	16.81840075869079	13.682058256962502	18.031832116070913	16.844766105372795	21.001990631769264	21.228615530803854	19.602707472873465	22.437066314402134	25.742127104712765	25.39990824619762	25.395106691924614	29.149642328067316	26.222850542550024	31.69564180493345	28.703621564919587	33.92404789397489	33.79266996823663	30.724223880309303	31.14313870104214	25.266008506999995	27.343461771122662	31.08219205339929	28.36059462723882	23.660260118688207	26.280755295715366	22.54380609608242	20.279687674809168	18.359182163472923	19.440709411681745	14.885839423405708	12.49347743112019	16.689509496763577	15.990535149896226	16.976453335088735	21.497653338001975	19.80568854421507	25.15820750224934	26.204150683779755	24.028643452474494	23.756980336184554	18.70986309360998	19.202462058592936	19.548963795076013	17.715685377378612	20.075189366719066	16.080195933607207	14.599283683370079	12.87358151905957	14.810328280549705	11.521847654488285	15.90297516443878	13.578034770998547	18.98601588330463	18.217404290085543	22.38915628179867	21.888610987866613	25.64440936469891	28.637719109973176	29.629698353631067	29.949423345468816	24.73967214640781	25.40523184867003	26.24686074574863	21.910043654469167	18.72509769670217	14.218300410049949	15.448143058472304	9.62173443817303	11.53372656905145	9.562396333894911	10.534184352750424	7.14272040469238	12.874439746322297	12.192249841769794	16.816829630319326	18.777112064803106	21.56251074916093	24.558116022334417	27.311903760091315	26.51566993518773	23.188110676329632	27.89108122166318	26.32611516907246	21.078180395063676	22.249190443632212	18.743558226371764	17.020116440698054	13.056080944983922	19.535984330995085	14.212029071023554
15.67755221204404	11.641849807773264	14.834648749315523	16.716046601169722	17.005095138442517	16.98686507571709	13.336280152860633	10.704846519807495	12.984946620005724	12.632604262645357	7.96474276401591	7.376378107889235	10.719994392168674	9.315346685947935	4.940567060296847	5.394668475006828	0.0	5.446618405221311	7.799445958394095	9.151538378436381	12.0787410521835	9.034876411926371	13.025671996581496	12.771146393673932	17.28444912251685	17.312586765225255	14.836033774872975	17.788413228776868	21.405282692545125	20.70084533508697	20.272748289260413	24.218203913237964	21.57322235248117	27.215415087542667	24.845290455521283	29.990106159842274	29.32439560741077	26.461006231893244	26.406495319983733	20.669718188454894	22.627327081810144	26.074996831299188	23.2597827599842	18.507476907373597	21.12821028348386	17.655314499247073	15.225589324792404	14.164905650832498	15.492736787982546	11.21964026107311	9.322268761056437	14.004958928608673	14.909991743262431	16.31929997369609	21.076593928133434	20.54280967990429	25.12085604452771	26.5356894867573	25.235308146107666	24.61422566163791	20.06453352854284	21.876046139526085	22.045497933308482	21.064009009432958	23.299839182627824	18.925354562074684	17.416195972183992	14.09775042164175	15.488455682764315	10.599252503840527	14.268462723381525	10.837892316146723	15.698266155392892	16.037363920267996	19.76763820254278	18.16271854577966	21.707567882491837	24.313294410088254	25.484541564120804	26.2602711976534	21.28534519018847	22.53609243980328	24.212926869315037	19.89964609804943	17.085538459592904	13.192948871297196	15.555293794929598	10.304730339657075	13.959764256133642	12.256808689735541	14.681529720921317	11.085029499942324	15.796681654174497	13.727666804209418	17.848344578493204	18.754007330928175	20.96604346395555	23.51120589397335	26.401550310244346	24.83915681057314	22.276502740878943	27.366885837997206	26.552068850857005	21.77842007648123	23.245708178540642	20.873757709207805	18.07922190252264	15.398842632709183	15.673869290068607	16.959422073745507
11.987472858329117	8.81293955200899	10.177619279762727	13.051549242894911	13.445860590405019	14.637574459582407	10.970775192381684	7.116591738750151	11.137102035171585	12.223720094785465	7.338013507210204	6.986769454256026	11.899201215637305	11.630509325401338	8.349483616564	9.627307997323687	5.446618405221311	0.0	5.299716627660292	7.990603097227691	8.225035917350532	4.117343537899695	9.277474737114959	9.683681523348906	13.273596248373726	14.64389709258348	11.98710946779208	13.567486667927044	17.76296485102553	18.02427181028619	16.895777363096077	20.399379650837663	17.142073438956082	22.673364708708615	19.99086947286131	25.076155886609953	24.430459789583626	21.28023718490787	21.621517878199555	15.689831779534261	17.79834897131749	21.577106396118406	19.1471037701553	14.453637067840122	17.33105086197185	13.558782508181318	10.93331403675457	8.877171370496963	10.407949454059674	6.292973988892528	5.9050315888908695	10.69112417847012	13.22658775473376	13.494564558120558	18.751047970905713	18.635410272184426	22.594515634806644	23.698737813803692	23.278705936142643	21.96095018453095	18.16493234290231	21.11161968472057	21.59979265486637	21.725735382379003	24.53933927749293	20.312330459321107	17.98301277556377	14.344606641461004	13.900767352838757	8.632712813741641	10.331645790054228	5.886779475907515	10.296479045595861	11.21479843062194	14.811780849484993	12.79502575160812	16.758631553818645	19.248668116862888	20.176561312440157	20.85878703473274	15.919910536527183	17.182500255743857	19.149929899806047	14.952222424846495	12.490461267331874	9.334978103120154	12.627222696361283	8.839495794499586	13.8605485318519	13.715519542285755	16.3713299004514	12.591792516732028	15.549961853194555	12.297998388934566	15.40694833691405	15.289593242934874	16.918336450938405	19.04058395001329	21.949022116804496	20.084633170392586	18.23620596892246	23.279231729806465	22.951590067083036	18.803620772597842	20.409769031894406	19.27869891959309	15.81946927779254	14.776361344250894	12.73190635483252	16.438531448654963
7.954192525527458	4.389378727566593	8.01106211660023	10.707300890179802	13.09154063725756	12.825484201509996	8.382700652613453	6.749682614833008	11.282156238931446	10.56823511336459	5.375843079280981	8.830073194552812	12.63207801724839	10.59417318678659	7.925653037001751	11.869318978587284	7.799445958394095	5.299716627660292	0.0	5.327484057192731	5.476570668450501	6.098866845434881	11.075351893911945	13.658160614006011	16.92400876038116	18.416205518726	14.612660260629502	15.641933397583394	20.550868210801184	20.358883924153353	17.931353350695243	21.684727415967966	18.745462626421155	24.296810776339502	22.270210884756672	26.97570925118327	25.39773235440839	21.97897015283727	22.00406079552528	16.20547232379387	16.683471669279225	20.93665827879775	19.383287089635626	14.435683012789102	15.376573515487207	11.220974488691823	10.503845876976712	8.999356911630409	12.880178811475368	10.00541489635956	10.920501919557037	15.447981701627564	18.466866260578712	18.179681284851554	23.688447129007756	23.276951040873513	27.28672890184457	27.863169216568636	27.614817452788024	25.696338122788127	22.12271546144803	24.796530405524496	25.94752326169492	25.946335583642657	29.13575616666029	25.01510552692135	22.4531578613845	19.382436929708287	18.59728596107172	13.711438563667704	14.488872099768626	9.158561714718783	11.89793887446055	11.586988606152527	13.91224531409777	12.544934996935414	14.73734146993433	17.883322791620003	19.914634738615387	21.665883238584293	17.45873348648086	17.707779929278058	20.615400747371826	15.708232769484214	15.149021411171445	11.452645667011174	16.203148472629994	12.521858076040346	17.913369377841423	18.172163452048295	19.912224773677085	15.190144906799098	18.637867560499064	14.28168110576482	18.19634134160389	16.727478221612508	19.37011722219572	20.045863402636673	23.881803613508183	22.592087445719418	21.629478189328708	26.033880635725072	25.37409195244027	21.667046722366237	22.04373903711493	21.18789031288243	16.644569675913836	15.803035421974009	7.980602363947019	17.95120755185137
