0.0	8.02262277929934	10.140276275133564	10.465263959504492	15.690258537667491	15.724067305459897	22.24063116895952	22.36128476423033	23.12359801135792	29.37484111621494	24.296281629097955	22.585856327146264	23.427390800829265	21.756516824818846	19.444868095370097	19.820075283252272	18.92776379210242	23.37013605882641	17.1575599176576	24.50010655297499	13.80600685223153	14.226720514743443	21.724440480647445	23.377429715387233	24.47686816681573	15.689405477144431	20.370551867430095	14.408549875596188	17.74488996517583	14.278107759842664	9.452007925608184	10.409203016822156	15.667585084976613	21.220471149375896	20.57909586873009	25.9196192972327	25.784359841470877	31.155408530512506	32.21595302408617	28.908445011718904	35.31644058468189	30.247553246207804	27.779568108255962	31.543671463256207	30.801193569030072	23.938384628849235	26.23582481081603	28.00481559513406	21.82853380240855	19.710824879936148	28.76897117903454	28.22426278721496	17.314965783730965	19.939297387647763	26.771127612520882	25.985377061004137	19.918824091262458	21.734126504800727	16.45338922797055	17.927380662612556	12.78989436166361	11.213267409931076	4.557442961116058	9.881415668211448	4.90312651630172	4.5927467683015974	9.720756972997055	15.181749190838914	9.106955249634545	15.997171695824306	18.046627998082364	23.713294034323184	23.625107437534723	20.2812425693786	19.66879825264957	14.542038567141628	13.250987793291168	9.589238971025082	6.3412455173377555	12.190797683820954	9.030070726470301	17.27709024018511	19.891028585986366	14.513785752359748	19.800208488811073	8.895896922237842	15.239050038490047	11.515505327821353	13.702643327991447	17.478348780775164	18.59638053419205	17.0646571349082	22.662995969986003	23.543562049978032	23.39426640146046	24.23664765427227	18.95618490600096	25.928748432139336	16.7525980299817	18.557021546939502	19.590120812557025	14.48995919684055	16.83808222674586	18.03505769834858	10.900626643579246	9.012516134882652	10.013899863817258	4.275204369732392	5.654443492024003	13.660843966829527	14.78941570292754	11.46382750968548	12.028321271354628	17.183763029380504	19.368655535120638	16.983354839556668	20.373808991565305	21.742514519410882	24.428861058128817	22.890552334826943	24.69499228456253	24.562845734538094	26.503700879841112	32.7868417959309	26.66028630330231	27.824491376114228	24.44325980267171	24.870590695386344	31.828479651498615
8.02262277929934	0.0	11.03859695006642	4.556840858093802	9.666368125800727	12.352599936611416	18.49256426297389	20.905028023063956	20.126552737823662	28.562539882494633	24.556190038707427	22.725812211252304	25.783338817573984	24.70360752114423	22.962093307412683	21.841948968103328	19.312001504787627	21.81897385421309	15.716998122228407	19.964534410419226	9.31628877211057	8.528736869763094	16.176060221151147	18.374231535338044	20.9045076957153	14.038937046991544	20.652319640687256	13.3449638373218	21.6813511554486	17.364666326741883	13.957706356946746	17.03899847902144	20.922694924047118	26.20802439354199	24.71770416090517	30.522933596273955	29.207618748746	33.48386083213518	35.548444010546035	33.239630008450206	40.39890288367668	35.13998442621917	31.428308557523945	34.673866350559486	34.49954021492682	27.649864416361588	28.50191462098272	30.298651392913694	25.18159608642491	21.619157678237155	28.88816755356092	29.63047446580295	19.683802745664135	19.991650033194784	26.40957213312865	26.100502829095355	19.123291621584634	18.895769790928796	13.148798858624868	16.87838401085717	10.39520551612102	9.149104205552693	8.078771102838177	8.347303596435532	11.368801301720353	10.734235929386681	13.027899857629064	17.577277951925748	6.574631533023823	15.163088226659672	19.914688296435386	26.846780931925824	25.735034602612238	20.10927177927786	21.94785536542638	14.60794578167093	15.755069110524774	10.725549292443944	12.329784456437373	12.582469407022677	11.46500423791718	17.830523019016248	19.00310833541295	15.063975356704262	21.62544889897979	14.295308644196776	17.827706480634472	15.800861154226446	19.208565553617614	21.306537021529646	22.52664487391082	23.03914659611181	28.29686312907504	28.03869468885076	28.943975659761712	28.62561953246399	24.10714094665316	32.07415832217768	23.688778502727562	24.573063087027077	24.63385093020725	21.525232876096354	22.000419114457273	22.67968818943175	16.277805895304862	13.564200545916421	17.432002163839257	12.26502032652153	12.464901006153168	21.446546078128595	22.7845450839197	18.07816405017283	18.639836436427746	24.755204514571595	26.282065538305925	23.30734146320525	27.298418264399817	29.00958058614762	30.765632885234762	28.990718587298666	31.829154536063033	31.544173458218058	32.28682386424712	39.48447629488508	32.162283401151385	32.60880288595138	29.841759602892328	31.355512419440768	37.474165042474475
10.140276275133564	11.03859695006642	0.0	12.059309159646176	12.359734594345966	12.799849636846291	17.173593370297496	17.683994463105208	21.125917096780995	25.71741919058423	20.468789817560406	21.86133955516782	22.946540723321586	20.16290200193705	20.2199616798173	20.786765150060464	16.775724196301024	23.688715302438055	14.86654286773233	21.81227200648149	15.035111762894978	17.228700380000333	20.602601694774705	24.03935615365647	24.12262328413552	18.57459126043222	21.31257488983376	15.235581331294156	20.36776011075327	14.009544833499673	14.571766225561603	15.462253867380788	16.953403073716814	23.54850967274917	19.8909992725689	25.56304362951229	27.097724662203436	29.150430911082992	32.52410688694896	29.906792357813305	34.06930616170627	28.384316281874757	26.404058633022753	29.236712979638178	27.68881972745806	22.003043749738303	23.566027469605924	23.577320802329254	17.090770744596355	16.518879606923715	23.96416800374186	20.78313370253164	10.98006336660092	14.828670347209203	21.20047249924423	18.36157884295355	12.26598896905845	12.496642136898142	8.020566476745563	11.729247767574918	5.4796293421176685	10.561896365147868	6.181423715240911	13.895797445789036	13.646557737520826	13.986092180727553	18.90578512243098	22.552439125745508	15.326522180154843	20.969180865359156	22.7926648948188	29.56692336226642	28.06352790283738	24.46042059419134	22.856577589656105	17.942207070858263	18.537919489638305	12.028977391963974	10.829227895215784	11.252842963327257	4.195907208250618	10.120725984437971	10.73368680684282	4.910104698494937	10.858003394804665	7.822445358096407	11.4340278989424	11.437352078142066	10.656277225257865	12.691308176760385	16.14625001133241	16.472600120512343	18.994414409880257	18.90359134131698	21.609065588291944	21.333282527433433	18.727995855637285	27.723952579566543	19.543244870113664	22.1034649141123	24.079715587958283	20.694049248049566	23.746911864049537	27.453548561332095	20.331206869149028	17.2177208613551	18.32526517112035	11.746285537106822	8.698185335257655	19.603328144338658	19.421983101195337	11.17163145075278	13.482166267362437	21.69973656353962	18.748339058151036	15.610255272384432	21.864052220371754	22.14265859338496	21.87493252681192	21.168128103442857	26.213845396350987	23.65950602932422	23.00266813341339	31.634827537573756	23.47308870507607	24.757472936240983	24.08355980892289	25.10886026151542	29.795519671497154
10.465263959504492	4.556840858093802	12.059309159646176	0.0	6.824925106119475	8.48560115717321	14.752138873282119	17.309548067566812	15.702433748571396	24.673335360849883	21.20307158752938	18.98067654036805	22.871490637154015	22.28155969902605	20.712811675841667	18.870968996608227	15.991791301336844	17.568636737900757	11.943793206698425	15.575283742388592	4.831159677007987	5.218260054032244	11.831956206662227	14.042588340243046	16.360599043240953	10.265533044975555	17.002963707502197	9.610286270490205	19.701337659162856	15.401454656140825	13.07594562070978	17.158112726605168	19.87849777300501	24.645031411788935	22.89765122181312	28.726275693861385	26.652688590338773	30.4874632302303	32.82335625780258	31.091020038923798	38.8336772941338	33.669362393349616	29.124737578418898	32.119754184962694	32.46059139700994	25.61041060485002	25.71645452225374	27.848098852516994	23.738176547853783	19.084168601010912	25.548832122759766	27.79447599200879	18.52962022750237	17.12954648362709	23.17755065950387	23.82552605775697	16.933183120405783	17.68515009284398	12.705737764207662	14.228578376753356	9.624031813236092	5.897428367525776	9.300250534260126	5.636350057227388	12.47203472132098	13.92420378030228	13.469673745054203	16.229541839898726	5.9345540169782085	12.185565190709102	17.346472042484013	24.828829396001712	23.009219852380454	16.806396683741923	19.190476210838284	11.424905253987193	13.790189147459497	8.548795493155843	12.625450651227279	9.891193814407496	11.558415275748837	16.110187797352665	17.652281586543555	14.948824963061657	21.525492987319776	14.919596358477246	16.204654009952502	14.819034802546105	19.88760687110023	20.54614526134562	21.03075984810991	22.79361112586988	28.65951066344299	27.406439431898978	28.25222802752566	27.239291701490053	22.97495038758726	31.184774870402176	23.759341088858406	23.784921812116718	23.28133575509879	21.89281294424641	21.309480308892084	23.219103691102685	17.209730228717778	13.540498883433381	18.959827145662143	14.580377837756627	13.983495380146794	22.636918460974957	24.54345853601035	19.443806108291586	18.98043015365761	25.44646819221105	28.161145926453194	23.79927782522221	27.374762595413515	29.972292145714956	31.62396667922825	28.90092454686563	32.002739457601216	32.59511712672757	32.565033831171064	39.6407203428397	31.807328852787137	31.445169362765878	28.657274797019436	31.020572485560074	36.66095724293582
15.690258537667491	9.666368125800727	12.359734594345966	6.824925106119475	0.0	6.347211420293473	9.912290358178321	14.447138682122468	13.723250913435049	22.393587010279504	19.61635329856212	19.23157840281787	23.879395318424034	23.019009776469364	22.85318640694119	20.795002230358588	15.817830196315814	17.934354472536775	11.169452126066007	12.067726461124062	7.598899547749865	9.511756085398313	9.457265717195945	13.673141377609651	15.42361354615919	13.570059104189705	18.517272093155313	11.68582955228228	22.893616954167687	17.372532498503336	17.805221658112742	21.688250489576138	22.724753981139447	27.71233372892225	24.448322759464435	30.32480832057099	28.760854547778287	30.370556115526572	34.190263146926824	33.16780544051427	39.94015253820795	34.57008391199936	29.897849874833334	32.14127871255171	32.36560340670337	26.319608040100874	25.455878075423563	26.71792383218772	23.36083714523741	18.897703039029743	23.15227378226301	25.072944831972997	17.734965131959115	15.199734760240082	20.24423969766836	20.412773043183094	13.517634021134803	12.413399127971756	8.600126190326097	11.433928716364958	7.472685141135031	7.818256563770577	12.90022874069599	11.147137901034663	18.230663892725115	19.600390631030564	20.073490721516933	21.99001888040931	12.695857134231256	16.795464696164203	21.526224297149756	29.424669962637044	26.712107964960897	20.38223025366519	22.40158427417356	15.198233278816073	18.598033396232225	12.450496634628882	16.959779545887766	11.47295060154739	12.909687233904986	14.160666452407698	13.90393425158861	13.379060844093003	19.65763264163115	17.4397040383072	16.55170935360061	17.28958906585607	21.50948729028958	20.762414426404792	21.93696490232345	25.005627650388437	29.539137868407522	27.4392259527846	29.64874482015348	27.776995711323455	25.04469783514441	34.134859375561646	27.39673617675897	27.60634316868135	27.427134689781862	26.922276407252767	26.66696644171384	29.743533708219477	23.61572834786863	19.58837178401737	24.666841064623362	19.490022730718128	17.736080178621886	27.544509577066403	28.98332845003698	22.15335053872358	22.17865135597751	29.836522977226586	30.627846625835225	25.86258058977465	30.459958322778732	32.73981817649549	33.063220156392376	30.52708879268286	35.09153803582498	34.79170534180793	33.37811472546142	41.43840038402244	32.570838738707394	31.91084767084054	30.527226292602958	33.42524452269301	37.727514107110466
15.724067305459897	12.352599936611416	12.799849636846291	8.48560115717321	6.347211420293473	0.0	6.843636829777198	8.98202913979149	8.744690708702926	16.673304281077325	13.62989741802166	12.951704697764189	17.659264721106293	17.10907484250137	17.12049339375077	14.796658953121103	9.559911902290816	12.486079818342604	4.825875187996335	9.2926926870977	6.4143166119049475	10.559503386670057	8.700586935753458	12.128811424967662	11.516710300495404	9.714358650856132	12.576794204605225	6.562479255587205	17.573586642156936	12.240256271219614	14.336439450980032	18.47457810549185	18.052884150676302	22.37935603051594	18.937050357721247	24.64454236839368	22.72135927786855	24.133934738264674	27.94469653221423	27.21285509928663	34.34192092119938	29.179744168139333	23.92349609088913	26.101138289863812	26.749646897388825	20.635705848530208	19.388624821505207	21.175389234999376	18.729357006247806	13.16798856770286	17.567735139789484	21.15731897218769	14.103750880832424	9.848480283249842	15.055798519456038	16.6024246232057	10.309539308255482	13.368784107827176	11.126493616520671	7.207358544687591	8.382536021566672	4.704771719891531	12.41135443687148	9.280690817604826	16.768902116006718	20.10219408436156	18.741120032427897	18.953740897692544	12.879592772382779	13.67174829878116	16.890747316905752	24.79889144935581	21.60214294157939	16.0583993316451	16.95991018425003	10.834516995934841	14.607758974242152	8.878159295753266	14.537594513233474	6.628351339933891	11.386971931319028	10.66901986105079	12.497492479762847	12.6998033504101	18.172737273758553	15.32391338705363	11.995576992941901	13.251708521208847	19.168624520532486	16.986795187376824	16.953669219465507	21.04814821268152	26.479182169491676	23.49120452623659	25.093949438433132	22.73183914512372	20.13034571027721	29.085952211947955	23.562245307572976	22.99923732278376	22.57207100122569	23.65847825229057	22.88593023140648	27.705038736982242	21.936505655261588	17.313114503791734	22.908657210893956	18.857507467970525	16.477290533279508	25.008035852812995	26.96750029485	20.35294395689811	19.031517952773914	26.572441805731522	29.044074175789625	22.785433170536525	26.479119999454134	29.745243036158573	30.312107873652728	26.588074584667336	31.041481131080918	31.979447049503815	30.07483970685022	37.42791388636716	28.49688887692838	27.008083202090873	25.351471551572562	28.951569552400652	32.89641423989711
22.24063116895952	18.49256426297389	17.173593370297496	14.752138873282119	9.912290358178321	6.843636829777198	0.0	6.607184053109502	7.6812160732966035	13.647742700362917	12.485449278175281	14.080900364205787	19.342823427289254	18.92668310684766	20.401961751877348	17.87532387606558	11.45510094664713	13.715953022985168	8.037017048659973	6.580694797119853	12.377393249106335	16.110587638185905	9.560054242430642	13.612689854668131	11.609252045777097	14.936199208888585	15.353214981541743	12.05182601194318	21.82377170420334	16.502076103699796	20.44939897196227	24.27835105191524	22.38725591480643	26.161016865549396	21.663425822137587	26.813989266718146	25.11197281065002	23.847234073264804	29.09810299392073	29.421028337474535	35.58367987560689	30.57225193171963	25.05332044336867	26.128636390182756	26.980171380347763	22.211127292849664	19.55067975517019	20.467539513759974	19.932285984666578	14.68089714329292	14.827301173901954	19.36623344244986	16.012369791569764	9.845657506463116	11.969444397619885	14.062773065224798	9.474624232060764	11.948363568158682	12.82289791543299	7.781376277069192	12.149882878364764	11.469912036586729	18.49595695926975	15.989478378168803	23.412388079490547	26.70338794694596	25.473262795555637	24.95284183199672	19.522649638241663	19.11360945697975	21.74071738074333	29.38052365127187	25.460574025636994	20.277319369121567	20.956914613577023	16.29702765190385	20.412372824055208	15.28812068703163	20.657629728283908	12.217729749106992	16.35814330673434	11.952439355029737	12.042397421235142	15.301998334778423	19.27726246861387	20.41758965574861	15.11249189180553	18.128215586631278	23.204170682067208	19.49609071924627	19.589215537422362	24.903213015250785	29.12329886882545	25.095821504952223	27.684660165931408	24.3583203136542	23.54137917553403	32.57471366311948	28.361476587445964	27.64661662388134	27.267667484400494	29.449363595980596	28.603538304759393	34.1682237504275	28.605148839066516	23.89292226977464	29.350839404678563	25.16714250332704	22.300534111316832	30.873345020599917	32.613933757460195	25.22230835267322	24.024778595392245	31.89981476459032	33.36441500327768	26.68977243573726	30.676112263608637	33.88449918325254	33.39268451222351	29.574636985817175	35.016698084847135	35.62911908511882	32.377926327985215	40.09542210320565	30.494804223253947	28.348727824059676	28.050776058111314	32.27751175900366	34.62235126518504
22.36128476423033	20.905028023063956	17.683994463105208	17.309548067566812	14.447138682122468	8.98202913979149	6.607184053109502	0.0	7.7883878746771735	8.52150293041849	5.896380646337345	9.322157226582457	13.42085605175465	12.893050642633243	15.186343059319794	13.12552059721673	6.454074119005477	11.664116535255452	6.249312534582095	10.370793064087357	14.633232871585657	18.97020678566783	13.929791648728546	16.596740430408737	12.616957378164612	14.735007424333016	11.753368945095659	11.122273550737019	17.368180668099846	12.50845661814846	18.273845997073558	21.48757415767707	17.977829358623275	21.015174467502646	16.03427546092985	20.71034796055461	19.430103691835495	17.329867430964093	22.892688814201733	23.359806658125652	29.17091576275391	24.34442004483431	18.61377516940917	19.524688555527707	20.544931229795605	16.041122769351787	12.984910761638567	14.117159916812183	14.710771844846205	8.938799223008395	8.794433666812207	14.96397545723062	12.544325902321017	4.725594428657926	6.311341076744062	10.318988921494398	7.89801650014765	14.580876887664896	15.825036346991396	6.165419755223709	14.045532895431922	12.181544937037769	18.482262065717986	16.559554965434444	22.493139841577023	26.884596107456108	25.01249356660104	23.48626253140822	20.888147626932625	18.750064061712884	19.08531912989634	26.034984565066413	21.979923605417746	18.676025981500292	17.124486843937692	14.938622112963927	18.319376096908623	14.246457033176936	18.968030858489122	10.57456326652107	15.601723561500345	9.517980139897627	11.939057766975994	15.128472232899984	17.61556456193871	18.509286688686153	11.218304531153445	14.95387824542831	20.48872513346511	15.489077249293219	14.43451070437644	20.57762947561783	25.09321808903987	20.311084322943515	22.368925415719232	18.577732851755872	18.433921892523614	27.07221695281945	24.280980055429954	23.16517135099507	22.98693867404742	26.294365075026562	25.578624090681718	32.6175954812981	27.399706596693147	22.622051755469073	27.586868767548896	24.383026319408817	21.093873531633133	28.07519923173931	29.967549639368006	22.98021184539691	20.835779613234955	28.271100982553342	30.678759427656956	22.99534483283111	26.11961972070484	29.92960214587554	29.50054429336978	24.77342560706179	30.172128420287343	31.66891844899223	27.948077417810904	34.87127699825261	25.395889785970144	22.518351624667545	22.31008711302681	27.034511868519786	28.756257161601557
23.12359801135792	20.126552737823662	21.125917096780995	15.702433748571396	13.723250913435049	8.744690708702926	7.6812160732966035	7.7883878746771735	0.0	10.995737480161619	11.296809826206147	8.944099686871008	15.698308458358385	17.02187517875985	17.422128432357002	13.618460771657052	9.423585691752582	6.397643491296731	6.961825820265613	4.943060945353213	11.460684977944593	15.109611102476332	8.31298044003195	9.447573778829408	4.855456262278142	10.709398551726006	9.752605455170377	9.352216456346222	18.421458360376313	15.390195805173926	18.710073628451	23.16740073623347	21.056072047691366	23.06257895043119	20.016644683525026	24.598234480142782	20.723772606191748	20.810321708903242	24.782964539914467	25.70991292666781	33.88870612784548	29.545001598567556	22.715100779522086	23.97466460284787	26.130194427700054	20.847670368902012	17.63220367789499	20.412387160028036	21.2977501832309	14.238258935121129	14.442421417052186	22.71547025773101	18.888643459542585	11.597662800212374	13.15761840793189	18.06803933581864	14.549158332663263	19.216056318578147	18.96754482516496	11.82097989560896	16.842016847894758	12.134450299683058	20.239240490322825	14.607356511736047	22.778012141157596	27.28475884996653	23.312161052296794	20.84442953222835	18.530135496349857	14.55425662354274	16.604216592401144	23.742301885026894	19.37084481374678	14.164687055212976	15.868704110666934	12.290108322730909	16.830664589765338	14.25507423177343	20.636717532310858	12.04448976236679	19.006006899745817	15.786013994605351	18.067441551215545	20.11583552915351	24.17865672600587	22.06927245352508	16.310648900979	18.140364009918095	25.369200600278454	21.496336092306503	19.584188185557295	25.133645264685327	31.218859513620078	26.915169107261914	27.753710626863327	24.36143173957481	22.558517376457246	30.32134694675163	27.384726690781132	25.188642850012876	23.54399862787855	27.57396569104689	24.98720962282583	30.850589542915507	26.525959484340632	21.782675503213056	28.348394776492555	25.903173619157243	23.595112123762394	30.025425458058074	32.716597411078105	26.965932755097366	24.30062332463751	30.80071942700792	35.4388390276308	27.931585465973118	30.034037195624293	34.594674892128864	35.34167741055642	30.233537006864715	34.241314872810406	36.9535804802958	34.263596266632554	40.43821943349822	31.602003043719566	28.539721546372416	26.69950420407168	31.56775175624697	34.42104996798636
29.37484111621494	28.562539882494633	25.71741919058423	24.673335360849883	22.393587010279504	16.673304281077325	13.647742700362917	8.52150293041849	10.995737480161619	0.0	6.179322313470461	9.1443222955058	12.320053352104281	13.573163934938458	16.444662671742417	14.089668586748278	10.623760268108773	12.099656582571928	12.879288094836209	14.459569595806858	21.121741901217423	25.26202986910333	19.11351097793728	20.161329835224286	14.54850355782168	19.091124402898547	12.933047208740122	16.603386440118197	19.199412174953366	17.02143095761241	23.22678963473418	26.17149309406104	21.254437025726446	21.76286480412323	17.40529280893785	19.999326844622523	17.577552587752745	12.616543294939602	18.772234858826785	21.139152386995697	26.987627974702768	23.40136962344441	16.590345542688166	15.959595565932412	18.64514598009474	16.113224680827585	11.011807654526592	12.925906882712725	17.705260198020287	12.197601522025002	5.480352893679146	17.172562759787578	18.463706709700194	11.160563995364516	6.949685768785472	14.045589064632798	15.392579891504722	22.34121189749448	24.289834386713526	14.367599768474093	22.49526651753701	19.507445832822476	25.873251835940916	22.757396294001197	28.45473794161832	33.69271357528041	30.198455115538692	26.879048390258692	27.261143649961525	22.4801387752655	21.02830642032961	26.312895408355413	21.682426556609915	20.322674045746435	18.06103858373907	19.04682230834187	22.091430279548653	20.372653129171447	25.0096149730203	17.207072074286064	23.09481759626919	16.723586806925915	19.446545552464013	22.977471359117562	24.11375464235029	25.02416219810213	16.90959738010343	20.373468833210293	26.349223098586876	20.42051955047863	17.640275098857476	24.34939329581013	29.0389493597158	23.32730300645086	24.3069566369218	19.767106128250855	20.840634382664067	27.4333857638097	27.64391152516899	25.260355970887275	24.355051782060134	30.00964328095538	28.221942679579882	36.26751436568174	32.25030176279688	27.598570351966902	32.748515521288546	30.94229078186796	27.765873103381377	32.56687832583142	34.91945826153275	29.02481481995581	25.83483172797429	31.867910187203556	36.03463741470019	27.563758903475286	28.90457153084398	33.70020003529516	33.426723447817835	27.556951979052087	32.26643800075765	35.42053934345562	31.053762513739553	36.2574165089697	27.478575294380605	23.05363782314345	22.937242469311652	28.622061002803182	28.784643911639577
24.296281629097955	24.556190038707427	20.468789817560406	21.20307158752938	19.61635329856212	13.62989741802166	12.485449278175281	5.896380646337345	11.296809826206147	6.179322313470461	0.0	7.388796247789898	8.843776453160114	8.464990204364643	11.8220689386724	10.536590723979407	5.934782704117552	12.304095516012051	9.45354308338977	15.172311494478864	18.44293826885364	22.801009230778526	18.744382993015204	20.40327689222325	15.537798019316083	16.70721169129156	10.835663183037614	13.269956017754915	14.822637372208748	11.481569714650917	18.352692538948205	20.752260627204812	15.685751068048322	17.354531662454114	12.134832495751713	15.777897337580633	14.86451185070361	11.46830560319517	17.425490548707227	18.237084457171783	23.737948654121865	19.29491689437525	13.110363963523033	13.694134770276362	15.198196370786519	11.24350462595879	7.278364712208819	9.135996023117354	11.915418223658788	6.104474972645102	4.855039654426298	13.325860386301176	12.523105800298621	5.857152628867285	4.816361045492274	10.464633977661297	11.021597791600568	19.05127891665502	20.36635461592998	9.915587458872084	18.079760404494376	15.504380317133807	20.662936117809693	19.100237296489354	23.458595083977777	28.609306784742955	26.082185499116672	23.594538034408398	23.670080373160065	20.121331852038793	18.26750742126106	23.98094462836421	19.93085308168953	18.830496306927717	15.175215981533656	15.953549576361237	18.296452103241446	15.88217179091226	19.58716784500331	12.482260686042114	17.579707781369155	11.360473805297595	15.115230486912385	17.745733467142898	18.747973692991305	19.116157069322504	10.847960577348731	14.586279605625888	20.194051778229582	14.290689959801263	11.638029306095598	18.35429940568589	23.10910377690138	17.66739993852788	18.779095243088147	14.481923220382077	15.22709626524093	22.85484505485835	22.0133724661727	20.326578462518107	20.250183255063327	24.839276841904297	24.11302968019525	32.319905164829244	27.725236384801846	23.146522967677903	27.501051707153444	25.462966292959507	22.07235881344727	27.000407929145222	29.052437354817453	22.931845408784078	19.869466581507968	26.31608466055511	29.858944401500228	21.430336428895803	23.259963351297746	27.732256598470514	27.479133135013683	21.79304043042821	26.840429109927943	29.460740683094166	25.376111951722514	31.096462703077517	22.055043568653794	18.208842442863855	17.989542185689164	23.309657655747422	24.231003934827562
22.585856327146264	22.725812211252304	21.86133955516782	18.98067654036805	19.23157840281787	12.951704697764189	14.080900364205787	9.322157226582457	8.944099686871008	9.1443222955058	7.388796247789898	0.0	7.005739739552529	9.529141994551312	9.600074327197863	5.736660908403082	5.4021565782927805	6.100777634501972	8.278349631620408	13.866376835159357	15.295397211931178	19.16627063325428	16.213128764555414	16.18181737450125	11.286986534775611	11.390995610465298	3.903876049983869	9.521855965308145	11.211566921485446	10.526279212874204	15.1769608262509	18.624308690795583	14.779723506250331	15.02805327383593	12.576098221324253	16.285826959757	11.83096329818493	13.09156938114979	16.0247892843579	16.801937202107897	25.67289676406753	21.80688468334128	14.475117633473788	16.234263049274396	18.93710557519385	13.353954335482038	10.386426051273334	14.721147698626266	16.436038399526417	9.058822045411562	11.43237973075408	20.32847410132679	16.465314884949187	10.282617154651527	11.86899285080312	17.396651127208617	15.665067075395127	23.00767497186086	22.622775097684237	13.108366853259195	19.43730615007943	13.887336212548991	19.98986502067759	15.50273410790338	20.720803403157007	26.486587449159476	21.673214099824072	17.817891285374778	19.96828701448675	14.127400356053162	11.895361660302004	17.67679308425011	13.221181392996655	11.797481484853876	9.135011632383504	10.596296687889252	13.209844677632942	13.134936401682836	17.99396831803329	11.14101700075138	18.426307029236177	15.297883662754964	19.668400093783557	20.709669693410213	23.405398973157403	19.62834622901435	12.974497189525836	14.248686938651534	22.089422527531916	17.64847232242298	13.792961966473074	19.461660800166275	26.460740521544906	21.916944411989043	21.102284174001806	17.753496940702053	15.727685381988415	22.170253870228375	21.18461109091425	18.05705661136647	16.29078050199347	22.09894093353865	19.419388987703268	27.21853436618525	23.631570119484707	19.107609199230115	24.77634068510449	24.04549354068211	21.590494666721373	25.155278905384453	28.18688367517023	23.78213135693905	19.772084200602848	24.883443474262855	31.488908989685594	23.128387948336496	23.40493240402617	28.933170275801423	30.353124240004803	24.11786610915185	27.154026127536262	31.49789481134972	28.96126636495088	33.489296894342054	25.571126779801645	21.794583658034554	18.959502758151388	24.2980321675653	27.09274285359345
23.427390800829265	25.783338817573984	22.946540723321586	22.871490637154015	23.879395318424034	17.659264721106293	19.342823427289254	13.42085605175465	15.698308458358385	12.320053352104281	8.843776453160114	7.005739739552529	0.0	4.389971943536666	5.013501699716562	4.940408317942926	8.294018788636839	12.742703255837952	12.942924690073173	20.504881144478723	20.138596595709117	23.946363299540554	22.673869217261693	22.82237868104229	18.242149158075474	16.014977372874718	8.483001540258211	13.76196633513017	8.0580248268211	9.482259392989539	15.02464204095741	16.612617922370955	10.943711816391275	9.52778468808825	6.9791887289209065	9.375552146199439	6.087477413591498	8.383929681235509	10.338215254515516	10.17781128945295	18.825020383729328	15.175395658154647	7.791564967163491	10.475030829036077	13.084813077824863	7.336654260541647	5.861395039599552	11.02643633317996	12.9528328329771	7.645948215745852	12.024473523111645	18.746603746973776	15.405098912361028	11.994074853811739	13.39634752689312	17.701008960425092	17.538059387548902	25.759450628112603	25.484013841929148	15.735030964951651	22.052283402204473	17.377789916188142	21.014561897238778	18.80067248073211	20.89429796519608	26.96276796224953	22.74514728891512	18.906562339896453	23.116354327194124	17.84261734006124	13.055304397770946	16.62509134058891	13.179404348173286	15.362059178736414	8.93410707732368	13.949486151421375	14.235206043994413	15.227466309330044	17.619981856790705	13.52552041070686	19.04285296887867	16.0991604819014	21.233560286975905	21.56066142341466	22.72206833666242	18.6347129892081	12.093179791953272	13.004423142234188	19.776401864148283	15.096165387766243	9.951979176489564	15.206196846546213	22.214785493083387	17.657582270129392	15.451200487694717	12.27622567650535	10.624498430859393	15.724414773835472	16.808417086185614	13.433136546328775	12.557619279233002	19.116073743954736	17.506760365718822	26.616656556357544	23.395747154006507	19.467151399363985	23.326508080228823	23.636444766509104	21.005707384535263	22.198919228007174	25.050541597172476	21.638960828103375	16.984419967237663	20.810035258177244	28.048752650662685	19.3358799797083	18.17375208316853	24.157887470165193	25.79891304444677	18.86200148164339	21.33324233731459	26.64498959132311	24.08205487550767	27.259461280400362	20.18116191296923	15.934988604015789	12.488516982000155	18.185241909275085	20.624735737557092
21.756516824818846	24.70360752114423	20.16290200193705	22.28155969902605	23.019009776469364	17.10907484250137	18.92668310684766	12.893050642633243	17.02187517875985	13.573163934938458	8.464990204364643	9.529141994551312	4.389971943536666	0.0	4.914295862917272	7.222720352445268	8.07148963592877	15.434188559208733	12.786238647708897	21.440320072616064	20.33032550011925	24.29343930248409	23.524724468560446	24.49426849799913	20.294110104264004	17.2955673196533	11.043571734471817	14.165621920216767	8.559747168508165	7.579847549504281	14.280193348907451	15.00701298793182	8.618284722541112	9.369469571225054	3.834802738520691	7.90100956810182	8.796396561022219	9.53639631060159	12.621161378832973	11.233569915192644	17.418970008873828	12.774568806852843	6.924764527619644	10.022481753222795	10.852538285769958	4.016561480711355	4.860002392567378	8.483129902424585	8.63223668210733	4.787785766611451	11.562379787403371	15.36716172238851	11.612870982670163	10.033798937056117	12.293335359756894	14.931730883962217	15.022498545275388	23.316649014843836	23.194268863641657	13.76247350296062	19.89890132870422	16.56103529784981	18.952213461999374	18.740086852359095	19.731775134423657	25.403700716676095	22.76087669320421	20.157928322391278	23.00603128251061	19.436494560347906	15.201296612204846	19.245012513114776	16.426629012197157	18.021587945289568	11.48065977991005	15.082504242144848	15.03219599266954	14.559054746097521	15.78115305168541	12.433367918874879	16.355832340128952	13.085319366915355	18.326180415177067	18.399956875921593	18.81989059789645	15.646591899417206	8.824715115403805	10.480693794513455	16.01695236680591	10.922936766672372	5.7819769412933235	11.636166256900355	17.991518450849117	13.320579028472233	11.74756703047919	8.349115611440686	7.4258339571673355	14.422395281994538	14.476864994851445	12.485704809876218	13.237601622167523	18.016708832289734	18.108629405394247	27.165249477387924	23.109594454521435	19.2323668943652	22.030563973860403	21.602978219496848	18.504388433447012	20.36565541009272	22.5758391074668	18.302681815372047	14.062760784874275	18.854382833332235	24.35124169251713	15.545722371867436	15.414519744838891	20.757658374372877	21.762745104075243	15.060778232704115	18.764299821087693	22.93841232364221	19.960082556096868	24.06140748287868	16.229258394632765	12.39577825396678	9.90089986996598	15.35913970114888	17.673745489593117
19.444868095370097	22.962093307412683	20.2199616798173	20.712811675841667	22.85318640694119	17.12049339375077	20.401961751877348	15.186343059319794	17.422128432357002	16.444662671742417	11.8220689386724	9.600074327197863	5.013501699716562	4.914295862917272	0.0	4.599706528024581	9.019684354671812	14.517114791187137	12.991829175927155	21.962791789693973	18.776923420904012	22.247461174765423	23.060044957927797	23.330349289224834	19.750331017612343	14.813058237263407	9.279771010982472	12.55114858656505	3.6816802798915202	6.288856052591045	10.801600633831486	11.71873437122526	6.236742860890092	5.872164698984477	4.537199899241254	8.686985026305747	6.889076996439316	12.54216215188195	12.864110750934826	10.460635917351286	19.134399568851386	15.010031904575992	9.453152651253784	13.351279800664118	14.589751639617335	7.473560194877545	9.225179458016012	13.362061418797296	12.20559787851093	7.877785101511627	15.678273835809238	19.878350965985966	13.933437685257575	12.714967353138064	16.21481479205856	19.040242395584496	17.62600041579962	25.421947539357333	24.159846381624707	15.638598679364245	20.303578430413744	15.53294914395758	17.526589290389058	16.28427794668892	16.545751584637266	22.642481122140346	18.808569228403915	15.685638328145142	20.229670065111687	16.06220741476322	10.94689836201318	14.623941932155782	12.340175760367154	14.603748706985343	7.378440638152296	12.088305805971206	10.957549248778145	12.359381359195066	13.361338519634069	11.541174203910984	16.08332394701936	15.290576530240834	20.765206288156023	19.640973755922854	21.212892187827237	14.804029199426871	10.091919028169022	9.206728427312802	16.197544942245223	12.894080697716113	7.7325006183169185	11.34942307077167	19.489974666553948	16.102030640602823	13.089018871860942	11.344583653933613	7.016069193124235	12.930656037463146	12.112896260963257	8.836996135459186	8.585490803448307	14.155760966731311	13.30146760115956	22.460114380467296	18.93924761728024	15.290112968790947	18.435544328106836	19.171963334004623	16.819319270525025	17.194195007480435	20.15952665368545	17.47327159748558	12.462004364806194	15.973737642239218	23.977245033192464	15.559622610198783	14.084634584788644	20.18885549284121	22.668092694743606	15.94743335077749	17.683007031857912	23.078387767051822	21.694993207846675	24.913120610825132	18.30701147068933	15.23850603732846	10.353713938040586	15.15419664640024	19.54930430631233
19.820075283252272	21.841948968103328	20.786765150060464	18.870968996608227	20.795002230358588	14.796658953121103	17.87532387606558	13.12552059721673	13.618460771657052	14.089668586748278	10.536590723979407	5.736660908403082	4.940408317942926	7.222720352445268	4.599706528024581	0.0	6.954732811158365	10.00280170207783	10.406652509452027	18.320178476226772	16.03923488557441	19.536613832452932	19.444309727425477	19.231565291559487	15.438653534699176	11.396888926112151	4.745382071566644	9.696512673508556	5.508813484980117	7.334928174527002	11.147828300957864	13.850086857234311	9.955904832232662	9.612395087850686	8.730166894984018	12.606530835166586	8.093734965352498	13.238312711169476	14.023675053611766	13.112286758739094	22.791932258006053	18.924472714511815	12.240175397197202	15.358196887733785	17.53754519481554	10.835268370093429	10.303135370913049	15.01770074910183	14.99252678862497	8.585928794668684	14.82447671598161	21.31709956396149	15.584627185525708	12.051571816319408	15.291518468178294	19.38759432431522	17.320966096264225	24.867762166435735	23.565400483219562	14.768772751819268	19.74958560476692	13.84242882577526	17.880100905338594	14.342580991715232	17.067520004217382	23.249953103803247	18.220920634229444	14.249885323707545	18.535789003308132	12.946598782225532	8.456056110765251	13.578331337852445	10.050946473677255	10.852289636362567	4.799492482844449	9.122704768709614	9.519227146999564	11.213062797830116	14.453719775834564	10.349119727508624	16.81276484368372	15.694023980661129	20.869041741883414	20.34790733317672	22.901989606729856	16.675938074665154	11.44339085600482	10.939027359562363	19.05530159352905	15.601368826332783	10.987277433127003	15.347886279800822	23.38576203249239	19.68098814772954	17.473465083672977	15.159449136688258	11.410195159641587	17.182877418085727	16.008933314666653	12.427652198273021	10.608830468926866	16.68841697443682	14.162716716010266	22.658613727135442	19.32765941876158	15.187155536620258	20.085279635135187	20.475822019145884	18.35434678962923	20.01193061348002	23.303769066154345	20.22487867920673	15.526385633013833	19.50108555689123	27.574723538530623	19.31962923772336	18.453482444546264	24.41787995968828	26.78513693175415	20.312707514943806	22.168851422788947	27.351147221039774	25.833711904910004	29.484885693354524	22.51264604037909	19.200504365859693	14.840279173013421	19.7520420549825	23.83995926446043
