0.0	7.8068218195376575	9.957524363539532	10.423533771827804	15.647988515546523	15.700499188951765	21.355109598618736	22.487517592651248	23.187417752318577	27.791839021846013	24.559837607354936	22.797767768644412	23.529761925746268	21.861072887213123	19.52152496858139	19.94739686983755	18.89621781376216	23.51358961529889	17.159436693898808	24.49171823136876	13.768316348354864	14.293162570668834	21.713649046141555	23.24545206012286	24.433965942670596	17.1079453166173	20.544158409389034	14.3401032143785	17.846262121211204	14.991302501450832	9.53115601136109	9.749679698752757	15.582469720423214	21.055346201043214	20.70640790544522	25.945078210218572	25.83407666524659	31.389789981246892	31.48787000486741	29.105446346442523	33.969478794927966	30.338656377052974	27.957700666514786	31.693731012656542	30.972263395304154	24.15352346999823	26.496434778662444	28.212066177972275	22.103609551164745	19.806582665413128	29.78104947238849	27.81318239410501	17.39026523286776	20.128137607018893	26.825684737625068	26.1139562187998	20.02336234217253	27.055754621682194	15.77937835041214	17.84721801187762	12.85231006002463	11.092669056002158	4.496970732051102	9.844522627049862	4.885569938573715	5.704442009939452	9.474849070672647	15.350467657557953	9.248509517517247	17.53653886261898	18.06861817217213	23.627265609452557	23.61944500636272	20.24357857248366	19.70197084518842	14.559857397700574	13.237137446387742	9.678160089049143	6.5838980013110096	12.483098004529404	9.128417144002091	17.48080649656273	19.917064922177044	14.543345863182543	19.236488106889933	9.247284473991787	15.415345130393455	11.69036918423472	14.014715188565653	17.744217891688677	18.831512606436984	17.299392578487854	22.97936487149855	23.784478800395394	23.666219585263324	24.552010428772636	19.294007639268855	25.870605154635687	16.69428195783311	18.41072222328435	19.527825918395127	14.15529144354023	16.58659209554931	12.821037350870172	10.696355884424795	8.96558753743889	9.837441635924478	4.077046443103002	5.776022865445386	13.709136287955246	14.707307627018015	11.550115018460833	11.923945840551662	17.204042773208496	19.577272440706054	17.076923352006812	20.393392623007387	21.831996162910652	24.49216668336749	23.076529235372437	23.874007037738245	24.0741868437436	26.68523891584002	30.607849308761928	26.952464954382176	28.06437937716566	24.711172503240856	24.985160002069968	32.31087433886251
7.8068218195376575	0.0	10.854531591732782	4.728710036087533	9.87415643287947	12.54942749838525	17.437553458760096	21.131546573039977	20.36690244537222	27.454368032704256	24.89702437595879	23.114323435735088	25.939457683401418	24.8158186416824	23.037177968162958	22.01645996211456	19.340508219203503	22.316698752893053	15.9299492665496	20.180949126134433	9.533674773140435	8.84288459591698	16.485759083566325	18.551963784957554	21.208071963693882	14.378089388190666	20.965206295713852	13.465289333634903	21.808083151581233	18.091401626617486	13.944912536311111	16.697850666234153	20.844494740405967	26.006470946360103	24.80816939675116	30.49323812752571	29.288051271483234	33.75952057516378	34.823389430049886	33.400329812893844	39.09597927915986	35.10837304860337	31.548463761456347	34.78751622910137	34.53125438698059	27.798493980687045	28.77763449052635	30.41557805988821	25.3131793532781	21.672115403376857	30.18769628840555	29.33185745035464	19.646772795928563	20.24277783656147	26.482557418457144	26.157810731302973	19.231485517644458	24.79182853562046	12.955662482638617	16.91963730598213	10.475575169419457	9.563831686373298	7.976212364168647	8.496036006070483	11.296342588755898	9.705711806504933	12.910502437151594	17.58101675176569	6.942926467417774	17.553168905316312	20.09102756382339	26.958051691035855	25.90046805479663	20.29717381906806	22.14759624554129	14.771295508180735	15.801346099432676	10.869052565407573	12.28059630387504	13.06656100242868	11.363120011000063	17.976420296934883	18.99048601175646	14.940999527462424	22.10808566991425	14.384964853578618	17.94531647225038	15.886154920494224	19.212973751833207	21.41661783388709	22.681780427652328	23.076490261891312	28.328454802488256	28.05995893656758	29.0138301528773	28.75999331930247	24.322320768982134	31.91809925626014	23.488132142552804	24.370570446558904	24.600317275470047	21.102727119940976	21.79521006788714	19.625837501870794	16.064101981161745	13.678106353553789	17.135368788937004	11.80997240015714	12.362416751367714	21.351279352174792	22.24673682460938	17.862349346473856	18.432619541414354	24.630240893495593	26.151496108095127	23.161840884337778	27.134243981759106	28.864499888385456	30.578869912272015	28.98642084038662	30.83806435162046	30.814396100745114	32.17902133029653	37.20460930089899	32.22893122033667	32.706305657626295	29.963822148430143	31.290971165758748	37.8247570469811
9.957524363539532	10.854531591732782	0.0	12.054690852690554	12.364256224169605	12.971101586299897	17.5815555348964	17.96376674264462	21.317296853662064	25.484507573020377	20.910661997202073	22.075746297419652	22.9609845531343	20.203419076799513	20.199418919209798	20.793144206189478	16.823210933633916	24.01327084940419	15.000862304336808	22.15026312359939	15.07897130232206	17.237226733320067	20.74671337983502	24.063914654818028	24.24716568155244	18.915396652073454	21.410502879671185	15.231977549620117	20.279030645306282	14.647915536205417	14.377907701051328	14.955645273518645	16.71752944594071	23.22837145691898	19.9018789389434	25.4251873483378	26.975091556447236	29.361889555528894	31.733836391925756	29.932998757503263	32.6243025909799	28.275913274715517	26.4553348104823	29.2952933342392	27.77784490388116	22.07990101920987	23.761551224159405	23.740207198898073	17.24194055376635	16.55329194031276	25.230035954787635	20.599463522450577	11.101227349488594	15.104360894702628	21.385246085219435	18.566076934345734	12.592658678163875	18.523880096696146	7.296956731435106	11.88527471152164	5.720948167606619	10.559292271347527	6.144202291811863	13.871816817347852	13.379001941162862	14.680237843381995	18.503331628389525	23.096489311831565	15.500428185408184	22.72754479280841	22.735489301367345	29.359257086001534	27.964675381054256	24.415033804046914	22.824328072824482	17.913264051929158	18.401647695948125	11.909325696136138	10.719799962586022	11.396651544716097	4.089007123672739	10.404246186084134	10.99833540720461	5.07840904217997	12.23631787999445	7.634841695610208	11.537719120571586	11.404255639874833	10.517351609728953	12.788225119768567	16.21742314362678	16.34478506665645	18.97444095225138	18.90300309314077	21.57103762783786	21.455659489459382	18.788055931544708	27.34741273042601	19.148363768748823	21.74181989395539	23.836718217467837	19.972323964237027	23.32234181434971	21.606508618245442	19.902648389180648	16.940497631752933	17.916307047036515	11.56550317145836	8.55169062943812	19.28060997496215	18.063003103293607	10.800013950419483	13.192655418806178	21.261443768079378	18.466382066597756	15.357072890558644	21.529790871697067	21.91496528875027	21.673239373627325	21.11909155973972	25.180460727334385	22.906255592987883	22.849828388716936	29.875970022738336	23.509782594494663	24.82782568575058	24.027611202554134	24.865218257957057	30.11009755914654
10.423533771827804	4.728710036087533	12.054690852690554	0.0	6.899493532756546	8.560925022572892	13.254386997466353	17.45465587890216	15.802825549243927	23.44187355593637	21.477658088530447	19.323016714642506	23.030007377653565	22.423600088783612	20.808498548229437	19.01447968721041	15.974507180499453	17.99238320563341	12.100387819672864	15.593253309752253	4.888957797911983	5.245209579219686	11.921755374328542	14.01417347945271	16.507222421914783	9.970284439061514	17.24562943253317	9.673936028563991	19.862251662261965	16.099770292930717	13.06849022172395	17.34625801533636	19.953217813081757	24.507809593833475	23.044808905702908	28.759975301841784	26.744813116843122	30.761856119907012	32.10781035226223	31.27172046516219	37.73885585982736	33.710021798147146	29.261424696037004	32.248085347982176	32.4874764361195	25.79467504382803	26.002148972506426	27.95818642404799	23.91585974548766	19.136062151666568	26.829684178474004	27.56983012878514	18.52574496737012	17.3605754948252	23.192834136192886	23.884421291152158	16.99621595203034	22.531950062264638	12.5905617689755	14.238178698150701	9.66735359994054	6.388964312390951	9.310714168268811	5.72297548273999	12.513649646901483	13.402248787643149	13.392777319231671	16.440047016699825	6.15646425336948	14.606033691407665	17.499038163483203	24.973712773999623	23.154195004140927	16.916495465241386	19.401145514420957	11.515609431404522	13.816378525171512	8.665797964822474	12.563812024799624	10.382865755661088	11.527837326771653	16.264346715661965	17.622496299714967	14.897717787340719	21.67896656758573	15.110232150823919	16.363826127461493	14.966477405598246	19.99827562298023	20.74373284578446	21.254636506353084	22.942835539140365	28.813376379998296	27.52579969362379	28.40622626135026	27.400560692368845	23.25670011481046	31.137213799468597	23.709280725393402	23.691866890301664	23.325700547675673	21.59701793231513	21.197488616031357	21.840167586221405	17.068332403335788	13.726273296685008	18.862362548959936	14.42351589313781	13.971739092687308	22.743180199236452	24.748165967011754	19.386632937838606	18.99194205105036	25.50149161438256	28.209416185562738	23.81017446081806	27.34614135815405	30.002970891337217	31.62847209915538	29.02425094692498	31.17511647707572	32.13172965451686	32.57679447789515	37.42514514819009	31.970725958254363	31.624688717557117	28.849339942297892	31.082625751563167	37.123638761031735
15.647988515546523	9.87415643287947	12.364256224169605	6.899493532756546	0.0	6.435854568695903	8.883905034691303	14.438296873924692	13.75620726864214	22.023724621141938	19.772722921618477	19.452551848623703	23.870076617507166	22.989105118286385	22.808338648891826	20.77193933505728	15.679985268943714	18.441496245333088	11.280207583431165	12.245180164459157	7.71742807848619	9.538394495250122	9.660538982388905	13.796159532997327	15.669174422170569	12.061742856059835	18.6139160663159	11.729355715449834	22.909226328871295	17.86774121486817	17.680057766475507	21.916899260966925	22.687637776215325	27.454061024227506	24.425286557655294	30.171853489299775	28.682817590901404	30.474874149425442	33.3535664569887	33.16688741588832	38.75091370432529	34.371442509542526	29.81869624383545	32.05177011326765	32.143995139795365	26.279025285670837	25.529792695205774	26.564073107112915	23.261685008548238	18.719557138339447	24.418684336643548	24.80552294531594	17.52078525014965	15.23726090705483	20.059390445889782	20.194952680908784	13.371136312176446	16.910856336211577	8.788427093355915	11.35968255719952	7.319050505865127	8.309200441121039	12.902427619061157	11.241090285234277	18.219799349602866	19.284886135372066	20.003156793105838	22.47588501303677	12.971542385157466	19.1515453391216	21.640103820694087	29.54710609448705	26.812259802572846	20.5059570715885	22.550097885355743	15.237014483381389	18.5725238678253	12.393216245918248	16.785583320693316	11.714874353919566	12.692345502402532	14.053719676018359	13.660040472168873	13.119378961796414	20.600264820445126	17.387914135141436	16.494540929056612	17.258490553986544	21.347091344106197	20.70379337352851	21.935763418593574	24.914696073378362	29.404338803225347	27.262413590575328	29.528348913571204	27.65767532451489	25.09199066398444	33.88574559511743	27.184076753613788	27.39740687489552	27.381236152687467	26.48617273510782	26.516560036395095	27.931674292820063	23.459415925427397	19.702090893901705	24.530988890691972	19.363656707855444	17.648523080545566	27.53801787745614	28.738633867684353	21.90709732207493	22.09379498021709	29.713383829339694	30.440393786456895	25.660475767759177	30.233835256340047	32.59301872730301	32.86448766468726	30.441372648869873	34.13554281890553	34.175009750569366	33.09592709900839	39.3475317888218	32.46127482095701	31.84668849408419	30.453616559313105	33.24885922744304	37.97717686063116
15.700499188951765	12.54942749838525	12.971101586299897	8.560925022572892	6.435854568695903	0.0	5.699639380958591	9.01478417598607	8.718193891320869	15.893988684892125	13.757265979491592	13.05142118278813	17.57304633778165	17.055019585104453	16.99139959589204	14.634161076296806	9.35829459692282	12.78105239088897	4.853407905475942	9.408840002800336	6.403349583601415	10.450587178810405	8.678571167683327	12.050387529519783	11.502689919372527	8.30049801951548	12.488799607433332	6.469881399110383	17.470639883229282	12.565247714145716	14.08508372783161	19.050749501946942	18.049318105382905	22.05231520512331	18.889471624334256	24.46838084916691	22.531313435965366	24.205158058947163	27.029005890108795	27.121648797664317	33.26520842297919	29.00945997312599	23.81302620297234	26.00728496627164	26.530262696593624	20.591100832632325	19.462750850735066	21.079124120888864	18.722260833111335	13.003489714685923	18.79489972777759	20.976116725821203	13.98890858374742	9.9556124211326	14.95109926564006	16.61931495959796	10.306985415558962	15.801075524212841	11.120831244445023	7.194654558620835	8.426635866363787	4.899501001595997	12.429401970517498	9.255180130277571	16.695326357660754	20.362504195344613	18.51757011015898	19.684341464252274	12.994660898584662	15.424862591143551	16.805977813468267	24.720534910094635	21.493342844641596	15.953518063331087	16.944688032834748	10.68094476377887	14.421077686367756	8.68169078231313	14.248182198883484	6.711680667700171	11.300999579519655	10.729535756414434	12.472587214036812	12.710892534717864	17.836524735931135	15.313732307088745	11.987429947354089	13.197560691532965	19.09815138684959	17.04445234143363	16.986590149735274	20.993152900080933	26.47061406393838	23.45797076971814	25.012857961199295	22.629961371398718	20.15154264175471	28.809376122396475	23.360879619593394	22.744174403393018	22.421521229884018	23.16620080562415	22.628659700648942	26.6937998345748	21.654601275671972	17.26222372882337	22.781327200795282	18.883592806835534	16.352038898750582	25.010676696293093	27.47869449893113	20.198237301668595	19.058720788505557	26.45140779177073	28.968969907988615	22.684122008091173	26.26697132410975	29.66521512795039	30.266717156159093	26.563777592586366	30.139563383228644	31.578808297000585	29.917984448043242	35.256604291443246	28.46890316966728	27.007033123474738	25.267685637803382	28.804415670610833	33.19403550653253
21.355109598618736	17.437553458760096	17.5815555348964	13.254386997466353	8.883905034691303	5.699639380958591	0.0	7.651497912540805	6.221403393538781	14.45621310880042	13.421860684261873	13.672017454078818	19.25245123237742	19.249668668101513	20.080079773245266	17.127609326702746	11.25691739327092	12.714851015919878	7.428921992289543	5.107108877661902	10.370047191456136	13.825251799465873	7.082983609233518	11.16437266778245	9.723507412055344	10.748701078965372	14.19480863719692	10.61352859204337	21.161920197143964	16.50434954657773	19.286695949404887	24.411352748212924	22.344232331047866	25.607604610555427	21.894137665092373	27.011750942794798	24.667573356775286	24.508329611163518	28.327738768768462	29.332127833673734	35.463255014104355	31.20331364797221	25.444053945993947	26.79871705181568	27.734272701629255	22.74455707831046	20.30779080018516	21.56825721097876	21.000999646625566	15.093000602114362	17.456805955243567	21.338954410627323	16.95872129706338	10.985097558458165	13.433195732991708	16.110213694826427	11.116360288596272	13.86158507570076	13.721894310091775	8.974977103575142	12.30282575848502	10.568580113507942	17.995657778896838	14.351843301992709	22.3362112530435	25.872828137386946	23.744855549493625	24.070584178430085	17.863703558072444	18.686569534112802	20.25508475901498	28.02351664688826	24.087350052481643	18.409139578805632	19.951982721266027	14.583303865405563	18.906286300802112	14.054040366069126	19.76793727456221	11.5919406254799	16.311714670397485	13.130327933178336	13.67223702124958	16.164474677315333	20.716280096743837	20.397771186695824	15.593967747939244	17.94934225994053	23.57653935597548	20.405363720842537	20.165270561007922	25.177547148910143	30.034301790670458	26.191071659054824	28.265743093784273	25.069461561064095	23.77993624427309	32.38887372623082	28.06796683322551	27.062613087831682	26.441194940976064	28.31099039565769	27.284044986870317	32.30469440208603	27.026657039584954	22.576435104379595	28.37303134970973	24.5597045693101	21.856455751949806	30.38595516964175	32.88401669796105	25.224100820698933	24.06510286693181	31.484124743086948	33.70230288346577	27.07073908520171	30.630636664554977	34.205370576846235	34.212573420644745	30.253203193550007	34.41900120513738	35.92255323320634	33.23753924802562	38.8938439114255	31.456060593635414	29.351768062284126	28.35410712649655	32.541619130866295	35.8339860746563
22.487517592651248	21.131546573039977	17.96376674264462	17.45465587890216	14.438296873924692	9.01478417598607	7.651497912540805	0.0	7.812987010989595	9.080411076579468	6.077426284611323	9.365900463546863	13.39356635514098	12.948064441804627	15.200215447643428	13.016501205256798	6.509941863481286	11.924333777372906	6.334118665346108	10.59824664510528	14.722332437508248	18.93335553114268	13.832587351859004	16.57812727872175	12.534476998738835	13.814812568099175	11.64008272703721	11.244374178193853	17.36895280189434	12.58293132116201	18.183324048043502	22.58446487930719	18.22780518440324	20.897100046493463	16.10890323682224	20.64660228360426	19.294850356049942	17.440534711263325	22.161430324803803	23.319495257681957	28.48668596546361	24.235297569849813	18.534406888578005	19.45576519259449	20.30643098600062	16.036303859191317	13.070480939931572	13.994739662132115	14.712024871453599	8.848991185016486	10.09248315728067	14.94352227456789	12.51450569181533	4.818093330082712	6.1810428159576665	10.406465828289425	7.855414152764396	12.332336816215932	15.679550353247881	6.261095375711761	14.071669157719551	12.161479136270891	18.621997132836125	16.682260007134058	22.561583588165345	27.810405568781327	24.925250089519533	24.84313126557642	21.098335898365185	19.791485946702526	19.132562261826745	26.07751982048487	21.971149402887786	18.695269883689488	17.23143311566768	14.952006803362933	18.321699955350702	14.18387510087491	18.805808807378124	10.443250844514743	15.649549144991179	9.574778379512146	11.918646545557177	15.25104006699595	16.319704531812526	18.520326941853913	11.279265033631836	15.001109069867391	20.44232625404197	15.594529446464987	14.530649219313334	20.591539559747687	25.109382361358588	20.32751936640308	22.308294355523707	18.44108678953317	18.47373304625298	26.907789719020684	24.257485009083002	23.124086954416956	23.01741008219343	25.97759212846374	25.543185065334736	32.057994638886726	27.27553798163028	22.652888286835182	27.684296680082767	24.706909729762053	21.069745216003813	28.246745248197175	31.02075443582019	22.94865504015871	21.135283533419923	28.28122729803164	30.66508510864286	23.02754045198206	26.035138254702844	29.982963931150596	29.606095660484247	24.8452244957155	29.566700265408127	31.59497132139398	27.82561681079175	33.098400410045286	25.388021962532054	22.569515656495934	22.23687321066873	26.97312129775957	29.119933474910887
23.187417752318577	20.36690244537222	21.317296853662064	15.802825549243927	13.75620726864214	8.718193891320869	6.221403393538781	7.812987010989595	0.0	10.03988251040361	11.37090746017297	9.23236130065381	15.84558108367125	17.179464605808064	17.504704871644016	13.641638582667825	9.453357077549347	6.958283636747373	7.111880244804796	4.80424756616524	11.51259882095474	15.008668519945665	8.111386478292252	9.394573067619987	4.7916452778512255	8.831956373601152	9.793733284512765	9.510242128395538	18.548556183946936	15.534376241284502	18.634364167649128	24.3337807232717	21.37221184328889	23.017810163382205	20.17179005669941	24.658795064636042	20.774524472703895	21.05347536846418	24.169287933009546	25.794235123337646	33.389099397859546	29.568360335553884	22.76297569469879	24.048790374405094	25.965416854084506	20.96794663274271	17.877023692267773	20.40065091984387	21.3906538411364	14.255537330372057	15.584680696526782	22.70944284715124	18.84851927048776	11.743135783622881	13.10167440396117	18.160978360410187	14.496144375377455	18.232754679210696	19.000333716050744	11.860149806530053	16.835227519739014	12.250617863699793	20.30579916755203	14.699469984651973	22.856104861146775	27.65791306003883	23.279008269378643	21.930152990992653	18.620451158516424	15.583283759170076	16.734251577847242	23.96130188917247	19.50455334711487	14.261143634767002	16.12612794468995	12.323405314565397	16.85346732920457	14.246427959212074	20.430157519414017	12.11224233952094	19.013617282083707	15.86196498932432	18.006365280466582	20.16261241792902	22.973818794581952	22.156024036903055	16.419136019856932	18.22957952623411	25.39377765487064	21.664738434738588	19.778414917841264	25.25013700193166	31.319422018472796	27.02369106089711	27.81980449577859	24.33549897584625	22.72588210656335	30.318056563677995	27.44074299096029	25.220642719317777	23.67984560342709	27.368161174708	25.0344450379417	32.33979461186225	26.427113772796048	21.91781415357727	28.447486808374542	26.09171627150535	23.53045156912628	30.26271624367108	34.11565821729323	26.94906748869701	24.584882773184777	30.94372437629587	35.487747260607456	28.00916595605895	30.04093146381168	34.68892915208497	35.47335281482281	30.364341362768123	33.64833792416323	36.8677355764152	34.23024092383404	38.350920324032295	31.688365057469742	28.689135709488934	26.79603353155712	31.641938489214958	34.86984750438655
27.791839021846013	27.454368032704256	25.484507573020377	23.44187355593637	22.023724621141938	15.893988684892125	14.45621310880042	9.080411076579468	10.03988251040361	0.0	5.992980686202048	5.859612216279398	9.800969133146372	12.044366564807666	13.9591770052608	10.942283280540103	9.09615133266264	9.176120924877269	11.629878821782201	14.327804652318592	19.59070255895153	23.508660966584287	18.13699792326338	18.61357375010051	12.686427091141825	16.234291290423908	9.521133498580443	14.618957245528726	16.381302754991808	14.84354777079675	20.734829221594115	25.36846493796506	19.592401304076706	19.151788416674584	15.760924927225412	18.33614659670827	14.637600874063711	11.773996749893756	16.01649727929095	18.771668260700714	25.90272009385396	22.60655087201423	15.179531175038651	15.32306907804747	18.183485962934217	14.968270195953128	10.302196638228393	13.439128972686817	17.724572358635793	11.31375741637583	8.052285925694918	18.938476054274798	18.450031567165183	11.352694639805799	9.190832931689572	16.254821053504774	16.277676959857953	20.29175689275567	24.4558335530644	14.637844234863705	22.322527546877364	17.999507661448078	24.643080214484584	20.787311167454718	26.341097443878713	32.87029718278807	27.482071040966247	25.272530136258602	25.29873734515008	19.578207934073248	17.707309102205627	22.810911418837627	18.04122483546057	17.016824844548676	14.794778034482558	16.31535483260892	19.18877445382263	18.333023654883267	22.92066559998307	15.46734340346348	22.3231912510915	17.077529271055376	20.47677404499533	23.253741421942447	22.132163540634224	23.875673083920713	16.16137148991409	18.796917793748495	25.566355804870067	20.199049798125777	16.705792498299736	23.097025725546963	28.80466781259766	23.449515469151383	23.37873198544837	19.03074940332313	19.22743375740373	25.320094148356436	25.715944807804238	22.796926537396192	21.442013965357848	27.2769962438749	25.175094725777523	34.74841422411763	29.43358940434168	24.992972708530637	30.54533076178831	29.5469842301599	26.21698891802022	30.581929902947678	35.032166136232064	27.90276868325247	24.605342486334173	29.80232755129676	35.17734726602955	26.665842694644727	27.189657893749157	32.563953374989815	33.11771310239215	26.796312972638077	30.182830954674902	34.690226738107555	30.7984908359369	33.527132963137255	27.18546912744557	22.810201184216066	21.428346112798323	27.229757639542825	28.566976313784416
24.559837607354936	24.89702437595879	20.910661997202073	21.477658088530447	19.772722921618477	13.757265979491592	13.421860684261873	6.077426284611323	11.37090746017297	5.992980686202048	0.0	7.103281731591686	8.619080528577314	8.485656113469428	11.773692511149575	10.28752508784453	6.1474138521152595	12.200383890583113	9.52570438134915	15.384219894086762	18.613498102647295	22.875737984483024	18.698988433535316	20.38043744191587	15.316340504547084	16.651073178197716	10.548807289769847	13.42174821325059	14.729371895627779	11.29723133652273	18.31774290975322	22.114765736967957	16.030213037584186	17.2106241456368	12.194593353776808	15.649659531156649	14.513871690581942	11.372877627918303	16.517012311135865	18.00730008583306	23.139164160042963	19.167784544179515	12.898595240499507	13.49548321316401	14.886246517166587	11.197038146588792	7.245929241149531	9.067512102894462	12.082313019806042	6.207249692850627	5.640339305038104	13.376750910602047	12.725383755091993	6.094940389337056	5.009004521218444	10.944823144042715	11.250139052832168	16.251767070012015	20.231665089704723	10.139550573126556	18.312117141236158	15.424409925679416	20.92815041133928	19.28775235967522	23.60380398329827	30.021934642971047	26.02221824074322	25.167057958024927	23.932584316745533	20.486610102366107	18.197778219326825	23.833186161153055	19.7167894692536	18.72788729229843	15.112627567677015	15.961265909413898	18.29663793497551	15.904810560994832	19.51482640971423	12.333626846065487	17.84401154176559	11.675422373482538	15.372151179937893	18.139556404192234	16.235031788137576	19.26171475830343	11.062811199368523	14.717195394035	20.322548926230663	14.580701306342226	11.812452321718604	18.457711101343648	23.291225019769797	17.884556129350965	18.77019654231154	14.357812885979111	15.242365370093696	22.64951551101097	22.071296445308164	20.304019593453855	20.212317885066557	24.585909825133736	24.06683112257882	32.1652965374132	27.637831457977146	23.153842296519024	27.71217719490342	25.999941676864662	22.151848450717186	27.247783002445413	30.735744998554974	23.08311405589642	20.34437128248278	26.381228762697756	30.012399170142057	21.630919252867983	23.23624719915523	27.89458915460117	27.77143867630161	21.951403462323725	26.379764812901442	29.66238543319861	25.41414274664755	29.343812072316194	22.138773061728156	18.310006996172216	17.874903488902202	23.284111244620107	24.594310009619083
22.797767768644412	23.114323435735088	22.075746297419652	19.323016714642506	19.452551848623703	13.05142118278813	13.672017454078818	9.365900463546863	9.23236130065381	5.859612216279398	7.103281731591686	0.0	6.8903609040077285	9.459675774212936	9.511802065105481	5.603544348687381	5.486709160586588	6.121485503324394	8.356599316012874	14.028892540709561	15.593874826897745	19.418810062739293	16.32027844660456	16.383539365377764	11.245836844939998	12.072054967562469	3.8771766780718253	9.819902403304575	11.209435510885186	10.226942733053512	15.173039880342259	20.102011302282353	15.068959804122734	14.851673820875988	12.524586852783196	16.103297510264838	11.611254929051714	13.008853248497232	15.06248272160172	16.600052933749364	24.95160844457283	21.592894209330083	14.23996816722535	16.024202465126205	18.49498135112473	13.240067861837044	10.377036048455851	14.5354805011241	16.40648842627185	9.021307954737118	11.76505448294787	19.934473727095405	16.36178628186972	10.317583550053673	11.770350432948874	17.519874821474943	15.621624831681165	21.56651904680922	22.354811091680524	13.064389040120673	19.55262953480376	13.810350292349003	20.128672964599794	15.788422985312634	20.89029636276498	27.66444498680191	21.755337703269966	19.52849874203271	20.26443132770254	14.252073623021493	12.032239384020048	17.768835081999583	13.238751129829936	11.970907387501388	9.289174349309286	10.802837125471061	13.34858733260434	13.250892261183889	17.821290421533668	11.080258907260232	18.545143632728642	15.389078480248564	19.640954040509975	20.849539062929104	20.35278510023158	19.710944039396868	13.018967037599019	14.293051658137452	22.094713513593877	17.74028120141921	13.839132985648655	19.478563180392797	26.474331091249034	21.94464670723437	21.001591555186852	17.517303622362654	15.703475041306273	21.98619376630477	21.196721002815845	18.022610255222524	16.339450109351766	21.92174598874601	19.504010360651233	29.091182632496096	23.632187564236204	19.24177165542032	25.000134874361304	24.46122672119289	21.52295741410113	25.402206541159064	30.3300240123866	23.79331117717235	20.100154050037332	24.986945091142598	31.514455641069485	23.163540414755353	23.303119664797443	28.92728767861977	30.409626349657877	24.082797522441822	26.507385035040475	31.45552768495634	28.82807609799982	31.02199574084096	25.48541441808906	21.72678138344206	18.85295003948015	24.218348638523512	27.27857747260292
23.529761925746268	25.939457683401418	22.9609845531343	23.030007377653565	23.870076617507166	17.57304633778165	19.25245123237742	13.39356635514098	15.84558108367125	9.800969133146372	8.619080528577314	6.8903609040077285	0.0	4.334934634014333	5.029892660044635	4.945519483793406	8.373190133477083	12.555510066968637	12.8163711175245	20.562615794880426	20.25123570769602	24.060809765062185	22.612886349374413	22.857648783998663	18.067861153049485	17.431737234579153	8.467479409902712	13.860085276839676	8.057311781814626	8.827506861643585	14.992893902690762	18.123862588839387	11.268124073787599	9.515561262022446	6.947429003498497	9.294446451479537	5.980075024262083	8.461749381713616	9.520327620956692	10.13753432677201	18.180825993631256	15.067028132376471	7.695443054337819	10.436097473089047	12.781725458572426	7.285004998300494	5.950232517142353	11.000524394900072	12.929286900423563	7.682201500543891	11.838087807499567	18.133668087549893	15.231010681191286	11.894912988432845	13.370447941613953	17.82777991208254	17.39017828956807	24.04795056089585	24.791375200345612	15.512731027351947	21.98890385795175	16.979708784628706	21.00117421065774	18.93150487633113	20.95788094671406	28.524510413769708	22.719064485375906	20.80480713687137	23.284041078140913	17.47260640462299	13.157534843567841	16.674416197733066	13.21641980004319	15.464082555108979	9.021047800310411	14.06131920325673	14.355660663380295	15.213442608438713	17.393891067276392	13.215120762003334	19.056863974872485	16.077002825748323	21.082207775987573	21.58229343558192	18.446334173922033	18.575236709873394	12.030784652153853	12.944768971096332	19.701321915558303	15.115262475031399	9.945862203386001	15.194256186153554	22.21368913292334	17.723434296894553	15.378561648836103	12.079909181485636	10.551526222043794	15.61994718370686	16.859979261338268	13.500005163698871	12.677894317462382	18.968849628277386	17.633048939567292	27.702766862906817	23.35074806376086	19.433932025188824	23.545631152336764	24.05898913602277	20.814830708083434	22.414885571465422	27.51898176386403	21.595698033302607	17.315852194166073	20.90154170806895	28.02151971208444	19.36025558592426	18.103285779634746	24.14605461127243	25.861410750203163	18.81969442152496	20.842061761147136	26.72747899193453	23.974827579917783	24.800675554127814	20.113715238120353	15.917980751614177	12.436774319519802	18.158403873660642	20.857230767091455
21.861072887213123	24.8158186416824	20.203419076799513	22.423600088783612	22.989105118286385	17.055019585104453	19.249668668101513	12.948064441804627	17.179464605808064	12.044366564807666	8.485656113469428	9.459675774212936	4.334934634014333	0.0	4.955450942392483	7.198970456010417	8.218599925650821	15.32929143221979	12.686725395764222	21.57702764894913	20.42785458483023	24.382196553818837	23.472771920597072	24.503536714901117	20.142416144872783	18.659084127449233	11.013361472072138	14.242876800908864	8.48036907159991	6.975247632207782	14.230071170691978	16.357772932270183	8.904858554171708	9.292112068092969	3.833303160349401	7.783885815155389	8.61751954798786	9.672460394937277	11.858994956326784	11.20329293973766	16.524264107498812	12.668114094391536	6.899590256009491	10.03848546261173	10.699665511471657	4.0243039147410595	5.032406342576317	8.611107562956263	8.691639669364488	4.9418561804621	11.601164331471548	14.750907395220112	11.510053509966843	9.993625707892374	12.383628220679693	15.15414062331233	14.957083864441042	21.950411215016256	22.43099042273717	13.58713482494118	19.86064420519753	16.13682223851048	18.962607632141108	18.851562683868554	19.75855733810869	27.138342577303412	22.654624369986976	21.971445493075926	23.188920137601585	19.40215230560261	15.229878491985376	19.155479532989087	16.366528921804182	18.052024516543153	11.467950300571353	15.156109849603972	15.101090041848412	14.515307126578895	15.59020478274552	12.089491053559758	16.40238129495215	13.121154783936204	18.244402655102263	18.476583710221917	14.356423475402663	15.558625638188023	8.792531913221172	10.42067982597952	15.937970953759681	10.978442389006268	5.792802744930889	11.596018949527737	18.010686821548006	13.436095935324603	11.670039342435976	8.213928592393442	7.314998252899775	14.206864361379525	14.46724948059474	12.476084309832146	13.24568776584866	17.7508700732235	18.112525568054068	26.570503326967668	23.000209917557978	19.113149261707896	22.196982165232235	22.058365084626793	18.33603026204348	20.511334917375724	24.686538115642826	18.261724376583576	14.40816824147524	18.835668863618285	24.30765579715288	15.574274896125523	15.296214060666573	20.74380055562151	21.846911870437587	15.039997203046214	18.228507982270635	23.018286952551854	19.87068283401864	21.785830778950398	16.196252696838418	12.42893321160575	9.794874461548083	15.275843913669082	17.96569256785173
19.52152496858139	23.037177968162958	20.199418919209798	20.808498548229437	22.808338648891826	16.99139959589204	20.080079773245266	15.200215447643428	17.504704871644016	13.9591770052608	11.773692511149575	9.511802065105481	5.029892660044635	4.955450942392483	0.0	4.596188455436461	9.035340530795136	14.245031928205778	12.811538265230581	21.945312444749305	18.806549932613468	22.308728250344238	22.941023104637566	23.241035558235886	19.492111324143515	16.730904165181247	9.235649994136077	12.533412241062003	3.566269001083629	5.624751096104494	10.739365571293833	13.2217880479232	6.591944817734136	5.7465579572633425	4.610303272314357	8.687808479735173	6.789149118912142	12.690839792356366	12.048671279926571	10.530781318895146	18.235589083630696	15.062497651564028	9.56148316571407	13.460917551567006	14.571076902152457	7.64332175506097	9.43777568191892	13.54361759938025	12.39027856238755	8.020322757459807	15.802093545092585	19.281628303542448	13.855496687919743	12.70371438419362	16.260142526267995	19.257547204107073	17.560776179430686	25.173427132918032	23.36786403181166	15.412153245945968	20.25683353274302	15.023308121199294	17.479147476913948	16.329110490421005	16.560885527741615	24.321520630655872	18.681845977849903	17.47250748938892	20.323401792426523	15.645065096574166	10.889203308703953	14.459388807743537	12.196181304427522	14.534849504158213	7.242203457242897	12.096375008833935	10.981910614278146	12.308888178711227	13.135496417374805	11.22752437943485	16.132258178430614	15.36366981445325	20.682053561027256	19.70721486898594	16.895141362730516	14.80505222067021	10.109244296160643	9.166400651858966	16.25060842276667	13.055731576124955	7.8843665869673645	11.47540585090678	19.67312939062678	16.35894833043344	13.229930004622087	11.44190253809938	7.140098010989755	12.865473705353104	12.198049962627875	8.855983614712681	8.58787625587898	13.963283600210163	13.296062823097731	22.78070261580592	18.820638450504116	15.139786483500764	18.62690285079412	19.597588333746756	16.620720002769094	17.40887157138077	22.783337522676614	17.499519465485474	12.817419556958011	16.08960253084891	24.0638843141769	15.685720107783167	14.088582344894697	20.25909335889364	22.83076441147101	16.03459469542915	17.141364692661977	23.1819448221844	21.776239722218566	22.31322985650733	18.443553500923567	15.406982893912595	10.522602726762525	15.254019428611363	19.942464955303798
19.94739686983755	22.01645996211456	20.793144206189478	19.01447968721041	20.77193933505728	14.634161076296806	17.127609326702746	13.016501205256798	13.641638582667825	10.942283280540103	10.28752508784453	5.603544348687381	4.945519483793406	7.198970456010417	4.596188455436461	0.0	6.842500079202741	9.686945164822552	10.18565394284966	18.20320781488657	16.10688296734501	19.63679812441376	19.305223142060218	19.160097279953153	15.144863178859863	13.125146913616371	4.69550684983273	9.728161571780793	5.630130963276635	6.839256439109157	11.149574951073996	15.443734606836266	10.317223152445745	9.56330976795122	8.761323185934659	12.582506620887505	8.072562150628109	13.297806301857904	13.170097028834586	13.153952320083004	22.033171779890257	18.89800354195909	12.22094735574493	15.344252436281838	17.32368720678344	10.878954617064233	10.412809477132983	14.993383341930429	15.045309317480925	8.576062550503687	14.970554946898767	20.713385304386374	15.417551924170196	11.95798958543506	15.160717979166295	19.45624136775213	17.147620658543484	24.35628141567311	22.899417405219623	14.484161644443953	19.684232234514152	13.421563340173652	17.870781043870043	14.460426197077947	17.18936852527566	24.642615479212587	18.247889051069176	16.13610526220521	18.683388568131768	12.606319654458503	8.578999321939875	13.682810517755605	10.094523563193238	10.907084173523216	4.950538871180276	9.21599715289763	9.6634000485393	11.224540383929929	14.241181820597081	10.097289939524387	16.8392716184684	15.688430727419844	20.696421750208227	20.358062188619126	19.10855744821762	16.725911027329648	11.423937487619948	10.940388468099163	19.093205161893714	15.704692253922854	11.085968212948595	15.465795814287091	23.504178048002217	19.819491580431002	17.54280514471846	15.109738309282374	11.523404825669738	17.18628456905051	16.138006504635026	12.52440319438156	10.789565039491311	16.621765670564287	14.334400399563094	24.395435204314712	19.33773600643412	15.243704611281377	20.359318303609523	20.888633157931256	18.202211468761607	20.331941724192053	25.862206465140147	20.251929359939517	15.879208158625392	19.728496137588497	27.669202053768917	19.419689534486132	18.484722925283094	24.498409966617373	26.908147200735684	20.370914424086177	21.631167092564333	27.393446982756796	25.83567948566837	26.896102305586158	22.56881025877928	19.274035175618945	14.957475860830584	19.84876477295878	24.17508981903615
