0.0	5.444124189380328	6.265642679091492	11.095427027647569	12.206684043370613	15.54027238198346	17.54686718322982	22.525268737159422	19.824039864123247	19.36046544966119	24.015140549271994	22.37423230085101	18.14748136791582	19.51186110546549	24.661792929296702	25.915811154460528	24.274668671038917	20.499019851061973	17.104514029241113	16.047961424888598	11.113329320060295	9.460289300698792	7.505017097330538	3.2624263796846757	7.056860244523658	10.343413885486768	9.805283856313988	11.329380672801012	12.993797716965911	12.174449480912084	16.65368644987358	15.859959283149607	21.207602430008848	23.425358354574012	26.223103643400417	26.949059965615962	24.306163922214694	20.22474801817506	18.5428251429324	17.572998901148775	19.223628705525364	22.525643526383064	23.23325715664172	22.81872059683537	27.765688657153806	26.97294192294319	28.098929741339788	24.260777119003762	24.737439732306125	19.790021975399007	20.402740022926174	18.76045077695749	20.62467631519707	2.45952689873586	22.162464848543394
5.444124189380328	0.0	5.598316894867128	7.726427275725545	9.856834758829237	12.488141442735804	16.20556421148065	20.473048545448094	18.87032223481897	17.21150747162516	21.421440873404524	18.908617312327905	14.912930677093975	15.14636012048449	20.527072474623477	21.219835796846038	19.284453595054995	15.500850607943995	12.030443306321121	12.084964657097295	6.540679142027116	7.750199476950388	6.282800388465489	6.473244868523726	8.472009461412831	12.11401893462234	11.875498325588719	11.135328916126186	11.141267287739057	8.931599377549793	12.499647899939216	10.735419824362403	16.33029508901877	18.15083418969589	21.154451208053086	22.172040539851906	19.53203461397512	15.767626956242305	14.812919278484943	14.62472491133622	15.354744852761026	18.021391335455764	19.673456664034536	18.975213175969103	23.418016988503158	22.86447495837093	23.618574680008585	20.280958791827818	20.458758899034986	15.420987776939267	15.692888246557795	15.044428395295487	16.78310763745502	5.769930519255231	17.943429247142266
6.265642679091492	5.598316894867128	0.0	5.7257001351899	6.112636129981716	9.970872778613694	11.973795688585117	16.805194939680213	15.035340121954999	14.79919977294321	19.368902540784795	17.463348416888962	13.838645582493681	15.279297084187572	20.694790277215944	22.482810726153836	20.395845831006937	16.773069660943197	12.985064491389554	11.033934218975334	7.311398744838625	4.363006744757061	6.831081771905859	5.280136334383685	9.942411148450551	11.632861800966056	8.862493058060165	10.207202200141731	9.100250978176527	10.134615661371807	13.194135346166602	13.413917862410829	18.652667133949148	21.051368605482573	24.79349160509043	25.33693386020353	22.00642543573889	19.089837704153613	17.551022761014607	15.892403390797071	16.18669655544511	19.51840962202839	21.150733458325906	21.762051504590147	25.706610029062062	26.205057662773516	27.579194849394273	24.527085717707383	25.31302038999381	19.900974952404457	20.51930143755954	20.502601334040932	21.96601499556295	7.557833541210256	23.00047571278954
11.095427027647569	7.726427275725545	5.7257001351899	0.0	4.83325739409216	7.997336964266033	11.728018597236009	15.302630897467127	15.632272797880256	14.597436079402426	18.364737367110138	15.301685363096786	12.76548763180671	12.614915290266438	18.379132992436745	19.683554513551314	16.764483832722686	13.393831962230651	8.905689668073736	8.289210225362233	5.781462466564895	6.438026546601769	10.309577980936208	10.80420852372625	14.455583853868943	16.331799862799084	13.726647117860391	13.674078863629534	10.434589147035043	11.02985237463627	11.724371231496152	11.192177018489925	16.299707328960388	17.852502079132428	22.150338437396645	23.183978480116814	19.757364308141923	17.93512857699247	17.441892415679813	16.46652079281013	15.10358749438076	17.411768262580686	20.584784965789463	21.210982005191443	24.009125860058116	25.18131892788512	25.996964095558592	23.874747336198777	24.068370701418647	18.997781902141224	18.75516728797166	19.868928619507198	20.515523865586513	12.307534831125455	21.1195636825912
12.206684043370613	9.856834758829237	6.112636129981716	4.83325739409216	0.0	4.39941215090269	7.025310368728373	11.110791284433686	10.813898925802414	10.315556963790822	14.409850807607032	12.22001352593677	9.615440376846697	11.160900160614062	16.38631015868866	18.8069917863618	16.54609286137225	13.406236159743202	9.960919271608248	6.393448335000454	6.365879414532494	3.7538041380116858	9.267203370806818	10.573912112222912	13.82723350624464	14.265720783301127	10.965151243363016	10.946474703905483	6.768691153052791	9.70565831304254	10.297133327824369	12.126686842708379	16.327579974532384	19.0230336958018	23.452244213899302	23.537403825962947	19.637928597594055	18.167755667397696	16.77634585702294	14.525085041835762	13.291550981475638	16.449668629031407	18.807314959019184	20.51786818316796	23.23003332586116	25.04590763581395	26.781675009360544	24.58808540177137	25.906025940012725	20.309463891131674	21.261175718170943	22.798668079486927	24.170366161911193	12.990446562361605	24.627424325313278
15.54027238198346	12.488141442735804	9.970872778613694	7.997336964266033	4.39941215090269	0.0	6.050753154645539	8.377229469425806	9.022918179037154	6.922660322113452	10.39122525896083	7.8227572554647855	5.7517008267115175	7.534099473516826	12.2634228345369	15.160289733767	13.259821124890115	10.589024490479979	8.450017985760441	3.2247138150778123	6.950564273671928	6.318182893217603	10.647287651531611	13.673765773792642	15.506040150496872	15.421165776495767	12.896046619669427	11.189292654498002	5.8412441212561586	8.929129431255022	7.510735440241787	10.866455215850573	13.699374285886813	16.888807524184394	21.444128018170716	20.92583011429146	16.749213816524662	16.214869374120646	14.80830538882169	12.261622452997937	10.066113848363957	13.10933185708383	15.60706181900532	18.029390422172334	19.967372873342327	22.550711932903795	24.692637047708175	23.0030528955953	24.950709667270836	19.31138879962207	20.88947519266551	23.384229678981097	25.062676417949767	15.796670736775052	25.111404650648613
17.54686718322982	16.20556421148065	11.973795688585117	11.728018597236009	7.025310368728373	6.050753154645539	0.0	5.363234395561344	4.499785358468284	6.7408171458216914	10.332621156250129	10.323384587204115	9.253271244819203	12.73282708303263	16.059181822616235	19.891661989705277	18.497693799516497	16.301965819821536	14.450495591801639	9.191714295115213	12.168019623988565	8.56583507687958	13.341149259688763	15.013768602939296	17.48760094829405	15.936556517937134	11.989361497755874	12.244768854012316	7.743022304149553	13.078893129836565	12.71260202255492	16.736317131258858	19.24214533981776	22.766484636428043	27.258099323792187	26.30668704645122	22.02872587824747	21.537860175822424	19.427992837490837	15.816480136927968	14.477649975371877	18.027244116739556	19.374000893212607	22.60673774963689	24.560216652058177	27.43942773077356	30.130508885530666	28.22668383215027	30.635039520919747	24.82503967982568	26.728998660724827	28.830408515093946	30.618145366705445	17.984517030851535	30.858945803362477
22.525268737159422	20.473048545448094	16.805194939680213	15.302630897467127	11.110791284433686	8.377229469425806	5.363234395561344	0.0	5.915798587747382	7.038122419364727	7.790600338470808	8.280252848543986	9.819730200643619	12.654536724924302	14.398317908220648	18.611287731176876	17.45593269033287	16.315525489760915	15.569016940944712	10.628332812551157	15.316460416552056	13.183032429683673	17.64179369092285	20.09052476239801	22.009457473572283	20.35853413298911	16.97281908988789	16.23814979933147	11.374910363180266	16.059047121308314	13.956478615791228	18.452075342270234	19.563471389598128	22.97222622091079	27.56280030050097	26.23181057785168	21.86774926031444	22.67103275983935	20.914854253371676	17.396571811927117	14.988128144910414	17.7008615735927	19.40081954616099	23.302402078201776	23.92463980754925	27.77842433046042	30.61648914393047	29.499099931383135	32.16612332050608	26.608386460709436	28.622423813667567	31.567742729337773	33.25232855017537	22.845725955726444	33.12549937882435
19.824039864123247	18.87032223481897	15.035340121954999	15.632272797880256	10.813898925802414	9.022918179037154	4.499785358468284	5.915798587747382	0.0	5.326039347289147	8.35983091397703	10.426297599517547	9.544185928043538	14.014979326468234	15.95004639236717	20.338319950881814	19.874139349882938	18.03905622716738	17.199713988756137	11.659269702372551	14.857321351285918	11.222538560757135	14.678190608212425	16.91264234500099	18.2729059860402	15.69391249978693	12.377749259600929	12.057098186183099	8.56149237119913	14.062286265795178	13.806208559296957	18.700310154288225	20.311384645853458	24.434757984370137	28.594482361646325	26.927117245020124	22.662908353724095	22.29412214809751	19.60561663554697	15.320016264644636	14.596767279652918	18.45255049091714	18.541662350233953	22.422387725038778	24.325663202706668	27.39823779982444	30.742965801850215	28.762092989389874	31.954432199700378	26.051965756709986	28.74389872851685	30.96054043283452	33.270401686354816	19.81076723310959	33.43408238888757
19.36046544966119	17.21150747162516	14.79919977294321	14.597436079402426	10.315556963790822	6.922660322113452	6.7408171458216914	7.038122419364727	5.326039347289147	0.0	4.8529155358133815	6.03122110421173	4.577835581060502	9.297634420478367	10.850871309889575	15.188702774313592	15.137104814883944	13.445616388685842	13.576840171950732	8.280585565181944	12.135621295253078	10.459555478411927	12.929505516798848	16.74594918051432	16.961989829382027	15.117595460781976	13.340605754513474	10.653473035543051	6.446617489742628	10.567325331386863	9.158163090960501	14.519045277962448	15.299293743927894	19.645206031107854	23.613137546676423	21.700960392639274	17.448846431147565	17.394670938797603	14.860656101357613	10.773685554253767	9.434483023639295	13.211269426088458	13.383373338212637	17.35409612058179	19.00346957535586	22.21517565123992	25.608041650607216	23.896899275438553	27.30131100041968	21.520185246660027	24.525804047135846	27.280839676223945	29.79983905057735	18.964327928876383	29.693103448815727
24.015140549271994	21.421440873404524	19.368902540784795	18.364737367110138	14.409850807607032	10.39122525896083	10.332621156250129	7.790600338470808	8.35983091397703	4.8529155358133815	0.0	4.842741423708136	6.881367707170015	10.11287204831062	9.050037672836126	13.87050067537797	14.537159992278802	14.07380733444146	15.490211595365002	10.953994319756898	15.74453571640861	15.053423203554383	17.34060114842435	21.50105633700715	21.32763067345148	19.453256809172053	18.08330824133836	14.999782078457757	11.073882897427692	14.124395903727466	11.248477893515338	16.681841597745205	15.82749957944336	20.06246481786755	23.87324766774736	21.413733710254647	17.227194551359037	18.53004872180104	16.39832210301004	12.699586262659475	10.410512586355354	12.968386219446293	13.112883087399352	17.798856839793846	17.935595731171205	22.137258051192294	25.769609081409374	24.863252588780828	28.614253962490096	23.22463816622486	26.416477082611863	29.889561200292025	32.37927928734234	23.544147778489027	31.93518567172842
22.37423230085101	18.908617312327905	17.463348416888962	15.301685363096786	12.22001352593677	7.8227572554647855	10.323384587204115	8.280252848543986	10.426297599517547	6.03122110421173	4.842741423708136	0.0	4.724148765354208	5.831496166544927	6.132678793074969	10.457109615388452	10.13484644397634	9.59806086037333	11.053501264338864	7.297268649658385	12.632887563916979	13.42662378678991	16.0047461249091	20.343826405176575	20.507388531001972	19.71853623183719	18.392451097462125	15.038312029137622	10.319245036403855	12.213769817403762	8.061911167042657	12.889215577791498	12.137585991421487	15.873824976151724	20.090060382855004	18.25662465733538	13.929208787641015	15.58195193530505	14.33471541741587	11.69770238043814	7.970650647069472	9.736107232545018	11.97175357434667	15.871999259045053	15.723701904942809	19.92340902056428	22.82734876828088	22.259726654012994	25.293564740284136	20.085837202535064	22.63139076274986	26.422221947837645	28.494763920844164	22.075664024000027	27.924076986190766
18.14748136791582	14.912930677093975	13.838645582493681	12.76548763180671	9.615440376846697	5.7517008267115175	9.253271244819203	9.819730200643619	9.544185928043538	4.577835581060502	6.881367707170015	4.724148765354208	0.0	4.998439898629555	7.780563944779912	11.380116617765616	11.100312221276937	9.056195384994956	9.641524239064966	5.144628525616768	9.098827766528755	9.693384483286033	11.417849082452884	16.0700377282148	15.815485837763273	15.185710425778794	14.3545239900494	10.510379352404906	6.0802335224969095	7.646938605756353	4.702605066267077	10.157255052405706	10.787428475193042	15.10692875897111	19.09279600142192	17.43303068240511	13.160717311739479	13.106418095276338	11.09976061788303	7.919483266644544	5.342638764338579	9.031911108561408	10.315135419781175	13.64970298697085	15.340207616659725	18.353507310638843	21.354870807534784	19.812003643683564	22.92947639835385	17.250857616971423	20.130288415136548	23.236080332678167	25.710106012240068	17.626514560648115	25.436186135955328
19.51186110546549	15.14636012048449	15.279297084187572	12.614915290266438	11.160900160614062	7.534099473516826	12.73282708303263	12.654536724924302	14.014979326468234	9.297634420478367	10.11287204831062	5.831496166544927	4.998439898629555	0.0	5.829978186896339	7.677285448661822	6.304555288668085	4.169446179432456	6.097267281786639	4.804820280199906	8.758786922021846	11.907991917840318	13.432248413642762	18.156398545383347	17.948385217660807	18.488711350198706	18.026894199488424	14.031049481776737	9.82466200983147	8.95434515498344	3.6890420490258715	7.22484473998452	6.943510754607706	10.558486619831484	14.952890476874353	13.86853176028959	9.562460740519796	10.592604813376841	10.263739313562043	9.322409141137664	4.877955084674878	5.860569454988512	9.992760907281182	12.199866323860196	12.809958431827326	16.040098297501693	18.163079502819187	17.454557786450902	19.8221767873372	14.669266710580045	16.83280356133056	20.74475452002901	22.742974207046206	19.112061247601844	22.110733627082833
24.661792929296702	20.527072474623477	20.694790277215944	18.379132992436745	16.38631015868866	12.2634228345369	16.059181822616235	14.398317908220648	15.95004639236717	10.850871309889575	9.050037672836126	6.132678793074969	7.780563944779912	5.829978186896339	0.0	4.837070892941663	6.677990165161112	7.625737118417274	11.468670526979256	10.253893981327673	14.367471851014708	16.94851752789027	17.909079275080483	23.045899814353284	21.969140840457392	21.816421589565763	21.90594610556092	17.33076480762049	13.705061975754285	13.034877054868854	8.087632025264915	11.742049597013777	8.313147794489641	12.050723290859203	15.450431611545916	12.88657248544923	8.827003552748245	11.902509419733194	11.535524809816359	10.549381045897162	6.208188132797687	5.07712799957042	7.9578814679069225	11.54137227691785	9.883316294444912	14.701206613574621	17.669433662736438	17.912454132560846	21.31206924243815	16.815871581346606	19.812333549262938	24.309937169325703	26.642464482332173	23.958302164739962	25.65082618598722
25.915811154460528	21.219835796846038	22.482810726153836	19.683554513551314	18.8069917863618	15.160289733767	19.891661989705277	18.611287731176876	20.338319950881814	15.188702774313592	13.87050067537797	10.457109615388452	11.380116617765616	7.677285448661822	4.837070892941663	0.0	4.320155663243002	6.621541075151949	11.382182631125868	12.43970485331547	15.428911111761082	19.304381378152378	19.63026938389705	24.836409673093932	23.457928829359425	24.15508419007877	24.796959828220363	19.951644697014725	16.74649867347657	14.555945290203935	9.649784358153388	10.953940596773673	5.8824116061101295	8.274684722083212	11.137970622297965	8.716835701568668	5.121820758653512	9.801370627088392	11.105699077832373	12.167531048407144	8.053447229757248	3.8418411132396173	8.57386406057076	10.072802460104551	6.927184881820674	11.744307571088527	13.77940075497413	15.013582570839569	17.845764269362235	14.302700664098708	16.85858017225901	21.91497799926686	24.01065639037905	25.15720720840799	22.671049623447878
24.274668671038917	19.284453595054995	20.395845831006937	16.764483832722686	16.54609286137225	13.259821124890115	18.497693799516497	17.45593269033287	19.874139349882938	15.137104814883944	14.537159992278802	10.13484644397634	11.100312221276937	6.304555288668085	6.677990165161112	4.320155663243002	0.0	3.786448029337146	8.095070895132906	10.328958160203936	13.332153574735749	17.636018209340385	18.76597198184474	23.4628668292175	22.997051904943067	24.142755594650495	24.11312108824535	19.89418358324337	16.05649348366541	14.090236861263241	8.979910316904153	9.18742473959832	5.8818849082051825	6.836206204937187	11.17084164300318	10.535789996606539	6.977167387178335	10.65909262945044	12.427084684611774	13.509414174995815	8.982331430734906	5.715088979756282	11.632670354249813	12.577235061067224	10.625550538548618	14.438198288245582	15.390718963888078	16.43751979649177	18.0154468532617	14.373697240367893	15.664265876191331	20.700012106345827	22.090360796507614	23.887623845744937	20.817957057729924
20.499019851061973	15.500850607943995	16.773069660943197	13.393831962230651	13.406236159743202	10.589024490479979	16.301965819821536	16.315525489760915	18.03905622716738	13.445616388685842	14.07380733444146	9.59806086037333	9.056195384994956	4.169446179432456	7.625737118417274	6.621541075151949	3.786448029337146	0.0	4.786165326948927	7.41635023179032	9.608134755114934	14.20953218815665	15.184264520694004	19.767695893696562	19.455214776408052	20.868693120699472	20.821824289899414	16.76209571652107	13.067272232338023	10.7249725454782	5.967698764816642	5.644122820359475	4.594230126759067	6.664434951720612	11.42094847828693	11.262468428813282	7.401429422882271	8.987789305212518	10.339584334790688	11.29257051322581	7.118053158872674	5.494406282502721	11.113844944766429	11.720616292720557	11.755543631980668	14.499137585723382	15.531198693117693	15.451128879833616	16.893460579001122	12.41874136351356	13.728596664209766	18.219642348885568	19.795501270436553	20.138556714498673	18.866321627328208
17.104514029241113	12.030443306321121	12.985064491389554	8.905689668073736	9.960919271608248	8.450017985760441	14.450495591801639	15.569016940944712	17.199713988756137	13.576840171950732	15.490211595365002	11.053501264338864	9.641524239064966	6.097267281786639	11.468670526979256	11.382182631125868	8.095070895132906	4.786165326948927	0.0	5.5463733350296485	6.302152621245114	11.193971561193337	13.043087171590102	16.67017729951869	17.545740114627964	19.4062147717247	18.596432220627573	15.596022004129106	11.6826103405957	9.861826476356216	6.737070192887456	5.105045952562657	8.336228641548486	9.478869395723509	14.256271043654072	15.10976840906807	11.621230306306401	11.461896980062965	12.368640096023165	12.83040179494317	9.5641346753468	9.782235836948079	14.585728810802697	14.933174029317323	16.19534016866839	18.094522863591454	18.677086587714065	17.824630735896903	18.33762218538285	13.6122171236103	13.799181747952492	17.29108650104916	18.301693562220482	17.209289329982617	17.847940925203844
16.047961424888598	12.084964657097295	11.033934218975334	8.289210225362233	6.393448335000454	3.2247138150778123	9.191714295115213	10.628332812551157	11.659269702372551	8.280585565181944	10.953994319756898	7.297268649658385	5.144628525616768	4.804820280199906	10.253893981327673	12.43970485331547	10.328958160203936	7.41635023179032	5.5463733350296485	0.0	5.681119329578905	7.743212816529147	10.80959647591459	14.600441055324419	15.706518302297145	16.278120939710835	14.706551878344898	11.968834994084322	7.048683498787838	7.864048254891451	5.059416889288134	7.978785311670471	10.621924874327275	13.66473962057822	18.250888432266883	17.87396507020984	13.753238468553437	13.4209053999177	12.56775179481661	10.867118191470272	7.952918105806634	10.363726995911408	13.627336977073051	15.585530369175588	17.299873855091718	19.819931831162723	21.68793992543761	20.261309767232177	22.052632992700183	16.568535552734883	18.075750688491887	21.02277000838779	22.70472420235076	16.089820563451624	22.539839634958103
11.113329320060295	6.540679142027116	7.311398744838625	5.781462466564895	6.365879414532494	6.950564273671928	12.168019623988565	15.316460416552056	14.857321351285918	12.135621295253078	15.74453571640861	12.632887563916979	9.098827766528755	8.758786922021846	14.367471851014708	15.428911111761082	13.332153574735749	9.608134755114934	6.302152621245114	5.681119329578905	0.0	5.7423271287534465	7.00311753075191	10.40414626367869	11.586525805683376	13.588735132952182	12.747897458891222	10.315336738658875	7.471032677340994	5.680080334340095	6.69343133740996	6.292592779174016	11.419534594410607	13.87820267240163	17.826078147403578	18.25251604138626	14.828361808365683	12.477472791514028	11.67055884376816	10.974864377027789	9.987251920207884	12.543866530946312	15.159671376915945	15.526889567935282	18.813471461111494	19.684406830535853	20.946107612808607	18.55847635774874	19.585549477773764	14.030575527420313	15.026102570229506	16.720055884452908	18.510726478587017	11.13310524481238	18.83016036884164
9.460289300698792	7.750199476950388	4.363006744757061	6.438026546601769	3.7538041380116858	6.318182893217603	8.56583507687958	13.183032429683673	11.222538560757135	10.459555478411927	15.053423203554383	13.42662378678991	9.693384483286033	11.907991917840318	16.94851752789027	19.304381378152378	17.636018209340385	14.20953218815665	11.193971561193337	7.743212816529147	5.7423271287534465	0.0	5.699367571139842	7.379282869941413	10.135601107772253	10.598300440542642	7.842646995586674	7.58726949436334	4.878280970482795	7.393020649127409	9.886015487101526	11.72666234575967	16.161133119824463	19.2982316545773	23.244287028677444	23.101354980090353	19.399762400861928	17.030935121524	15.062178131679056	12.62275184223112	12.64540244470119	16.363924148957764	17.713170285451376	19.114455895889645	22.7077308295763	23.86287665948947	25.85083067212195	23.04938689351748	24.69758649286215	18.91131390909106	20.414274802079845	21.379761919144812	23.333324798721428	9.802552477258985	23.98012109951888
7.505017097330538	6.282800388465489	6.831081771905859	10.309577980936208	9.267203370806818	10.647287651531611	13.341149259688763	17.64179369092285	14.678190608212425	12.929505516798848	17.34060114842435	16.0047461249091	11.417849082452884	13.432248413642762	17.909079275080483	19.63026938389705	18.76597198184474	15.184264520694004	13.043087171590102	10.80959647591459	7.00311753075191	5.699367571139842	0.0	5.637007854214296	4.933681791277778	6.739218444504688	7.38034907728172	4.890036210874681	6.56950948264509	5.157474430900468	10.172557922718642	11.152390488174335	15.496915055454995	18.87093234608556	21.83560617092522	21.50035833505051	18.40797092478863	14.707804012753089	12.189718905854878	10.278959776297079	12.230309008275949	16.064270175300614	16.084276025995415	16.479711701835896	21.290990465068067	21.195612617988225	23.303091388016345	19.678361953150446	21.663375846384522	15.880464483445634	18.145349814815777	18.304718453641403	21.15529319651998	6.372869392555072	21.971494334648295
3.2624263796846757	6.473244868523726	5.280136334383685	10.80420852372625	10.573912112222912	13.673765773792642	15.013768602939296	20.09052476239801	16.91264234500099	16.74594918051432	21.50105633700715	20.343826405176575	16.0700377282148	18.156398545383347	23.045899814353284	24.836409673093932	23.4628668292175	19.767695893696562	16.67017729951869	14.600441055324419	10.40414626367869	7.379282869941413	5.637007854214296	0.0	5.811571689814273	7.824126853609209	6.567984821344219	8.581439800168331	10.462250225767509	10.680564562205847	15.278853937469654	15.600100641324332	20.592160841092664	23.405688148005087	26.442291185413954	26.64795154464919	23.66832435767043	19.853613110645433	17.651038637220793	15.882805048096621	17.671206269318912	21.41120588338084	21.717313032357964	21.95976759700734	26.822545311574878	26.494280555303977	28.183062065061264	24.39039694377389	25.59268102317184	20.213853594715825	21.52138823447561	20.539058646336002	22.749705326204804	3.51063787842316	24.059472687326895
7.056860244523658	8.472009461412831	9.942411148450551	14.455583853868943	13.82723350624464	15.506040150496872	17.48760094829405	22.009457473572283	18.2729059860402	16.961989829382027	21.32763067345148	20.507388531001972	15.815485837763273	17.948385217660807	21.969140840457392	23.457928829359425	22.997051904943067	19.455214776408052	17.545740114627964	15.706518302297145	11.586525805683376	10.135601107772253	4.933681791277778	5.811571689814273	0.0	4.7768862655852224	8.051304920003062	6.752676909394625	10.85564428740139	9.093534936909846	14.452946060892284	14.88053478654241	18.987421314007953	22.243066688689215	24.442244969261683	24.077450297774526	21.55324174137565	17.099476741379195	14.33301856920169	12.832938184318703	15.956394902719431	19.706834522207416	18.70255725284401	18.436072338644244	23.979877539451966	22.890695849806953	24.99133068206781	20.698851242381874	22.701147224252313	17.361683415644148	19.82038916848255	18.742567181570237	22.011277321254617	4.814524995222187	23.167739728176617
10.343413885486768	12.11401893462234	11.632861800966056	16.331799862799084	14.265720783301127	15.421165776495767	15.936556517937134	20.35853413298911	15.69391249978693	15.117595460781976	19.453256809172053	19.71853623183719	15.185710425778794	18.488711350198706	21.816421589565763	24.15508419007877	24.142755594650495	20.868693120699472	19.4062147717247	16.278120939710835	13.588735132952182	10.598300440542642	6.739218444504688	7.824126853609209	4.7768862655852224	0.0	5.510145759748338	4.682948200756741	9.904381702484722	10.206073437103777	15.186771700721788	17.216173181059343	20.585311492359377	24.52751656097232	26.96611478769009	25.884841011731623	22.98003986983642	19.10151460845413	15.637249100166299	12.74746990620521	16.168235834548298	20.480924247248	18.62570714164484	19.496628690854976	24.769091929208635	24.36576917689625	27.25974136475871	23.127457480562548	26.009617526394532	20.398451170668185	23.51231598212423	23.051477639922194	26.45407790193813	8.667446675763582	27.433493506050866
9.805283856313988	11.875498325588719	8.862493058060165	13.726647117860391	10.965151243363016	12.896046619669427	11.989361497755874	16.97281908988789	12.377749259600929	13.340605754513474	18.08330824133836	18.392451097462125	14.3545239900494	18.026894199488424	21.90594610556092	24.796959828220363	24.11312108824535	20.821824289899414	18.596432220627573	14.706551878344898	12.747897458891222	7.842646995586674	7.38034907728172	6.567984821344219	8.051304920003062	5.510145759748338	0.0	5.815044916489039	8.343608271231624	11.236397955627554	15.377050298956524	17.873270642808574	21.731691932725738	25.532684484306554	28.79704675014726	27.990126250274297	24.53818836939321	21.39436541070639	18.278785438719012	14.92060088439522	17.022375652131675	21.462309985227115	20.693166536048448	22.30604815431127	26.84153733429379	27.366991737598028	30.103109980814633	26.458429966895583	28.922898193761085	23.0910978258232	25.52068500222332	25.436166971178892	28.134518570689462	9.398649610306721	29.12550795396106
11.329380672801012	11.135328916126186	10.207202200141731	13.674078863629534	10.946474703905483	11.189292654498002	12.244768854012316	16.23814979933147	12.057098186183099	10.653473035543051	14.999782078457757	15.038312029137622	10.510379352404906	14.031049481776737	17.33076480762049	19.951644697014725	19.89418358324337	16.76209571652107	15.596022004129106	11.968834994084322	10.315336738658875	7.58726949436334	4.890036210874681	8.581439800168331	6.752676909394625	4.682948200756741	5.815044916489039	0.0	5.449149278195563	6.557360312659659	10.92467947208884	13.857401927332134	16.869976881394763	21.06750832858828	23.970659276418566	22.698577564174666	19.363549243042094	16.183812331372266	12.738500990728642	9.206159879474834	11.942452667567787	16.42227372301944	15.051801778362393	16.622979104617112	21.284953392774575	21.736032156010292	24.789236896200542	21.21686176957957	24.31135452882326	18.383470160966848	21.610149213812566	22.234160782330978	25.476855650116036	10.042712446029507	26.10607812458996
12.993797716965911	11.141267287739057	9.100250978176527	10.434589147035043	6.768691153052791	5.8412441212561586	7.743022304149553	11.374910363180266	8.56149237119913	6.446617489742628	11.073882897427692	10.319245036403855	6.0802335224969095	9.82466200983147	13.705061975754285	16.74649867347657	16.05649348366541	13.067272232338023	11.6826103405957	7.048683498787838	7.471032677340994	4.878280970482795	6.56950948264509	10.462250225767509	10.85564428740139	9.904381702484722	8.343608271231624	5.449149278195563	0.0	5.745507452867586	7.622499436464102	11.533807275091231	14.445853746283534	18.521071471236418	22.273944607982564	21.171160921883363	17.25894163249476	15.339067626301754	12.631512795503415	9.05129080098806	9.373320148001941	13.714951091547245	13.988874847837247	16.32897833188142	19.731473181640375	21.393955642152907	24.213110024137286	21.54012880507081	24.295097845451203	18.2955432967876	20.955953175310075	22.64154658166123	25.244010005407567	12.523579107330859	25.56320917426216
12.174449480912084	8.931599377549793	10.134615661371807	11.02985237463627	9.70565831304254	8.929129431255022	13.078893129836565	16.059047121308314	14.062286265795178	10.567325331386863	14.124395903727466	12.213769817403762	7.646938605756353	8.95434515498344	13.034877054868854	14.555945290203935	14.090236861263241	10.7249725454782	9.861826476356216	7.864048254891451	5.680080334340095	7.393020649127409	5.157474430900468	10.680564562205847	9.093534936909846	10.206073437103777	11.236397955627554	6.557360312659659	5.745507452867586	0.0	5.372478222197358	7.345686008640074	10.648519332962499	14.564758093839584	17.637837367175724	16.81174449291182	13.456041363272245	10.306890920631808	7.759370181131224	5.901129918897081	7.1633881041910366	10.934418620457933	11.241570704589138	11.92542185565864	16.27139625021974	16.767703207559588	19.176220839854153	16.11478192140985	18.72107119065381	12.705249685355968	15.6851559349083	17.32851014112376	20.377240123446388	11.079806369216435	20.61088462801454
16.65368644987358	12.499647899939216	13.194135346166602	11.724371231496152	10.297133327824369	7.510735440241787	12.71260202255492	13.956478615791228	13.806208559296957	9.158163090960501	11.248477893515338	8.061911167042657	4.702605066267077	3.6890420490258715	8.087632025264915	9.649784358153388	8.979910316904153	5.967698764816642	6.737070192887456	5.059416889288134	6.69343133740996	9.886015487101526	10.172557922718642	15.278853937469654	14.452946060892284	15.186771700721788	15.377050298956524	10.92467947208884	7.622499436464102	5.372478222197358	0.0	5.607290456013624	6.895482358526205	11.132763872308697	14.974125931304595	13.86795195404248	9.818788773950693	8.893616285530081	7.614428821661479	6.38678113368008	3.4107507296436093	6.481101736844558	8.95009804040031	10.584260966633845	12.98485240677034	15.060031877942505	17.42809778541338	15.728108556218855	18.37078015988619	12.695690221887196	15.43236184115717	18.66581417980914	21.192596305864143	15.965477561448033	20.840897766789293
15.859959283149607	10.735419824362403	13.413917862410829	11.192177018489925	12.126686842708379	10.866455215850573	16.736317131258858	18.452075342270234	18.700310154288225	14.519045277962448	16.681841597745205	12.889215577791498	10.157255052405706	7.22484473998452	11.742049597013777	10.953940596773673	9.18742473959832	5.644122820359475	5.105045952562657	7.978785311670471	6.292592779174016	11.72666234575967	11.152390488174335	15.600100641324332	14.88053478654241	17.216173181059343	17.873270642808574	13.857401927332134	11.533807275091231	7.345686008640074	5.607290456013624	0.0	5.782878266738001	7.850642026393297	11.555152585117543	12.136340686864513	9.115359799961228	6.978286487502404	7.982156390860836	9.718272882310522	7.796067641299978	8.160427791189857	11.806078594651114	10.8846463007376	13.580822034837972	14.156742513889109	14.885065454875193	13.177649120366532	14.164361410795907	8.845870442572615	10.206761490127247	13.587920605585035	15.711335480858663	15.298292628653922	15.293810419000165
21.207602430008848	16.33029508901877	18.652667133949148	16.299707328960388	16.327579974532384	13.699374285886813	19.24214533981776	19.563471389598128	20.311384645853458	15.299293743927894	15.82749957944336	12.137585991421487	10.787428475193042	6.943510754607706	8.313147794489641	5.8824116061101295	5.8818849082051825	4.594230126759067	8.336228641548486	10.621924874327275	11.419534594410607	16.161133119824463	15.496915055454995	20.592160841092664	18.987421314007953	20.585311492359377	21.731691932725738	16.869976881394763	14.445853746283534	10.648519332962499	6.895482358526205	5.782878266738001	0.0	5.015097497188337	8.313894165979384	7.264613248453743	3.461526550878404	4.795678721841656	7.024103752885816	9.57462403208914	6.501361359057038	3.564010313432824	8.333885627598196	7.494747834701653	8.090119595730037	9.960603048802417	11.287390228220755	11.064989728355561	13.333815945205272	8.908717258758244	11.531411648361322	16.240693780428863	18.618828301911773	20.354987167411657	17.530358198434424
23.425358354574012	18.15083418969589	21.051368605482573	17.852502079132428	19.0230336958018	16.888807524184394	22.766484636428043	22.97222622091079	24.434757984370137	19.645206031107854	20.06246481786755	15.873824976151724	15.10692875897111	10.558486619831484	12.050723290859203	8.274684722083212	6.836206204937187	6.664434951720612	9.478869395723509	13.66473962057822	13.87820267240163	19.2982316545773	18.87093234608556	23.405688148005087	22.243066688689215	24.52751656097232	25.532684484306554	21.06750832858828	18.521071471236418	14.564758093839584	11.132763872308697	7.850642026393297	5.015097497188337	0.0	5.026877898747399	6.819317553552416	5.605249495893356	7.47901037747224	11.114477630481886	14.391904283921981	11.422134796952811	8.014919833690293	12.948283780287985	10.982994071397961	10.336485951898439	11.33421935920156	10.310957316507555	11.493202599017316	11.572769537041879	9.094120090498457	9.4115627523934	14.879479397574782	16.23558266810038	22.822661503928018	14.664266446056871
26.223103643400417	21.154451208053086	24.79349160509043	22.150338437396645	23.452244213899302	21.444128018170716	27.258099323792187	27.56280030050097	28.594482361646325	23.613137546676423	23.87324766774736	20.090060382855004	19.09279600142192	14.952890476874353	15.450431611545916	11.137970622297965	11.17084164300318	11.42094847828693	14.256271043654072	18.250888432266883	17.826078147403578	23.244287028677444	21.83560617092522	26.442291185413954	24.442244969261683	26.96611478769009	28.79704675014726	23.970659276418566	22.273944607982564	17.637837367175724	14.974125931304595	11.555152585117543	8.313894165979384	5.026877898747399	0.0	4.679905960588304	7.024066419937507	8.22897371603619	12.366510952870568	16.588862229344233	14.604933410707305	11.00073937215796	14.367568201803863	10.943562669634549	10.055873533480598	9.034993661494486	6.074996700044284	8.692024054008636	8.137158067544272	8.225097920966109	8.663541793196623	14.13091353566499	15.79007196306264	25.323856386989494	13.853936086863342
26.949059965615962	22.172040539851906	25.33693386020353	23.183978480116814	23.537403825962947	20.92583011429146	26.30668704645122	26.23181057785168	26.927117245020124	21.700960392639274	21.413733710254647	18.25662465733538	17.43303068240511	13.86853176028959	12.88657248544923	8.716835701568668	10.535789996606539	11.262468428813282	15.10976840906807	17.87396507020984	18.25251604138626	23.101354980090353	21.50035833505051	26.64795154464919	24.077450297774526	25.884841011731623	27.990126250274297	22.698577564174666	21.171160921883363	16.81174449291182	13.86795195404248	12.136340686864513	7.264613248453743	6.819317553552416	4.679905960588304	0.0	4.3656641173935835	6.981642876186292	10.36393985522275	14.263509591286622	12.46417566516681	8.623297008244277	10.747129458141893	7.646146965205426	5.517049684569047	5.349542505360163	5.130725456472425	7.8620619868784205	10.381351309339433	9.188864207828763	11.933322262162203	17.01846252737194	19.520239622532394	25.791317718693175	17.833052187745132
24.306163922214694	19.53203461397512	22.00642543573889	19.757364308141923	19.637928597594055	16.749213816524662	22.02872587824747	21.86774926031444	22.662908353724095	17.448846431147565	17.227194551359037	13.929208787641015	13.160717311739479	9.562460740519796	8.827003552748245	5.121820758653512	6.977167387178335	7.401429422882271	11.621230306306401	13.753238468553437	14.828361808365683	19.399762400861928	18.40797092478863	23.66832435767043	21.55324174137565	22.98003986983642	24.53818836939321	19.363549243042094	17.25894163249476	13.456041363272245	9.818788773950693	9.115359799961228	3.461526550878404	5.605249495893356	7.024066419937507	4.3656641173935835	0.0	5.439508166385499	8.075271802771686	11.076334152084714	8.403559434963146	4.309831977805647	7.906432000124907	6.509377250822141	5.015091106168233	7.477344358844268	9.048231753439186	9.963927465020832	12.85156104067049	9.54776889065963	12.583822345755848	17.593671712258956	20.1092297712539	23.283791429769366	18.731719395327275
20.22474801817506	15.767626956242305	19.089837704153613	17.93512857699247	18.167755667397696	16.214869374120646	21.537860175822424	22.67103275983935	22.29412214809751	17.394670938797603	18.53004872180104	15.58195193530505	13.106418095276338	10.592604813376841	11.902509419733194	9.801370627088392	10.65909262945044	8.987789305212518	11.461896980062965	13.4209053999177	12.477472791514028	17.030935121524	14.707804012753089	19.853613110645433	17.099476741379195	19.10151460845413	21.39436541070639	16.183812331372266	15.339067626301754	10.306890920631808	8.893616285530081	6.978286487502404	4.795678721841656	7.47901037747224	8.22897371603619	6.981642876186292	5.439508166385499	0.0	4.186556224664198	8.674707365737028	8.184710794994235	6.90954944596216	8.19526417705278	4.71132966556277	8.43120782728706	7.329830283266677	8.913508469246505	6.913690697159953	10.168230620533476	5.119146725548771	9.590249325762663	13.537302061765653	16.8912791074992	18.929912057299763	15.998607792124204
18.5428251429324	14.812919278484943	17.551022761014607	17.441892415679813	16.77634585702294	14.80830538882169	19.427992837490837	20.914854253371676	19.60561663554697	14.860656101357613	16.39832210301004	14.33471541741587	11.09976061788303	10.263739313562043	11.535524809816359	11.105699077832373	12.427084684611774	10.339584334790688	12.368640096023165	12.56775179481661	11.67055884376816	15.062178131679056	12.189718905854878	17.651038637220793	14.33301856920169	15.637249100166299	18.278785438719012	12.738500990728642	12.631512795503415	7.759370181131224	7.614428821661479	7.982156390860836	7.024103752885816	11.114477630481886	12.366510952870568	10.36393985522275	8.075271802771686	4.186556224664198	0.0	4.840931505339445	6.369519004235983	7.470929495489987	6.195637638780385	4.3160678750623696	9.73387847735774	9.12141733229874	12.18904876989938	9.25655400396667	13.44756861396974	7.948052126182268	12.818454562985755	15.689564979878353	19.46927683873006	16.995092783528992	18.996194188448854
