0.0	5.550176887821577	7.84700926395376	10.065370692096309	14.443525778875657	14.63904020249071	19.912691342002205	20.68407117735528	22.90037929067887	24.843376446945946	22.617169154331112	23.817698780956768	24.526464061457066	21.782869878319765	18.816381007028642	20.600329384759217	18.703106282367187	21.899367005885686	17.01630563348189	20.27477168920437	15.313589026951934	16.676397853900696	20.777285101284445	20.22948948855605	22.935132045588947	17.789900431754308	20.44139767286305	14.942283125874656	16.533955518273796	14.787316685488223	10.497457425890358	12.84186620958558	16.40445205269547	20.908233838709513	21.994201248341508	26.879018229764082	27.879679744141413	28.914071808395278	28.758195735666536	29.515427944129797	35.170198620206556	33.132258426057774	30.267241861528824	33.53878532623082	33.38422237654092	30.072731634204676	32.17763413021305	28.208191423624815	27.98383762775496	30.905066709063238	28.356486269307364	24.045989385959658	25.95237470846588	27.84741396396583	23.636899327674815	20.711770133106132	24.911282891298853	25.234127800973365	20.26252020688679	19.6889629981259	24.78621561959804	24.48434512744835	19.22791563083928	21.201344293730735	16.750669292760257	15.87253129167272	10.834430939458107	10.478552714920637	5.389706443017357	6.863985298767784	6.437898459567758	7.078390234223748	10.262623099973625	13.721728371146423	11.259037067427435	15.991068511579194	17.58584108025099	22.06220736780372	22.054440552843776	19.87883844135614	17.940042663323187	14.12483712082683	12.098825890474703	9.566669100736732	7.700509934776935	12.469742980460408	11.191078608396996	16.802107288081494	18.011884990440418	13.474010542454625	15.918180561962265	11.413250028921476	15.345363422219148	12.815191304679262	14.166735942682214	17.647185573260387	18.893979688323594	17.883917199354443	19.76172732331435	23.270784635858956	24.2997759626935	23.437606417957603	19.868576615646425	22.241864073560098	17.665477180926732	19.792093431071173	17.59047185153753	15.887887855029202	15.644844804642869	14.770681521818373	11.267500635769073	10.314553628944086	11.74117447948657	5.980597703150894	8.682626239531618	13.033797222426589	14.438044828115213	12.105148334460944	13.989451855372582	17.566152001450824	18.080945132947036	17.917968119841344	20.304727513679733	22.6642641572398	22.819403173953383	23.58468411255405	26.437121531669423	27.480471415504294	28.43225589674983	31.750712471795875	27.19118446447893	27.782576528372495	26.66043933747968	28.08763108896126	32.31712173610839	2.5254090529418827	33.38703233213294
5.550176887821577	0.0	5.445402532463308	6.942302719779583	10.786341120963533	12.916428632554934	17.48467100393317	19.56828603376871	21.868696402443508	24.59679145528507	23.178035301125348	25.00923521224499	26.498258183530677	23.94694937569414	21.65232519429757	22.49875732101763	19.419073388494304	21.775584883889803	16.256989996061936	18.12240744231927	13.79603757041563	13.871978650200923	17.8931924606926	18.395161151276167	21.72649953430471	17.395366637504573	21.245652205394787	15.936467771448616	19.097747690527694	17.598382087448368	14.517936791162624	17.546066434964843	20.19934636037166	24.87840980231489	24.944382381951133	30.125573286314598	30.98663969343796	31.18100408930875	30.985602339439872	32.36834194702288	37.88388823180082	36.4575845814699	33.64377819947776	36.54817133374841	35.991404569070724	33.39883551680934	35.502570514798336	31.290800352318108	30.686713483817762	33.01257566762383	30.696964119462617	26.630411878340947	27.64002149872259	29.199458793807587	25.386588110141318	22.17646528042765	25.5363791864204	25.718783987763572	20.913539405830708	19.641443967832565	24.165570466431635	23.758318942001576	18.0983631525109	18.763714666786832	14.173992157987373	14.452858952701366	8.991578347794844	10.005231178457953	6.901242027113378	8.528592669283158	11.114252551274745	11.449979299121912	14.100732120463592	16.87203738487818	12.830997394682843	17.70845730164122	20.579345911016514	24.938662840934843	24.31209666100221	21.397203969623956	19.791538936814	15.543149859926965	15.140617436957738	11.30600100142528	10.743831069819265	13.495646073294342	11.124723637066552	16.618230323641797	16.741293735630897	12.765781931774894	16.55834572730919	13.652672839121177	16.910638310724575	16.073251302579745	17.267961432744485	19.650664664213743	21.71520832256488	21.664615472647007	22.77913945424071	25.921879045133576	27.747618021302593	26.28621824928541	23.371276325712742	26.574432506884797	22.444662888546905	24.31435333777679	22.05243777145333	21.144217783571786	20.4100229390859	19.998841971950426	16.097298546131725	15.03899383169229	17.216864313661162	11.519898187047307	13.41495249856181	18.40389279777032	19.4685614155409	16.394291669519053	18.482375305341968	22.55091510138435	22.382412521363026	21.64931792440002	24.733177841057984	27.161432783775492	26.526921250690602	27.288621659355048	30.766733406585402	31.474340318690594	31.82675471450981	35.4846344269214	30.464623562252857	30.922719584682962	30.420912502320885	32.09828971143245	35.82618143542713	5.282285513658386	37.15785317203478
7.84700926395376	5.445402532463308	0.0	5.69869686644987	7.449182029982853	9.281052207863251	13.620461488355582	14.89533957706893	18.14947078627492	20.528055046297663	18.64656677009288	21.375007522732673	22.695988298114788	19.919928244771953	18.43695063271896	19.349210328460632	15.450279563324575	18.36548699023123	12.77731112458253	15.089341205906733	11.832609996787802	13.405380516830215	16.292221780313408	17.249008026293037	19.30544970163855	15.493798495250951	18.698385728941997	13.159675296647455	17.000277914177975	14.517059433159742	13.173829748103264	16.1836439979372	17.47203959015669	22.458290781735013	21.374916766997934	26.65833448859609	27.93480212404091	27.37628485445076	27.784211113628558	29.763728294112493	35.13279773046359	34.249263326949176	30.962479616517943	33.39003043796127	32.24925733949244	30.08219253291483	31.828433304441667	27.406596301619423	26.791740112184122	28.635605978536642	26.255962195533094	22.565874411665146	23.263713824695326	24.329770972012046	20.6509911488904	17.62405148024667	20.62862617331266	20.475769699177196	15.750764575691734	14.592703722507771	18.942857792397312	18.31768142974707	12.681210869847966	13.687087891105634	9.110723024661706	9.475389976101033	3.76342140070726	7.027753934887391	4.960678123072984	9.375231243947393	12.05844313345857	14.413817426220781	16.300038686194853	18.13956329629098	13.749023872742683	17.813074391103253	20.01024352195795	24.81531032022834	23.120615578870044	20.768256516198242	18.14890446128968	14.436831926889594	14.553570456344604	9.353361406965634	8.341616001382876	9.363450182016047	6.028497678679276	11.2730429250976	11.46207150918631	7.846705212243251	11.7160397638374	9.875313907328726	12.379021556709455	12.93656998417597	13.952032782885784	15.210385161837008	17.79307082693754	18.61546140546098	19.152221723827665	21.71934267692259	24.141963525109492	22.230110768558475	20.064281040307154	24.082048613294635	20.693791368799133	22.565610456506338	20.99712747684187	20.870271152899768	20.89265626999588	21.57885974811269	18.489729513887003	15.808323947746038	17.880652368496005	12.69162089807201	12.438630137132078	18.16622987070899	19.27496478807037	14.979424252834676	16.53714787228677	21.37196909183037	20.76543820180427	18.86221916082693	22.394760484260622	25.21273614056979	23.758018160783767	24.052608927676403	28.173754415593574	28.81753507847131	28.40782191250891	32.12045493037023	26.71190703138553	26.97077284189689	27.08246680064182	28.99406224487961	32.12908448165835	9.10422587346787	33.691914006109094
10.065370692096309	6.942302719779583	5.69869686644987	0.0	5.47257046058593	6.576346353452365	10.983935382834261	13.825070131802665	15.341476181484737	18.55809178772038	18.26218729736654	19.958440901886245	22.388228034938432	20.579728306217888	18.859909118379594	18.22993607698412	14.477496333618966	15.675512930215984	10.066687627659764	11.215964652962185	7.219064831035903	7.768319638098378	11.207438138265507	11.982964695526183	15.022638388974647	11.380144896138928	15.854654366635708	11.250502359276084	15.803424034870545	15.265815372666491	14.027122234455069	18.04068198491597	19.208541971241893	23.3756964955603	22.397499023391845	27.66170231384478	27.83202400255746	27.233075967704263	26.659818411229725	28.647380138010348	33.84204519962061	33.215633023035934	30.646943965178195	33.0725646904437	32.309753432720626	30.73040719988107	33.270626946765866	29.148995491050393	27.61825775985745	29.43832202563183	28.033600918850972	23.9407586127134	23.663176614187137	25.58094416722106	22.71656692692456	18.630762180282886	21.11153510296814	22.18925668619693	17.995562775982588	15.236357847454542	19.39670302106765	20.149196174710912	14.438800521475589	15.541415749459118	11.112414998823775	9.570385721057605	6.1310509667982656	5.256133608723892	7.295583531945511	7.736704769213285	12.626072963425898	14.729036567359659	15.357231723475895	16.12255958847886	10.765537700107934	14.51137003152683	18.038746568893846	22.279210781626112	20.475843981166918	17.286008159929942	15.66873994771884	11.587937906195709	13.233552732719708	8.590435804681556	10.763817717870605	10.295510625887053	9.86175423455277	13.80027647815458	14.91445770569924	12.578324765534528	15.98691934179941	13.934165331497548	14.630473957271297	15.395826481688857	17.960168392813525	18.675976574064123	20.216312712480804	21.7818077275695	23.185729665648665	24.95259306182415	27.139909413880815	24.57457834294303	22.092889980768813	26.135133643251887	23.183319507057284	23.72718708260271	21.321323560904954	22.34550914052819	20.826868010492973	22.31731173354203	18.84454736912966	15.976783991050942	19.583091751963646	15.119543351071568	15.909501838664617	20.836562767094467	23.05559085430569	19.2382275385781	19.815415278551548	24.798844648649222	25.152510999979928	22.997220573375042	25.701702875007427	29.174553046600472	28.142690867410348	27.65684153697876	31.632944610800706	33.00643270165062	32.503564412569	35.66185154833395	30.181327083364433	29.67732400835545	29.442693441612764	32.09574426843116	35.096838186724405	11.046909544992998	36.563622530742045
14.443525778875657	10.786341120963533	7.449182029982853	5.47257046058593	0.0	5.747450162355524	7.537489769664917	11.124329717428003	13.675864016462434	17.080234353925377	17.069102402242564	20.028320994898596	22.628075994570036	20.815663264450876	20.296574669498405	19.34739336492769	14.398759687687129	15.273761162984377	9.764659281220075	9.375396378022785	8.581219236969158	9.254539864241327	10.35410333686564	12.85839957564379	14.711523141572933	12.92930268306936	17.075685214290004	13.054747593623523	18.367649462445396	17.118688910213148	17.513586018100227	21.23800871995962	21.25227799593327	25.572667030972802	23.307069210496632	28.54112026204477	29.075132497679505	27.394926522499183	27.41218188043163	30.172710025115812	35.0217690776993	35.14757557791312	32.24261943501454	34.021398082428895	32.53007792032697	31.696145549594217	33.778782786656556	29.463975817958765	27.869523583812825	28.835352286658214	27.498679609179312	24.11884473089686	23.08115658004905	24.155815289831924	21.82560697468145	18.08858902701427	19.371558603173707	19.918671225257143	16.3269211504519	13.302993123902528	16.27675106402378	16.71457146376623	11.178801782692453	10.975622236884599	7.076673820877491	7.021125702199467	5.736788617189708	7.788060397228978	10.777858128175177	12.833011702883175	17.323721504447057	19.91090038186283	20.59009160926608	21.003282837883386	15.610302811101525	18.532077151180157	21.730640745424342	26.027419847605344	23.305180958031702	20.449824834531825	18.326195140820527	14.982251443869686	17.252162650920692	12.007390297427142	13.609298237229359	11.217536220367581	9.758332699729918	11.88437877724225	11.933993845994332	11.324121028766095	14.952808408336407	14.971297265620512	14.683041054430136	17.213715854839304	19.10258930693611	18.47225542106954	20.803677460251933	23.211144105156944	23.6452769516928	24.801415940388186	27.77331299668924	24.77576744284834	23.37930330020579	28.138190663571034	25.833277629476406	26.524102218152276	24.752075140140445	26.164254874241756	25.247812508220274	27.10385798828026	23.94154194578171	20.605730654458558	23.846028310758665	19.3518007886556	18.9961661796292	24.423732166235105	26.19114103033044	21.632495680742768	22.24114667706735	27.542078271471183	27.167653552521596	24.307001768049602	27.611480407495524	31.07247214613124	29.151537299322733	28.54471823332999	33.1180826825229	34.099030761037156	32.83350033678204	36.216553153568825	30.411395230031815	29.824493621859904	30.42894706289699	33.15281231859579	35.41075663106464	15.498220376374743	37.16232090955454
14.63904020249071	12.916428632554934	9.281052207863251	6.576346353452365	5.747450162355524	0.0	5.510757151223593	7.428222330982416	9.051091067369281	12.138894068199834	12.275246878214466	14.44543169668406	17.312279178835823	16.007143208631756	15.378696029568891	13.75714606204027	9.005703092678672	9.811624544145696	4.108990482814493	6.1451580446037966	4.662512124984649	8.471303776912142	9.089058760127505	9.918495092437874	10.373120971100818	7.975395674908084	11.403780064454656	7.645484381153077	13.188159769249214	12.67985376321963	14.059628593365519	18.006105504774233	17.30708474286604	20.947657004719055	18.600900117382768	23.714476374072483	23.709323520443267	22.116663922474327	21.76896307076466	24.519958855537215	29.3158607074255	29.536776969899627	26.797284457100744	28.547457000885792	27.287937914524687	26.63534563721196	29.17388208888737	25.142061985342846	23.01664691328728	24.191794623561098	23.452024741009783	19.679754043216814	18.292430701491604	20.22944479459634	18.291387307637258	13.779785064859736	15.285884025122133	17.047910274724668	13.69528161814856	9.750174618503461	13.512568633938539	15.380592376711117	10.265038885420017	12.664596399819542	9.345451999232164	4.821056295679109	6.529115007690685	4.577166866768881	9.912240165393287	10.961988079537866	15.272056676980501	18.856313402368528	18.40141486902179	17.7211739436182	12.671708029455225	14.377847614215234	16.991452564800685	21.243626566082057	17.989986389960364	15.595448768166891	13.009060312883657	10.334960975510597	13.205797441020126	8.399540913914848	11.452106378661199	7.482132997908781	9.280067755070409	10.32179314738367	12.81460986442261	12.389094258428312	14.39270065784117	13.524902909952473	11.501168413931726	14.076248764523426	17.2491779279033	16.19534808818365	17.24065224250283	20.263805262568425	21.595114628429336	21.946675772381443	24.470159808196154	21.036194110016684	19.398173445722957	24.16747897957871	22.571592228672593	22.2734793166979	20.451642745833578	22.917170941491623	21.686707019357776	24.61443116214223	22.098420529506416	17.772054090338155	21.50553357821559	18.268275174603698	17.505580275312607	22.179953601488872	24.88453451773976	20.478877511632447	19.805189845302515	25.27817151170954	25.78015282565767	22.385573292160696	24.77348639861533	28.91868404625124	27.385510514745924	25.826686674126915	30.20524115680483	31.979594269774974	30.625336591428876	33.29327946180214	27.557749218303737	26.27404469867811	26.501212352483897	29.8271285445842	31.966373888752603	16.341279443046545	33.57391918372335
19.912691342002205	17.48467100393317	13.620461488355582	10.983935382834261	7.537489769664917	5.510757151223593	0.0	5.689988817215422	6.932468021671025	10.645604115511414	12.392739821843985	15.244175637345217	18.665743685465163	17.99469460376663	18.56621850821258	16.07867621642804	10.842362332085742	9.78414702981698	6.303122428180888	3.8847460098133326	7.9030812681196245	10.292450963369948	8.057655936127702	10.503811472920908	9.437376788457172	10.312064877769178	13.259335051766946	11.551117465897164	17.039837194037133	16.69720745117587	19.141245564896387	22.883347994782387	21.340055563799318	24.589581036939702	21.22291949591383	25.96416385086823	25.82172526094466	23.121245795724068	22.944837695312398	26.40419753720327	30.537097525054065	31.674567866428173	29.0281868050711	30.025601135225386	28.215869375902113	28.67008698544329	31.00893939771012	27.08628045027793	24.56654427638706	24.741271326189235	24.62380126266223	21.63283142644346	19.007777116044775	20.34279842535216	19.581534132408432	15.360726664681394	14.949665695703516	16.7674933819823	14.783094457149815	10.200628518229477	11.676544074639988	14.174808314773323	10.188413378418785	11.396289715418622	9.85265696276916	6.469295808084753	10.472384432740114	10.080918765884054	15.194463541665451	16.354492907695708	20.766408836292594	24.315649225101097	23.72115236072041	22.618157492437177	17.55275480363296	18.46008881750139	21.11703853441443	24.892657529916583	20.947070107344764	18.716582713607952	16.409708358021643	14.652505052236027	18.136972937517132	13.71718304559508	16.56949537935153	11.761247415535516	13.038602009846455	11.985551978461878	13.696204202368614	15.10064775370323	16.897775657602452	17.616336283744957	14.617759040611704	18.387562339365658	21.16633378858391	18.948028280316006	20.23686206201722	24.032888952155204	24.751685248572972	24.252470525907984	27.28432322746185	23.358967138118118	22.724805785620532	27.880636682944125	27.015337399181718	26.448475161332738	24.957199373635643	27.92835257666946	26.728423202514225	29.994871422605925	27.562047001547768	23.122878520208804	26.85930779014316	23.693289519427967	22.560622061947807	27.311132746944548	29.86649354098275	25.153696613154338	24.375233441284408	29.937894794740046	30.112348333449017	26.226979470723386	28.784290719830164	32.99301106044427	30.899660898442452	29.034981675168975	33.748485123082176	35.391893528955784	33.37046685651123	35.956895943416505	30.063082237741643	28.432925497339863	29.30676603793926	32.8720636916204	34.20156461805315	21.47600134959863	35.99536293892956
20.68407117735528	19.56828603376871	14.89533957706893	13.825070131802665	11.124329717428003	7.428222330982416	5.689988817215422	0.0	5.863937300455002	7.067164500518786	7.069199140240383	11.252930676527393	13.915098234402178	13.073419814913287	14.634276815192447	12.573443500256122	7.0118154997634505	7.8048052336904705	6.185547036027127	7.76811643618685	10.585939106969875	14.649817883058372	12.921605419001631	13.968463661077493	11.042977097693266	11.39836260664646	11.747430376568857	10.182396715046021	14.837392839614395	13.561738461756045	17.48673105043629	20.523518505657343	17.831416518221516	20.795249970870067	16.56709316916767	21.0444736152126	21.3914606401833	18.165427192869497	18.8499583873741	22.661745948823572	26.668911805691057	28.0265742869158	24.834997277209364	25.44849936750181	23.16437581305585	23.781588171598234	25.738621116485497	21.820001814869343	19.34886158226376	19.207854783284564	19.086997261442097	16.47199462260068	13.59761300171829	14.658867370365384	14.23629580891993	10.198132470253082	9.265151866202258	11.393610474747181	10.028071563236379	5.0864781456113315	6.608675033171358	10.045308781501776	7.329495246788412	10.910933239551587	10.346873092680646	5.580055815065509	11.224309301238033	10.797000011950484	15.38383034033317	17.389269455857544	20.60212273489969	24.948877155632264	24.17670734990015	22.85603705108639	18.63969000026477	18.90427252003379	20.002714809753098	24.024044126004075	19.585487326750652	18.636633055256844	15.163993403520653	14.59005279676521	17.41150134924709	13.281135449032112	15.361637328997046	9.613474035727098	11.920104237944297	8.807052235300878	12.00703672974517	14.04954807378331	14.14873532973643	15.343017757877904	10.907930856645073	15.463623661741405	18.149978800597733	14.963667988273135	15.81486632408506	20.23558244716117	20.81842128715494	19.45422915420193	22.5495915236397	18.346338577994455	18.42707949601543	23.813307477992485	23.798747820922046	23.12525101459985	22.46080866485462	25.769343020369142	25.410098449747824	29.138404623975802	27.536479869931668	22.44708381489133	25.575244450982318	23.243435262120652	21.025200791183767	25.374488164876634	27.946405442948695	23.0944846522507	21.595891184686547	27.11704569192229	27.30354933792775	22.820607673606826	25.0781587686345	29.468243658781986	27.147391017195886	24.692708273004833	29.490112323248542	31.289603294096246	28.857953862857887	31.087863066124818	25.225614619007583	23.26630335026029	24.453990653811463	28.175152757863444	29.017997203454872	22.70003847460417	30.861934326630664
22.90037929067887	21.868696402443508	18.14947078627492	15.341476181484737	13.675864016462434	9.051091067369281	6.932468021671025	5.863937300455002	0.0	4.475716404926669	8.687280963589664	9.624851901932843	13.878019557921535	14.696259281766512	15.630786754153934	11.66315775915096	7.789741458298672	3.9089107496350763	5.893194746524838	5.774522674432877	9.471679597048595	13.21871590983006	10.546931992030638	10.486446303141353	5.900185803127661	8.418303938118104	8.547509898646124	9.905797393570042	14.18242862615762	15.220505795461023	18.8370931711288	22.339384312856883	19.84856545029422	21.641246407054545	18.052944214542585	22.053677296193452	20.888479152308687	17.90622541895106	17.034946994980555	20.73469925638025	24.312191309733386	26.027268968096347	23.851465798950574	24.429086860202208	22.85008608790705	24.12813299990217	27.056053851288645	23.8117124870063	20.377803764384215	20.43190485024687	21.62726870285138	18.562793832096986	14.880280665808632	17.38447321371675	17.87358784005882	13.139023826528742	12.03933415516754	15.778542167376884	15.00268104517021	9.960826515967256	11.051952911163497	15.47465500686175	13.169365971108714	16.310410101129616	15.340025444659446	10.167022781547699	14.93103734909366	12.444502290169378	17.947688740592664	18.027586101709524	21.761893153290103	25.88346817742487	24.161363256703925	21.814321244031053	17.785906556846125	16.753496095275576	18.34433428177238	21.399350157349346	16.64004799924356	15.445580862365595	13.045742345819807	13.253520819868296	17.13480561787065	14.409760039608642	18.056328925724266	12.619977769477599	16.327103446020672	14.237600140208862	17.71007320729645	19.14919458780018	19.41886422154233	19.455547442940105	14.895292258907315	18.40118932552937	22.16514551160426	19.475899066218798	19.05604321663871	23.482331147658417	25.071453838829537	23.409864909149313	25.77375291671342	21.372759163390008	20.801039936751035	25.67158447370294	25.987146180989974	24.067303728863024	22.694272448999023	26.93607158000362	25.37336994438091	29.75264332519159	28.14550390527999	23.020666734434265	27.0321659942508	25.368704974351836	23.94771926777337	27.558930950946603	30.949086574452956	26.637892792593938	24.561898113207505	29.948048939183582	31.03337057634814	26.719566197097553	28.07194547956909	32.88574095967709	31.24135916525647	28.277770685220474	32.58345965420682	35.10827507798337	32.927360114020985	34.487466404205726	28.902688846161777	26.312917059434504	26.801877526227713	31.0911025815007	31.984882399845215	24.820370717336043	33.56445324766467
24.843376446945946	24.59679145528507	20.528055046297663	18.55809178772038	17.080234353925377	12.138894068199834	10.645604115511414	7.067164500518786	4.475716404926669	0.0	5.781825888441142	6.468288619675394	10.411400870755552	11.894722208862685	13.752894838241348	9.74076389193665	6.933252558647665	4.356329025376223	8.582863185270888	10.176884504810122	13.00507447600786	17.305176007005155	14.972663525648361	14.381684887235572	9.301090277179464	11.127337094020913	8.667694928485522	10.84857829389126	13.743109270751978	14.456980501578654	19.089100347522713	21.930204671219713	18.53423419173737	19.60599420062821	15.37361907938178	18.733120259711853	17.57947924191229	13.934584568763471	13.549744024433524	17.71509514851379	20.906062884952863	23.076621655963	20.63086726449027	20.667708068973866	18.719477759725653	20.550110817337675	23.33993316945338	20.39890289361445	16.679680391763835	16.320464452566515	18.106867575780573	15.471529633122893	11.101551401629044	13.828364329810263	15.20165655058331	10.817669090696226	8.88178727688408	13.433568710929515	13.705231352449202	9.241878957274889	9.638562058074324	14.620128609728292	13.730650543947917	17.747075750622983	17.369999921837632	12.057808330947456	17.15989145712374	14.759178956107576	19.710201260001867	20.18035569994306	23.010729647631386	27.562386682488384	25.649960960964112	23.071359350088727	19.86049985842646	18.234417969795256	18.464484533846306	21.398239786668956	16.251166677138958	16.358092570211696	13.266908452896056	14.699163789600254	17.94584679337925	15.83029384596766	18.910169315989624	13.291967634452684	17.52706647944483	14.44008962734232	18.53027871976869	20.269547706949425	19.43879572427616	19.666174781663372	14.300045298992053	17.938936217657567	21.640450733237515	18.375369463547603	17.223468365418707	22.052176756605512	23.673639024263355	21.168532536178297	23.32288964298653	18.708238383843682	18.740653553938273	23.54150794254759	24.76715231557316	22.484989379676087	21.78321386568396	26.426218702891397	25.40113966964839	30.180249535026686	29.257849098118147	23.75920500546926	27.310199122274664	26.418520023977113	24.340707208136056	27.412665251766825	30.86761769169143	26.633466814857687	23.941382808336915	29.112453360668432	30.33799455362279	25.663783830822467	26.520566064014254	31.475675858502186	29.78672315196345	26.24488422689022	30.424302450751725	33.20010895560669	30.71440693440344	31.744885598397342	26.370621531301985	23.31704551684494	23.943787609270085	28.473816136986706	28.834197505195203	26.99980055291555	30.378740959539922
22.617169154331112	23.178035301125348	18.64656677009288	18.26218729736654	17.069102402242564	12.275246878214466	12.392739821843985	7.069199140240383	8.687280963589664	5.781825888441142	0.0	5.975627831955433	7.171110508161106	6.9177969272846935	9.770721402349803	7.939774203002817	4.705501680958752	7.6458558758169195	9.444142681259075	13.123188855710586	14.433532348954953	19.377810688231598	18.18471000587012	17.662186620124416	13.650361219152161	13.232862207411928	10.245855028871247	10.01630373462018	12.076003817244104	10.66432186381896	16.093873492648143	18.098972413861745	14.040311228648223	15.662176138735157	10.6480401491989	14.430756973888531	14.792226830844582	11.160841711996747	12.603639973268086	16.63018033772293	20.45342546552125	21.951273895506652	18.35229470364042	18.606869977545895	16.125600817703702	16.924629238472907	18.973503896850744	15.42721387770638	12.446746161639364	12.396556636655243	12.961639161664808	10.25799553187962	6.639161937788269	9.011423617707452	9.481480512033361	5.12548089640284	4.11692890686448	8.66981120394191	8.60694685359329	5.389244818855508	7.230738275188331	11.304114220792018	10.89043607930822	15.999556421534814	15.641661326038363	10.563522591370353	15.298210861699383	13.699951166890818	17.378766339681853	19.106057588772007	20.781601089797917	25.710683153180035	24.313415830264727	22.40195871726186	19.68790239652245	18.748735829126495	17.81065987721733	21.5748809935059	16.81022313818042	17.640262077138097	13.335904197872322	14.65520555097204	16.532200809904403	14.074095352224749	15.692217801362393	10.210242515472132	14.311537962595523	10.571099020295257	15.285159863490463	16.834652279923414	14.923876087517822	15.332179011462216	9.53495667348988	13.514598619374565	16.662518631631702	12.983506253365398	11.741560068424713	16.78200128977387	18.08847983397874	15.390099339198047	17.7135526539508	13.097473412409538	13.630374776179721	18.786075770520068	20.18725097782101	18.635219441608914	18.84078907044527	22.921122982741434	23.133083685488334	27.59947331997071	27.155547889408506	21.512965423294172	24.09045179282764	23.39905131726093	20.43990910963283	23.456702634012032	26.48080165247144	22.116337914802063	19.281290845476672	24.35378072766342	25.245918545724013	20.331285594908746	21.315725644235496	26.137685738040588	24.195444079786906	20.607716897953008	24.974466307609386	27.541487998349265	24.946232790866183	26.13425340142656	20.649561579988685	17.79516241791035	18.73181971550311	23.022605616330274	23.427026068680235	24.98416504240594	25.08871459433997
23.817698780956768	25.00923521224499	21.375007522732673	19.958440901886245	20.028320994898596	14.44543169668406	15.244175637345217	11.252930676527393	9.624851901932843	6.468288619675394	5.975627831955433	0.0	4.868568130580668	7.630101894671265	8.7517349920203	4.287356544683119	6.042643409652862	6.481028763506996	10.63054550713074	14.396018710362501	14.761783038334384	19.6568441170724	18.68960745251355	16.772612336307745	12.440964345875557	11.80380331722666	6.720778201431968	9.417285250932869	9.439284259590034	10.83987805233594	15.756963935479131	17.879576544882028	14.124104134069368	13.876046950227199	10.28614851802512	13.192776281353456	11.321718813244342	8.749790454843053	7.717573665596302	11.5600871572186	15.47270058307363	16.958482127535678	14.308848435479206	14.911531640432433	13.7488462902866	14.755389231190442	18.294940626981585	15.811575359262884	11.723091692422694	12.780943059106951	14.809315062457861	11.225226090264666	7.7229134403739	12.38266349609652	13.229210549269265	8.769151694723297	9.17339919531983	14.12288926088414	13.885707673698105	10.830131605017616	13.006129854243028	17.27962663324151	16.3348396644302	21.374214446160423	20.302156776894062	14.564267712950638	18.52174401828038	15.162332378920299	19.08086878838125	19.071360856864015	20.524041321357945	25.305078609488433	22.90324045881797	19.9704339357152	18.24029916849661	15.834905549959053	14.195356439943009	16.986429206561887	11.886344067000328	13.631885360421576	9.801251882901358	12.734256768802107	14.809154111502476	14.410466778497682	17.195911367335526	12.581658981554657	17.933740705984185	15.55840598833898	20.542055249445298	21.206255464377747	19.496699794006553	18.34779434306837	12.998847128656429	15.070487194628553	19.36829118438267	16.780910000820207	13.911291744507178	18.36724143493881	21.078562841537504	18.421549901803736	19.387075500975058	15.022635677029557	14.238426194213636	18.25922729128094	20.112648871723056	16.930792996488076	16.484730057729447	21.67570436846259	20.811537440381155	26.05203849384946	26.00938969597111	20.29651172111026	23.479281113351202	23.94806233108652	21.736579730468318	23.535904983120453	27.486969029662163	23.98612574198928	20.39471483780469	25.02084585211875	27.105891859017177	22.62077126850954	22.25780503824721	27.47935576173344	26.60546275813071	22.520438785935063	25.954809016357196	29.467274730813273	27.47354264748542	27.745968314065397	22.90505149511983	19.471594101283667	19.098655171497633	23.945352952278686	24.712689666386833	26.16111749300375	25.884240706771518
24.526464061457066	26.498258183530677	22.695988298114788	22.388228034938432	22.628075994570036	17.312279178835823	18.665743685465163	13.915098234402178	13.878019557921535	10.411400870755552	7.171110508161106	4.868568130580668	0.0	4.305835756329579	6.6143978660750165	5.43712267198481	8.317971789442232	11.03042387542258	14.031804304486254	18.450529924117195	18.296015140805334	23.408847073070277	22.92042761810242	21.102381277729496	17.15220801675732	15.75179885960769	10.710848560295899	11.82932690346713	10.283989096646613	10.026571682539817	15.455405184376078	16.339580042568212	11.699181239916816	10.715006926320275	6.250340752885089	8.445368029954489	7.647211194548755	4.851683411164173	6.371486240158154	9.9505485578936	14.006481491635109	15.071654701830024	11.197779952940795	11.674737670497874	9.995544040541517	10.264122091019889	13.47588610070808	10.99642032939285	6.895079432950977	8.698102707025592	10.484401479194602	6.851052385268337	4.29921977940466	9.525039367871972	10.203042794597106	7.132490441303063	8.533298267721468	12.790887496463034	12.8757116689879	11.640721937357927	13.867471954799308	17.27740577734635	17.15741710075131	22.607837045358835	21.756668041786423	16.484115046552112	20.003493365414414	17.24246836469422	19.967093430925296	20.717945049032036	20.9393401210978	25.922659342884383	23.786428781672658	21.264938875788875	20.367509484270766	18.26556847938346	15.293935776901053	18.282154343497204	13.805929610194402	16.48865347133709	12.161562323368347	15.177401222253176	15.861672094448009	15.781011288720267	17.240823765461617	13.354811883216062	18.387863022188082	15.711416958202372	20.83258554573547	21.34394310447016	18.638380794765038	17.4774889552405	12.179039134625084	13.7100721487345	17.44186599115618	14.725902935968854	10.930011480211997	15.320712627825888	18.072569693985102	14.823082366080717	15.219201334616479	10.960224389663926	10.703378986882578	14.448636020309118	17.269842803884206	14.174397681482365	14.983937734869562	19.92147755672619	20.251696706405507	25.36924615195903	26.083132684162123	20.337068381123334	22.468185771806418	23.645303028724378	20.69297239697748	21.824962748274338	25.51523734973728	22.25791794304845	18.190727858833732	22.302644524396005	24.40861994879604	19.772842347520722	18.82326064470705	24.003933507836148	23.178306692455276	18.635556897752814	21.805757347963176	25.507852759368802	23.416388809779594	23.206729236498532	18.686651176905414	14.956363595078644	14.502884827211833	19.46639131171912	19.993896096350607	26.99985724741802	21.092547248192943
21.782869878319765	23.94694937569414	19.919928244771953	20.579728306217888	20.815663264450876	16.007143208631756	17.99469460376663	13.073419814913287	14.696259281766512	11.894722208862685	6.9177969272846935	7.630101894671265	4.305835756329579	0.0	4.609821854927232	6.671645542346195	7.694309724749928	12.300407809863763	13.534192478283169	18.465603694498913	17.812815776406218	23.001332557440115	23.031704853390817	21.663100798397693	18.425923012911266	16.213202607028368	12.19924180258129	11.12478394585488	10.031626442472618	7.369365663557408	13.114896732823423	13.564673185472218	8.576695813334808	9.308323673718517	3.751300344170198	8.040047851491309	9.661413988259378	7.842818315564384	10.38170522818025	13.159442707577899	17.627943355246327	17.885680082213923	13.382137052501015	14.403647585559114	12.424570406953954	11.134572021582418	13.202493627203511	9.474154964308326	7.093189066768025	9.311880531015374	8.694654180630069	4.120789312701936	4.561900466858394	8.230461464302683	6.792150371494416	3.8605976549576475	7.5572092501277845	10.435337100038227	9.486469106006814	9.50201419898234	12.61184063065295	14.91518455944321	14.540942428430359	20.124696257366942	19.142955528529768	14.41590155342647	17.361303944078074	15.408358028126855	17.225616511568713	18.999283017744716	18.744545250970628	23.835778813835216	22.38139453414563	20.692781215422	19.57807907452462	18.521436301586792	15.65917165539825	19.533720720764116	15.613625673808896	17.741584214390944	12.926331973319234	14.908534002253354	14.837527061680195	13.89593640189727	14.183663395727772	10.660950302162433	15.0914559718377	12.486282532561791	17.57425550534125	17.784018337944776	14.697736689176478	13.592207075039914	8.425164417526185	10.078106474919213	13.28833557054701	10.467882413726128	6.711351976733646	11.419223315331237	13.857148312838898	10.93656343093544	11.815086204888	7.443724265814842	7.260502169372173	12.040001612754114	14.302317986034154	12.518820823334273	13.858159507737884	17.80522399898626	19.108502871296892	23.588386444249142	24.22515355214856	18.560765847363026	20.021268815849844	20.76271285281998	17.249505018128456	18.837865205444324	22.014235689236706	18.417334364450614	14.567987412715963	18.921200322587293	20.497831662962156	15.68360489085553	15.353545847830551	20.414955675456472	19.211049329392836	14.966099090334344	18.685182732230377	21.937299909782123	19.847523861803584	20.3510165190818	15.331361794307416	12.205365749537068	12.14212796063171	16.682192311426416	17.695892468014616	24.301416742328747	19.045435539840163
18.816381007028642	21.65232519429757	18.43695063271896	18.859909118379594	20.296574669498405	15.378696029568891	18.56621850821258	14.634276815192447	15.630786754153934	13.752894838241348	9.770721402349803	8.7517349920203	6.6143978660750165	4.609821854927232	0.0	5.411324106417467	8.074521234843854	12.6254175300363	13.095075364735676	18.469579023513074	16.399139949723182	21.44577396371342	22.343737901522033	20.368036998998	18.073082103889785	14.61759962846459	10.876673631330434	9.076788472532868	6.275079438444937	4.101823691468784	9.16064795465643	9.735803816398343	5.448282671087132	6.186778566483612	4.163637534675305	8.978234019315742	9.54710813530067	10.264339568890552	10.984642626765286	12.381621877065458	17.69697305672928	16.738631680123294	12.70855189649058	15.10550962232616	14.574985892527645	11.920017359583019	14.907603361624252	11.593177572849104	9.678929733361464	13.135651151517763	12.322265270474228	7.141582284457234	8.920706695070967	12.791860219407502	10.43585460125368	7.103781273290077	11.622484505484046	14.342881946096512	12.053133031743187	11.63937979094219	15.893760648358061	18.02898411587712	16.293669294065413	21.75328555791659	19.800997866458165	14.861025375521155	16.547208760051177	13.635638947018519	14.849441808177769	15.746680287233376	14.88218571099715	19.886423664693694	18.135961904720943	16.411415467581307	15.988861172428605	14.932177179510644	11.553004895525493	15.711632942855395	12.531080640791394	14.648574155695647	9.860789679590143	11.755501511730479	10.773591611333798	11.030776547698476	11.578632906034562	9.483093399158323	14.494901265448195	13.703140557455562	18.801290305974767	17.816545796478444	15.363392525228534	12.478479311877502	8.624913386604105	7.832146067668526	12.266860484800159	11.343382324797357	7.145960032753039	10.251037390894066	14.112803087632177	12.722975621303656	12.589188948821057	9.391288152578694	6.263782722747339	10.15435563594165	11.36584111873061	8.900002056159341	9.413665388026919	13.669738479356873	14.51548450003121	19.152219065314465	19.89494970676367	14.215471296481317	15.92041486316785	17.232249504080716	14.348020444631583	15.272233301230148	19.148674254830443	16.18310195397464	12.021524227802905	16.319564528197198	18.80159445227676	14.74990682052018	13.77532377081736	19.048400389068885	18.87938344385485	15.068630574282022	18.09710469499975	21.75799228297179	20.719852463346783	21.277026329783528	16.63600491881132	14.105106484067864	12.595332777385117	16.895871060297996	19.23048293078331	21.301469817547552	20.194574392503636
