0.0	5.662237313358533	8.70080371621077	9.445363501528348	5.380090259504959	6.287434673234876	11.014433647538093	10.66605731194671	9.053584617501208	12.050569217610231	15.154139386802484	15.579733068038637	17.158545470290086	21.81502689194412	24.01976565367224	27.52739251777499	28.99982174017717	25.489260210818877	28.225593817452918	23.635061945026855	23.555386170215787	26.526597011534022	29.237654464220242	27.999248053008355	29.4567991712121	23.667070060642846	24.65016151740115	20.452518349768592	15.8695195080072	18.55967454348837	21.511910400412045	24.348660210810387	27.89569824168304	31.395568818218536	31.07140408518421	35.218802570478786	36.912113355385	37.80012272276316	35.345792344622964	38.79342325773053	35.884795655328396	31.689475231758365	34.48321937245701	36.24600168389444	31.31226094622569	29.887876199325135	34.038754394584224	33.04291932020513	27.77623128186398	28.778936521311845	32.30910380951636	32.94556575313871	36.649680880454945	31.169435922982295	35.171271085515336	31.088672657495835	29.978321019815983	25.899572169796993	25.700331082905542	20.998878490893595	22.996442168845643	24.601202130705147	19.96774537154268	17.719983975301215	21.98955450439147	21.339888792259707	16.127751420172142	17.686036689133573	21.372088295654688	18.540470322884584	14.322843767021796	18.916415055100657	21.397306805818026	17.203361112310102	16.92345247787454	22.225276435739115	22.49925469746159	19.479900807238227	21.94023085806241	26.179322996851916	25.264945884418502	29.529803240879986	26.817097808045453	22.208278575050787	23.98125969176989	25.354401659786628	21.195510850418525	18.58407507140231	21.90992490254875	21.456137162278395	16.107190181731184	14.039463951997444	10.850264398190443	8.456014999836166	13.208336480984645	12.89574171360737	8.272133641245594	11.683390184766747	15.503608742625659	12.954529322200893	11.821685370618107	16.818977797068513	18.190755893854316	15.61499012023525	17.57908978988364	21.040617013050355	22.390136017898556	23.65744630960977	27.512489899737034	24.97619127527994	21.14991826583205	25.997427579290438	27.222295961816478	23.811602646293935	28.96918329127233	28.12425895736952	22.766072274565126	23.575574948671413	27.163123456007906	24.256901171308673	19.89314831616284	23.891865795139882	25.92859549083629	21.626538225006236	24.347367176675924	18.959763103867722	22.7203792247231	25.40919094411322	21.060342779624666	19.404058953623906	24.687371313360437	25.08670756427394	20.359548276335403	22.508783516074864	27.118383541736154	24.454662259377553	27.311675479782135	22.023461661427387	22.152883952497735	26.627526605846302	24.913548960840252	20.175553195718855	21.452874073687862	17.47927896026359	15.561536100903536	18.28145254578143	16.656309580683626	11.582597404853617	13.43563387982953	16.604458843350518	13.185714367542754	9.841500067705283	15.10169370695673	16.312329370467356	13.131436099967464	11.664057628407503	9.663205745196512	4.494507263563059	10.140874801446088	10.419305400318466	5.862791646994841	6.838454293230063	11.37638288519048	9.663140774135872	2.457111533034777	9.540829973800317
5.662237313358533	0.0	5.374309053373419	5.651308260730129	5.438849790607968	6.982247906948757	9.765443038317942	10.068444877261701	11.31885407541243	13.11923155902473	14.757999572334015	15.892196063357742	16.469567260409057	21.259355965353446	22.597810046343234	26.520798272588607	27.587956192885493	25.10814634408696	28.04825213057084	23.374582854118145	24.436333946434928	26.531608831528782	29.176478802256973	27.048954303139315	28.067283913007568	22.558562999453507	22.72688365462048	18.602313080304736	14.049098517170911	17.2360092065981	19.01816308202576	22.500846569298666	25.691303994535748	29.348694759656137	29.609540366930126	33.444033936660595	35.870886700373134	36.120022007926664	34.02042421462614	36.80186393633711	33.7551266782737	29.840380823771216	32.245701738634786	33.45897797105297	28.56068902083674	27.214595220666652	30.813736421498128	29.504388366609554	24.303249006715035	25.273180705872857	28.319177702239312	29.338161191451924	33.517112641861246	28.38064315967896	32.89675444894041	29.117820896506807	28.05222796562798	23.310372791156905	22.97022212769502	18.83572935426243	19.61721885210111	21.31335318639972	17.475845939785454	14.186969639245213	17.809140477098207	17.910018525763764	12.766527121393278	12.937540136273698	16.98837244598415	15.15220209029068	10.20230117637406	14.024737831180778	17.37389316403321	13.967942158090313	12.709200215438905	17.79863189418145	18.93971205742557	16.585795600256425	18.151635293517373	22.393438640886146	22.477877986357978	26.967971320258894	25.084804702332047	20.10359809847219	21.18564984295248	23.556222121226444	20.14640326831437	16.384505699770923	19.713939616397337	20.627748427703448	15.515337962435893	14.352541052887736	9.678158196772026	10.065216606846407	13.938242334790676	11.205352373393769	7.495866935214593	12.589597503329541	14.499887273028934	10.549073362765723	11.612457499679804	16.507405966931806	16.17990824826118	13.585347966625068	17.05616439105889	20.414005030234232	20.482839417828085	21.160541563287502	25.616216299917216	23.93231485004572	20.14145262063056	24.448243903885206	26.56713558023311	23.96730329047307	28.75873881292408	28.88159641230705	23.637010260676067	23.236922620823286	27.386601058472717	25.498138798088476	20.414218801786582	23.62759015266968	26.668098186335573	22.784416100963654	26.099223348668005	21.452712149311434	25.82789042176962	27.61945119528241	22.730449813246654	22.284219464770594	27.473371841360336	26.819721757239577	22.121184148588895	25.19572113860971	29.089817300963123	25.799326295355176	28.31905365541146	23.042405302230843	24.35140532026855	28.7449106486638	26.33233372444846	21.8890747675426	24.431238208844757	20.760242368862727	17.56778810683881	20.401040696726607	20.228348557399972	14.973928910060078	15.241753965194636	19.373869096437993	17.204221062955536	12.63237454396273	17.03305291775666	19.647374410631542	17.079627135039264	14.378587993518648	13.925489175751236	9.477673874667348	15.361341108196363	14.957884811099897	10.437836703195476	12.475746880077773	16.565153842788586	13.755999072610322	5.221743082498624	13.471921007093016
8.70080371621077	5.374309053373419	0.0	5.511906617676228	7.638259779423732	5.452544961317045	6.4830388260541785	9.681492872738996	11.020391519008621	10.465867814138026	11.931843432878516	14.490590729800983	15.848904382556983	19.557581307297273	21.702755640138797	24.88330941695608	24.91156841791993	22.660750412188214	24.853157414390367	19.754135123535658	20.99915073376593	22.363797994794748	25.383918483603615	22.951222723433418	24.458625134654767	19.140911129978203	20.075416755896708	16.504863333465615	11.877024994524009	13.833950161842303	15.628973906744521	18.20118993483807	22.03151433271938	25.215375494190567	25.00585291071637	29.172141755518822	31.805270186762296	32.30601939124313	30.837046982065157	33.46481752910816	29.86137147906899	26.385367618082107	29.299484369993625	30.033577752159093	24.861990850013875	24.35191024286965	28.0841948012395	26.145647846066915	21.10338650515284	23.099001417908845	26.04094636902423	27.65019540481117	31.52391999341775	26.376683490255036	30.968265217807446	26.906728452841048	26.657227592489413	21.77560363434317	22.639415282451946	19.117907010586283	19.719744222614295	20.057837051697447	16.20506100908389	13.851199376362208	16.394102802398738	15.268602113517181	10.623739536288243	11.244695984046949	13.820651797995058	11.055857574283255	6.240548971386698	10.654227166343468	12.859761952606169	8.799042426261865	8.467785469954423	13.639513037276428	14.039779745884196	11.76299679953023	14.178937882254896	17.874631792888128	17.512440144420637	22.31340302936626	20.206601972642837	15.230784553238141	17.013936726636274	19.690501552332304	16.07144909913415	12.450894958581838	16.71262328282208	17.814322672060747	12.820686517067491	13.606194466376765	9.694901318893178	9.826743419037006	11.664875664613739	8.277098531130944	4.6042280547454535	9.266029081713656	10.008129545953826	5.343648066001085	7.193853834573467	11.64912217701311	10.824179096885663	8.531202030509512	12.37228923168851	15.386262675486583	15.156072417727655	15.836755426579556	20.24211558414487	18.663345496029063	14.98130733182457	19.255168181506825	21.47015147360117	19.262309712791623	24.05458225093342	24.657136352975293	19.541594366272445	18.828068475141688	23.421247838776353	22.140484871173395	16.94329628724238	20.158007272571734	23.761364108691584	20.790217376056976	23.501527533736688	19.64191599891723	23.915974043413602	24.7993280385917	19.545009413800596	19.786357376763466	24.605306377484688	23.132083777223798	18.414598734715003	22.00943784439243	25.24216399396875	21.552831760981313	23.88820699625188	18.713138521018465	20.777998111414682	25.07382973190421	22.481992368374474	18.491925177447307	21.730900715696436	18.89271283503519	14.672951126969817	16.986295635658465	18.159290121345492	13.26560606733535	11.898910784412285	16.59333165841583	15.945885183089684	10.866103943900434	14.249838297798371	17.995161094273467	16.748120814241393	13.806588850694911	14.797160579724384	11.110792662848608	16.286886625059005	14.47068158809478	11.01350116005131	14.770561340291883	17.97850562055338	14.453460306111863	9.566061848794067	14.942760321648084
9.445363501528348	5.651308260730129	5.511906617676228	0.0	5.367722190854254	7.064262130589471	6.363851882670001	6.183170325250547	9.92635359626407	10.889998280863283	10.645273204048722	11.8601337848188	11.758406120195215	16.320917781608095	17.366026332567333	21.270580820574338	22.20369222602346	20.22635253197264	23.43937354460438	19.11162661307217	21.052590535299075	22.81964980918808	24.961747689626655	22.511922784495646	22.976563827004995	17.648259977634527	17.23620974510258	13.138859446902032	8.770655499479586	12.458257834903312	13.690732647400896	17.836528153335486	20.4165597035865	24.340452342090437	25.222520421692906	28.556993812575612	31.083553455700848	30.932871182182875	28.714058045359664	31.343039141478044	28.53067312035609	24.50411833640711	26.674255314228848	27.99098671526562	23.233806606307546	21.617153393175247	25.243289384715908	24.184644681252458	18.919883360089912	19.736209143674362	22.99881328715867	23.897749263908114	27.927237832657074	22.74215196324229	27.280692501132368	23.53431685736604	22.562115054300918	17.717303302121486	17.76175600871885	13.941613578727498	14.71062992838286	15.820998581099452	11.923084725014695	8.966308887174678	12.627519043575589	12.388919373531184	7.173089583740319	8.352799278613423	12.316826763176095	10.50666635528711	6.562546247007543	11.005883888406492	13.926517503854178	11.460263540010573	11.734490117570836	16.037796064340622	17.224903529407115	16.18582484645339	18.132115631879326	21.222651490380017	21.56534080328628	26.755710147986	24.86812631022439	19.912264888895848	21.7137224043443	24.892914605061776	21.419543892601045	17.662206315822527	21.85321172700399	23.28283226465228	18.30043965459403	18.560951184900535	14.145815522524245	14.197218334634252	16.913886958103596	13.704888197706312	9.708138364976357	14.048871553192672	15.220998146093123	10.121431727836054	10.82037188341355	15.64394041719798	14.577940833933756	10.58171721856271	14.358913000818122	18.078033665409322	17.805044307296065	19.184544757607	23.33970493239382	22.009693196900525	19.1002274221436	23.440531648182564	25.583939625324238	23.667417682361513	28.781407501654986	29.466798474028472	24.325640598737095	23.92137459598382	28.671892660706703	27.30888652760146	22.277213449801543	25.63410153202169	29.20792448153645	26.119322453377396	28.692112240596213	24.49437896406564	28.459171426279763	29.694237934453728	24.49951098337149	24.071786930163398	28.871016540307263	27.683935906492287	22.601021518176175	25.537538087979172	29.05859154496067	24.96443238049707	26.50049507866742	21.5807591339687	23.701347849492013	27.401323402573436	24.03814871773375	19.819302981738154	23.528887228310996	19.76235500972683	15.976560440242801	19.619106990160265	20.523451137191177	15.287007783901029	15.34800638919114	20.283337971224896	19.109251076550617	14.770298919061599	18.975405065987985	22.18372159837823	20.536671799556864	18.20101579052532	18.031675927457265	13.264359806149944	18.582965459877073	16.66607085660392	12.001186970949147	15.349714718604714	17.870466137550356	13.781143099962499	9.74398572251596	13.47869426235566
5.380090259504959	5.438849790607968	7.638259779423732	5.367722190854254	0.0	5.342487409392208	7.719420758049249	5.683975793356115	6.586221841357439	9.83853583766802	11.327079363884629	11.305841549701666	12.090045215821277	17.054091220020386	18.77082064174298	22.53094267930335	24.22280395823899	21.089963652786892	24.362977392122218	20.160196443634693	20.949689345573628	23.793750032752875	25.949134435617808	24.426728639244555	25.229328892544782	19.51870762135671	19.775490835540907	15.431048261354302	11.02529331288854	14.470730004229837	17.032658946377623	20.654823285017635	23.49871376624202	27.365706009256787	27.759529588594575	31.356592399575757	33.142978719628	33.54470277687662	30.81179061231591	34.13046842233219	31.589945684760284	27.183643386647667	29.598325054240014	31.565201282917354	26.855644692045942	24.96864106035633	29.063708412820908	28.460142795703156	23.15272699151377	23.722553679951393	27.41515146124838	27.77317334033331	31.42010239830089	25.944471905729927	29.929138079839586	25.980599725662984	24.692407611291816	20.60429455786216	20.34304497992389	15.66555431425253	17.816085204822144	19.357707964826087	14.678935667934844	12.604932984511384	17.169122620886764	16.573807181188172	11.371391759203927	13.583645250659519	17.41191392037542	14.8295555276687	11.31092722853352	16.167837647396333	18.62124814793632	15.235189878904402	15.785504342970922	20.615210602320445	21.199056804928727	19.252342399093788	21.77131362437003	25.28269163879608	24.834535294227766	29.76811244830002	27.217502267479524	22.43282202061241	24.58812030132921	26.884483626479742	22.787810801441978	19.745860390499676	23.78013548348399	24.134575390292863	18.77796472000597	17.937346859080268	14.093828105983665	12.538607333092225	16.322976636319048	14.777137461521944	9.74139898873929	13.46075725075598	16.440203358521146	12.451145974217408	11.280425372428317	16.61245710360559	17.17676483931709	13.293485542622678	15.654183727083018	19.624866749403445	20.607438353838724	22.414377139531044	26.181808365481682	24.02097332178484	20.872657920514705	25.778892590344025	27.196895823588775	24.42857617870245	29.910822158961768	29.690499956833623	24.335508028995346	24.937190426398868	29.20217044149241	26.878345374040492	22.30811344670062	26.3191828741033	29.048891567568493	25.378062761001956	27.706700309777432	22.75092599175975	26.313334341604694	28.434268028181723	23.663766122802446	22.167384276834508	27.169495527000787	26.980585690126503	21.792502984594968	23.92273827879688	28.232796395232135	24.69569964707941	26.619966346414795	21.551305466351078	22.52615237652856	26.37992020311442	23.6099759471159	18.89332413820494	21.444338488655866	17.046227219633174	14.495844893305572	18.359513278422497	17.799461368861067	12.4213420173168	14.172172559970093	18.424298304140134	16.00930755389779	12.589769943228497	17.738811675262724	19.766462988768097	17.46265039191286	16.00661115755646	14.585598598836286	9.338618733232854	14.31935309873718	12.904587430974575	7.6501091917373945	10.28190760504717	12.820576029687231	9.227957091678261	6.096966680240966	8.638453977183405
6.287434673234876	6.982247906948757	5.452544961317045	7.064262130589471	5.342487409392208	0.0	5.167064785104111	7.264675355038215	6.04853451514442	6.483393884329827	9.584085351779692	11.31565200678146	13.751392502076124	17.424305152288863	20.474055096288055	23.28114287387842	23.887036824429153	20.498698834588374	22.70744377915799	17.774690209611677	17.998453500213518	20.491470681556024	23.377165506865182	21.916516609782683	23.67443600975851	17.942301468732538	19.594990163057755	15.808177115827343	11.106787860136588	12.810157104865201	16.070885862078875	18.252217721026184	22.195125710387803	25.402849188899165	24.826535534132955	29.123864044425545	30.887391064514848	31.940281313133674	29.874560459207135	33.27507937660125	30.029995271176425	26.062292508677512	29.276696202497526	30.808390112415278	25.711473244157833	24.82890492150849	29.212671948110753	27.89651089686027	22.746600237116574	24.488597510387518	28.099652283836825	29.077959737157734	32.38628917021704	26.82088568557501	30.804666864696404	26.426719391180747	26.036693070260366	21.9122340093829	22.88276155324968	18.698242559390817	20.72840435952837	21.027572814329623	16.17403561257459	15.035585937566099	18.616558393814728	16.736560532982804	11.932655992959429	14.524208666072093	17.00196545470909	13.230770303372564	9.990793319467732	15.2332793149499	16.480964703289285	12.061767607901091	13.395868784882103	18.353204979020692	17.92600808759165	15.430384824485051	18.824331385075777	22.134294917038282	20.806907609249194	25.600852476456485	22.545502088277	18.014502556909726	20.809783787753155	22.668123048032232	18.151754134252947	15.82444897413929	20.27855703234791	20.11160497515734	14.784879857180178	14.949108360653444	12.122652419147158	9.587982113458876	12.102374450363538	11.247501375660377	5.858458873752222	8.392426068704381	11.662650114014106	8.49545898417061	6.158987032240043	11.469902258644485	12.813262156875739	9.630772003325793	11.361636102611834	15.010573266558096	16.466085981826595	18.31963858144966	21.811380583472896	19.25822382982565	15.919262969728557	21.006733037433495	22.109901136414315	19.13811016107978	24.681134077371365	24.37240780555445	19.025927380320606	19.838277030973764	24.1030966211611	21.823647438207132	17.381844090559436	21.658895748956507	24.386277834137324	21.210563669815315	22.99198874382418	18.417054116178537	21.880668119094747	23.52556681616388	18.60748642149616	17.383525762632377	22.25954488279975	21.73431079888519	16.54369446735693	19.030062851065885	23.08947325253967	19.588683081841307	21.877073036506225	16.64496461464599	17.72277845731958	21.90852529411952	19.525471720896945	14.976504071119995	17.526823328043978	14.013461658443427	10.596500326297107	13.642337844186414	13.761520566381195	8.487458915952491	9.00167260424577	13.536011058590793	12.06536958603096	8.077332938876518	12.808937795728937	15.457041169310225	14.125281328925466	12.559403029375966	12.320591985695302	8.032539915798365	12.374747882982518	9.79013772181176	5.980503958214428	10.537082331418473	12.807821350113112	9.131569039086367	8.259264350865951	9.968729394870774
11.014433647538093	9.765443038317942	6.4830388260541785	6.363851882670001	7.719420758049249	5.167064785104111	0.0	5.544875979866572	7.218856934797123	5.206324275256269	5.453821672809859	8.42770279708925	10.634682603408173	13.498298224632217	16.615980456752318	19.10174829578355	19.138107931516657	16.33780939163721	18.568635200518926	13.6544011450143	15.046617994958938	16.857166724878123	19.42926758192365	17.397263042755238	18.816814767625683	13.190692919637339	14.691787754893816	11.18866644721379	6.564634123723109	7.89609223052101	10.917537777214154	13.35344229336504	17.073623264313444	20.404660909061885	20.28770762785455	24.26716137025612	26.302256415244198	27.012043332360307	25.076524253867554	28.243805058169862	24.973158749623035	21.043880418624447	24.23703411969356	25.645261808891966	20.548774507923397	19.75717225011646	24.17441692793132	22.826657692441024	17.716247470391373	19.720746530483563	23.38209799336831	24.482225365220714	27.574206548728064	22.037452689248262	26.085854974028177	21.66487558030962	21.66991097574304	17.424344762990135	19.152130262418762	15.636018575233802	17.444281997717745	16.76272170916856	12.00674978450059	11.810931318766071	14.667493232448185	11.956539310785354	7.713858618127764	11.320693687606065	12.80667910339126	8.575319071909831	7.0257292234422835	12.425554186716777	12.793046837985134	9.20103689175284	12.074933576148439	16.096311854497326	15.614205229735527	14.46550584714934	18.015525069877025	20.208472521538866	19.189673265287073	24.564521858111707	21.69919409504326	17.244895237417943	20.51281159059152	23.21754779910937	18.96983523911429	16.486652962291977	21.49578520242339	22.096941341627808	17.18761908277607	18.629905350059502	15.607206624878422	13.996594387515886	15.281014731738553	13.368263987965747	8.920896687100491	10.870613103625717	12.378427603685166	8.136493071088587	6.132424054879598	10.687244307633899	10.800982972299149	6.0261476271281955	8.332502824082374	12.383833679432797	13.253651834557894	15.751754105715936	18.98405312455484	16.94210174853102	14.572427414661247	19.470427331624876	20.775817892369652	18.758371768501455	24.371665091277542	24.871043479042047	19.825891151869445	20.238784157694546	25.082375702250534	23.651025010980387	19.21535060948931	23.205102612219964	26.597101337634044	24.292889193473908	25.609393356807725	21.827107638762627	25.03040766140122	25.844124263024884	20.676597903878886	19.967130784270996	24.24481693825742	22.886181461989665	17.575186774930852	20.169769986969015	23.467602550188573	19.073766175339802	20.262001298580206	15.466229638158381	17.79266364325436	21.184956979314435	17.686959719155073	13.587691613996842	17.750171030057057	14.554102273894001	10.08541700411518	13.757142218299917	15.574814998050906	10.897013631864503	10.37129707767451	15.577017001218962	15.59108080883688	11.893202343407806	15.518138068087639	18.9409347584291	18.55777040181129	16.929175157724746	17.291155420553302	13.189060583620037	17.120584313895026	13.616870760535022	10.33319379732657	15.162844456827374	16.257941314945647	11.66959170997228	12.579932460333549	12.414584245623848
10.66605731194671	10.068444877261701	9.681492872738996	6.183170325250547	5.683975793356115	7.264675355038215	5.544875979866572	0.0	5.587984062361058	7.479960373798645	6.616157474257017	6.057784391411719	6.740641811950699	11.410083672598118	13.528664363212151	16.941323020007527	18.58459001409388	15.490169780726852	19.029632308220783	15.263335516067356	16.734496715325054	19.48906945406999	21.049779832170167	19.51565305767427	19.874991352050248	14.228281453126488	14.30586266791953	9.974866409682692	5.832289022278395	9.533205652739321	12.23527808807192	16.112376455823956	18.386876543380144	22.412173903626723	23.2294065154053	26.37170818714431	27.962243154488995	28.195687127744304	25.215179029238023	28.656231301353042	26.40695798197141	21.783498635020184	24.167305159879536	26.46998469039091	21.9419863005267	19.796910874396843	24.191675432709282	23.980150010769687	18.74052931637593	19.244059152398457	23.329165036753317	23.420169573673384	26.545646544068628	20.887528100654002	24.60172161278335	20.48384953513998	19.407261067036636	15.61357165428422	16.138926380985158	11.700223821109017	14.586295352058151	15.074045586320173	9.835818793234557	9.5813592423121	14.029296419558886	12.394804495278745	7.81582411918495	11.928648780474951	14.75814821420477	11.759907205390142	10.381088573454983	15.403006026719995	16.752643387570497	14.1541099508941	16.332752618909087	20.30076891004714	20.550791304891675	19.65471535878918	22.667621942427484	25.051825009710754	24.529975529724744	29.947309234173336	27.2264567839623	22.690604124873417	25.62189553557542	28.394875728458572	24.176470901413975	21.426001661357585	26.13971644898551	26.74133917287109	21.562672229765855	21.929851517317378	18.361590711500398	16.637179003181714	19.259274932091827	17.53424473124001	12.551295129339339	15.187646534294696	17.546533749542125	13.165668462085963	11.189599708800923	16.008431225774235	16.30716387494966	11.313611222347156	13.07012816882905	17.33369532561894	18.394042520426233	21.07199299378362	24.188139497148185	22.180717095895798	20.063473664143526	24.99137515310291	26.156299115101287	23.981673229931992	29.751177577137597	29.92918576840464	24.784618698529037	25.57847621165209	30.254917728557576	28.358310894200002	24.036395950934097	28.204964628879715	31.28078440127267	28.404275619753882	29.907091225124464	25.46609414120628	28.490404115125745	30.047916925625238	25.131170626311516	23.59774826570055	28.0447601012292	27.415161425071563	21.963737510946494	23.74520319475849	27.63620013711063	23.400743364050456	24.236610361550948	19.696265762137873	21.333188462213283	24.30271031553969	20.596280225303822	16.161589279874804	19.854384586335716	15.450767530893565	12.467309614015939	17.171621571436084	17.728352591593435	12.798034031132392	14.338240471463692	19.085797695809532	17.84695490574227	14.951699293340718	19.57956896442952	22.052166636722994	20.804494674735224	19.71455764439642	18.763413363597234	13.801415742407695	17.7851879344316	14.831966054472911	10.338360337857978	14.10918109853623	14.59139984289433	9.806673430567018	11.757244895087004	9.49018640262951
9.053584617501208	11.31885407541243	11.020391519008621	9.92635359626407	6.586221841357439	6.04853451514442	7.218856934797123	5.587984062361058	0.0	5.2753183090729525	7.935356964783842	7.301827150836492	10.360893435303579	13.886624347952532	17.401392806372588	19.86396253877246	21.41667849285974	17.119754195139517	19.809834791664542	15.783360394010218	15.465627826112556	19.1549732164104	21.195327990570686	20.695758934512657	22.034689409112847	16.236856254691	17.888063689670506	14.044651730180068	10.170202168372812	11.937954105037203	15.964707377984062	18.289384641871468	21.470503194384506	24.896326098503355	24.606621174951812	28.406658216377433	29.282369144601738	30.46381182896313	27.521965039063655	31.568831764496117	29.118312700824113	24.56705471892437	27.625933394880168	30.11172477713853	25.445082772626296	23.8044142470555	28.59756134352478	28.23955838181746	23.144243903864773	24.177107857189426	28.36995590843789	28.49109075516092	31.15581434518562	25.364843424331625	28.567791242565598	24.136170928955227	23.381722510734846	20.292332999737887	21.173162357780075	16.598202098057346	20.031292898331543	20.31394343561879	14.867791712240276	15.16933526553272	19.4774255013785	17.229490835548564	12.889818178341097	16.945054693565698	19.345671707702934	15.423220431401102	13.82199843333696	19.242035314408486	20.00236226467474	16.229384887832545	18.61334441005536	23.10214146297072	22.517838853624898	20.629142565719185	24.33927673152327	27.039897459995906	25.514021764687524	30.542088731543597	27.082607942462257	22.90620078504727	26.303225834226435	28.10244537965829	23.284077163242006	21.511104747930812	26.149574472610595	25.635622894653352	20.35811211796351	20.30448563489475	17.81496022241656	14.532439446237875	17.193262807000902	17.194459276594202	11.804368577156232	12.950977519070877	16.767443784010442	13.844566556407745	10.126819598897583	14.85048308458624	16.896476433369852	12.694190765253081	12.761704666164551	16.860142619752274	19.25507320411229	22.153161912375623	24.786853287286565	21.88218494154606	19.511467086070596	24.868471265525553	25.20383256368015	22.18747849303486	28.197301555432777	27.474303534811256	22.269936952449477	24.10281751618887	28.223105469472802	25.508200555880002	21.848970624747796	26.60171083827553	28.851085381124893	25.80536921982699	26.70235285507934	21.891432488148237	24.290215991425235	26.417995036663747	21.977836747750917	19.49974427692649	23.91757499726831	24.136004573180266	18.698897417343282	19.669376147602	24.19495744821497	20.611121057838158	22.001586316018503	17.33532143513318	17.73137467787385	20.957686125868907	18.166073449635025	13.29850364091229	15.597088895686689	10.79939228986622	9.001312208185135	13.601966882978223	12.837060073551548	7.967310490677355	11.106301535308594	14.996868309939474	13.06761752517512	11.435561278927283	16.387570915032068	17.838987754914786	16.63475313124125	16.561389402888018	15.036870255362206	10.560382154704218	13.13110467243625	9.74234141096807	5.8705976315122435	10.020993790556904	9.544371632110598	4.635695692761511	10.95436557622441	5.391447307996071
12.050569217610231	13.11923155902473	10.465867814138026	10.889998280863283	9.83853583766802	6.483393884329827	5.206324275256269	7.479960373798645	5.2753183090729525	0.0	5.030322205498953	7.292527513547264	11.373855770178078	13.148798763891744	17.653041634929114	19.138939337026642	19.297681144293374	15.202803138241736	16.76554682864861	11.894722220579384	11.582561517757545	14.581354598257558	17.278967043805217	16.51889859917176	18.6510501218911	12.943280799632147	15.872004582068973	12.83819786405903	9.075582146815224	8.685754376566392	13.196984788863224	14.112422278899313	18.189892327724102	21.004015814884774	20.009756897512162	24.317179103732816	25.354238818477555	26.94554584388246	24.755859471016453	28.673557423817826	25.547550772572006	21.484700118550002	25.220552147083552	27.168753935684787	22.208609193020916	21.55385966196752	26.483025703067693	25.463857584937752	20.63223427525475	22.739598056496696	26.747903253397777	27.486024335512294	29.82745615017983	24.096721482608142	27.37196209347086	22.63750511305098	22.878194043714966	19.64336791211081	21.773492678000856	18.034282631501263	20.928500740244697	19.928777111458412	14.687153997252214	15.793774036353756	18.920203206178446	15.526541375381276	12.018186072192368	16.318415637160395	17.29268527247263	12.521807421466617	12.053366498881653	17.340183891152034	16.794355551792535	12.825121202968639	16.32114995573333	20.27093696624032	18.89468577016368	17.27794555594284	21.579152449235572	23.533872369458606	21.482707910951095	26.565441493331356	22.84688680657446	19.041214060484535	23.08848605239295	24.921656352180964	20.029327151446296	18.809846323186523	23.870651998836994	23.392331517109138	18.510839249974893	19.835816348629397	17.92049517165123	14.756660296858916	15.738389890995602	15.681011110023478	10.941730611048156	10.67592845931547	13.611747907973543	11.19062239069893	6.6226521826113585	10.390451301963935	12.681757021483582	8.663978572958186	7.581736800632331	11.648602989743274	14.38659128274826	17.666445401964136	19.79472567539671	16.77502171647283	14.861072462343296	20.2094638094806	20.322239480527962	17.659242614032994	23.740519523870155	23.407263349347847	18.41711959813046	20.20479777208279	24.58957182838695	22.443637010974953	18.939004041933828	23.638339391195277	26.241084564895854	24.10847574393038	24.36591679677622	20.43147349135532	22.651336048645142	23.805763861475732	19.11321031002327	17.2885970183447	21.200231227037378	20.551892906580562	15.044967473620394	16.461719743479353	20.26135399535678	16.096167747123417	17.184377824337908	12.50696548495762	13.855399690335148	16.99611395908371	13.792601597447208	9.16846812765551	12.830101828687678	9.364879460815771	5.1866277253138575	9.708970095172075	11.075322270084552	6.942773172962752	7.796242599625294	12.398117935495625	12.513384613903792	10.528655217442472	14.14927751415392	16.63922484655246	16.834487044451105	16.449059773477202	16.34548190505641	12.83318551250713	15.020125671740063	10.499607812052734	8.652145732214764	13.753503984669951	13.274408319800695	8.814981359949417	14.183053074851319	10.355768100564422
15.154139386802484	14.757999572334015	11.931843432878516	10.645273204048722	11.327079363884629	9.584085351779692	5.453821672809859	6.616157474257017	7.935356964783842	5.030322205498953	0.0	4.509751968193452	7.8424163683677826	8.787629715654662	13.175443957307591	14.564590607769118	14.547815089862981	11.0640231473231	13.341165103297635	8.856106540618375	10.593368267919624	12.887070829927929	14.692615342821343	13.219644416592509	14.411681474573882	8.581873485637264	10.861470530514644	7.916842061323396	4.861048131416188	4.054012891450869	8.578562624966233	10.454676640819535	13.635866124098905	16.977761888597044	17.033627415782533	20.598051923836962	21.92271699787655	22.820542072187106	20.37937261228892	24.09692951837659	21.276833388061206	16.93344402270447	20.35744289029719	22.46360922053617	17.6700656464042	16.601458615300054	21.564740217650595	20.889445544000047	16.06787865313909	17.94051981994278	22.08869264110144	22.649940440585173	24.81671800296788	19.083318609425227	22.387926331091695	17.67746959555769	18.028832189539102	14.772368097408902	17.39806332559241	14.290131259647568	17.082186885045925	15.373910523137562	10.258679681842	12.49097700618216	15.076532929603863	11.200711173466361	8.700906108714845	13.73493608129286	14.083526739694017	9.607413310720588	10.93189866244502	15.71655920760802	14.828170299452033	12.315880774686269	16.390211322159903	19.437571563788392	18.47901962227254	18.168531377685337	22.082801410989088	23.2334220438713	21.88757582243997	27.400141469455747	24.180937050395904	20.35015806045863	24.32392333952474	27.00067062072086	22.585133396272635	20.818925901614314	26.059020531244187	26.426034092894355	21.741210211896767	23.50774976280049	20.903801958597864	18.693437734395758	19.60729756850142	18.36240537797345	13.98920850967746	14.617649622459377	16.22390232539831	12.721543468400224	9.591825700927368	12.713252036947573	13.36517922863277	8.275283733352772	7.968707034743679	12.119310868217251	13.819732169956982	17.4768434671699	19.447658244688018	17.251426027316402	16.29972484918114	21.15224684341765	21.68210393409954	20.042583013856053	25.917886767859734	26.37247851401357	21.69707824063764	22.836697674723755	27.642661072217766	26.22460615594288	22.50865667364895	26.765504985952326	29.95472102347666	28.179069239341974	28.550958848629787	25.01766339253087	27.347330726785955	28.02849529441793	23.164193182196357	21.862092515569792	25.436245017056347	24.186543571928805	18.800531295809588	20.347015316359037	23.429638210794494	18.64287165148427	18.5168114860431	14.601022146370225	17.03762613454239	19.18139988988759	14.790224667490032	10.998153195130797	15.975110791301182	12.728278791101603	8.67936163663455	13.252406518994123	15.568230537604235	11.915933545043446	12.16996316988055	16.937479316986675	17.530989867586786	15.226563967633595	18.521431946303743	21.49376123218676	21.740296824325767	20.962710464687934	20.981668587607075	16.983274570065632	19.79351667455988	15.44749709349351	12.884504030442415	17.714476598880477	17.028184583133573	12.128922411830374	16.856486976173862	12.96015511623243
15.579733068038637	15.892196063357742	14.490590729800983	11.8601337848188	11.305841549701666	11.31565200678146	8.42770279708925	6.057784391411719	7.301827150836492	7.292527513547264	4.509751968193452	0.0	4.729523782450119	6.598526053371989	10.8367072740654	12.62572360509508	14.27889960030888	10.080642527090617	13.606659330968107	10.655258397698722	11.957108976666305	15.278951772455136	16.042153928733267	15.392501530168317	15.66584908731362	10.142376705975549	11.195131639653475	7.777286370650706	5.944082615754709	7.1521786854417355	10.882378884709391	13.630279945867814	15.44071624252681	19.172825074055453	19.869608668197436	22.672102860255848	23.363378291888896	24.005468531993458	20.56751402645519	24.684187584671722	22.853822046412905	17.948820624731503	20.69863508488121	23.695912933713522	19.514937416015428	17.326540178466992	22.309248045041258	22.653090218695745	17.879563159005595	18.525578771440273	23.02640602317991	22.684842437191655	24.632141538115523	18.801217140481043	21.532414097914476	17.026955433647494	16.480935078090102	14.063455356411716	15.873923403526986	12.15392880682654	16.102569895108584	15.120120634634686	9.664970428011946	12.381520558231482	15.934758673156306	12.827098866502062	10.292762841549163	15.512802029248137	16.723528373867605	13.080330028680903	14.047396054422707	18.83197123395902	18.63381206710102	16.44366857768402	20.031044094708157	23.27038380939956	22.724735022576493	22.35170906858986	26.044462026579357	27.453038923769974	26.31984288299619	31.836858667685625	28.607539538321827	24.694757873038053	28.504739261351286	31.12163913646771	26.595497439604213	24.706235740739075	29.816312847261305	30.040406960896878	25.084515046133795	26.117933771137857	23.268723736367175	20.776317113629922	22.55449852341774	21.58220784029943	16.6854278661589	17.70470131135729	20.084633443790473	16.444822259742622	13.175936897217097	16.80990069027445	17.772460207011783	12.622005631205315	12.266091257662474	16.36986278263811	18.295751030394825	21.969757867473948	23.874003887589428	21.594849799973325	20.664258836438073	25.615271908774343	25.95522831616949	24.05312833658425	30.06308808158435	30.141063291109344	25.3758224543371	26.915719238240435	31.54476320424524	29.66670146507152	26.08527442360213	30.579124779865946	33.453362959130985	31.24464510888236	31.657645597391337	27.602994839679372	29.700750579710196	30.995826079791165	26.374256713293626	24.352031888412736	28.017350409372202	27.4425184717306	21.977785336247866	22.779523164467022	26.382216123981625	21.884159306213096	21.572618768213665	17.935973236956947	19.55294531207773	21.303508466321198	16.98351794245013	13.002102393851052	17.179973061832232	12.932474312062828	10.583710380438687	15.767573994429284	16.86454627794595	13.1963825399493	15.051066712723644	19.365156179725382	18.994327418051437	17.395264375391683	21.418873776084684	23.61508059861308	23.303318100428854	23.026805925427272	22.127509921826494	17.70570277894163	20.23979990507935	16.202387559008017	13.125852442749304	17.1753328869224	15.621097723129456	10.755092980450838	17.086185041848626	10.972213748100808
17.158545470290086	16.469567260409057	15.848904382556983	11.758406120195215	12.090045215821277	13.751392502076124	10.634682603408173	6.740641811950699	10.360893435303579	11.373855770178078	7.8424163683677826	4.729523782450119	0.0	5.727238584259336	7.098570614102404	10.57854871597034	13.387138895616374	10.594311413276298	15.268312414350511	13.37361294924341	15.78424395195379	18.473718331844726	18.51673018540527	17.27417207529023	16.229156611087994	11.396790829597954	9.93214230842068	5.939162448410593	5.680933289569999	8.913673841756383	10.623820576635152	15.016974842143426	15.3049930078162	19.67737709133083	21.60498102278158	23.461062603641285	24.53893137004883	24.158093974682615	20.277536918908122	23.885776482034014	22.774639927719626	17.655979002861162	19.256241883329004	22.49503192617624	18.839853842135827	15.569595548642686	20.060920130370793	21.117080702140335	16.33237946284423	15.688089916267264	20.24147048867083	19.300441211035004	21.585318799920167	15.866181443689165	18.78119270794489	14.826821476516816	13.26025453010106	10.642810288331482	11.451087996564791	7.487677476517347	11.838764399050095	11.483991504183903	6.22569565123941	9.185968128105216	13.049000465013645	11.069552947588878	9.023969082385403	13.859657706705699	15.63075856055838	13.384476758763018	14.433770594881942	18.510645723065405	19.05605182196257	17.925251448315084	20.94551443567932	23.812034273506814	24.07416347661666	24.278855361407757	27.28464886814303	28.641589706501378	28.339641811574925	34.01485065519651	31.34717117705385	27.163758790891972	30.454540886433122	33.61604268700259	29.487157273565657	26.914183208997038	31.869855699890827	32.71469191173813	27.72582700434322	28.536320893904094	24.98715613460946	23.282851173910323	25.531032644873477	23.727648533281403	18.97682486777304	21.025607157536886	22.950077143066263	18.542135542671122	16.38013367379813	20.287914148161537	20.273276940886383	14.890257515501405	15.732511931907897	19.787980749835818	20.78465084200929	24.128715465808366	26.414078578305062	24.76234805551458	23.848705310137692	28.493977009197625	29.38011391255408	27.847838994242565	33.67932538992252	34.14118686549613	29.333163133025582	30.32278205769521	35.16758622212383	33.55246318617043	29.563031923499874	33.75297508714059	36.966309231800416	34.55080854494086	35.500130304014405	31.34058621147212	33.83883663712388	35.1595056080113	30.34666920394467	28.601313220766528	32.48280536808574	31.73433639149084	26.264793699124933	27.38934682101711	30.90221963570861	26.259307488093505	25.785363100822394	22.22756251463152	24.17764167390018	25.875078488368484	21.30997835263984	17.591344882346235	21.899781514303864	17.547214254218353	15.23130368599506	20.357916970286528	21.42595941188077	17.389506886694903	19.1309097199354	23.709244023985047	23.024934610905746	20.904229241967553	25.18623493130865	27.582282259902993	26.79586364723851	26.118803406232654	25.049645995972497	20.158620968066195	23.4349317439172	19.98148029595698	16.07353920556998	19.532465010074848	18.476199452648416	13.749583502230823	18.095647866533348	13.171630511632126
