0.0	9.215427975830012	13.349804530128372	12.392221926573601	8.161658027266977	8.864753449352815	14.954372316507163	17.052998489126615	16.611373841318922	23.275347730571134	25.14613026434385	25.45973056985653	29.195936530271727	30.861300981503526	31.580517385208246	29.586670487004394	31.163513427160613	26.960146252207434	24.40487969457247	22.488574153149706	16.472676475315584	14.209856079779138	5.538272042289594	11.767484811464517	7.530591684738182	16.337625823193342	11.046593273817669	6.626451214919268	10.42387299925493	9.84777776365633	13.781289104636627	18.920984199999896	18.555955468169458	24.09421895578145	23.767423748943635	26.76017770118729	27.38289092737355	29.377806062633617	31.146277545219256	21.951375228071534	22.00313650144485	15.669007628567378	12.172983113080809	19.002988720852645	13.088805482627231	24.31062443494571	18.02788409450325	14.977582686461988	16.90431465811908	16.77039739243374	10.764283308561549	9.037060582222072	15.53165334148911	11.100396815554427	8.708284944299566	4.850975864832515	3.9564836508477845	7.465770274746688
9.215427975830012	0.0	6.795635004674301	4.655404794681519	3.92042964745701	8.179851228794366	9.88100590667265	15.206637873876897	15.878761448937315	18.726934603838973	22.500835013053585	21.306429107608786	24.187502871455074	25.790056183879617	28.54531854216212	26.05142252383098	30.233663268085394	23.13547068535524	23.717464357913784	18.380658933403733	17.226338220855258	14.803146330039562	9.226844772529661	15.450478498661282	10.647221375389572	21.178781541929254	16.730694636916276	13.484278065311024	16.54221363990277	11.400487225026103	17.55918429856514	19.968794641956396	16.60605584084417	22.897616123126273	19.23947250315854	23.224124613241006	22.88179049266557	24.022882661890023	24.767850523357165	16.191806996831232	16.36326210825018	6.864002194102499	9.494789249925688	14.74082792644382	9.317813579546424	19.310407729159987	16.568575099545942	16.242829054800367	17.407955390341115	13.496818568153428	10.669764857617498	13.463268584393875	12.854430122870758	4.945642447908478	5.4627439107535105	8.533578768952331	7.884868999992979	11.166589217989836
13.349804530128372	6.795635004674301	0.0	6.16950856070233	7.835501335751393	6.8828716047401555	7.476695937382598	12.170400300722882	15.39872911983805	15.883190304405225	21.329370808763887	19.17486458955582	21.55671996938889	24.216201573170434	26.45691691200727	26.136349734867228	30.22092955704828	23.97492389653303	25.241784629908942	20.1186999267509	21.014452372194196	15.827338483404924	12.678273310276463	16.5957540164286	11.415470300149387	20.564727356745454	18.73600877357005	16.505207988182388	20.049393640451274	15.81224098341742	19.700186689147937	22.720026354181545	17.15776727038592	23.208088776483603	19.228280602002588	22.596646392798277	22.671441775918343	22.30235547081216	21.71260304965789	15.885264919297835	12.629029496093276	7.253262041007825	10.476065571022724	15.73780120334062	13.009334996093854	21.874332979301066	21.318847631242093	21.110153083582645	23.021144112775325	18.456015459889834	14.745631394120178	19.126565355238945	18.918006751164985	10.255163534447258	9.561228421824483	14.111195996200856	13.612247189735594	16.71429689242629
12.392221926573601	4.655404794681519	6.16950856070233	0.0	4.422372041439002	8.673072809235217	6.090727214706419	12.391965751016675	13.036489718924736	14.376376420493175	18.500239823630125	16.918320450144524	19.618030045163955	21.216886705276107	24.313409478620915	21.9485949284345	26.703199214241184	19.203809497343293	20.718099245678946	14.758957187506882	15.869884174950505	12.751151274929697	10.250203021815919	14.845750292726745	11.102403904761106	20.926515214713064	16.98209095128872	14.795699683267598	17.267148100619593	11.319649912862554	16.80023855591176	18.085197357380025	13.235763840667733	19.48871510048953	14.980451146623514	19.015326175805324	18.576482978090837	19.416772295450205	20.149069567863727	11.721907444218742	12.038530401989183	3.7276485191530093	6.8025217264836355	10.835715445409908	7.1643913306126175	16.110279346204663	15.344942758799755	15.826391435346585	17.408324884288	12.352302532020039	9.886797724866096	15.17475150074489	13.302663031369011	4.735161922395714	5.143652979792986	10.94162953167875	11.661524902922267	15.535650365587061
8.161658027266977	3.92042964745701	7.835501335751393	4.422372041439002	0.0	6.571275071800065	7.837719921474365	12.391570368889896	12.232790203355163	16.42440080818158	19.368494762580625	18.74996758419737	22.06554284586396	23.638314406790798	25.64704882591899	23.31252633957508	26.74033239056063	20.57568414363773	20.248842200640475	16.017485966542523	13.976066363406701	10.91235284398548	6.026028059191424	11.732288691842959	7.665235229275544	18.001900647151896	13.268614504930051	10.563868872485186	13.311914030325333	8.182570462305314	13.746318804763957	16.370643506549374	13.156680731492274	19.391233493832683	16.787097797145933	20.389834558323326	20.476451069547117	21.999997643669726	23.42761018786827	14.308466001479529	14.769090225398077	7.996650208052554	5.939633030133031	12.123157034083711	6.81223682741488	17.793054042647338	14.446631942038273	13.515591192637105	15.506295165841996	12.156231204058646	7.352064231973865	11.469100155039158	12.508286421090652	4.61345043028601	2.0051012151200993	6.880095723175484	7.938478515372598	12.371402144678488
8.864753449352815	8.179851228794366	6.8828716047401555	8.673072809235217	6.571275071800065	0.0	8.232112777088812	9.729232216940854	12.161588920083453	16.551806117413438	20.190080612635388	19.442357552094954	22.8106578768288	25.477505223652855	25.866451633334812	25.98886152267424	27.995204948570667	24.062195208887182	22.87358365808863	20.35538921263235	18.049901792041716	11.79702535716014	7.736029733524113	10.70860802059301	4.890453718544659	14.109709613601488	12.450485161963787	10.453706978177422	14.387435431165036	12.38515567554096	14.343609114623606	19.308431145209212	15.223140975010942	20.982851947451934	19.74829141956434	22.31712139645523	23.297622765682586	23.822873194723545	24.49967868927463	17.505012488140288	14.678662616830858	11.85595838607464	8.406184848818718	15.79709316898235	12.465113020363956	23.099023605536598	20.145529575343346	18.290181570442687	21.070406218618988	18.435991897603177	11.967844713833074	15.458765957131703	18.970311903868275	11.083939564586615	7.985847635293158	10.785638818666765	10.97657771244225	14.792440430798214
14.954372316507163	9.88100590667265	7.476695937382598	6.090727214706419	7.837719921474365	8.232112777088812	0.0	6.7313089547918565	8.750652005379383	9.118570606340855	13.874686784302103	12.08437901765989	15.07212022432388	17.56928811881167	19.287699370580633	18.994699493087037	22.791733833550445	17.200685672797494	18.303005066632444	14.022390087962265	16.107874539836452	10.067107116785163	11.37508492235257	12.754348540860061	10.237892770354287	17.79460613875052	15.804706597597743	15.160191584229354	17.41910696611832	12.79339116321361	15.196276614217966	16.881803967373035	10.085061323241513	15.89332130045574	12.375333780377693	15.279084270306607	15.802605307850266	15.806234007618357	16.465595922712136	9.72850010356933	7.075999660992035	8.02797067526167	5.223095541633374	9.291080077272628	9.329339303573962	17.016019723993086	17.423551320783986	17.43433969090024	20.12378515453949	15.552773409956409	11.231268443496765	17.938294728101006	17.793259760203895	9.934151058717358	8.142241719039369	14.197541659808675	15.665986922395943	20.040145585340305
17.052998489126615	15.206637873876897	12.170400300722882	12.391965751016675	12.391570368889896	9.729232216940854	6.7313089547918565	0.0	6.197086079779744	8.709215295286121	12.002303070437977	11.312765330888439	14.812246598372909	18.106878091581066	16.75090131894831	19.283456461766598	20.353982383747635	18.6831839136895	17.663656165463596	16.926476402851122	17.498506142304667	8.91232483655104	12.992718568760479	10.541963540353532	10.01402203419498	13.111217806384944	13.983557308489964	15.062263445277674	17.032776498473325	15.063882903421668	13.535869094170856	16.76527382767415	10.117208161410177	14.269400935606809	14.266555811881311	15.037002228281203	17.079213525876682	16.735756564915125	17.745043977991692	13.309469227057388	8.667029529058498	14.734416702447994	8.280629181689907	12.389192380240319	13.869028509646494	21.137918366814258	20.85960111704337	19.690455816448754	23.31318636474212	20.183245879642175	13.975335877838326	20.324252912418945	22.776935501553304	15.58109335269964	12.520275972376089	17.2383768645288	19.087501075552957	23.61215027206724
16.611373841318922	15.878761448937315	15.39872911983805	13.036489718924736	12.232790203355163	12.161588920083453	8.750652005379383	6.197086079779744	0.0	9.596906724938284	9.020654326861663	10.482067318093842	14.74931540167278	16.62534140782479	15.203115212054708	15.477635226775543	15.861326772322748	14.587791825309836	11.838904984369357	12.858137555339232	11.955388942630496	3.683565303938204	11.356668642187952	7.726376728922674	10.264189489636886	12.991279747316247	11.19685948313807	13.086984565616415	13.427339484600537	11.32443484283045	8.906405942217416	10.657920704247783	4.888675491595814	9.096606714901268	11.24092121980453	11.821992150184416	14.057727002013864	15.623432832066547	18.606889586420376	11.632348377966567	11.288436121398242	15.721902176946568	6.579074988565341	9.026373584739384	11.045916751978142	17.52139648814765	16.171168565038805	14.757958683225846	18.688448251450076	16.564106685395988	10.287255044396103	17.005630661821414	19.734779320373875	14.510374285880987	11.377570180307393	15.409485889939559	18.304429315346646	23.15354761899468
23.275347730571134	18.726934603838973	15.883190304405225	14.376376420493175	16.42440080818158	16.551806117413438	9.118570606340855	8.709215295286121	9.596906724938284	0.0	7.35322059301809	3.6478206232872394	6.312343305832762	9.774081464490282	10.77411675842886	13.01525147988438	16.991525917668042	13.028497444404207	15.700196840347859	12.868266022146932	18.699037269761764	12.821710525860507	18.691667812017545	17.015122009817322	17.343455165941673	20.97594905225494	20.55639867589277	21.652332751876745	22.604470123893933	18.530417100842723	18.40525775798959	17.70882017103984	9.427231540411615	11.959660512918965	8.401833922145135	8.802289331280415	10.18344586740748	8.25717099800036	9.322190227078929	7.875946035151918	4.170819169926397	14.948767375664014	11.549833020524428	9.581638352785058	14.801253807125812	16.884835966271947	20.592659502266148	21.443111577075058	24.40988656366934	19.810057717291293	16.80527502535511	24.453272704208295	23.48705709037153	17.472908372097322	16.05756372066922	21.957475945610806	24.166784778159403	28.77565530099517
25.14613026434385	22.500835013053585	21.329370808763887	18.500239823630125	19.368494762580625	20.190080612635388	13.874686784302103	12.002303070437977	9.020654326861663	7.35322059301809	0.0	4.660472558309133	8.12335073045848	8.96222026576674	6.730638012469542	8.156747930501329	9.671805686018331	9.417427255652823	9.674271163819153	11.236330938723222	15.957407546006568	11.683440590707315	19.796963557565782	16.35842521251721	19.16550220627723	20.571942803462303	19.577757221941607	21.806020638714106	21.276069146162893	18.223031720538117	16.177009906848543	13.574409228391342	7.244610300270563	5.4372621896629845	7.361679073439333	4.133437613678825	7.752969098812289	8.793360685585746	13.17688769954315	10.140417426238546	11.38303225647133	19.757796246089402	13.523774478979421	9.813899175433907	15.950815482234512	16.163060328294016	19.029565029933394	19.52651362224078	22.832098881221157	19.812548527014886	16.7873866826718	24.117889345346416	24.094275278863087	20.150957592783307	18.338391418655416	23.154876667753257	26.19933260500898	31.048836631344987
25.45973056985653	21.306429107608786	19.17486458955582	16.918320450144524	18.74996758419737	19.442357552094954	12.08437901765989	11.312765330888439	10.482067318093842	3.6478206232872394	4.660472558309133	0.0	4.30729368804678	6.909373388958081	7.625417314222958	9.766407044353533	13.880241758859919	10.54633965763624	13.566294143059253	11.74623830946511	18.36974546281171	13.556426134468154	20.49876180351777	18.2069203958499	19.57525299050341	22.37043872380364	21.66195497548877	23.20654391349366	23.473049568587854	19.499807357080503	18.840447697067468	16.842283038234783	9.122210226167654	9.760975440565947	6.85016938959984	5.57006943477985	7.527403136524179	5.8961095080074415	8.910660907977082	8.087106917778197	7.626319622818938	17.47955634470885	13.415611254071267	9.660229107780681	15.952116138319209	16.028256629057026	20.38323165866202	21.49770197697234	24.44630249954599	20.19259761634292	17.796948091829194	25.498693585051022	24.300956096485795	19.37254347556931	18.054809920263263	23.682790565453715	26.26843675241712	30.986312539349516
29.195936530271727	24.187502871455074	21.55671996938889	19.618030045163955	22.06554284586396	22.8106578768288	15.07212022432388	14.812246598372909	14.74931540167278	6.312343305832762	8.12335073045848	4.30729368804678	0.0	4.7028808253002845	7.617630796772267	10.590366776202742	15.821984307409156	11.985520799439092	16.737424815009554	14.018890633557533	22.117562907614968	17.82072034284551	24.42108099587864	22.46242291997444	23.466759066255943	26.360798278813622	25.937298278078345	27.345833682330728	27.712206364791648	23.38279797459223	23.135129289326688	20.68991500934333	13.196460078149627	13.20340737429014	9.03135447962408	7.565332057233216	8.328128525301189	3.822655001761655	5.361878868028177	9.935496527840993	9.126084485546647	19.45936939335082	17.143583767821596	12.750692928708572	19.221969245257668	17.499791826090927	23.44098805929089	25.156762842458683	27.76109988779854	22.97732622979871	21.58476224231024	29.34687377691555	27.121831218151804	22.30163994643114	21.490656780945937	27.3845928310936	29.786555332798635	34.38413196080475
30.861300981503526	25.790056183879617	24.216201573170434	21.216886705276107	23.638314406790798	25.477505223652855	17.56928811881167	18.106878091581066	16.62534140782479	9.774081464490282	8.96222026576674	6.909373388958081	4.7028808253002845	0.0	8.35637173493646	7.232648716345615	14.456915655393896	8.950970855200074	15.303226176187055	12.202810705517273	21.485893747524653	19.114969643597917	25.899594017024278	24.213319641070328	25.72848979933592	28.96425843854744	27.482112092730855	28.875931391622213	28.638798572753807	23.866769413615508	24.114485609863934	20.091977790015804	13.749313356073154	12.745545973320702	7.89787336681022	6.200084504795699	5.432560677600283	2.025725039646384	7.111822306743233	9.923428779465539	12.583981525858501	20.86700713098595	18.711879895891467	12.638529272184515	19.531993726267668	15.106754326127149	22.144304667729116	24.538979565654707	26.70373421154329	22.036391305833497	22.054869559209607	29.679004503718748	26.462923313570702	23.08457781766749	22.74508256402792	28.375680055510603	31.046277681949658	35.62220866145316
31.580517385208246	28.54531854216212	26.45691691200727	24.313409478620915	25.64704882591899	25.866451633334812	19.287699370580633	16.75090131894831	15.203115212054708	10.77411675842886	6.730638012469542	7.625417314222958	7.617630796772267	8.35637173493646	0.0	9.83678418981095	10.069296847278741	12.989229884138862	14.485973621822763	16.481321351059012	22.35784947704261	18.15937912564403	26.319247038234714	22.401318486696915	25.20809789248207	25.24285163050638	25.624237725042867	28.174201329680535	27.653525826472336	24.952544457437217	22.328513701025173	19.61339377485448	13.972772999449488	10.673393329519252	12.139310688545727	7.628867844945415	10.594754069786251	9.229423769590001	12.611643802552575	14.904540276157567	14.761501026273697	25.06692369456173	19.913922255297763	15.882107400474599	22.42224837187978	20.823856623758683	25.198534359368217	26.024782410692648	29.18657873955881	25.99066441226043	23.50890923844977	30.83631150482094	30.40931106051212	26.41472259969995	24.778816823716333	29.810586052355845	32.745073161326594	37.57932855881713
29.586670487004394	26.05142252383098	26.136349734867228	21.9485949284345	23.31252633957508	25.98886152267424	18.994699493087037	19.283456461766598	15.477635226775543	13.01525147988438	8.156747930501329	9.766407044353533	10.590366776202742	7.232648716345615	9.83678418981095	0.0	9.504759291441648	4.026636525709165	9.269280169021073	9.092149175500225	16.923079456591267	16.911879935377925	24.273071830047257	22.118704398586495	24.977782222141794	27.61962994283898	24.87955097827747	26.657911497422656	25.326467719394685	21.060562873338256	20.78419815523129	15.030477626385178	11.44801513083966	8.407498745271004	7.086488951077578	4.416700292023302	4.15270512522338	8.206741386050538	14.071610569609705	11.039138187702125	16.38586747075486	22.37727076474238	18.081279681294212	11.336822317408584	17.93632972580181	12.532528119023961	18.035085187075957	20.25021799384552	22.395678411883456	19.235073466036933	19.537085721575362	26.493223432297167	23.935705749361308	22.486237563032926	21.915765074191643	26.470508887520722	29.71366744905982	34.35071733411041
31.163513427160613	30.233663268085394	30.22092955704828	26.703199214241184	26.74033239056063	27.995204948570667	22.791733833550445	20.353982383747635	15.861326772322748	16.991525917668042	9.671805686018331	13.880241758859919	15.821984307409156	14.456915655393896	10.069296847278741	9.504759291441648	0.0	12.180450677911827	8.480844145531934	15.84456251630663	18.16533318456903	17.097156461058177	25.634846986025813	21.00367958254985	25.68222485771492	24.591721676591913	23.289623941176423	26.46252120964863	24.343236035531078	22.89297641259373	19.08179778365377	14.457830447256045	13.629677391785343	7.352805036051203	14.158599968755412	9.959537783028898	12.78044675047495	15.512021404558073	20.787925901859822	18.072631874412988	21.0461460643452	28.23918255279823	20.962280798100533	16.774070417515322	22.268833045757614	20.189946029045064	21.930962908742142	22.047594720473835	25.20055631978826	24.327504886359534	21.985470157714705	27.95481024819667	28.76390858999947	27.180562533087524	25.30637969743939	28.695389184081158	32.275497909563626	37.05853608240935
26.960146252207434	23.13547068535524	23.97492389653303	19.203809497343293	20.57568414363773	24.062195208887182	17.200685672797494	18.6831839136895	14.587791825309836	13.028497444404207	9.417427255652823	10.54633965763624	11.985520799439092	8.950970855200074	12.989229884138862	4.026636525709165	12.180450677911827	0.0	8.71243803671921	5.278990311053364	14.209972524070292	15.411103109369733	21.837279090412245	20.741585725826436	23.133316561797972	27.108947050715468	23.33906454377225	24.550523177882997	23.27013621357721	18.224268454385133	19.320513806861115	13.204549835812784	9.947695952189783	8.881873561278963	5.127701233056855	5.806831095023789	3.7460011546292318	9.142752385437012	14.7367221481115	8.746720288475625	15.7239101996257	19.551910859884305	15.842960886422524	8.535584129867786	14.698264396940136	8.58408103327103	14.386284439221518	17.153413436786227	18.90786586020728	15.376326820517964	16.636399529468072	23.459085354016246	20.077047015329985	19.215060340200235	19.07509390925206	23.49793395918731	26.690866992158128	31.183907738193703
24.40487969457247	23.717464357913784	25.241784629908942	20.718099245678946	20.248842200640475	22.87358365808863	18.303005066632444	17.663656165463596	11.838904984369357	15.700196840347859	9.674271163819153	13.566294143059253	16.737424815009554	15.303226176187055	14.485973621822763	9.269280169021073	8.480844145531934	8.71243803671921	0.0	9.776830747056495	9.868438218310144	11.522146204350996	18.985963612974547	15.881181668603896	20.265270531224054	21.736007317383326	17.811591739561887	20.15322864326335	17.731038840332417	15.255980416728187	13.258427379828364	6.631957211375129	8.252036397658	4.549803069908547	10.512353482878606	9.360047421283126	10.944355101126762	15.527446246045864	21.042970547321662	13.893373107986731	18.887786654102584	22.524822468767105	15.093870854567026	10.985143560735334	15.023748551430037	14.0452087098957	13.580861134616555	13.674810506609825	16.721017046343366	16.322057112638912	14.432144048628356	20.034492915518065	20.594655702155663	20.113163581349106	18.527496923896667	21.26285016345127	24.978042179959093	29.59849252899752
22.488574153149706	18.380658933403733	20.1186999267509	14.758957187506882	16.017485966542523	20.35538921263235	14.022390087962265	16.926476402851122	12.858137555339232	12.868266022146932	11.236330938723222	11.74623830946511	14.018890633557533	12.202810705517273	16.481321351059012	9.092149175500225	15.84456251630663	5.278990311053364	9.776830747056495	0.0	10.89994024813651	12.883780165954512	17.696535154743835	18.072155145870187	19.600543573730015	25.25913715936125	20.469752370795533	20.858444403128008	19.92876387618619	13.901959309126703	16.8736165394832	11.384907021519119	8.154962062791789	10.354554726573573	5.033579025025339	8.868417404310778	7.019824160741271	11.530740052712966	16.110274407814778	6.48814324543752	14.465853079244432	15.220852352362536	12.076811954205848	4.797457510897168	9.748659330035565	5.151999834108071	9.996196363304922	13.15886475210483	14.649312765815797	10.2818562806256	12.195691759705573	18.97510072022498	14.946999288710849	14.168405888966817	14.440213292984172	18.77523646822485	21.827817257232468	26.178346614847104
16.472676475315584	17.226338220855258	21.014452372194196	15.869884174950505	13.976066363406701	18.049901792041716	16.107874539836452	17.498506142304667	11.955388942630496	18.699037269761764	15.957407546006568	18.36974546281171	22.117562907614968	21.485893747524653	22.35784947704261	16.923079456591267	18.16533318456903	14.209972524070292	9.868438218310144	10.89994024813651	0.0	9.050834199139768	11.828684931477966	11.906187469669575	15.015303997784777	19.613477517533358	12.594399644084705	13.11290419616703	10.500326248740175	6.731278829131274	8.965184901559644	4.249952980808459	9.519219703964305	12.15901376618529	14.01970545402496	16.06535613417089	16.469537197197052	20.86781268997417	25.347999656798123	14.99870750863781	20.13128580601531	18.325724626616548	11.187331425036168	10.665286268428282	9.076957380746645	13.436654481738813	6.404178825676972	3.9272248496645723	7.814742009822856	9.455298038648113	6.681585225575636	10.401269723191461	12.425230778355159	13.448936733258456	12.016309077672501	12.58703493998842	16.39772490005847	20.618947120769846
14.209856079779138	14.803146330039562	15.827338483404924	12.751151274929697	10.91235284398548	11.79702535716014	10.067107116785163	8.91232483655104	3.683565303938204	12.821710525860507	11.683440590707315	13.556426134468154	17.82072034284551	19.114969643597917	18.15937912564403	16.911879935377925	17.097156461058177	15.411103109369733	11.522146204350996	12.883780165954512	9.050834199139768	0.0	8.732537175630029	5.385416897376914	8.819648640026875	12.454150667744269	8.415870000929512	10.152901545743322	9.951401333721938	8.07911559098215	5.728019607504615	8.313641187621839	5.656398587953961	10.150833047326966	12.70421107946192	13.88789279138012	15.703889354011073	18.15337452360344	21.497329843152915	13.044666531484998	14.130679544528533	15.84913221807259	5.979133394856817	9.46450549400453	9.469240784266393	17.15022238887101	13.790287760144832	11.55318942395719	15.666084827070241	14.559742975442267	7.423245819919899	13.563560729339272	17.37115252804585	13.08265017827969	9.72039493969957	12.589483085144476	15.829478391639725	20.662873458482466
5.538272042289594	9.226844772529661	12.678273310276463	10.250203021815919	6.026028059191424	7.736029733524113	11.37508492235257	12.992718568760479	11.356668642187952	18.691667812017545	19.796963557565782	20.49876180351777	24.42108099587864	25.899594017024278	26.319247038234714	24.273071830047257	25.634846986025813	21.837279090412245	18.985963612974547	17.696535154743835	11.828684931477966	8.732537175630029	0.0	7.266664359313977	4.714485298489258	13.800138761691299	7.667656796514498	4.609827161783134	7.520298613437852	5.519200241598344	9.065371677962384	13.81462315368686	13.121858160558725	18.55744784790785	18.774191840353637	21.45201735970026	22.30399692922181	24.54930433360368	26.876763059248216	17.47218071656064	18.11248650743621	13.909501025565197	7.428980552184573	14.148010001519342	9.110338699162309	20.225113064625514	14.418391926821634	11.349243112766793	14.304550553122622	13.771499566470547	6.147047451674439	8.056986162497939	14.09082430622065	9.240961552398216	5.5639652384583895	4.779872899558201	7.3828660180264665	12.095156980062345
11.767484811464517	15.450478498661282	16.5957540164286	14.845750292726745	11.732288691842959	10.70860802059301	12.754348540860061	10.541963540353532	7.726376728922674	17.015122009817322	16.35842521251721	18.2069203958499	22.46242291997444	24.213319641070328	22.401318486696915	22.118704398586495	21.00367958254985	20.741585725826436	15.881181668603896	18.072155145870187	11.906187469669575	5.385416897376914	7.266664359313977	0.0	6.2204467823949985	8.070900709401457	3.5815031107934736	6.3235515099179604	6.942352224526355	9.073974000108272	4.263049502163943	11.47285131138176	11.020238442761148	14.734766623075792	18.048662797808554	19.032545741314628	21.05354800805848	23.216332378480427	26.10725688806965	18.056654770076772	17.780645705724474	18.424945380133835	9.011604362602286	14.585944911732987	12.771429509776015	22.007972505764297	17.00139208540689	13.38503989492712	17.529332416248806	17.759187535319683	9.48740379934198	12.754152494739515	19.48054261325637	15.030163508105947	11.051642676936739	11.700273663305907	14.484726670168962	18.93952533070973
7.530591684738182	10.647221375389572	11.415470300149387	11.102403904761106	7.665235229275544	4.890453718544659	10.237892770354287	10.01402203419498	10.264189489636886	17.343455165941673	19.16550220627723	19.57525299050341	23.466759066255943	25.72848979933592	25.20809789248207	24.977782222141794	25.68222485771492	23.133316561797972	20.265270531224054	19.600543573730015	15.015303997784777	8.819648640026875	4.714485298489258	6.2204467823949985	0.0	10.564270800797505	7.564582772522195	6.049823582607214	9.798552333001304	9.617947481048914	9.88581183337111	15.944637142860156	13.589431847224002	18.81885005078854	19.479773974350785	21.54448905920047	22.940074465152552	24.32588572018411	26.05661015900029	18.13105852868872	16.603447378965953	14.758196556860456	7.89079165886495	15.394378567334385	11.949607577636556	22.78977739743666	18.312083888733582	15.407792172775519	18.74097396648695	17.60635742303879	9.770172221950826	12.60580493316598	18.365889137486683	12.018710031582955	8.044389601010685	9.103852689797444	10.525439230972024	14.798892868141932
16.337625823193342	21.178781541929254	20.564727356745454	20.926515214713064	18.001900647151896	14.109709613601488	17.79460613875052	13.111217806384944	12.991279747316247	20.97594905225494	20.571942803462303	22.37043872380364	26.360798278813622	28.96425843854744	25.24285163050638	27.61962994283898	24.591721676591913	27.108947050715468	21.736007317383326	25.25913715936125	19.613477517533358	12.454150667744269	13.800138761691299	8.070900709401457	10.564270800797505	0.0	8.322661033627657	11.37542267366803	12.653369581368578	16.951239023112564	10.852684430736144	18.334138491620486	17.410703597754782	19.747568750136864	24.219005365695285	24.130285215900546	26.861207338876742	28.06771845140032	30.266308240299235	24.347905501387434	21.734305453796626	24.420086067922924	15.792580785335609	21.534329356586703	20.46990425189958	29.581569885828667	25.034463905848334	21.172793326285696	25.317141123227188	25.784882241897325	17.462379146169855	19.55509645134187	27.281026138953706	22.06178676242503	17.959510491541685	18.1879930894204	19.978816500475578	23.680288291705377
11.046593273817669	16.730694636916276	18.73600877357005	16.98209095128872	13.268614504930051	12.450485161963787	15.804706597597743	13.983557308489964	11.19685948313807	20.55639867589277	19.577757221941607	21.66195497548877	25.937298278078345	27.482112092730855	25.624237725042867	24.87955097827747	23.289623941176423	23.33906454377225	17.811591739561887	20.469752370795533	12.594399644084705	8.415870000929512	7.667656796514498	3.5815031107934736	7.564582772522195	8.322661033627657	0.0	4.542893753100826	4.415704081870866	9.527336109173763	4.62607701315568	12.52817071344804	13.988979904571137	17.344442336376588	21.039447167037476	22.10332944603231	24.024184381231883	26.533057488979548	29.580518388495378	21.086085504582893	21.236388025243286	20.662243710126987	11.758735537782051	17.353994298896197	14.581348046747157	24.065053589974223	17.740567441657145	13.348962420429206	17.311343404990755	18.78948005108762	10.616742772222986	11.485044062437021	19.882483306078814	16.436186228408502	12.593878290981356	11.314292214922075	13.968079747462896	17.95504826402292
6.626451214919268	13.484278065311024	16.505207988182388	14.795699683267598	10.563868872485186	10.453706978177422	15.160191584229354	15.062263445277674	13.086984565616415	21.652332751876745	21.806020638714106	23.20654391349366	27.345833682330728	28.875931391622213	28.174201329680535	26.657911497422656	26.46252120964863	24.550523177882997	20.15322864326335	20.858444403128008	13.11290419616703	10.152901545743322	4.609827161783134	6.3235515099179604	6.049823582607214	11.37542267366803	4.542893753100826	0.0	4.579194589661093	7.955988936097299	7.8162791351796415	14.431298466504686	15.451270590021696	19.923024135121864	21.9208651370896	23.901595681966416	25.24309054058963	27.69872809423304	30.340926281833415	21.208136158691648	21.544752859107422	18.4823716325302	11.174133258340634	17.588285900143592	13.153953603016475	23.717746815007033	16.89157349288167	12.67039883735023	15.934409983653847	17.146223907560373	9.308109734704958	8.562660237971485	17.290320509034427	13.727574017244002	10.160224293800544	7.3974880435075026	9.587126323800849	13.423099507042465
10.42387299925493	16.54221363990277	20.049393640451274	17.267148100619593	13.311914030325333	14.387435431165036	17.41910696611832	17.032776498473325	13.427339484600537	22.604470123893933	21.276069146162893	23.473049568587854	27.712206364791648	28.638798572753807	27.653525826472336	25.326467719394685	24.343236035531078	23.27013621357721	17.731038840332417	19.92876387618619	10.500326248740175	9.951401333721938	7.520298613437852	6.942352224526355	9.798552333001304	12.653369581368578	4.415704081870866	4.579194589661093	0.0	7.528326840064504	5.600996977396973	11.497341351245053	14.893093330684009	18.327395929830928	21.54432553156952	23.134097257542777	24.543868579182245	27.721760761730817	31.149784638182634	21.595344271757252	23.23424137969241	20.82642712254482	12.667384139541769	17.503701772998124	13.673185999931105	22.84455224626917	15.135180940360216	10.216829845182575	13.794666397970015	16.517382448393793	9.223329119802715	7.805691272241662	17.0930779029532	15.499192739542485	12.27964499506019	9.387173403185933	12.429510439407988	16.13668321157599
9.84777776365633	11.400487225026103	15.81224098341742	11.319649912862554	8.182570462305314	12.38515567554096	12.79339116321361	15.063882903421668	11.32443484283045	18.530417100842723	18.223031720538117	19.499807357080503	23.38279797459223	23.866769413615508	24.952544457437217	21.060562873338256	22.89297641259373	18.224268454385133	15.255980416728187	13.901959309126703	6.731278829131274	8.07911559098215	5.519200241598344	9.073974000108272	9.617947481048914	16.951239023112564	9.527336109173763	7.955988936097299	7.528326840064504	0.0	8.322613526079438	9.709346728443876	10.998074166959801	15.9528533352953	16.17664864535303	19.059105969531213	19.475747491376612	22.741295079156465	26.000184586439822	15.523056676410157	18.68382267169469	14.44017734386588	7.750928162318284	11.537523954438287	6.387099496336727	16.083563900530976	9.097266799848848	5.948327373406448	9.184096969448534	9.369851866938234	2.0204309469922133	6.00257707977831	10.51855034137883	8.742945847319744	6.43784734682562	6.056089732788446	9.867915009956917	14.380552514188576
13.781289104636627	17.55918429856514	19.700186689147937	16.80023855591176	13.746318804763957	14.343609114623606	15.196276614217966	13.535869094170856	8.906405942217416	18.40525775798959	16.177009906848543	18.840447697067468	23.135129289326688	24.114485609863934	22.328513701025173	20.78419815523129	19.08179778365377	19.320513806861115	13.258427379828364	16.8736165394832	8.965184901559644	5.728019607504615	9.065371677962384	4.263049502163943	9.88581183337111	10.852684430736144	4.62607701315568	7.8162791351796415	5.600996977396973	8.322613526079438	0.0	8.056098321517467	10.561170400770406	13.1955888452201	17.63789859050876	18.394786956198836	20.336360733760767	23.37156540747477	27.0798522244447	18.365432143930867	19.793955076755203	20.22109946027023	10.639174440867622	14.372817395652262	12.8429475623957	20.73471020226705	14.847512643891276	10.791595474529528	15.13543385776102	16.581350657223158	9.026576074017594	11.748199481106996	18.595703577330124	16.02669326787419	12.522484889205984	12.462280162607458	15.86086071961226	20.253543644236366
18.920984199999896	19.968794641956396	22.720026354181545	18.085197357380025	16.370643506549374	19.308431145209212	16.881803967373035	16.76527382767415	10.657920704247783	17.70882017103984	13.574409228391342	16.842283038234783	20.68991500934333	20.091977790015804	19.61339377485448	15.030477626385178	14.457830447256045	13.204549835812784	6.631957211375129	11.384907021519119	4.249952980808459	8.313641187621839	13.81462315368686	11.47285131138176	15.944637142860156	18.334138491620486	12.52817071344804	14.431298466504686	11.497341351245053	9.709346728443876	8.056098321517467	0.0	8.332116827339492	8.998803343637766	13.444197106853766	14.14787699073939	15.3750292491935	19.75540629226506	24.615181035753945	15.368583251592018	19.912616294829103	20.6117923056658	12.305429758867888	11.209547424861325	11.82647667191749	15.015745244106894	10.09659960582638	8.009492937020852	11.839052388589598	13.184926619830621	9.550738589761263	13.788387126254142	16.559141102877405	16.5543737353518	14.536855812848932	15.697769829549113	19.538480970147923	23.968525508117164
18.555955468169458	16.60605584084417	17.15776727038592	13.235763840667733	13.156680731492274	15.223140975010942	10.085061323241513	10.117208161410177	4.888675491595814	9.427231540411615	7.244610300270563	9.122210226167654	13.196460078149627	13.749313356073154	13.972772999449488	11.44801513083966	13.629677391785343	9.947695952189783	8.252036397658	8.154962062791789	9.519219703964305	5.656398587953961	13.121858160558725	11.020238442761148	13.589431847224002	17.410703597754782	13.988979904571137	15.451270590021696	14.893093330684009	10.998074166959801	10.561170400770406	8.332116827339492	0.0	6.305098645149804	7.206714562211634	8.474948715114374	10.053211983638777	12.90648059266371	16.9507364812821	8.51080803262971	11.664802417374739	15.283406284921032	7.424890843495663	5.231579460079964	9.3079739271099	13.035277535922916	12.85903447847536	12.73345369433187	16.218699224763927	13.584183327140629	9.559709958982094	16.91301180979648	17.510755943156635	13.84929953324527	11.79207641898666	16.10035135768296	19.34050811531112	24.17985939183639
24.09421895578145	22.897616123126273	23.208088776483603	19.48871510048953	19.391233493832683	20.982851947451934	15.89332130045574	14.269400935606809	9.096606714901268	11.959660512918965	5.4372621896629845	9.760975440565947	13.20340737429014	12.745545973320702	10.673393329519252	8.407498745271004	7.352805036051203	8.881873561278963	4.549803069908547	10.354554726573573	12.15901376618529	10.150833047326966	18.55744784790785	14.734766623075792	18.81885005078854	19.747568750136864	17.344442336376588	19.923024135121864	18.327395929830928	15.9528533352953	13.1955888452201	8.998803343637766	6.305098645149804	0.0	8.896832631198496	6.589595297646712	9.472450066524434	12.844349949586634	17.967250466769528	12.231564357062156	15.519417389894185	21.277169818668174	13.648664309242172	10.033308583598211	15.101083001879177	15.345839328112632	16.0951472245026	16.023786310616394	19.469396779489188	17.969369571322474	14.88103683339589	21.39916058866114	22.260548792976554	19.93452282031511	17.958677040889338	21.598262876954195	25.086612733467497	29.901504225271918
23.767423748943635	19.23947250315854	19.228280602002588	14.980451146623514	16.787097797145933	19.74829141956434	12.375333780377693	14.266555811881311	11.24092121980453	8.401833922145135	7.361679073439333	6.85016938959984	9.03135447962408	7.89787336681022	12.139310688545727	7.086488951077578	14.158599968755412	5.127701233056855	10.512353482878606	5.033579025025339	14.01970545402496	12.70421107946192	18.774191840353637	18.048662797808554	19.479773974350785	24.219005365695285	21.039447167037476	21.9208651370896	21.54432553156952	16.17664864535303	17.63789859050876	13.444197106853766	7.206714562211634	8.896832631198496	0.0	4.969320404421359	3.690130138847697	6.9794057882837635	11.675812608382996	4.112151302039205	10.685528846550245	15.315299959786055	11.952592768126044	4.927056403516882	11.876591707045096	9.255741771244333	14.534186547601555	16.805510731589166	18.99806822760513	14.437982946154742	14.347720658302574	21.875732396266677	18.891776332583767	15.936214560319698	15.57947053907384	20.833360841104838	23.698931970574115	28.279798405666615
26.76017770118729	23.224124613241006	22.596646392798277	19.015326175805324	20.389834558323326	22.31712139645523	15.279084270306607	15.037002228281203	11.821992150184416	8.802289331280415	4.133437613678825	5.57006943477985	7.565332057233216	6.200084504795699	7.628867844945415	4.416700292023302	9.959537783028898	5.806831095023789	9.360047421283126	8.868417404310778	16.06535613417089	13.88789279138012	21.45201735970026	19.032545741314628	21.54448905920047	24.130285215900546	22.10332944603231	23.901595681966416	23.134097257542777	19.059105969531213	18.394786956198836	14.14787699073939	8.474948715114374	6.589595297646712	4.969320404421359	0.0	3.8358781356031573	6.372067613933338	11.89362274525085	8.65688700999837	12.439720843710793	19.69289095277281	14.87919457666846	9.064816889315367	15.900606722908721	13.302278077734515	17.92010660017019	19.47914765507339	22.170428391974184	18.644295334436467	17.457866634842347	24.85499747443549	23.189437348098018	20.235134196535125	19.19917527807606	24.158116097505197	27.24006324243111	31.989947158321275
27.38289092737355	22.88179049266557	22.671441775918343	18.576482978090837	20.476451069547117	23.297622765682586	15.802605307850266	17.079213525876682	14.057727002013864	10.18344586740748	7.752969098812289	7.527403136524179	8.328128525301189	5.432560677600283	10.594754069786251	4.15270512522338	12.78044675047495	3.7460011546292318	10.944355101126762	7.019824160741271	16.469537197197052	15.703889354011073	22.30399692922181	21.05354800805848	22.940074465152552	26.861207338876742	24.024184381231883	25.24309054058963	24.543868579182245	19.475747491376612	20.336360733760767	15.3750292491935	10.053211983638777	9.472450066524434	3.690130138847697	3.8358781356031573	0.0	5.413834483214806	11.06885005575402	7.158534231960714	12.972566560762047	18.6445026043927	15.567341679105214	8.524056848417437	15.387034968475215	10.4399553965453	16.896857641557677	19.4512849073082	21.46484619946259	17.19391937535644	17.723861467078013	25.08060336421826	21.781772746714456	19.493909547760925	19.249042921655096	24.369118001857625	27.31522365538224	31.88200388319959
