0.0	8.579360910802746	11.831622255125717	12.41874483931931	4.958967883652378	7.6104625252431015	16.534263728099315	10.075774480671406	4.777637151649655	14.88884608039154	14.990582284461198	12.39714993667777	11.553636884654214	16.886970292674384	18.01303791351233	19.37478916225786	22.393639702506103	24.49759827418814	24.269123465799215	22.165180005514543	21.25603829580729	22.430784443620023	15.60853345060698	21.64265087902908	23.716798858275023	23.403566418719507	19.034038827717463	15.181472891476346	22.126032483197836	17.03410281359424	10.480547079758493	12.487607850238543	15.865364948366047	12.211508323768244	6.775973152179698	6.293729261857995	10.142682853316735	11.550669970394257	10.74598721318212	14.75939266153787	16.4197315161541	20.983087964534057	23.81474194918025	20.307844557733702	21.800711116199544	18.40565424845967	23.409508930601014	25.402394125463953	19.912418185661338	20.839935389620297	26.119545686936974	25.381595430307957	20.582027302083592	25.036435308538927	23.62843072421298	27.38325078625802	28.71779664117294	26.519525440005953	25.272153717171545	23.634973538797567	19.27814907036693	20.1556418393627	13.544855102667045	18.823533238282614	21.598259205887306	11.343268564846063	13.446186869380968	17.5892730995749	16.35862025191414	10.661972060609465	17.51330864966823	20.916285218474485	16.409529500513035	13.016773635005562	17.589414702478095
8.579360910802746	0.0	4.784876468617537	4.840309874478402	4.415933409472102	6.333579091406198	12.94144759272391	10.225172050396965	9.420323935183823	14.737153113086991	13.932802608104122	17.779510327121248	16.7882106734361	18.114459269850073	19.9983129698747	23.72859332872565	25.83810296185666	26.066517842740726	23.813781775853954	21.857579288920324	19.5522934990483	21.623920519436126	17.789214498389576	24.202783559267452	26.683581120140126	27.85234188357959	21.982251549356032	18.393580852494615	26.810318291520524	22.919743967928216	14.877175247322171	17.24960583607852	23.10436070417485	19.380518081616362	13.664777439209532	11.417031318494066	17.99876913477682	17.855906857579765	15.297801286053545	20.60757127939128	23.760621233856607	26.23040919162349	28.010293859701722	24.595444288911317	24.281637818999872	21.948137921791602	26.82347794952809	27.788965793262	20.88485881905239	22.564177214965806	27.20465186445086	25.24807238619527	19.797548762416042	25.196587989147453	21.406245410500507	26.230181664521748	28.65873061382521	26.392919901892302	26.596010826490456	24.685017143786446	19.319906460090145	18.1118572423429	10.4429650078385	14.739466597718168	19.839031982087388	12.432306395097863	9.21515941403728	15.482141649342738	17.639300365083677	11.775212652768824	13.81511489485228	19.587993676426766	19.526370089985686	14.607942431229132	16.84125024844567
11.831622255125717	4.784876468617537	0.0	4.926837233689176	8.583597430736448	5.962378119863994	10.713828524036831	10.905022816676047	11.143798686720354	12.7165952281596	13.28832301546021	19.263712181392176	17.498856766194823	16.817298223823478	19.691258321768643	24.225656473601266	24.970252347845676	24.440350582565298	21.32186276897763	20.16339814181788	17.090042964320908	18.61889749835177	16.32834979909645	22.455459500551967	24.73242707579993	26.904476192950685	20.892915912596997	17.12649612566262	25.83859318095336	23.19157024806591	14.917722835344378	16.97582227255046	24.107183964012915	20.735180852933244	15.547237635110092	12.345760967479965	19.963006648671357	19.355228133709325	15.669447788176484	20.783929462504933	25.2781318526791	26.3442712443544	27.486678900316726	23.761826062147446	22.73430177271873	20.598082253016646	25.155414127357446	25.72326284770071	18.48371002519394	20.18409305706342	24.316218845995422	22.075637319197984	16.40640642203887	21.98356107537493	17.321536830835406	22.558988818692992	25.25034315194878	23.21210066947299	23.943710142119368	22.303491715374594	16.380722665459842	14.532508220356265	7.46302321013206	10.593093375384074	16.037819841322605	10.929923114477354	5.225530140290769	11.885124416339421	15.4392417563293	10.526079449936791	10.230322753591496	16.830146874548646	18.348941490657747	14.102916937298351	15.168537170690135
12.41874483931931	4.840309874478402	4.926837233689176	0.0	7.890404432668479	8.66166695379432	9.988868012859657	9.755754169048446	11.827634203882276	14.205950688145453	11.950665957867361	18.827346775574405	18.210372407010638	17.45009237742217	19.08703141084729	23.841778567588786	25.863466934907137	25.05986278433227	22.048682005319524	19.808698460073014	17.198791578777787	20.329685105028297	18.310565004019807	24.51046500339133	28.16617957134006	28.942654982414386	22.137027390378123	20.061704942904505	28.7371795566498	24.62758066353318	16.634530784763243	19.896071627312995	25.822009623596998	21.811181525525157	16.16050770396785	14.787598171049249	21.867074593388175	22.14635800354113	19.080565536580778	23.748704800204642	27.795545667568398	30.044004826468445	31.608419571674023	27.615880326893446	27.182752153297198	24.168747911711392	28.88391618836623	30.034342126331392	22.964265720442064	23.475411835458658	28.317421920228835	26.634573572985083	20.61471333600102	25.169649426194052	21.150540393819135	25.2331361965436	28.384228132536737	25.616917066442458	26.692613470154004	24.11937667828607	19.44659399888538	16.906786901336705	9.400876887829325	12.887563676936946	19.3220152531596	13.692130318264754	9.189116960616225	16.410641025041752	19.439616169032416	14.435487225748398	15.10276955009936	21.749357903707367	22.35550959621403	18.32449633490068	19.909915624138613
4.958967883652378	4.415933409472102	8.583597430736448	7.890404432668479	0.0	6.864265482301613	14.083019158671847	8.775083952248332	6.677951410899436	14.786509604307371	13.415284372059494	14.54516271289001	14.165541550438181	17.28951145162722	18.357798235381054	21.113687335781826	24.213182166981206	25.223261305204275	23.97611593853648	21.527090788899528	20.069817414834677	22.260756771491245	17.03777558629954	23.421456425201466	26.293835260674676	26.262960848579986	20.67426944436549	17.60771120046695	25.474672392427365	20.436470476885365	13.026348749659583	15.855017564653373	20.216798107520592	16.21440220689765	10.321733448697819	9.655644364982903	15.047427376824809	15.905435353313194	14.25009628512989	18.84428365143966	21.23250470373564	25.043573594067592	27.432473457594185	23.83682209640008	24.520442208946427	21.340068440363925	26.367543419458983	28.020760861901987	21.712935062683684	22.609702849294603	27.868191478886377	26.65359593572296	21.25406523540286	25.948443316140562	23.437073391548513	27.442253679189637	29.541781139073194	27.019209827419647	26.66985540749876	24.516291189108856	19.971741555635063	19.496396577725214	11.93070868487576	17.042993220771642	21.425015687536476	12.295710664802767	11.754747203274333	17.534244726253796	18.074270207967775	12.116265681121089	16.720129637727766	21.60906752863639	19.26969848403581	15.059456626641445	18.52982839845696
7.6104625252431015	6.333579091406198	5.962378119863994	8.66166695379432	6.864265482301613	0.0	11.055605395273925	8.124268310881403	5.88774947909938	9.60958883973521	11.638957471346085	14.376325743769081	12.057287488759217	13.28618545033273	16.23082793940649	19.68349202051433	20.493323081126	21.11430201942339	19.303126128146506	18.16490764647461	15.978927208762899	16.641264459272055	11.844978546298908	18.192205430446556	20.380987563909475	21.806443296705922	16.432757345539184	12.086691522404642	20.61138284945901	17.506098072861025	9.247771639520673	11.363052093247173	18.146966710679752	14.87824343671748	10.003530103828048	6.597927165888552	14.429703807002056	14.49690966537794	10.78603220360276	15.175510999723839	19.886989169591402	21.65279054197732	23.32955038343894	19.03657305154895	19.17046643457365	15.80153580117647	20.67287793404066	22.078996617406833	15.449428544277184	16.323659468396222	21.26852231200817	20.061130973395986	14.417112293452371	19.379737469184942	16.663968586097173	21.047551216269618	22.961608583308593	20.876630143210093	20.548090528365694	19.06384397154401	13.466265137265765	13.395521673623259	6.60548542436071	11.45464541709436	14.766881572827172	6.183872227210864	5.861138539510249	10.87446321007723	11.645572705646822	6.141251203355669	11.155141941345445	15.966005679849081	13.919042308309121	11.03352416023241	14.022363646589888
16.534263728099315	12.94144759272391	10.713828524036831	9.988868012859657	14.083019158671847	11.055605395273925	0.0	7.816867128366931	12.898122418523506	7.617621056476138	5.141295334541084	16.029109586171572	15.057528820933145	9.846043904023372	11.916432723233548	18.077612597597657	18.522400706739816	16.18707368387465	12.447686510973794	10.291660059674667	7.304896203824272	11.70821014689342	12.624172470621437	17.553306401588184	23.48513792009899	22.997960806481796	15.218265445526882	16.46789916009173	24.508162517085687	20.599658934239052	14.00351474520516	18.385587700060924	23.911207719465867	20.140448603384876	16.128337912439942	16.125266933902214	23.4026343243436	24.72780530061997	20.714991968167478	22.810892144913048	29.020802805792734	30.690079558338333	32.00957925809432	26.42821699730771	26.72786075520462	21.384574641807212	25.423195506469344	27.664908400961743	21.485072375416095	18.29704067147107	23.92105560321984	24.167164170804675	17.418347685638246	18.688383009260914	16.773675270915565	17.636200697168977	21.45160711166139	17.595024936848024	19.638001837385634	15.892821874212851	13.672622629825419	9.81127888059106	5.709395038708972	7.604854827324585	13.677929800671286	11.148588621465601	9.420242199531826	15.188567516019033	17.183072505865255	15.04419104502484	16.88847353031014	22.828690933639407	21.558810449308496	21.142606071707505	22.87465366345334
10.075774480671406	10.225172050396965	10.905022816676047	9.755754169048446	8.775083952248332	8.124268310881403	7.816867128366931	0.0	6.346467366928481	8.411935900488272	4.9728518311106855	9.516443708861662	9.459408597201099	9.496751896193123	9.940283948134025	14.102404253039154	17.032828428260512	17.14614380969848	16.059242764745246	12.948825627815285	12.242720764118578	15.504038593012186	11.40510831051045	17.308764519595737	22.87805139335046	20.970991112942052	13.829061044261064	14.401451341550809	22.147238919359502	16.154350942286214	9.457965648921116	14.647586835362	18.38657476863541	13.960726117233163	9.150853961996763	11.13012077924515	17.160764323024985	19.467434444227752	16.651932484425384	18.5532774276218	23.34479572601832	26.87892172199044	29.12536371641252	23.775347787526428	25.270026753795637	19.473135224465977	24.16308097367004	27.056865478725545	21.299351330647667	18.602680153376387	25.01959394120964	25.543031477805055	19.20441730107454	21.152836819544156	20.496461683994614	21.859283766894798	24.48786468027475	20.862035194950707	21.13957292276201	17.644775992303757	15.425796994288683	14.209996975538889	8.053901716571279	13.115285720459738	17.346340287487656	9.333703343932246	11.05451568210082	16.852779568982847	16.598976709173456	12.882181512345513	18.32453949937579	23.358853822406473	19.37506044268777	18.570863071074612	21.982565329617707
4.777637151649655	9.420323935183823	11.143798686720354	11.827634203882276	6.677951410899436	5.88774947909938	12.898122418523506	6.346467366928481	0.0	10.398685461169462	10.914688531422973	9.109471133350906	7.6433293129281275	12.110640009167051	13.491462862952238	15.44323364136407	17.964842397242627	19.755344434399916	19.560379239978957	17.5057069264769	16.77131816984961	17.95356937025003	11.201028548802428	17.335279624793653	20.62597283932873	19.673161870854088	14.501508101794503	11.807771034125881	19.246074944659156	13.79552766732411	6.506863130475139	10.232091370118706	14.158306554501078	10.079655476847318	4.445952207723196	5.335212883655052	11.080006063353038	13.203411982140798	10.985927666848067	13.512702420186109	17.33744424707361	21.26652965725135	23.86168473250833	19.157554655178494	20.95956736559376	15.991299496357845	20.982773202952977	23.608165529102884	18.16474725561023	17.285029689154268	23.231015432999243	23.31825595692134	17.89003108428805	21.211395856049666	20.594272482192924	23.307547996780748	24.84412438995245	22.216425949270075	21.188466761550327	19.080291814061642	15.419095017365143	16.179883900937956	10.147074197627068	15.518193370457983	18.037294603107153	7.658638439478978	11.271116167163827	15.495834375048274	13.866833931596235	9.130958264637474	16.655954843252296	20.338163060230492	15.05014584085266	13.695106523457346	18.071971930652182
14.88884608039154	14.737153113086991	12.7165952281596	14.205950688145453	14.786509604307371	9.60958883973521	7.617621056476138	8.411935900488272	10.398685461169462	0.0	7.528604941163104	12.662737307327172	9.880050863995038	4.706724105075222	9.467577896372672	14.2234219840639	12.71573694554588	11.877489503196166	9.786918430408582	9.48565089262374	7.588669843123187	7.628540988384439	5.078131295640632	10.48782243432929	16.09415870302691	15.753086480099153	8.706903207452488	9.128319314359027	16.9021569667515	13.98224518261333	7.977647383923305	11.811383573400436	17.562946536114058	14.670664778218576	12.32234682336472	11.866460425912273	18.511943581420393	19.954666051187765	15.698392642538	16.189953887468764	23.299433313617673	24.404604756742547	25.716276024695198	19.588317802481907	20.6508928116558	14.185843452358885	18.10300621907027	21.000587592550588	15.73150651940149	11.157820774723252	17.516696672422494	18.874325663699715	12.389923258948814	12.831275275575067	13.22102098948682	13.571056614293946	16.09042831339786	12.581422524380654	13.10681340559173	10.05593996517327	7.35684104486809	6.603066922520614	5.611562809498227	8.225356284982206	9.603726397538441	5.51064048451612	9.117304993290903	11.744455035503613	11.001541659845397	10.640846516008418	15.286789024869414	19.220589718005925	15.270807399553197	17.179711738762094	19.638112032644774
14.990582284461198	13.932802608104122	13.28832301546021	11.950665957867361	13.415284372059494	11.638957471346085	5.141295334541084	4.9728518311106855	10.914688531422973	7.528604941163104	0.0	11.54703674552765	11.567733733510918	7.519738830323845	7.622205677840156	13.508360166379555	15.57508026889491	14.145695945702965	12.294892861612558	8.60719637379495	8.016388869941531	12.743623647438872	11.379089610662415	16.254266891269065	23.20864129763684	20.792919121477226	12.781837302706428	15.680969527283139	23.04668953796167	17.433820704156012	11.852653570065458	17.20563209706957	20.92841172336126	16.788760250965833	13.12295530140089	15.080311538328454	21.238372646468633	23.59338233621247	20.26736075952671	21.355041228035013	27.09666525164104	30.004699688302633	31.915240103704647	26.031551990095416	27.420186099581734	20.98982616711714	25.18458793835952	28.3105512791422	22.780993760922886	18.534145078895595	25.034252811303855	26.17093048112124	19.538939720968575	19.901248654465455	19.78239533728445	19.562939457908165	22.820010541673078	18.548828022866193	19.7732315446372	15.412811216543659	14.789902630034149	12.374784533146178	8.33757622795841	11.798753710162272	16.24759870257146	11.162178146859084	12.387029440127218	17.83792711667243	18.010281814337734	15.704327959707964	19.99071546569854	25.24344143965292	21.69491374178121	21.956350075456	24.77735596298808
12.39714993667777	17.779510327121248	19.263712181392176	18.827346775574405	14.54516271289001	14.376325743769081	16.029109586171572	9.516443708861662	9.109471133350906	12.662737307327172	11.54703674552765	0.0	4.535114191236748	10.640113241379739	8.696265080648715	7.286783014735365	12.777121616152899	15.78653996652772	18.11390873757336	15.128561997323645	16.817515017293154	18.508070988966956	11.676705221006301	15.525022009161553	21.369849691744765	16.225001761077895	11.28121221327581	13.881138323023311	18.3678678804599	9.627507817304338	8.37407296112044	13.331578152247682	11.823317038290677	7.2945934328213955	6.469655727600599	12.355239837484607	13.860176066434155	18.209587493407263	17.057992461944536	15.657838687253657	19.340817166530254	24.70778317538678	27.79734003056194	22.139506048324023	25.67604213824755	18.37333994905576	22.5365673598765	26.852628881297093	23.21876527343594	18.88750999747949	25.78805939395283	27.98034983177187	22.669351794367874	22.749407069062865	25.059914181070827	24.70223353023448	25.952196095420142	22.420688513836648	21.020862821196275	17.734308499541505	18.033199161947167	19.18263527958182	15.643830228740383	20.314701285597657	21.676413512354323	12.853746778579577	18.474886426941936	21.91902385889037	18.56666317180846	16.32214105050826	24.478186784794108	27.45423481999924	19.627177323472015	21.229190635516346	25.925734730169083
11.553636884654214	16.7882106734361	17.498856766194823	18.210372407010638	14.165541550438181	12.057287488759217	15.057528820933145	9.459408597201099	7.6433293129281275	9.880050863995038	11.567733733510918	4.535114191236748	0.0	8.65596079660612	9.18130035705993	8.80224549151987	11.128614518315505	14.37543187138119	16.33364434557766	14.5477407881705	15.482398522924944	15.734295755609494	7.819183229521733	12.10424489607159	17.062039302617375	13.150848026961992	8.56106686573174	9.362633295094634	14.428369363343977	6.867809287120049	4.112687683802366	9.02913352228193	9.428501036761084	5.381649022442922	5.210687676797837	9.31081732738734	11.760736977538974	15.461456645542762	13.51779779699443	11.786201633112656	16.867340350601527	21.050899852383914	23.824368628099585	17.905245788694184	21.308448391244884	13.88266349507611	18.142763770259624	22.34903847968989	18.780620113115518	14.580825987572018	21.362932689638757	23.53096819051406	18.46037870796117	18.814482495386866	21.197163640610086	21.298253296520155	22.146960661934674	19.114056804727106	17.286153031390665	14.77490190067394	14.106822429597818	16.10383096514454	13.321753611108853	17.709795585564308	18.00926191008913	9.161927915284743	15.77343215126831	18.08732670439994	14.176076660402334	12.62266620018609	21.054500899663026	23.41844981197059	15.274888027354365	17.68489917815413	22.243894218106924
16.886970292674384	18.114459269850073	16.817298223823478	17.45009237742217	17.28951145162722	13.28618545033273	9.846043904023372	9.496751896193123	12.110640009167051	4.706724105075222	7.519738830323845	10.640113241379739	8.65596079660612	0.0	5.365286768247316	10.114208268553243	8.755236363505015	7.989648869671347	7.872231819073649	6.5562290345568695	7.166269751728969	8.000312532817796	5.337882020919926	8.810935423713874	16.636061281372566	13.587146830894794	5.480049635722666	10.47694838494117	16.44953693471135	12.014700864080648	8.678461681945588	13.293092409007059	16.6653056450133	13.742947603917056	12.649445754173525	14.233870270498592	19.452442468014908	21.910449564754632	18.279045424465018	17.192870763763402	24.154260608615868	26.107555382375903	27.772629201979772	21.221133982618102	23.299643504686603	15.63796167085714	19.112135773488376	22.99873323660365	18.869824798396223	12.404168745703664	19.31002777063412	21.925950745229418	15.879946241809813	14.077248796737855	16.6541049825432	14.684219679234738	16.937553080345996	12.658943804813283	12.92799333842136	8.516564874793342	9.833212918036653	9.677157453325757	9.943541081741976	12.26051368904443	12.785881696047827	9.057638567155434	13.731774607028317	16.10442632580155	14.102442188706435	14.334472324514877	19.914079922730046	23.339281224931174	17.777938786030404	20.74691926171184	23.738999394726992
18.01303791351233	19.9983129698747	19.691258321768643	19.08703141084729	18.357798235381054	16.23082793940649	11.916432723233548	9.940283948134025	13.491462862952238	9.467577896372672	7.622205677840156	8.696265080648715	9.18130035705993	5.365286768247316	0.0	6.563368590102879	9.093457207150944	8.80703620010741	10.494203446106917	6.728148577680388	9.62979127206557	12.534009643953667	9.966251643604764	12.405264408634462	20.86396593172847	15.616731693053872	7.986562398305645	14.679750623562533	19.55119875840137	12.867116613921345	11.292711210848054	16.63939981427949	17.59362260018826	14.090009262809753	13.200142559065313	16.846283016672974	20.888565366179186	24.298562073734438	21.51242050117839	20.057917058293004	25.973875566618116	29.357570794551247	31.553522279021035	25.05345177701087	27.784559185358184	19.80603307058669	23.28421891369697	27.63492883514175	23.808335858139493	17.263676277204475	24.290302359316897	27.16662528795571	21.18959669313351	19.067607707382827	21.963515073735298	19.37947976774511	21.656330910381808	17.06027416122077	17.29858250984875	12.380852467149845	15.173241756297008	14.66936296389714	13.68413373975883	16.586010159298752	18.067970642031632	13.261817574269944	17.71139886950182	21.119949878197126	18.95930286557356	18.354548098963935	24.505582818154885	28.240582050682633	22.00466918398789	24.585837783081864	28.11228971548927
19.37478916225786	23.72859332872565	24.225656473601266	23.841778567588786	21.113687335781826	19.68349202051433	18.077612597597657	14.102404253039154	15.44323364136407	14.2234219840639	13.508360166379555	7.286783014735365	8.80224549151987	10.114208268553243	6.563368590102879	0.0	7.948523665401883	11.09554668206889	15.301266604584312	12.560228920515577	15.83642071632165	17.206278768188188	12.467531216989572	13.348193182599875	21.09455217442523	13.58892004480385	8.973233710609563	15.797306937122851	18.1040416571058	9.814343204432872	12.355819259137997	16.88564323965253	14.371423604896808	11.574748334524847	13.159389012690609	18.085499120276328	19.51198090844954	23.808825319716092	22.15476404603333	19.056277121686932	23.838603498290734	28.293378028020655	31.010711238898985	24.63954461143274	28.54506523370072	20.128787131377578	23.18405056441133	28.253498199505774	25.74555495637547	19.00263318105204	25.959704012496292	29.559334166658108	24.418551640673886	21.876178922121177	26.100144180892464	23.27311570282361	24.38311289270152	20.328284535940035	19.12841560799483	15.078876958494243	18.60187839318919	19.711087163625127	18.803078426330547	22.17962523716746	22.37272994946079	16.395559299935105	22.355643196157743	24.898183287428928	21.142050122011234	20.84364586159255	28.46161587741036	31.094005865754887	22.845225626321625	26.315581173361178	30.589041746176964
22.393639702506103	25.83810296185666	24.970252347845676	25.863466934907137	24.213182166981206	20.493323081126	18.522400706739816	17.032828428260512	17.964842397242627	12.71573694554588	15.57508026889491	12.777121616152899	11.128614518315505	8.755236363505015	9.093457207150944	7.948523665401883	0.0	5.8369118844004415	11.120693508552788	11.36194471363775	14.03557453078927	12.500126193880392	9.484960409184586	6.607226778925444	15.1075171564899	7.616628810727755	4.277930418766281	12.643622411941434	13.26484830570903	9.12482425021425	12.56773327074349	15.439668543578694	14.893278603888625	13.9142152173423	16.331332640568473	18.92827488934598	21.20128461784986	24.41302423910414	21.707626205915364	17.654517875891415	24.292215733167264	26.345178343670884	28.156831323584164	21.319449886208908	24.892636035948772	16.171508449231567	17.982632944042724	23.19005169999031	21.77819886169972	13.414283050765576	19.808559764312704	24.43384976708321	20.025624694323632	15.451482500747895	21.360660507063844	17.071452181600193	17.389597988769037	13.678666726211388	12.008066523434827	8.479840943105328	13.976564208192855	16.076171462378397	18.291291619390343	20.058699258079816	17.839468906633133	15.286108271597795	21.56537743421026	21.95896472118216	17.73610452994989	19.803500743101914	26.48373309807467	28.053990996400827	20.01011394633584	25.332445622812063	28.78091856501934
24.49759827418814	26.066517842740726	24.440350582565298	25.05986278433227	25.223261305204275	21.11430201942339	16.18707368387465	17.14614380969848	19.755344434399916	11.877489503196166	14.145695945702965	15.78653996652772	14.37543187138119	7.989648869671347	8.80703620010741	11.09554668206889	5.8369118844004415	0.0	6.071685482573275	7.208014827093823	10.050026198764536	9.120489802265505	10.648209689547468	8.143911818942767	17.351245062617526	12.163629422348611	6.71754343414046	15.00859281930573	17.284952234725854	14.342710936773326	15.168705622470966	18.5895452008854	20.038599750057443	18.40275525724637	19.327660701385955	21.325134642771832	25.24832400954987	27.986300880799924	24.522425595935353	21.631173328390144	28.87718188521086	30.224671443069113	31.557919587848026	24.65858015863758	27.210002689770764	18.954644082209683	20.710865226988158	25.248742828336866	23.025408689273178	14.378650448011939	20.421832815247857	24.770822130861497	19.775826701360746	14.344004313754997	19.736808546879438	14.108188206585831	15.747484432306518	11.001432627370349	11.601804219449141	6.361220542546731	13.329135464813044	13.609329373897317	17.159198063313127	17.666524323756214	16.027024291130317	16.129960735921948	20.81635857275393	21.619031337903696	18.961735369021607	21.138310817792778	26.16368266483253	28.605618604938154	22.492340052739454	27.24240033459055	29.92197947972056
24.269123465799215	23.813781775853954	21.32186276897763	22.048682005319524	23.97611593853648	19.303126128146506	12.447686510973794	16.059242764745246	19.560379239978957	9.786918430408582	12.294892861612558	18.11390873757336	16.33364434557766	7.872231819073649	10.494203446106917	15.301266604584312	11.120693508552788	6.071685482573275	0.0	5.202216401421131	5.37047593512079	4.826545246422482	10.871325523752066	10.345256282232159	18.4193722869752	16.213043005896818	9.740908616653535	15.508535241518517	19.899157427254753	17.987381068404833	15.988278261544204	19.424387874746085	23.224195820592932	21.088932836179637	20.4843230889752	21.23893936727417	26.799108175028525	28.736284092016707	24.545364643062133	23.189803590302315	30.874617084361248	31.397118339065422	32.255315134895945	25.587435453040673	26.89628687240353	19.66340581810783	21.735829298931456	25.220623271214475	21.771354773335222	14.12510717107799	19.592482618487317	22.862742354070587	17.260891390735118	12.547977285645857	15.980572546231954	10.566326818743379	13.9163907322229	8.734206427573428	11.620973025282499	6.438711425337603	11.18505453260647	9.239871654498153	13.920124515957287	12.973016744973817	12.278269906906612	14.882987033670775	17.49808603818472	18.605600045289528	17.844516862308232	19.81565465378345	22.868653930694695	26.17621213164619	22.406135091121136	26.130512423413332	27.91654344361197
22.165180005514543	21.857579288920324	20.16339814181788	19.808698460073014	21.527090788899528	18.16490764647461	10.291660059674667	12.948825627815285	17.5057069264769	9.48565089262374	8.60719637379495	15.128561997323645	14.5477407881705	6.5562290345568695	6.728148577680388	12.560228920515577	11.36194471363775	7.208014827093823	5.202216401421131	0.0	4.472876297211967	8.669746807134768	11.498628181690101	12.776070807279332	21.4609657178486	17.859122062029645	10.126737797097393	16.668387301959143	21.845702406534667	17.59773264352301	15.152930649176612	19.806237734181025	22.70666369331983	19.696077668365618	18.415125479657853	20.387675872201697	25.81478279055693	28.363412354047174	24.63935445190639	23.693496676878613	30.652996659493144	32.53149066213654	33.977549031000315	27.34900740867722	29.07944083245284	21.566043242461973	24.450506657055705	28.216724366289686	24.15160300725724	17.114617076768308	23.383678756905635	26.212237485039246	20.070876649071288	16.817433164419707	19.325329591563	15.38082892384253	18.72176287270864	13.625305961247182	15.735842177537926	10.265261546138417	13.93921861176211	11.619984283117422	13.25336757378123	13.866144119835095	15.437961681666394	14.850767807361915	17.409339534037105	20.363346186462337	19.657671244653372	20.091067420230615	23.999926052060893	28.14508810316723	23.886129045019413	26.62693033849552	29.033567630005642
21.25603829580729	19.5522934990483	17.090042964320908	17.198791578777787	20.069817414834677	15.978927208762899	7.304896203824272	12.242720764118578	16.77131816984961	7.588669843123187	8.016388869941531	16.817515017293154	15.482398522924944	7.166269751728969	9.62979127206557	15.83642071632165	14.03557453078927	10.050026198764536	5.37047593512079	4.472876297211967	0.0	6.52874593712734	11.040561589522387	13.375343285011967	20.855477775104813	19.30203328982841	11.627714311689784	15.864276960220444	22.181766845528195	19.098977962937205	14.948707326968963	19.128422546624783	23.737123568867244	20.72569814130785	18.62798980532454	19.267120916205254	25.711476318863355	27.500174988794868	23.280087643803146	23.35401046315398	30.586612856175336	31.664712472293974	32.73263073064878	26.385288277552213	27.252657719179027	20.632527817301348	23.666436746934103	26.658879459427556	21.85727147674598	15.887790659820366	21.62318476859655	23.579148120824687	17.188817204545558	15.026960655574442	15.877820958382086	13.100714398549034	17.078809176480753	12.327847955581694	15.119847008199594	10.399754994365276	11.725336892261275	8.033628186969942	10.11254013788994	9.663067524026793	12.158081625947771	13.037478157307588	14.028795237550108	17.041442957774127	17.595596039974566	17.932093228013795	20.424746178202575	25.005396219858284	22.344999040151166	24.40969208079453	26.15205045826544
22.430784443620023	21.623920519436126	18.61889749835177	20.329685105028297	22.260756771491245	16.641264459272055	11.70821014689342	15.504038593012186	17.95356937025003	7.628540988384439	12.743623647438872	18.508070988966956	15.734295755609494	8.000312532817796	12.534009643953667	17.206278768188188	12.500126193880392	9.120489802265505	4.826545246422482	8.669746807134768	6.52874593712734	0.0	8.72204199572217	9.07553207831258	15.296108654144977	15.556049326686777	9.767362267661078	12.500693519715467	17.725507618523523	17.391056539099342	14.191846006114293	16.622661961480897	21.999891505861047	20.193476374766956	19.321982259109685	18.65956597443555	24.725538799153274	25.882666773049767	21.289374829766082	20.504329854121906	28.48140114894401	28.03932681965135	28.511683480055417	22.09389238893044	22.720200770960293	16.24734379861911	18.37158535455765	21.188682184456198	17.31638856102995	10.424367810512932	15.510408112754298	18.201985380280505	12.505532231853106	8.584284051085916	11.221733446185588	7.08934335602758	10.59806819690331	6.008639408754312	8.951792278526693	5.457062390012576	6.757735306515629	4.965799467120832	11.300014642822562	9.656753763321424	7.478483778125549	11.862758412907038	14.132845927381963	14.068934893966958	13.68798267255344	16.23242263576053	18.559738319068007	21.510965113985026	18.591758475477405	22.27202156490219	23.574263008891382
15.60853345060698	17.789214498389576	16.32834979909645	18.310565004019807	17.03777558629954	11.844978546298908	12.624172470621437	11.40510831051045	11.201028548802428	5.078131295640632	11.379089610662415	11.676705221006301	7.819183229521733	5.337882020919926	9.966251643604764	12.467531216989572	9.484960409184586	10.648209689547468	10.871325523752066	11.498628181690101	11.040561589522387	8.72204199572217	0.0	6.437472857505991	11.918599990830499	10.890877990078488	5.224338067569091	5.186830614209021	11.953742875154099	9.635002049457094	5.817761410371147	8.594608635974092	13.541671952253049	11.656919518659008	11.403483014822953	11.200282504717155	16.19932197523708	17.971865811351552	14.03311724484422	12.499307217395758	20.102263153557303	21.060520485024703	22.51768695143679	15.932368771709783	18.057066909805965	10.313170861187029	14.00329989306502	17.816869087905655	13.957595305147391	7.838616866734417	14.874225180523428	17.45120002571091	11.958354197459979	11.161271700008218	14.020087729072412	13.544445650700236	14.537764938349207	11.596900830582754	10.226027431643104	8.142555978766227	6.516814739608853	9.226004574360793	10.031768955028268	12.355703148546057	10.64294190475617	6.014701225141785	12.511369287255425	12.818065261357761	9.245725536569399	10.634761151011316	17.077744635554488	19.190413850603427	12.60850308571759	16.62609257037594	19.69952221709246
21.64265087902908	24.202783559267452	22.455459500551967	24.51046500339133	23.421456425201466	18.192205430446556	17.553306401588184	17.308764519595737	17.335279624793653	10.48782243432929	16.254266891269065	15.525022009161553	12.10424489607159	8.810935423713874	12.405264408634462	13.348193182599875	6.607226778925444	8.143911818942767	10.345256282232159	12.776070807279332	13.375343285011967	9.07553207831258	6.437472857505991	0.0	9.32147888298266	6.491709068849714	4.686609968879899	8.339929896063383	9.643321067635517	10.151595593113722	11.252565738701474	12.301305098989092	15.027269800943706	14.77216757091355	16.604737710388367	16.823554940890336	20.182930754805973	22.0632604557667	18.455360696643787	14.830740151646234	22.66461513524533	22.651056783335132	23.65514819768217	16.763924978431074	19.444458512419107	11.137838139236631	12.57346137650207	17.278543646192716	15.891033537239915	6.994775043823263	13.27294728239445	17.95713128338128	13.97062221853325	9.153164217931678	15.487627991803675	11.89742419946765	11.47480979773607	8.724131488163499	5.905637095005903	4.643007965492025	8.391366539488097	11.936294811818625	15.742426589312887	16.525799309578705	12.41125287591644	12.135051982060642	18.159802715484624	16.727652709578628	12.361608402407276	16.000249147048994	21.65886835310967	22.410413507524336	15.184428300244058	21.21937930998371	23.87351014626873
23.716798858275023	26.683581120140126	24.73242707579993	28.16617957134006	26.293835260674676	20.380987563909475	23.48513792009899	22.87805139335046	20.62597283932873	16.09415870302691	23.20864129763684	21.369849691744765	17.062039302617375	16.636061281372566	20.86396593172847	21.09455217442523	15.1075171564899	17.351245062617526	18.4193722869752	21.4609657178486	20.855477775104813	15.296108654144977	11.918599990830499	9.32147888298266	0.0	9.560795423785793	13.165416921805296	8.838305373179194	5.773682091050763	13.703227427606008	14.67399002262084	11.529339639748967	15.630900695380948	17.47634961496421	19.881820036435638	17.593017551702808	19.63276369316972	19.646655125702626	16.189822150145506	12.072048041422596	19.67157206381196	16.373533230541483	16.1323980292363	9.87787030084199	12.098430278711701	6.036537113268733	3.782339872720241	8.492382925261312	10.42374199870818	5.411230432281305	6.589151589271382	11.818697023509493	11.507148486599501	9.153364028075039	14.681086777496612	14.284262429137035	11.070567645342573	12.586009344603065	7.928735230860382	12.270913053507858	10.52011479027219	15.937829216957681	19.670966711920908	19.993636208686205	13.76945228421684	14.649314194698379	20.159423879867212	15.547841455646413	9.852767073558535	15.55623756619943	20.266907604804054	17.92824949281312	10.406502342459744	18.193019247153682	20.007257501401142
23.403566418719507	27.85234188357959	26.904476192950685	28.942654982414386	26.262960848579986	21.806443296705922	22.997960806481796	20.970991112942052	19.673161870854088	15.753086480099153	20.792919121477226	16.225001761077895	13.150848026961992	13.587146830894794	15.616731693053872	13.58892004480385	7.616628810727755	12.163629422348611	16.213043005896818	17.859122062029645	19.30203328982841	15.556049326686777	10.890877990078488	6.491709068849714	9.560795423785793	0.0	8.205389436309618	10.669534413578683	6.457680999511408	7.752147549704272	13.250211291029615	13.017413772283959	11.995841451432279	13.529638421997483	17.513022623991915	18.527169092054347	19.195649425498047	21.631142451130984	19.284386784096654	13.631740972282193	20.296039547095692	20.869281937731166	22.348416064984306	15.745357522663099	19.963302790785658	11.601374114634796	11.930593403459929	17.577507633380034	18.290134847161674	10.678411250925397	15.620287225782112	20.844124959226715	18.319195133225946	14.093920780331986	20.810029363956147	17.672560264238825	15.919906660050275	14.422442873312812	10.358018366112264	10.750989474090952	13.943004565033064	18.19016729911686	20.910793016086792	22.510798346897175	18.225909363094605	16.037437097762208	23.028479932889656	21.23748312461107	15.467303536790276	18.990755946360213	25.95075420373233	25.50959537074358	16.181246589461278	23.090512573914523	26.453024104778553
19.034038827717463	21.982251549356032	20.892915912596997	22.137027390378123	20.67426944436549	16.432757345539184	15.218265445526882	13.829061044261064	14.501508101794503	8.706903207452488	12.781837302706428	11.28121221327581	8.56106686573174	5.480049635722666	7.986562398305645	8.973233710609563	4.277930418766281	6.71754343414046	9.740908616653535	10.126737797097393	11.627714311689784	9.767362267661078	5.224338067569091	4.686609968879899	13.165416921805296	8.205389436309618	0.0	8.971124920873608	12.061810706434713	8.268884110507555	8.969662081590794	12.071288539589082	13.687649689536949	12.157572981078374	13.52652719123121	15.25063179853061	18.642267151819823	21.366623380612342	18.160022141906772	15.014749086151612	22.189399694288234	23.865387173756844	25.56050233087781	18.72035414645022	21.76129814499376	13.230374445727865	15.858954267618584	20.619240126660515	18.203645094549547	10.371214494695831	17.287601237648925	21.182359988407075	16.274449217266074	12.924106661380964	17.818307809068077	14.833234867333823	15.535907450872761	11.877793528620316	10.318347994479291	6.8367221673381	10.235631709682002	12.475820084447303	14.260800235801812	16.234934073372393	14.252650014270074	11.056394998643055	17.356666837450078	17.82021110538327	13.867107053684276	15.675005793279622	22.244466791540514	24.091801727684434	16.586443573449692	21.423769713448465	24.736972102720753
15.181472891476346	18.393580852494615	17.12649612566262	20.061704942904505	17.60771120046695	12.086691522404642	16.46789916009173	14.401451341550809	11.807771034125881	9.128319314359027	15.680969527283139	13.881138323023311	9.362633295094634	10.47694838494117	14.679750623562533	15.797306937122851	12.643622411941434	15.00859281930573	15.508535241518517	16.668387301959143	15.864276960220444	12.500693519715467	5.186830614209021	8.339929896063383	8.838305373179194	10.669534413578683	8.971124920873608	0.0	8.77171890168911	9.357006720254036	6.100189756414968	4.466303364400922	11.361212198546825	10.913561157014744	11.53900453826776	9.378986047222606	13.35718457860812	14.197537770818952	10.16863864785814	8.0225939268202	16.118719604070677	15.988649513540269	17.332801594325545	10.775593775881969	13.164857435456092	5.361882016398927	9.775634387287717	13.386210021241041	9.987491685883855	6.10688928501454	12.205152065090243	14.35986640422063	10.188018875781562	11.338819409472924	13.839288839394655	15.252290635849146	14.851700761529308	13.667009168697746	10.83126964458788	11.359226874679024	7.383681544351771	11.942264422549382	12.39349819224829	14.70647178708985	11.58743427166769	6.399189388675491	13.280612833939953	11.496407130913386	5.728033536253433	8.374234846840334	15.665648273679174	16.017881411920673	7.66010185836834	13.037053022727642	16.34860326116518
22.126032483197836	26.810318291520524	25.83859318095336	28.7371795566498	25.474672392427365	20.61138284945901	24.508162517085687	22.147238919359502	19.246074944659156	16.9021569667515	23.04668953796167	18.3678678804599	14.428369363343977	16.44953693471135	19.55119875840137	18.1040416571058	13.26484830570903	17.284952234725854	19.899157427254753	21.845702406534667	22.181766845528195	17.725507618523523	11.953742875154099	9.643321067635517	5.773682091050763	6.457680999511408	12.061810706434713	8.77171890168911	0.0	9.400682679158475	13.052992718012392	10.00675734302893	10.722465062136235	13.497244121569553	17.30946011918835	16.40466832055183	16.39108429737778	17.53805859102379	15.310384318408602	9.268360523343997	16.07397454281102	14.84658019344575	15.98147767612401	9.547643739563835	14.094991020883425	6.70410614183202	6.281721292533321	11.95497015393348	13.777719471147012	9.040445089009436	12.27125086065725	16.752285953257207	15.696996137711514	13.816568472865189	19.302002333913578	18.59805298885908	16.004780715748005	16.189921028669428	11.43835034422292	13.972408877307302	13.563392401292642	18.827886472649777	20.996897235855137	22.649911615199553	17.680898198240257	15.147091718338045	21.938371198129378	18.732240529076662	12.198237650792741	16.293294508708506	23.089909868181675	21.175574550962942	11.22701994386865	18.849133841306216	22.01352250964932
