0.0	6.059446804951346	6.784224655368926	11.788944998382428	10.449775149350614	14.380811776978513	15.397148599874356	14.467316090931703	15.166708971863534	6.84486843687177	13.497665890560807	8.717583198729798	10.879564518540752	13.11620076392314	12.357056743316818	14.067766956737081	16.59165527469673	19.21778991624986	18.766596402110917	20.69329581934868	22.56678684945546	23.89775680655232	25.358515598608488	28.50425764173111	32.396180263456294	30.00610943209504	31.53504707313816	31.209408812378364	34.046623691928374	35.96321049293981	36.49035347417072	33.359437885422444	30.700027749598274	31.52707509082546	34.05518456103416	32.30980699384796	33.93262094218141	27.611200820784568	28.801913669608734	30.179631524539023	33.734259793932125	25.72126813383058	32.592606442915844	26.662739371599397	30.465536616881923	26.991516961897705	27.372469428205022	22.581942019673622	23.88661588437817	22.510444860949043	22.843102659155353	24.12038675052258	30.01457790682879	30.445088222271984	33.14102278225861	26.8947768757871	30.58825684744547	26.425646213571255	24.506256843153235	24.37357178235452	15.239637320387404	21.095024761663023	16.309702263192314	19.049596128330553	16.644038127095044	21.70081543544939	22.704342807491507	26.586418087794314	27.892124329620422	29.610647744248894	29.53650182819263	27.096184648548174	26.55814744482113	22.7917146550654	21.296981732467348	17.137944071764718	23.94100855867483	19.083786421121793	22.158232678843166	25.04317342670837	26.743514276980456	32.77750859187841	30.44872122405745	25.24548816516322	25.735975009089977	17.718975974101937	22.247379706575007	18.11235504878013	15.07894752989688	22.279594317184593	18.013151284352297	25.14240054577821	19.16668354955704	21.990721369998525	24.318243436346286	29.479443717489378	30.142115422076767	31.616688218632387	29.170338628599318	24.310482969237025	20.38943933215401	19.149437547867695	15.198187700660954	13.9946736689124
6.059446804951346	0.0	7.779904497518103	10.017927139905055	5.52627689614455	9.408813839027317	9.804264145498077	8.776024449595413	9.184790997641628	2.0338067655617094	8.507762527976011	8.012480593624675	11.385073807994223	12.852001547724724	9.587876162096679	11.940824137986258	15.854888840346858	16.957270353442663	15.469150797587774	19.058173451945507	20.88349890248928	20.96288918282434	22.197467663869666	26.569687516502878	30.431181709211952	26.536932219300784	28.744064592314007	29.395508791119564	31.3998984925917	32.71896584085619	32.87562656525747	29.246258507014215	26.35610644762264	26.604549139036774	28.701825211533485	26.95928424247135	29.263656053134277	22.704290231448518	25.188289209950355	25.591535969883658	30.509949910136267	22.01111278568121	28.79265388252272	23.73980562120938	26.205264762453883	22.952316069877437	24.582216467235117	19.164471448927657	22.87293776466117	20.008917727572822	22.53019064951056	23.09447555056876	28.666058981488515	28.06404856733884	30.637523738261834	24.468490885220543	27.528510651490368	21.857952254082562	20.637425075173176	19.552990954007562	11.431183872204253	16.208389145949944	10.779187927225331	14.457764966927316	12.906770164090219	17.751612317203058	19.30157847484989	21.716185616733796	23.72749710849475	24.775324268229944	24.278650096832052	21.43491047112128	21.095597220971015	17.064950611716558	15.502977661675901	11.584464288722625	18.7142269035251	15.728129134417147	18.966474280322664	22.23011286470912	25.14281521849073	30.44159672682437	29.355227754564183	23.872836133736644	25.16326463779753	16.190179661081014	20.104402739378507	15.713875827280994	11.665990210509605	18.163936317234455	12.905523331504938	19.8374005814121	13.4549611900837	16.762656266467967	19.32874972690735	24.30911880684141	24.717290961612882	26.400532483337443	24.397907818321478	19.620380772173206	16.041720866436762	16.505819942379514	10.593395078156327	11.128086098875057
6.784224655368926	7.779904497518103	0.0	6.227220806212643	11.067414306223247	11.445543477000218	15.29385701228491	15.856777979672843	14.20789405703343	7.7952871265008845	10.429908891194803	4.831493921073397	4.38379742422457	8.32762669627352	8.589261523075661	7.8824421690414495	10.265022293262334	14.170707687966924	13.294362635861573	14.01556080132167	16.366088273036976	18.29886918224574	19.38158980356605	21.837294849125303	26.058481285675683	24.30698716114238	25.115438201499327	24.627778495699726	27.908417430964835	29.81207537774976	30.83689395621109	27.817971590273086	25.8334203582121	27.171014691475833	30.184417972789166	28.32221552826349	28.915615855648934	23.048549940359564	22.92617300431096	25.190737634636083	27.924884224485794	20.83889366806133	27.478141784255936	21.9436547681254	26.573334333109734	23.847445532484137	23.42820636501367	18.85967277383208	19.894561679515018	17.37760715024811	17.563799785783093	18.02489009559778	23.960797987134967	24.590656584314868	26.89750450534623	21.18064462206223	24.384685613045672	21.65067547086447	19.120957316291392	19.893920067630166	10.417108481614408	17.636007081338857	14.856059336625835	17.182297570619927	13.764987366929466	18.952472440486282	18.05874672626029	22.404704400368498	23.69593414246248	25.634555412172194	26.275821661063624	24.54770310672793	23.033104962152976	20.12434364634387	19.014824718665736	14.438980067106279	20.049891068200616	13.322365085765393	16.54347881818507	18.726347728368644	20.25914755429935	26.24427161764486	23.78312397402409	18.505442697836692	19.223675893156834	11.279345348227492	16.345581070428143	12.609612617864236	10.165148868267607	17.787523163847986	15.75185030877671	21.875075438993846	18.502600117516025	21.19863911386297	22.274863052890808	27.863792202824108	27.819799915844897	28.26809414608102	26.364158267297093	20.404633052391834	18.34230347833699	15.676265897260654	12.124540659577736	13.033312473050016
11.788944998382428	10.017927139905055	6.227220806212643	0.0	10.213562980829762	7.549898651382791	13.005895141481155	15.31052109996218	12.74002316063174	10.252184010219866	8.581763265224735	8.508296008755808	6.655206743223317	10.86154765742608	9.628044296082637	5.2426310521459305	9.851354290817538	13.789321461822341	10.529739084009796	10.412460784047676	14.632440519087602	16.00281811561739	15.717270088771128	18.020718340133676	23.4880308484719	20.910193973777076	20.456615148890148	21.549873522234748	24.9051659398653	25.689857858693976	27.35484678635553	23.29635986602067	22.451748539354735	23.424575004995884	26.13519768946262	23.631979881734807	24.162102213799404	18.326850512354916	18.451885604807316	19.82411975672549	22.01289635423514	14.645223274931183	21.31892815336772	15.804842388271362	20.517392427931746	18.087232706370468	17.54636126859517	12.961903868952954	15.023704314154228	11.288805005070621	13.143692427605721	13.12067305881804	18.800257313430304	18.775204294819197	21.383608293338735	15.257684661460809	19.06586195151858	16.083387865731606	15.45185656302038	15.80475189685732	7.797295809948742	15.433030782053235	13.93915490946855	17.0548647503561	14.029753460636853	18.780372775360597	16.612582989892342	19.056363213239177	21.65005443743381	22.731491712357784	23.48007448204685	21.705561487978784	19.067851026632102	16.823465184790063	15.178552227724627	10.951548432757866	15.401826154611229	8.49915615037726	10.550415113154429	14.028007388922843	15.34404509912566	21.32172196840033	19.578048191370005	15.248899729448487	15.232749631056654	6.413014506186872	10.55124121604121	6.484196596009339	4.417145197749586	11.782775510189909	11.329630397636857	16.73571553531376	15.388953228320535	17.36354611063029	17.3673959347571	23.06972463796762	22.79575596351137	22.754132838800533	20.81743234203602	14.672326191427857	13.512888157848536	10.213877606616702	7.516161459354146	9.904739720151154
10.449775149350614	5.52627689614455	11.067414306223247	10.213562980829762	0.0	6.835598794684047	5.1578275330853725	6.352862206511037	7.962903670374396	6.898106744601176	8.826042057874991	12.176463266309563	14.369901212487042	16.672961463910116	12.720135602740775	13.28199689299773	18.279912240965114	19.417344945861117	16.345660262930025	19.689115298026795	22.63295831663546	22.15333636202761	22.39917417457479	26.78945801664054	31.52729594883642	26.733327555500182	28.07538857878038	30.14326621399443	32.06913408984804	32.340077492625134	32.873643747112766	28.18580110351382	26.10060347444532	25.605920998420153	26.95687444746651	24.53262858822096	27.578740528003994	20.82852247695726	24.505086033204222	23.287205186895715	28.09474225824696	18.871972930544576	25.58509452991516	20.385246172558062	21.96031445330064	18.277065504296928	20.64745741849144	15.169163568686635	20.09332663030131	17.43609515833369	21.209648759479144	22.048329576363738	27.098870278199904	25.838758940381823	28.91453371884893	22.23722198889722	26.145292688470054	19.268871073092967	20.543496527939883	18.39441154332675	12.197109118392227	16.407660723620328	11.107304583145131	16.09269709514966	15.355017871484144	19.72983752439288	20.849332626238375	21.098482914302956	24.48415813085648	24.480992079858535	23.61268099022335	20.138451516655408	19.19943105678916	15.190888951766933	12.31452561541923	9.3159454221254	16.357987886349147	15.224346446097657	17.066874151422113	21.742848488239165	24.317940316251306	29.494121708502725	29.024457115575775	24.5871989355992	24.97644892291675	16.107893444065514	18.52293250893756	14.106541056664089	10.283875398383763	15.024270167967883	8.548773297560857	16.111572967077418	8.955586229584249	11.568478077072005	14.339825488555865	19.188125833394825	20.09948221197917	22.26504849356176	19.592215849713867	15.94805575622081	11.02710075317073	12.892007556805666	7.352672059622763	6.811441544784235
14.380811776978513	9.408813839027317	11.445543477000218	7.549898651382791	6.835598794684047	0.0	6.53613481115079	9.610482240338477	6.543711315251009	9.53603528935269	4.981935332378652	11.59120910499428	12.73650018931074	14.626312186710152	10.377518297354749	9.094020885578644	14.503896767324655	15.128910979119553	10.751529521946898	14.359477820737162	17.483014387003433	16.45966994445715	16.029857688831363	20.714701964340357	25.551551542525722	20.317437760188053	21.48533000400601	24.11882168317511	25.776422055971707	25.624614008336167	26.36580330253092	21.421757273041393	19.873239579494136	19.514370684685154	21.189039585073047	18.57889020993559	20.967665380422407	14.307888179253114	17.75836822669199	16.639498044694616	21.859343880695786	13.082593073563462	19.657095494595296	15.684882968508557	17.16894680126264	14.68928366516569	17.069743837524662	11.27519481316577	17.81047894419467	12.664256128037394	18.077617292235693	17.526039880733432	22.140923110394592	20.27309282590709	22.78940792644791	16.808841101568472	19.55833693039624	12.680027126770309	14.12832171237958	11.985698198627372	7.123438202693384	11.47145529308359	8.862931151671491	13.474853054612733	12.392692101165508	16.2902729692574	15.795770213609227	15.179117769749961	19.14990731065714	18.88958041717402	18.57470579448651	15.722240080686852	13.534069158586803	10.423402077121635	7.942121955766428	4.000430086258004	10.120200790934355	8.916752523835102	10.909030378743667	15.32092024662074	18.801547147000857	23.17082489394486	23.569456199665037	19.04889116270979	20.273356926313962	11.43344786651308	13.277834862577523	9.24724740564662	4.898973309832175	9.02632401923997	4.754710711900899	10.803523581882242	8.119248910022518	10.785857802984598	11.507540748564825	16.91912319845091	16.503035995960783	17.361539357481355	15.862733787667706	10.257813857056043	8.889561457193004	10.259386342289755	1.989124613456919	8.516733676411597
15.397148599874356	9.804264145498077	15.29385701228491	13.005895141481155	5.1578275330853725	6.53613481115079	0.0	4.7462963378615415	6.166750652731578	10.476619143588355	9.215221842072006	15.514116613145001	17.832684525374823	19.448808071361253	14.636197703962884	15.212505953672755	20.48723493192395	20.4112250393258	16.623919792501678	20.89257380672695	23.652658487514962	22.10245180192966	21.94162597542208	27.103623705836295	31.674245654354873	25.66562799796632	27.418267279664168	30.4400796946903	31.5537614109784	31.108757304312913	31.331897160117308	26.142989290921648	24.09721161273142	22.809800242586665	23.38781649985535	20.847953386430273	24.812075944963564	18.076077998303862	23.26487848201686	20.648050698045004	26.684633037587712	17.34687988633236	23.496116211834416	19.55887982765399	19.189993831318972	15.857205802935459	19.792923487106293	14.138319759189264	21.26735923404475	17.54965428942635	23.057953864075	23.290991370849166	27.64355957299416	25.41634534171342	28.300826969654455	22.01959827508684	25.210101693906292	16.826322888020545	19.49829330762514	16.189519905676306	12.838917916603325	14.817622194609722	9.880997187240157	15.310562966241422	15.760494962561754	19.142958621992676	20.570457417159414	18.75473275236327	22.985802088429562	22.02412713022569	20.608101004954744	16.613727932197648	15.804100704999547	11.730268608914717	8.212906364710461	7.02497779546976	13.346804175933443	15.302404143200048	16.67510824228841	21.53847581368534	24.933169093087766	29.135001154940163	29.838220688333028	25.572542481508	26.457830523762997	17.756367381736617	19.06294540465669	15.057125373496135	11.213776191330425	13.417015272836565	5.704489412003516	12.347224195560148	3.8509107527793565	7.170620999843035	10.521459357057127	14.822767048673454	15.567073976453928	18.22745756550181	16.002924761071522	13.200736197217683	8.771577134226515	13.299353785799582	6.957247284236948	8.667165120486494
14.467316090931703	8.776024449595413	15.856777979672843	15.31052109996218	6.352862206511037	9.610482240338477	4.7462963378615415	0.0	5.768042894160001	9.098807928705007	10.020926826595943	15.218237205091574	18.706259336016345	19.36741660706931	14.35554731310082	16.843255416875824	21.604173068260767	20.725048883704332	18.05342303981094	23.266693756386083	24.99827231766099	23.28637078408397	23.98777399300204	29.718852221105198	33.43369010789894	27.407789998175275	30.39498439147475	32.62639020911717	33.331826388111224	33.528465479294695	33.05871305300122	28.587563544412525	25.47119937672316	24.289186683030977	24.979653230125788	23.215953046384282	27.31530592901878	20.635637790400715	25.80815971069915	23.848252829641833	30.714854446493803	21.64388491711244	27.747281689178777	24.104553364195098	23.69182721181213	20.550205687632445	24.489282656934314	18.79046297083678	25.467502751392214	21.751813928219583	26.756477245228826	26.916324079079992	31.60722613012122	29.57505866143454	32.148891363404445	26.147417830439625	28.627969211570566	20.337509847279744	21.342797011015634	18.21278133970229	14.165829050648066	15.18410694967178	8.81854424157475	13.811293609130834	14.870525046865582	18.05100537507016	20.94167871814657	19.990872585261222	23.300404255243706	22.755762379293973	21.018058330576192	16.973007504543318	17.576326520399704	12.97997286540165	10.77236975242983	9.393491818632459	16.076071765927406	17.935802428314393	20.391770762718576	24.3891877339637	28.40301471363557	32.512217440477855	33.11577908485165	27.972865200389027	29.672632179587712	20.59861184273319	22.815241080381753	18.646966617413202	14.305111986887157	17.584982912415292	10.179087351560156	16.004382879495996	7.152164204043918	10.992945652854724	14.857915788509178	18.49221724116371	19.093747701500398	21.95137991967092	20.32847771307524	17.381644778114172	13.504616996151006	17.665690919472645	10.717042901089508	12.215346008485293
15.166708971863534	9.184790997641628	14.20789405703343	12.74002316063174	7.962903670374396	6.543711315251009	6.166750652731578	5.768042894160001	0.0	8.563601465113056	5.241390830284596	12.511590142472143	15.819360742573028	15.701821300419866	10.262815127623574	12.73868634995753	17.311303736207496	15.590987615899683	12.700956639488934	18.695510372027723	19.829878588006526	17.671161205158114	18.46926001363069	24.655087502509517	27.897430740352306	21.699138042716285	25.270411583021854	27.289826106896633	27.652022683987735	28.006075587075934	27.367850428949257	23.208910717122237	19.84524541933346	19.013488983484063	20.321223224234192	18.837208302385534	22.253855342839316	15.637930366872503	20.40222000839035	19.200275525330927	26.678058335225913	18.36598153302992	24.265201115881762	21.640887160464036	21.45497727963396	19.317562929654386	22.962825070917567	17.104905265701863	24.275733000418093	18.99205072528664	24.509460785535563	23.667860098900658	28.217104969007917	26.022555406897183	27.928365610044203	22.74520307997612	23.87455040236997	15.986575115714112	15.700487121140167	12.784302045823587	9.186750524184703	9.49747053119827	3.7168216153545983	9.144648044109223	10.000666858657222	13.05555075308951	15.320893968472278	14.471249845492954	17.687890780124395	17.361860778620063	16.07851992830771	12.58608730855251	12.792112975719384	8.305061911934361	7.379595622175267	4.7985261201314895	11.412223016922741	13.14528588635499	16.443807798976746	19.399961882526174	24.33713334547568	27.78387197740529	28.83611369088629	23.150992775501827	25.926642798988922	16.922973553114385	19.34961812940388	15.535586474276787	10.925897422182498	14.250127510978563	8.516688109751703	12.915710978252806	7.440213498021275	11.852096373998236	14.204349901327202	18.430972512608506	17.763826737282255	19.43899962491642	19.043238994851947	14.288080531093916	13.176908702666461	16.513085557778307	8.277264144058856	13.102139698633888
6.84486843687177	2.0338067655617094	7.7952871265008845	10.252184010219866	6.898106744601176	9.53603528935269	10.476619143588355	9.098807928705007	8.563601465113056	0.0	7.549207644818062	6.800695331360677	10.859913731561543	11.490680899132165	7.938724743141269	11.236962629962731	14.848827264045298	15.369282672559653	14.307152377883826	18.43908097549301	19.67566322423428	19.591696656408622	21.148062349878572	25.824704559528737	29.23195615110232	25.309811876779804	28.065380734257598	28.409436097359727	30.157551600922105	31.719157655640625	31.6102119318622	28.31257140259165	25.070390543916815	25.465310918967628	27.73895509682171	26.284722199263715	28.43105170878733	21.977977278685664	24.309291670214684	25.08859505064559	30.42943216342454	22.224892364492277	28.891441437487074	24.30028198788954	26.64810946621099	23.71553598221666	25.44376865305611	19.929530526045074	23.930934485681952	20.477925660831826	23.177464320764784	23.3296481485123	28.895257486486436	28.23084833476712	30.49413536446221	24.692142654426934	27.09255690580822	21.54721702180506	19.527202053516127	18.625998786477307	10.397430652134208	14.823216149981892	9.498797606947575	12.702488201258728	11.050451990759177	15.894579330124692	17.68390915928854	20.515050012057806	22.138174302567307	23.413690450096727	22.988393280104177	20.36558991232061	20.270847547430105	16.27805435001338	15.25963911644599	11.211363175018333	18.179992977806982	15.150986020199145	18.919292877508394	21.59758899975194	25.014458348398296	30.01245329103179	29.096095332198505	23.157185710478448	25.11003100763714	16.077304153339806	20.264981486020133	15.985318567571353	11.735241274970733	18.33269926757177	13.390781150380112	19.819788465446795	13.879257653994838	17.52161181787326	19.973697710800746	24.93864830181944	25.01242226872481	26.497906153319736	24.957647653325477	19.773452895572444	16.973468842405364	17.505319319792484	10.996200920356074	12.650034092331737
13.497665890560807	8.507762527976011	10.429908891194803	8.581763265224735	8.826042057874991	4.981935332378652	9.215221842072006	10.020926826595943	5.241390830284596	7.549207644818062	0.0	8.520745698144156	11.071779201850307	11.10415925732668	6.0098677401891845	7.546895619829576	12.11003179700561	11.215527506387753	8.138591045127415	13.730038214962683	14.98562648574513	13.641477088543652	14.534801318432962	20.151596417045738	23.604890619833583	18.47949502469435	21.50767322915374	22.80674604534644	23.893853894313274	24.769757297848138	24.65877769170427	20.894594867620306	17.937726529318603	18.18015886710925	20.56153247722622	18.999597798410694	20.88286786008597	14.458802585052084	17.18614973550253	17.692139033686573	23.99983980739023	16.34214081633059	22.50672322001819	19.51468673116523	21.036886866096424	19.239930961032204	21.47079531288573	15.811799536420368	21.73597417980502	16.05367647125218	20.75090537991757	19.528021565433463	24.403494833178346	22.815668255250024	24.481409200602776	19.514340316676552	20.473375709523566	14.4200896400512	12.42807894563634	11.097210039464992	4.169336602254314	8.224199396873942	5.4007133086513734	9.032430656855045	7.472871240961677	11.738671861091655	12.034825477877476	13.309756216004985	15.898837751974625	16.586153732099223	16.47052829774663	14.204774610448869	13.138522584520718	9.783432728809682	9.49310755866752	4.995174977549499	10.92486408786275	8.838713866981037	13.080859422705624	15.28485301712485	20.066862934137127	23.90039273231906	24.316379358000024	18.27343556407009	21.291911539628547	12.250364273123658	15.569684133503038	11.841516771869967	7.1954253318268	12.420363561700011	9.21697014678159	13.541637358661733	10.943636237235612	14.6489602709553	15.744393658626024	20.770204873990977	19.74520430297779	20.284511037818273	19.94436440808833	13.65560837496533	13.770246834662608	14.774160735852279	6.890284352422419	12.733585148903934
8.717583198729798	8.012480593624675	4.831493921073397	8.508296008755808	12.176463266309563	11.59120910499428	15.514116613145001	15.218237205091574	12.511590142472143	6.800695331360677	8.520745698144156	0.0	5.170152117463509	4.88850084058504	4.421807479560009	7.177470049898694	8.758536443264965	10.526025377284402	10.92772996476543	13.785289148202386	14.22526205861287	15.453830934616816	17.48505801786709	21.173073335732475	24.075630569924712	21.862042390721548	24.393201407765616	23.30666368219969	25.66017343844677	28.103938879755756	28.285973476611115	25.997114346488374	22.98367710493625	24.516405861515736	27.77988120489167	26.611158150784927	27.14204908291499	21.439042441793177	21.401303279940766	24.236187323273363	28.476759246057306	21.797151207407914	28.149764223105972	23.880324364141366	27.611807721251996	25.458339590989926	25.858818297256263	20.853500719330196	23.40667253129865	19.404588763645126	20.775957245094034	20.17395455571296	25.892041508756595	26.012919892824335	27.58671865878514	22.731518159598775	24.19139886156095	21.13799714031811	16.86159496921384	17.837454283898985	8.339812216385203	14.422023103677256	11.99872314992863	13.142746911665801	9.457766135441638	14.574419324875501	14.376730169093163	19.619661752605964	20.024237517191853	22.418086104785555	23.084857742757663	21.744153717124874	20.944971862776285	18.02556778973911	17.973893932314514	13.378085810815156	18.748270523519732	12.66901156828719	17.24305047673529	18.1102490634806	21.340173342251745	26.308482266720052	24.65861161568919	18.05985864424449	20.817148208934263	12.591766540268388	17.946015911911953	14.40017728031336	11.074273057911903	18.470253972070104	16.306816155938098	21.539423223110713	18.401741711038703	21.843080648380536	23.086069693594276	28.479848759553146	27.85955071533616	28.17006560579829	27.24287914803117	20.73724243662302	19.90673359113019	18.390254754635475	12.90880884296435	15.828214400213373
10.879564518540752	11.385073807994223	4.38379742422457	6.655206743223317	14.369901212487042	12.73650018931074	17.832684525374823	18.706259336016345	15.819360742573028	10.859913731561543	11.071779201850307	5.170152117463509	0.0	5.587055469944275	7.898158355218904	5.671719789886126	6.137603109349987	11.195494888088506	10.938137377179176	10.571642398032704	12.451481389269444	15.152146961835863	16.35352388722947	18.19231251365947	22.070578338826653	21.262860003981988	21.96701716129479	20.675585249228945	24.220715820021898	26.55017069604117	27.72062785664749	25.317698247840035	23.538367726496116	25.473702142754767	28.97763852664241	27.35637097856044	26.985999726880653	21.7454306943494	20.22021097893756	23.68808269752504	25.962992972014046	20.115670249846662	26.28694155970215	21.490985543194764	26.55111931818143	24.575626250319146	23.650550852683597	19.418572515996996	20.175410762846866	16.724248471313246	16.560296608735705	16.020580988130806	21.853720139852197	22.768698511130157	24.419390689010726	19.641052638454173	21.774118914937326	20.598953745650576	16.72749354365273	18.572665026611975	9.364050858091868	16.756196692751395	15.70549689542644	17.01611738485804	12.968936780282371	17.798124140405214	15.600334299781974	20.91762081340343	21.58534085166533	24.0012503808742	25.242999179414383	24.282024992067594	22.41517575533342	20.241282173676495	19.825633462659336	15.239513567664506	19.556301728238505	11.460586643241523	15.157276516352354	15.856672782772153	17.52959684469623	23.178751096784946	20.524743465373255	14.676597668644472	16.307245412449372	9.066629269432791	14.763216857871443	11.853997395762208	10.174600614490942	17.49901854219006	17.22071842425929	22.120254436179707	20.53817455927827	23.25927607437363	23.628397245163555	29.271456229465958	28.646740032404697	28.342842956664974	27.112391172021574	20.40585821616771	20.016753053397167	16.706636818629697	13.419418530160522	15.827084246639187
13.11620076392314	12.852001547724724	8.32762669627352	10.86154765742608	16.672961463910116	14.626312186710152	19.448808071361253	19.36741660706931	15.701821300419866	11.490680899132165	11.10415925732668	4.88850084058504	5.587055469944275	0.0	5.555921379271864	7.35779411710567	5.568630103151357	7.326419936811958	9.744206430155115	11.88404915613868	10.605673261848228	12.671600398463548	15.322932804112506	18.47699540334789	20.314892786021133	19.368699376579197	22.27972992805391	19.883587032380046	22.269621259546042	25.514053365884692	25.597969796422895	24.390355006658503	21.31995501577847	23.650036799369076	27.519004847689732	26.810154745561178	26.224973597795508	21.38218891836022	19.701167204646772	24.03855031541332	27.911140148041213	22.70052995743581	28.43860888945718	25.02677398532518	29.114103716629355	27.70204725634129	27.60398050223849	22.988123067059057	25.10866667063925	20.451340250559785	21.33307599433987	19.83099454890391	25.263037171455814	25.703927832649676	26.45540824364993	22.806668012169915	22.861718026202418	21.57169460543113	15.417622878217433	17.74009602493954	9.135878629411884	14.585607168991803	14.306446835582854	13.833679583077439	9.458991534762761	13.742287795532999	12.135012360946972	19.04782766115989	18.24778503530796	21.450180804645967	22.83482412593429	22.50801226417382	21.541334330547343	19.47794588936304	20.28552824044108	15.849275142855348	19.701147385453854	12.560900254329672	17.601045457993564	16.56067644055297	20.11592642180596	24.410458744637996	22.629967610508377	15.271969365797629	19.39114693735515	12.488227412650101	18.13696541068154	15.533021041715411	13.035288778922268	19.862938475167805	19.342909952896683	23.2991300653491	21.864614055073357	25.29299339849517	25.91447683452322	31.296370356767287	30.112706590225642	29.681934888864316	29.477601670575496	22.333154386970346	23.03907259597834	20.911734312091724	15.881171988502903	19.72921492932985
12.357056743316818	9.587876162096679	8.589261523075661	9.628044296082637	12.720135602740775	10.377518297354749	14.636197703962884	14.35554731310082	10.262815127623574	7.938724743141269	6.0098677401891845	4.421807479560009	7.898158355218904	5.555921379271864	0.0	6.521977504176165	8.482034587347504	7.4386978152583945	7.710852436279865	12.820617316275568	12.242160653521799	12.125431230878677	14.485135907333264	19.48110238558476	21.723251989984302	18.381681884237878	22.117785981481013	21.346315680503622	22.739587972142992	25.06690290747473	24.684482023810922	22.510563300540753	18.91854318378948	20.375950151509812	23.69409260409909	22.90405039808151	23.49016782769378	17.900371034028073	18.32202990529254	21.125685158440632	26.662588377420256	20.29243479024614	26.245975788216338	23.211144437844	25.953717537204184	24.414061005854645	25.566762546997758	20.314874388396735	24.42145136070215	19.067780880142568	21.925024873550733	20.44799012965761	25.724047930943303	25.10078760132141	26.16254060277013	21.968246501514713	22.07690020342615	18.40886372777742	13.296000560172228	14.098435046128658	5.393433093073922	10.145059277252598	8.769614144065601	9.161325614406286	5.243895828265728	10.376466141163498	10.36255324648183	15.448831294135038	15.726476885646441	18.080466079539587	18.74996656023996	17.681237515739415	17.12842120362758	14.428410470296042	15.231006838604452	10.893664711554289	15.497695611851562	10.567510211877389	15.86856199941061	16.016331075845553	20.718149742863712	24.649778949216415	24.119695851517836	16.937438835707717	21.032518736727248	12.624947661488156	17.505915348650223	14.22569500450099	10.410364399672469	16.848090111179047	14.993561177547981	18.98352115888596	16.817888283122155	20.577140552712567	21.599027205614302	26.728556510816887	25.53742687234829	25.59376894915346	25.539268100784803	18.70530448867844	19.22993716007595	18.69347868524898	12.020824837025918	16.7863613761355
14.067766956737081	11.940824137986258	7.8824421690414495	5.2426310521459305	13.28199689299773	9.094020885578644	15.212505953672755	16.843255416875824	12.73868634995753	11.236962629962731	7.546895619829576	7.177470049898694	5.671719789886126	7.35779411710567	6.521977504176165	0.0	5.471668944044361	8.64311131932152	5.903657717358447	7.20589173425731	9.730449715842171	11.042750906498052	11.541176577367686	14.734499468592134	19.01939478019562	16.577510182946426	17.572446477736314	17.594851186738698	20.43583218074236	21.986313744882196	23.106935288817304	20.014734045013167	18.45487822262448	20.108255655404275	23.492695102516574	21.73066694101564	21.41812779699747	16.08600188856542	15.064888911395595	18.075812014983136	21.365940688817403	15.417671209362954	21.417425707960003	17.73003466004127	21.88142970527887	20.543894607743027	20.370403770258257	15.795825848998346	18.728207769451807	13.262326494297929	15.644322396864956	13.928242204091399	19.2833338701789	19.04899291043038	20.430402150565442	15.908914883348894	17.093150924154997	15.066143539524036	11.467669713799973	13.025276887935476	4.502948918001476	12.167309670956243	12.501014672114575	14.069521937085753	10.42318380407474	14.784002562962753	11.744699482761122	15.671963172279847	17.216595514059744	19.02112080273666	20.31178206378104	19.440289016698433	17.028133717964238	15.359588956006492	15.19910942900109	10.889609677598678	14.081225179191767	5.91264779308303	10.41883470287032	11.143568391695489	14.481746022953226	19.29023277486205	18.142953097943614	11.949331066774231	14.713049366316152	6.107325455862921	11.255716546425704	8.372212230654291	6.066215561799516	12.659619593591303	13.38251724012504	17.003085695630997	17.0793395655125	19.74454099417508	19.5066982536341	25.008999757653775	23.842072851311343	23.13328039586944	22.584816023277973	15.408055302381037	16.61524567192638	14.127298199419233	9.807377423057059	14.52122536038206
16.59165527469673	15.854888840346858	10.265022293262334	9.851354290817538	18.279912240965114	14.503896767324655	20.48723493192395	21.604173068260767	17.311303736207496	14.848827264045298	12.11003179700561	8.758536443264965	6.137603109349987	5.568630103151357	8.482034587347504	5.471668944044361	0.0	6.836258852676697	7.534102387438707	6.588600882783983	6.3790394831749975	9.861955263692803	11.380685892897365	13.140205325918963	16.02582265774382	15.955174860109883	17.257354158076545	14.947555990089961	18.280085076940054	21.163241425254224	22.21784134723742	20.749155491317648	19.03835615957562	21.71252727451753	25.777802879426062	24.66692883442083	23.08203822350881	18.899018745259717	15.65731291394721	20.713041965626463	23.15672079677887	19.172124460262655	24.351630397518452	21.345801218333765	26.07896277270734	25.295451774790838	24.37963888073442	20.45470525977572	22.005158925235317	16.818302566517247	17.484886092108876	15.134065659009421	20.212322344587253	20.856852969917483	21.261752415758615	18.28020890121726	17.962891378984573	18.524352489535175	12.528240211687667	15.802855643945263	8.611876732021571	14.683077308637598	16.218974684137184	16.116154067402604	11.8368328946832	15.47296709462345	11.351435394757903	17.63654223947425	17.408370738083526	20.335836538223994	22.341702873012192	22.495329754030855	20.330916580177288	19.296477945054754	19.988208855634714	15.840343980231262	18.004482511562802	9.320013697265432	13.774418330144934	11.771784314091581	14.834843330072927	19.05651949504705	17.09682851553505	9.765377768136137	14.18193276063796	8.44025846347318	13.860473606476278	12.353897300249827	11.331694333207338	17.10778631068399	18.781524898016663	21.60539793643936	22.355942168313895	25.1527799063403	24.736976149196895	30.15417257430919	28.656288761904335	27.413539786944533	27.40659674913599	19.958073245415292	21.96418240688886	18.822023681298223	15.267049721695681	19.656669483128645
19.21778991624986	16.957270353442663	14.170707687966924	13.789321461822341	19.417344945861117	15.128910979119553	20.4112250393258	20.725048883704332	15.590987615899683	15.369282672559653	11.215527506387753	10.526025377284402	11.195494888088506	7.326419936811958	7.4386978152583945	8.64311131932152	6.836258852676697	0.0	5.6974823673205925	10.388264168131336	6.2787430858346776	5.900740898940896	9.648971001585451	14.67047637069678	14.89934659142056	12.612270810001036	17.60164267787119	15.274407824759761	15.986476135152126	19.355264945013694	18.611277354093488	18.133746883100937	14.408958866769932	17.23295469683171	21.522766232733215	21.532177115917396	20.182344732511297	16.33638656667698	14.072538916120134	19.24204978731994	24.52671778246732	20.749248215373875	25.349056725173966	24.1793731529818	26.998886339981244	26.821385476255525	27.42521423493146	22.88694409779819	26.77336952967567	20.25775863340726	23.02649490644186	20.054136846656593	24.436478552220862	23.844191314716735	23.445569216210817	21.461160546727605	18.819001744346174	17.84636300098576	9.50419738053377	12.74630367581598	8.024352924267193	10.06137522899743	13.192153541965865	11.129022543674536	7.2602837499828246	9.239284625246215	5.1252217710598975	13.097937949330568	11.323067380470716	14.954518595456229	17.003103909489592	17.874537294611653	16.834903289393885	16.050798064401086	18.22522175529367	14.721434962621295	15.984641268691954	10.331397443983773	15.911639700065571	12.773738053625841	18.622728100835943	20.773041865398877	20.88136904950312	12.686808308708168	19.25393174045729	13.170585916115215	17.614034279222256	16.004160001458175	13.658601303591286	18.260064601687425	19.201302534715484	20.644899054391495	21.651791256054103	25.101775183743833	24.99276766935098	29.85513582956072	27.70603305520573	26.4712599148176	27.74726676510252	20.19163633525198	23.32988467334062	22.127304518162504	16.452340169729265	22.356337814583995
18.766596402110917	15.469150797587774	13.294362635861573	10.529739084009796	16.345660262930025	10.751529521946898	16.623919792501678	18.05342303981094	12.700956639488934	14.307152377883826	8.138591045127415	10.92772996476543	10.938137377179176	9.744206430155115	7.710852436279865	5.903657717358447	7.534102387438707	5.6974823673205925	0.0	7.7027610708950105	7.340797458001285	5.889368433606049	6.902649644328914	12.725909834819094	15.467990224843579	11.260631474392897	14.604578627287506	14.817873544141369	15.977391895208894	17.535927095231262	17.75479600164502	15.088862975755452	12.65590321060145	14.609024454975179	18.41389781564499	17.375294484033276	16.566272228315732	11.775092358449315	10.633747487021619	14.4110231088228	19.812946261539537	15.155675685800047	20.03373092198077	18.790958911240192	21.316120573340932	21.18344795102868	22.01545452474854	17.434884800060253	22.226364582873657	15.152429417522296	19.28366855811309	16.2724910089435	20.49344866200683	19.184631803486784	19.357964888405963	16.583786102451736	14.739778602827654	12.423981827675359	5.984826011816234	8.364044308571073	4.193014631996034	7.808004518181288	11.247523875319265	11.305399161870627	8.275198328904205	10.878319045595925	6.463231678592047	10.276818360446136	11.465762599033132	13.369467063301455	15.123415368658113	15.202687249182345	12.837630388373688	12.242126122768395	13.685948398222175	10.350744387684108	10.962404422135116	4.8909138005129424	10.562156195756778	8.799946270035713	15.021922294614829	17.539399584531804	18.32408989349529	11.1772079544518	16.527691435997774	9.466886705307974	12.928864165167408	11.23409137865687	8.94347698888824	12.588195017903175	14.294841342843235	15.305513000717944	17.404917195238784	20.337580206409854	19.680844865721056	24.586367121818714	22.456242412605498	21.102503677022785	22.1534966283701	14.54234142255077	18.170044282162287	17.151971934526784	11.755560718833069	18.245136997875868
20.69329581934868	19.058173451945507	14.01556080132167	10.412460784047676	19.689115298026795	14.359477820737162	20.89257380672695	23.266693756386083	18.695510372027723	18.43908097549301	13.730038214962683	13.785289148202386	10.571642398032704	11.88404915613868	12.820617316275568	7.20589173425731	6.588600882783983	10.388264168131336	7.7027610708950105	0.0	6.5786315793266	9.450148330020225	8.053414432144512	7.848111672014308	13.508759142947602	13.195343643169341	11.508246967667375	11.209894312253756	15.428560805488507	16.750904395900513	19.2280881234732	16.54569766263414	16.99492231514833	19.45974852550723	23.261832345877494	21.4180336114326	19.05523950110768	15.602553051200996	11.163382363469966	16.108794572122978	16.741130474139425	14.075796007898116	18.452172177622007	16.13806976775331	21.243179350574646	21.280120707574703	19.674395425045855	16.68226629172705	18.218445550180554	12.063479288470797	13.573623949623578	9.881923211076373	14.189054194192376	14.478956454459176	14.677972293344741	12.254798367236532	11.720631584623945	14.193503358197239	10.185295115352497	13.647176955433158	9.818552949865516	15.324585632523869	18.185102625968828	18.874966040796306	15.34855385748042	18.255119633556333	12.71955212036694	16.275289609406876	17.536975797352984	19.366712882073195	21.68113388018325	22.010823508552775	18.47069806413916	18.612104159595187	18.892931554421395	15.588315053332458	15.536949511056912	6.401152728719669	8.74433468018758	5.9728872824974175	8.499283303525377	12.748492850495646	11.312722085606122	4.917022883052113	9.0265410872859	5.1247420287642855	8.509764019602903	8.915004857071162	10.070710450515438	13.169496223082785	17.464978892059886	18.6403816486793	21.93187942636593	23.79326948087031	22.15797854825735	27.3375940947255	25.549881281382618	23.446725313868495	23.622880183919648	16.23812614575418	19.794808802440738	15.991646387212954	14.426605250538193	19.216706149904724
