0.0	5.549531987097467	7.620134612897389	9.738813508722716	12.233452711435815	9.557980451886857	9.286557129008713	14.06266822850548	14.720085808106948	12.963823526887412	14.783258885963841	18.356421976963738	19.12472313713949	23.15712052153065	24.581097558116117	25.9821756012898	28.47816936429513	32.56874311685637	32.48584276807533	30.27654822790136	31.303649853801936	33.674661405007235	34.31287622133614	31.423964461511932	28.772995437243093	26.295341150800283	27.49993953236568	26.418897653035877	22.99541976545648	21.4529296356276	22.101382906657104	21.03469770997546	17.30251634729498	14.537601493618972	16.9576493027182	20.093214709446706	15.511202666418965	15.99617680254312	18.42892266305534	22.188952753263532	18.178943816236416	22.52632384350108	22.93694388612149	19.922440036625197	22.935250611856485	22.746456296573843	23.464975323073144	27.671708135694566	26.880646537215743	26.416839154876	21.121636921255412	25.326707821987895	27.03885884011233	22.255443944435164	21.314091825468108	26.48150302949755	24.721205336725358	22.131436447933186	27.113096949187266	28.88476555635369	30.97120437797705	28.477978410450024	28.873983192388337	28.2939558165776	22.934720447246544	24.835292087594166	22.051121073533324	25.71005745279133	21.786527002008967	26.075538542377704	21.044543833602066	23.68826587268303	24.989137875964254	28.958852779365557	28.33259013883284	32.956969287329194	33.26080451143134	33.497121150544956	28.580914965599497	30.58812693141817	27.118834208680962	27.16661794331834	27.083665754383993	24.216269464065395	27.18548741992211	25.97251824953733	31.241777996991715	32.23831547743104	33.69029777216428	27.972186693421964	29.080038030531846	23.489015936215047	24.44376075042201	28.605323768599497	24.080389447817126	29.427461399248614	26.409208153934223	30.857100064423328	30.20880909934701	31.253141894365367	32.31429226925463	32.192124706984714	34.07485147608966	31.2734968952648	30.750491506004032	25.28970214698283	25.386325711856554	20.635288730626325	18.557912366499234	19.682577726674126	15.867083206016781	15.837504529346791	18.4644144683975	18.80293211070601	20.51321660793109	16.946167769396045	18.0142783074449	13.577527014330535	16.160014355216884	19.334623498527737	22.28735065301398	25.816563194539953	27.518887212736693	31.511129084272927	2.475096237395922	32.08355525992419
5.549531987097467	0.0	5.790305256518765	7.875990669524062	9.048502719388718	5.077554575919184	4.740222158016966	9.67784306805607	9.55822471054228	7.432086755983283	9.853549572855608	13.376138018679775	13.755178635195445	17.62991751655164	19.211643875284288	20.51544548974807	22.930673008061994	27.060578287916005	27.032537689429393	24.95637329315433	25.866799438365618	28.45458756628079	29.3818038505549	26.529157838451926	23.534822054549622	21.462999319312875	22.94747357725726	21.43535636658012	17.7790512009265	16.91219992029693	17.78049104300496	16.135583354701485	12.129156423693084	10.40375891273213	12.641040445695724	16.49126688000385	12.860555968419469	14.70318516839883	16.53240735137008	19.096903443123534	14.569856683282552	19.54830531791131	19.263611509832128	15.431282330663734	18.26507247500745	17.436570689665846	18.346197376127318	22.24441012602145	21.77175053204461	21.453345829448107	16.301865539635656	20.943973455352534	22.314559235065055	17.566423603247816	17.383287520225362	22.543240191052245	20.82145404512432	19.160825942680532	24.14046042639189	25.40036565637416	27.792510069188747	26.246704730884964	26.210948411587385	26.46746209058481	21.038590775166444	22.616833230883422	20.924297973163625	24.66080050639872	20.756834864573776	24.96591964544801	19.640774072435633	21.214123430570098	21.937450365014783	25.481396412170348	24.1226360842136	29.0068264871163	28.736107284825664	28.768854754825394	23.669060535120625	25.290705272277275	22.10732653668287	21.959942536502286	22.479748519464234	19.529472024008477	23.16447137437152	22.516010439374433	27.413397148483075	29.011954465420466	30.192908420327225	24.62680163500033	26.526270348062354	21.248293874655225	22.087735768138028	25.572978662817814	20.54987065845042	25.61423328398035	22.03361127138339	26.492282117338792	25.240776970460733	26.51340429116764	27.101252274077908	27.31171337882417	29.051070569279965	26.711722909125424	26.564240523659777	20.891091356845884	21.897529691105508	16.958499799074314	16.20333203043971	17.19946679180298	14.758377027094214	15.074908342554885	17.992390594529308	16.735806067662296	18.596619330894008	13.879678516029083	14.199103874718546	11.123335763281018	13.39522320848825	15.23859998824324	19.245697919475038	22.324183527747298	23.20184168019919	27.605004208445017	5.9671647244595745	27.872093483177405
7.620134612897389	5.790305256518765	0.0	5.329364569354507	4.927970298728042	4.343223079020115	6.76675224404833	8.860906818186674	9.193164157282913	10.273122480195012	12.3266568692215	14.12134552050747	13.91696400940327	19.046748593936872	19.02174311299678	21.626827933467812	24.342774767455428	27.55448041074957	28.109561693134594	26.992303992717396	28.195970501204183	31.416972085731732	32.61374088261706	30.229222244963612	26.39066350638061	24.83022449139404	27.131747064217052	25.18751894908858	21.005698515476407	21.068541429549555	22.506710807644872	20.132356180774806	15.869875270191944	15.571378391460103	17.058446978472066	21.577843956431405	18.52552765639093	20.27144552624861	21.599328581046425	23.856292838410468	18.690377291183232	23.180308319714783	21.968104907285174	18.35930608333368	19.566129970742015	19.178556800774377	18.273604168938807	22.734161511415405	20.788197215503835	19.809190841321715	14.471609428911055	18.09748312012654	20.23133857013072	15.806247460831036	13.971733042390738	19.20637671938105	18.180398008084065	15.262760536551154	19.96109191710542	22.204402503296162	24.942365238499743	22.786038327789157	23.92785172704189	24.475299964654205	19.508041646241203	22.37092093868932	20.313196368896836	23.189929693711637	18.683869266227227	21.943533420527583	16.315143427100487	19.024042626572182	18.939574049439816	23.432315146472675	22.179054318134252	26.36760883676229	26.84478471507038	27.896149943256454	22.86368998666365	25.469720908863906	22.686126230510443	23.81147878757008	24.39822972410809	22.59725053930161	26.197421847091512	26.5244710618906	31.36446128222547	33.10668228811293	34.615004329102355	29.141441173681642	31.56427613960238	26.525269356724035	27.6599299301882	30.80283185421251	25.418605740324313	30.09011394703895	25.86155490455844	29.74355797335193	28.116912506184946	28.627534629558173	28.68750307915308	28.194982894702868	29.048617364133317	26.570368602644958	25.342235852327494	19.98522717164486	20.64592576947813	15.139753780716838	14.14472485274831	13.482305404256005	10.694405135003176	9.826831761601786	12.274995438519515	11.415145776365394	13.649127039774855	9.600468995935772	11.719282297260264	8.479498991581314	12.546703418212223	15.47019988555808	18.504155719034696	22.263462628070325	23.33796582965597	26.91990072852051	8.24340659083029	27.447299313853055
9.738813508722716	7.875990669524062	5.329364569354507	0.0	5.307382348710251	7.387543231987633	5.7202381708691385	6.497828540687504	9.891734791780365	10.961156865738614	10.55213228712688	11.904731880286528	13.640734361874225	18.60238357864907	19.373977411961302	22.519097839206655	24.17086588525675	27.00533949155896	26.856489357683888	25.518528321042456	27.799447444095406	30.667525484815194	31.12562760951222	29.52321349501115	25.417554980576252	23.22749546174569	26.262793279725194	25.10464516374807	20.443553013532405	19.961452825602517	22.567784072679416	20.94291903170627	15.905729528337119	16.345903127530963	15.953451587118904	20.864017578489502	18.750165029226146	19.772359736548513	19.95655194144755	22.022605370777924	16.473719438424588	19.99883409987543	18.4685882881695	15.878336754275745	16.530524808576548	17.65976703141072	16.404044203755728	21.65502174934919	19.644076322680338	19.9331859822047	15.074336502066767	18.41030657134984	19.281500527124894	14.318110079024057	13.324317323183648	17.904465666808996	15.470974112947099	12.769847861991046	17.972100376042007	19.357465187375137	21.258536865826226	18.85299506726094	19.3890515690793	19.441691500361635	14.31758115469344	17.185859736739157	14.99398449343957	17.92521087646475	13.539984769268907	17.275436966878566	11.859835411427476	14.287054495240234	15.269676537182175	19.461755487530905	19.2397719001248	23.597960581970575	24.47685836128128	25.11957512999001	20.624184214824368	23.815385370574454	20.15534546051326	21.918291751218565	21.36696078638011	20.42518718398277	23.134701504921193	23.900996570699785	28.93912207839913	30.354350019543634	32.47914808264071	27.044919050345833	29.801559782056945	25.180202758489358	27.201666476788976	29.838609892053523	24.122261872755427	28.393547406195612	23.98466414965926	27.209058886807714	26.293787253559344	25.840661557162665	26.648869058458768	25.297442315723323	26.537828523538867	23.220858188476583	21.8092419299268	16.73353236936208	16.308834104390986	11.357610363939472	9.220369842142002	10.050395903232358	6.97147273618971	8.383718017434985	12.405655654139856	12.047982011875346	11.939848761830786	8.65650655003624	8.952052073170538	3.8711283028624894	7.590010889312484	11.658716236744993	13.693897944992033	17.73074634685341	19.63521661517891	22.82198140926874	11.41570216579331	23.647123213079897
12.233452711435815	9.048502719388718	4.927970298728042	5.307382348710251	0.0	5.297644598152841	7.282200452803707	5.792506327645901	6.67143803575516	9.946241625239018	11.093596528262887	11.167294413253526	10.755411689384884	16.35951788953934	15.643778917893378	19.201529351522865	21.553854076447127	24.01997578588677	24.72886321541765	24.255778491551617	25.875777986860186	29.426414869668292	30.71774742847599	28.92145119618254	24.38463002866635	23.277918705436242	26.36384927450545	24.214969212260776	19.5928291045305	20.496165218859947	22.6651839720335	19.90973499477914	15.370119866495108	16.779857741644033	17.07022761974605	22.174103502861215	20.37002138011655	22.48160411388562	22.93128751410406	24.186161319749697	18.58196865168757	22.725648616617978	20.518902628362486	16.915218824509797	16.707782307713842	16.530196011591244	14.415943013300657	19.15434925706341	16.472034411335624	15.655075292527432	10.55162650635286	13.7254138782411	15.566918821877893	11.210505039713777	9.154276261679346	14.317261154147811	13.370197922666948	10.652996189221016	15.332661821578453	17.419209902288383	20.44247266134536	18.82066748288692	20.07295457924289	21.438270951965197	16.86572879743597	20.022565059028594	18.777982500545626	21.120829720956504	16.600986895253037	19.18075691847235	13.437354591577456	15.529776599398556	14.542218160620308	19.085608484149923	17.473135144010627	21.508287770052245	22.04237869771908	23.427135937529737	18.474506599941346	21.554937795383957	19.063933218077118	21.011870750040455	21.775774614148382	20.912216848191864	24.586929643338173	25.927478494989003	30.381138899625807	32.469290502513466	34.09220717885559	28.920201373799237	32.118204077656124	27.634183633879857	29.04804757044598	31.396394210428355	25.607493563189955	29.6257863726533	24.769615958631647	28.028521414039822	26.004656767901363	25.95124521502664	25.546652643407253	24.648971511201324	24.938690177532877	22.558902436578176	20.946438407622395	15.76175443975253	16.784477165906477	10.999593801169281	11.169335233429365	9.436622070186452	8.45383425209115	7.897882300133029	10.615765824265225	8.159353362089183	9.905811153051996	4.901036345423072	7.176805229145999	5.923683316853711	10.215392549295204	12.467451843117638	15.408611105286383	19.063608755448502	19.695274845553126	22.94187225009694	13.007146269717566	23.42910834357189
9.557980451886857	5.077554575919184	4.343223079020115	7.387543231987633	5.297644598152841	0.0	5.380974438880066	7.284146528814919	5.574704723535454	6.400401123837666	9.619502436794113	11.45017375386032	10.355044426571288	15.168935278385892	15.353926817483702	17.467300445305185	20.33412553818158	23.867796751653906	24.515881161800593	23.371071558922765	24.129853247671896	27.451293948590237	28.985120036132386	26.370003632977134	22.557920724998933	21.426148650640886	23.549483692037306	21.192261197993748	17.145921309233298	17.78031948046131	18.92994000950988	16.09283638705149	12.081689605628336	12.408699627725342	14.174714235508585	18.72410557113506	16.194825461506802	18.820898834995408	20.088729712514912	21.571209399153744	16.52138666013567	21.52952821112984	20.11602644741153	15.752227608347443	17.14046438263069	15.747474265760681	15.423602662326616	19.26293261749036	17.94948275286673	16.938010822578914	11.622385107014265	16.065442707802227	17.978745541362464	13.643976939471358	12.825697152658865	18.131443755335606	17.26588988900489	15.574998634851212	20.16016758813305	21.806269295989708	24.84341411121151	23.710058673706573	24.2510971116432	25.429780455842494	20.39139829208079	22.60020225721416	21.48105840218361	24.600952181505615	20.36990576183413	23.724320831058407	18.078673363232493	19.58399976965338	19.061324063027925	22.929125716980963	20.817530781037874	25.365125496593702	25.051638233760816	25.750152872898862	20.43145122196701	22.31996953135777	19.92995449763581	20.46746449127568	21.805084373288853	19.566342500289252	23.797166020121693	24.222501013634645	28.64245309403062	30.814483053673776	31.886587663331756	26.6112831178983	29.306416642301084	24.468646993523173	25.211223578924535	28.013008881044023	22.617096728921137	27.12025696885425	22.76723811718475	26.839830909439726	24.683741494973503	25.759092219020435	25.373344911921844	25.520160703734295	26.37101799837583	24.515859270307196	23.921092316744065	18.285043731146487	20.026908561172903	14.490533450243989	14.929244906914525	14.411542221199765	13.09744601248352	12.683291786893655	15.057987333785187	12.598173404514847	15.170319092756296	9.865552354780974	10.980359814237326	9.599511999738382	12.78092623548548	14.022964345301713	18.25248942213705	21.35868243400104	21.52940059577531	25.695993913895656	9.639760119797689	25.842804929072358
9.286557129008713	4.740222158016966	6.76675224404833	5.7202381708691385	7.282200452803707	5.380974438880066	0.0	5.431091457444116	7.201052552257545	5.790514043691793	5.967888008127504	9.075473400154543	10.683420339299532	14.7024099064307	16.687017914804343	18.683589818983144	20.292070936482116	23.999510553161432	23.59561533616338	21.59889852993117	23.354207735610117	25.953391633262417	26.540289061461106	24.41089885402135	20.782179113190093	18.540204181751143	20.999124191634902	19.774343875098456	15.40354453548475	14.724834760096194	16.91532928682445	15.401340595789557	10.42571627447256	10.682444359640305	10.629080124566451	15.476994488839816	13.487289294483615	15.288016289105506	15.688241878962929	17.336767476447555	11.98096444063848	16.558509538687346	15.428465287206095	11.76487855090528	13.863644852065208	13.830404216931072	14.307052933150128	18.77384003051965	18.185599243658736	18.734128837203723	13.92588130527076	18.478946002934176	18.9342761957092	13.847761988738249	14.495499878390245	19.246277950338953	16.780597127207397	15.775059796026616	20.908967779922968	21.453903004485667	23.54887972693562	22.397503875499783	21.84662657162727	22.334626971278645	16.927833368218188	18.318865787579256	17.236583778537064	20.91777839252444	17.201505224377662	21.428532588533926	16.24614024284736	16.963920608521835	17.852848132379926	20.974399576335113	19.80061619797374	24.8681890227904	24.60312016250757	24.38286732718599	19.49579901714187	21.464548973735724	17.83973774815391	18.261393443215564	18.325957461747915	16.13671448132424	19.55806465054334	19.76714311871036	24.62519958382156	26.355406135358884	27.92109765222247	22.47131728918898	25.180438667561134	20.471776721136095	22.033050580560495	24.64570720252091	19.005652759821775	23.502572892371305	19.279615522390927	23.160103634565395	22.00377418903297	22.554891576766092	23.32162625603699	22.992995373673004	24.79766520056186	22.124565094564485	21.962121581393905	16.33149136398443	17.241837222242417	12.517445061568585	12.135340329504785	13.737573081687353	12.230164172907703	13.592535042077392	17.190885384446137	15.424644968496073	16.192336817711585	11.356654459134992	10.25905638733842	7.680847241729767	9.066963366579152	10.505766021700344	14.65183695814314	17.6231753285902	18.52870272289339	22.87511427245686	10.411761062646166	23.176398505614884
14.06266822850548	9.67784306805607	8.860906818186674	6.497828540687504	5.792506327645901	7.284146528814919	5.431091457444116	0.0	5.346769976170039	7.449698722207977	6.129709138620266	5.689599270562873	7.541565701694604	12.375987523241072	13.436458527065245	16.75313870234308	17.896169598897067	20.570845263231863	20.37568550396379	19.303828403096013	21.677547030939536	24.782074049654263	25.52658685845163	24.21032406138431	19.576676120045324	18.017276760843583	21.592262558759085	20.033202793952842	15.081612474997877	15.718866298895009	18.795319741121144	16.679952869244477	11.59362449993473	14.114191773376033	12.66938221737412	18.05569008685812	17.566854445330407	19.65971432574234	19.104073277793795	19.49507904384273	13.72883337698737	17.535316529135724	14.90366285465222	11.376369340100727	11.007121495673447	11.48344950496115	9.990400973825599	15.164196067876814	13.535506202148808	14.497244744419097	10.160655696220001	14.097090180568564	13.941664682695862	8.710271871393857	9.766797894951189	14.066663316726764	11.374867992365965	10.983261177076075	15.975304960830151	16.142543958653658	18.482533610016127	17.949983391392596	17.49725483644335	18.97525164678926	14.0785884354606	15.991400424575067	15.87846701690955	18.76087201209167	14.995573424462004	18.327853699872453	13.12460557160087	13.020962426192668	12.9146409379687	16.034404862925168	14.470578897586563	19.45909009821013	19.303527123490138	19.491395501910485	14.631822887222107	17.394730707598377	13.99804628143658	15.785821235499546	16.045261713786406	15.385220841724479	18.862431882130448	20.57370344279852	24.87384462172102	27.02735877507517	28.777845856185575	23.784215088360327	27.432552129327075	23.49498784721437	25.332032603281448	26.972932643137362	20.950343912142934	24.495560291575597	19.43479068761123	22.369296152283667	20.64860847638636	20.305893128724374	20.42838190840119	19.417777550574666	20.46102701888318	17.770260699921426	17.022571780107054	11.422867863214607	12.804877807447733	7.535860147167114	8.853973841400098	9.540604432875147	10.11577349238978	11.80709879274638	15.383344863600852	12.621689458227642	12.579943934439246	7.586008730032178	5.027866066978091	5.408680996173098	6.6249076131001	6.9908960502982955	11.193279431624118	14.17006283619162	14.548832253174714	18.490574043223695	15.171307409941411	18.78695113014974
14.720085808106948	9.55822471054228	9.193164157282913	9.891734791780365	6.67143803575516	5.574704723535454	7.201052552257545	5.346769976170039	0.0	5.193262562787817	7.525850923751383	7.300775160624036	4.835622631510653	10.09269104530367	10.04805716361964	12.792825858995743	15.239575680467205	18.401047385512697	19.142958481931498	18.506327975506807	19.452041171903275	23.13414251566819	24.920467504283515	22.788692322803534	18.2753392339689	17.87042697689878	20.698121209540513	17.956483912482373	13.507124800964363	15.430965879803038	17.24123579018502	13.876293904618244	9.797704350848425	12.61057995084749	12.912641013972532	17.877809872119553	17.12481912955809	20.32116788698019	20.60687964744079	20.62449222632229	15.417227932935354	20.19623908349616	17.779512475776265	13.016999345891792	13.142287050641272	11.050895563774331	10.167276953777693	13.758643459614424	12.506562442285011	11.930606545232717	6.990751598644075	12.013704130213775	13.045758101904356	8.814077944616146	9.565400640725308	14.3669258582854	13.510761314327375	13.477813567593467	17.65468630787766	18.37996263995277	21.647159377716058	21.78595534166562	21.76526324117852	23.90021233020269	19.265185538802896	21.030564258040464	21.2095048006278	24.0452700774156	20.210175494587773	23.12150014161947	17.743204954915814	17.748033988702606	16.424066997471375	19.469915887928018	16.439860266896893	21.17912196658432	20.170850753267004	20.67543940796355	15.20908663602746	16.821775625199134	14.937790799507532	15.715123786905357	17.794951306960403	16.153046108724475	20.82819647364796	22.271887116137265	25.988888363021847	28.71659576774109	29.63648772448613	24.845234396142256	28.405185069568358	24.341838116777446	25.181503313776133	26.918376769018007	21.21601377428487	24.858148878840595	19.86290275900235	23.394105862617003	20.52953492431013	21.46189576408085	20.359428953841284	20.63987120088721	21.085714737271065	19.806071420671234	19.542018094312283	13.897902706293737	16.853783815769557	11.538951663036418	13.969164815242545	13.231538321019636	14.075131729111853	14.31760831373536	16.75623487545738	12.830089038278949	14.790706326297569	8.909848214891461	8.290054310499224	10.013770905443627	11.964450761193154	11.02160066998505	16.005758193811552	18.307851037672968	17.34795074047968	21.70683903310812	14.96678773147998	21.495272355195432
12.963823526887412	7.432086755983283	10.273122480195012	10.961156865738614	9.946241625239018	6.400401123837666	5.790514043691793	7.449698722207977	5.193262562787817	0.0	5.195256288373684	8.01939109489613	7.419847807614568	10.29491835795608	12.677829162940279	13.491465848764737	15.530024594030943	19.87031256657635	19.803042997712232	17.836247597058282	18.507458243110644	21.389716597541483	22.78229918758386	20.0256479754789	16.49179701628253	15.24124303535701	17.16053584183245	14.916236070276314	10.875315355839595	11.54591262980126	12.81906531976833	10.157249573134775	5.698901278415718	7.454392245449979	8.478065885307275	13.081887639873537	11.95270035037093	15.379766930277329	16.011678428963013	16.278575624377197	11.573200031886536	16.99884860837821	15.629991992943143	10.537950626849213	12.940474155473245	10.555430169918491	12.293167350753995	15.247904151821448	15.787978289482718	15.998142614271584	11.65009951029977	16.908058194579482	17.31575637891776	12.92912567219934	14.62132010366198	19.19811739627844	17.52835591303963	17.833539867358294	22.37906361145199	22.551423385422037	25.216686071035483	25.298372047909496	24.434851260549117	25.861377646805938	20.739815458856985	21.49933516823968	21.58279233971572	25.1907692667907	21.755686376003894	25.606133066802226	20.439400264327116	20.13689190193432	20.018173049516463	22.42867199609862	19.889920369633703	25.099775528295766	23.730592510050894	23.201447322628145	17.9321794248706	18.553319802438676	15.950583022949571	15.154624422347656	16.896554071405138	13.760049175554954	18.49822572019348	18.79624711387832	22.755619475496445	25.278306991770915	25.935096016438173	20.897794931127557	23.928140566147416	19.555957687474976	20.141585554542154	22.272436615856787	16.791766905600284	21.023669549999266	16.655238599638814	20.994992139581083	18.687846235226488	20.474020443511858	20.230069320666345	21.18580980472044	22.780128684066096	21.376928643883744	22.102264816423734	16.331535741197715	18.966173408045474	14.379123988122277	15.98063304501358	16.861915129157396	16.77325574865371	17.606992087821492	20.53847563657234	17.379927766093545	19.077338534379788	13.377853914997267	11.997841761143164	12.089956051093974	12.964897775551133	11.764246520223958	17.272610906061004	19.15323856954659	18.443530844169956	23.481480601212706	13.109954775963255	23.16540250245612
14.783258885963841	9.853549572855608	12.3266568692215	10.55213228712688	11.093596528262887	9.619502436794113	5.967888008127504	6.129709138620266	7.525850923751383	5.195256288373684	0.0	4.795517301981628	7.966179720055242	10.105739105524663	13.796203694553943	15.263448012189034	15.630162781505906	19.482876571799697	18.35400336942616	15.856866803013244	18.111341783663686	20.390880472274944	20.707078714317408	19.009470981804302	15.132832602849977	12.753552610136007	15.839598925338587	14.909951504769854	10.148965936017202	9.71470194385912	13.036965657617957	11.899474150736376	6.5204853434222985	9.306191623894069	6.602847107653617	12.022283140854997	12.453031985308112	14.836117520714675	13.895049255719801	13.614310527823733	8.061277116977125	12.688220890156154	10.735613036507358	6.1505053215245065	8.582194330819704	8.286272329079466	10.214117104436006	14.152929144496607	14.937745893664772	16.77431269798913	13.153885956934538	17.908331715458676	16.895709689059395	11.989598685557983	14.83847334494227	18.636604177225315	15.552516307353953	16.602892704031323	21.364134327688927	20.498610883016067	22.293127272511573	22.557892281898617	20.73946708576805	21.847940487680106	16.7385597247338	16.732698385845477	17.363952587750596	21.10771543251064	18.285171128489665	22.449883982581316	17.90183412297018	16.56921774498925	17.41857967728318	18.98856305526271	17.307169137919843	22.838038361701404	21.63737202571654	20.359507853426656	15.666275499817417	16.738723089554874	12.7755016635073	12.473737196538208	12.667340884763178	10.278355971189642	14.17994003460182	15.07650205426768	19.38145660788747	21.627510588615397	23.01231597585857	17.93294484567481	21.527093486499098	17.71252399403223	19.451753278199597	20.85679012946353	14.840746513670538	18.557355462928093	13.778220991861689	17.430397135849102	16.065554575758533	16.71819366374362	17.586930707771522	17.62581202581594	19.97725271732078	17.6446281303621	18.62742883867688	13.011850820541813	14.96001800023191	11.385320628256613	12.816045804383082	15.167729708266735	15.526035635385817	17.606871848387872	21.294093270989066	18.526077801899746	18.67730518101462	13.619312692678529	10.443012853569064	10.52850237054545	9.432741608776082	7.323477485369691	12.88499345366645	14.388183691938808	14.181673263975163	19.28403212177125	15.711850849057337	19.118424749539635
18.356421976963738	13.376138018679775	14.12134552050747	11.904731880286528	11.167294413253526	11.45017375386032	9.075473400154543	5.689599270562873	7.300775160624036	8.01939109489613	4.795517301981628	0.0	5.499555488607098	7.974482897073028	10.87612457222013	13.612702207869937	13.36718834119763	16.117338216783327	15.160124641866343	13.719977677405602	16.65101425171206	19.51571645149714	20.08147733999134	19.269732905411836	14.311515242303082	12.940374605767541	17.129027865680584	15.760666217739145	10.619977739094619	11.925000310946036	15.735193421085254	13.913707372973391	9.136069363260658	13.415372268856341	10.346927188285848	15.569345661099227	16.94950337925001	19.44761130318767	17.988995962488254	16.753852345527616	11.361801086230429	14.784869616656875	11.3374731169239	7.308728764384243	5.895348760055555	6.01695212892833	5.631091724015312	10.479310568841449	10.51157611995052	13.093805721536912	10.395155666201308	14.462419051691235	12.552919413738111	7.7686881120516516	11.685201982807746	14.604196085665615	11.368391416623155	13.56307092176503	17.788928687102658	16.32943233084238	18.30634920131143	19.43292995261743	17.55553031404013	19.667622712032422	15.23282756404562	15.527395429667918	17.13585222514163	20.0785180832741	17.369764846102534	20.627698336185457	16.320948825777325	14.069686117375465	13.924807463761672	15.022217406669247	12.687205591826794	18.236412314628446	16.845933503890386	15.742878289516577	10.934382148189618	12.634267619251775	8.797980789788124	10.110892492423613	10.787750087836278	10.38672396846229	14.30195595236862	16.82795863944683	20.332477024535095	23.000112713590187	24.48790838498471	20.04030365342362	24.394783641004466	21.363828724709023	23.211927357659416	23.75758244721091	17.667561102745488	20.269978910155732	14.784674909922064	17.255120257902757	15.133094043883965	14.812855224922753	14.796449229393003	14.178770848008888	15.746910194398213	13.532559329917339	14.222196955431164	8.513326593360052	11.532027018912096	8.069498200885835	11.378679732014524	12.92137489451073	14.936358910987593	17.06537078949765	20.50943901595685	17.059341664652234	16.670573319673707	11.898230164154135	7.728857948158736	10.370101088923148	8.97485850624614	4.868136699976419	10.716441583959325	11.775781934230181	10.528226326299798	15.487965083695714	19.305379014447407	15.164923990844997
19.12472313713949	13.755178635195445	13.91696400940327	13.640734361874225	10.755411689384884	10.355044426571288	10.683420339299532	7.541565701694604	4.835622631510653	7.419847807614568	7.966179720055242	5.499555488607098	0.0	5.75335117410229	6.157303498151522	9.327117227939404	10.82239968737606	13.700745545316115	14.339708442782308	14.116026962567085	15.293078413922824	19.20808419597058	21.174868172368626	19.572728401658782	14.482309148185315	14.869830630579408	18.267584114039156	15.323826005655475	10.72603318027798	13.866885178793002	16.187819154351814	12.717926307169602	9.185693422855723	13.7588818995079	12.740677937472542	17.539681947618796	18.36291117624566	21.818217685803145	21.32230864807069	20.048085728357808	15.156613736087285	19.428952815152172	16.2918249440969	11.461599868457254	10.326958919162438	7.195375475260657	6.050638138451024	8.925126134641502	8.420899624193668	8.99796120736892	5.895279359206313	10.77830137984083	10.174293967586246	6.548332805823953	9.771216067493345	13.16913137117479	12.139914804304949	14.077252335273968	17.555446470417188	17.0694756676782	20.264358504317173	21.70539090408781	20.909868790258756	23.749299318864022	19.617714335652504	20.648468687478744	22.01026065047739	24.623950293242324	21.394279726737263	23.981280321091983	19.168825314196575	17.716550159711886	15.963229913442046	17.72889170555017	13.857669464721356	18.777933959227276	16.825897260532237	16.76076754826154	11.226370901088297	12.093118347022974	10.808254918416283	11.550231193351719	14.529231609789278	13.466611391731819	18.429836351962443	20.72767691266593	23.60486276266249	26.801066249122314	27.505048008853134	23.31440497202373	27.52368367521983	24.286257441904706	25.15736500564095	25.887529399442347	20.15724836943196	22.837857742833048	17.443949423275175	20.346134395151417	16.81095989372059	17.69872432840762	15.856209966269367	16.468309023942535	16.65466773542516	16.13370290479058	16.57319970108656	11.153097906373487	15.379352449952124	11.065338082979725	15.015603757009965	14.539138448531414	16.811267769637805	17.61602847608467	20.066611671245298	15.585747335816508	16.79098048784986	11.323561849709826	9.032598721654313	12.691981165547773	13.175225948417602	10.05104887119435	15.428903215073523	16.582693002046152	14.334362066738606	18.950219390941548	19.44371010883141	18.278284144644033
23.15712052153065	17.62991751655164	19.046748593936872	18.60238357864907	16.35951788953934	15.168935278385892	14.7024099064307	12.375987523241072	10.09269104530367	10.29491835795608	10.105739105524663	7.974482897073028	5.75335117410229	0.0	6.122921514630898	6.29527781497141	5.651423246541368	9.778093804081019	9.661327699412618	8.883653696080575	9.565523034658183	13.509016711794123	15.868734811153523	14.326965602418417	9.035282096717358	10.683340622047037	13.959697845671448	10.686524717607782	6.622327774367085	11.252729121916303	13.401573994283716	10.154667827423163	8.439256107865571	13.929200944212374	12.154801834741994	15.82677894056462	18.253028054623993	22.025982648823785	21.04318367411594	18.378688394178276	14.694812708288568	18.535967193092127	15.422693498188895	10.599676359449944	9.6879306007124	4.192683918901939	6.635359364739159	5.58538014081	8.92232488766423	10.821834869653435	10.271852878619207	14.336448708223065	12.401211071393888	10.346971432973955	14.733037665724881	16.86643121566327	15.616661001669545	18.854028467924355	21.81531253703016	20.236195594439526	22.94262206789407	25.42182789633215	23.609108705583147	26.61084630891633	22.765438232961777	22.574912640774958	24.874563868107817	27.65462197535896	25.156309919387127	27.90101647085988	23.653612916238504	21.095474948945736	19.664833683644275	19.902565115027365	15.725686752542256	20.631771094665787	17.465785360540554	15.991010604008599	11.099251889915047	9.277567134114955	8.937963965339279	7.31149887381725	12.0320100287386	10.444618285232387	15.901633725407766	18.411842001368665	20.045942901877144	23.802933511536864	23.81850820450313	20.447977610972078	25.00288163341602	22.709211182056652	23.204228361902075	22.871600054206414	17.58714366577092	19.196404731661413	13.868774589717447	16.486666143629375	11.987585503928274	14.007639163988992	11.343965458547132	13.613166397964324	14.30427158034	15.121507019856777	17.22201494835019	12.593710055482108	17.502378218285067	14.772240333550812	19.070302654349554	19.4313475350673	22.009220061234753	23.222770625088394	25.788688630348958	21.22471347904723	22.166784108663528	16.946641978289794	13.950923121787662	17.637078701755833	16.935733764218572	12.336909005531504	17.883852051718737	17.57639591484939	14.079216014845553	19.20199873137818	23.362373057279203	17.88309570735204
24.581097558116117	19.211643875284288	19.02174311299678	19.373977411961302	15.643778917893378	15.353926817483702	16.687017914804343	13.436458527065245	10.04805716361964	12.677829162940279	13.796203694553943	10.87612457222013	6.157303498151522	6.122921514630898	0.0	5.505413416690358	7.644186626639378	9.169635590277988	11.635841092166551	13.358452815088514	13.10581365974975	17.87567952160858	21.009530660273516	19.570572208398	14.34108527489846	16.733951579443676	19.80905510230315	15.892913378638928	12.50214325969504	17.161903604768682	18.70440334845609	14.51891937255386	13.062869251275883	17.968063734794168	17.3582801940119	21.360401175105554	22.815515409805805	26.761946521142008	26.30258004294761	24.20983326284985	20.05369262493309	24.055104563714323	20.63023833642258	15.951022012975333	13.91901194185719	9.626972627622623	7.956342774505801	6.6708509975121215	6.391993328711671	5.328985856427149	6.216792998680917	9.213175619949386	8.499037539091248	8.50642626653732	11.567748992714224	13.267002854606881	14.094836314639519	16.952906005108357	18.85348635910589	18.202915029668542	21.928565301444596	24.50624945998975	23.942020215550617	27.666283096012847	24.302444920153164	25.27086945837702	27.26568302431459	29.382722670400224	26.352536397276157	28.125507778223582	23.637341638061777	21.772899852243675	18.839610304481177	19.89111832110999	14.7502761415989	18.61175077351759	15.54805406129918	15.928172436448081	10.749931419623787	9.943051566811336	11.829873923138644	12.313415909199858	16.944248775971232	16.390085958252445	21.57634260485128	24.393800518838475	26.075474486057484	29.83792088160681	29.89623023915908	26.556140753690627	31.039895570840407	28.42848874048241	28.721710066716533	28.760692084218142	23.53623722884734	25.291665837192753	19.97909740105128	22.251553278717736	17.48145674754443	18.85570180640496	15.093523642702612	16.71091567354276	15.35579078257045	16.918143147539535	17.635067697191943	13.482568263388506	18.735428019695178	15.232726780209488	20.022912970051976	18.560012898565645	21.707674591834632	21.945711562693653	23.527349111160206	18.302912119015513	20.01412117845939	15.117951165109533	13.529625022515003	18.198351813892923	18.768140778822136	15.055447702550522	19.929290296420355	20.274000847088654	16.702964463356125	20.775405168733027	24.55802046308734	19.561598425472397
25.9821756012898	20.51544548974807	21.626827933467812	22.519097839206655	19.201529351522865	17.467300445305185	18.683589818983144	16.75313870234308	12.792825858995743	13.491465848764737	15.263448012189034	13.612702207869937	9.327117227939404	6.29527781497141	5.505413416690358	0.0	5.210400060568312	9.036727019899285	11.32455037914918	12.188689898225052	9.680355738966481	14.475488969177864	18.454362281075237	16.047110941380446	11.815783374327165	15.155248413315492	16.893621631677753	12.202396714018343	10.41827063983798	15.611995110225402	15.821917407389678	11.338557453535357	12.022993290447328	16.633792123626506	16.751393002703058	19.562734557816256	21.374782225462074	25.7680204631549	25.63036817306046	23.068181507147965	20.008863393677714	24.293435445122185	21.548931187121845	16.54466568276267	15.93692401068076	10.426212344919838	11.630250430305662	8.481524826973374	11.128182757475127	10.45948315203546	11.012560446065603	14.376549628936639	13.850904210367132	13.642844476984576	16.789601300738344	18.77063513143015	19.303753038446324	22.16675988557435	24.338942179607724	23.529320626370644	26.98525620736875	29.64787559516117	28.59571923438654	32.028573576586275	28.331126432143915	28.62089965968878	30.71218415922662	33.335594938473236	30.474636520119258	32.81472802408817	28.25686571137954	26.254928191111766	23.904203591585368	24.56291146064771	19.590123866010497	23.610869913151355	20.047195920227395	19.4722715505294	14.769934335937483	12.068144682400376	14.199623963822445	12.408168869543175	17.87566000413339	15.963794276604563	21.569274955916285	23.649130101412073	24.62589197384241	28.665518310124636	27.872118698454678	24.976615521489215	29.12948264475099	26.79542925267135	26.27448487212339	26.06161214210818	21.58980011463655	23.104976788934596	18.473144607950186	21.24805391363694	15.965352661981274	18.978650736979823	14.975479596874463	18.252072753917613	17.673224088799802	19.94166807299204	21.752045719597444	17.631040734811407	22.899170975063377	19.6840756835239	24.158884997878104	23.396692997898604	25.99142711594448	26.279254290483017	27.97699901321636	22.881854681495245	25.008507433529356	19.709355772492337	18.061791601459966	21.97776181346381	22.269836642582874	18.212645452920043	23.657283159882653	23.549141424042308	19.732264882914162	24.386068227033846	25.62957016320577	22.88486777771898
28.47816936429513	22.930673008061994	24.342774767455428	24.17086588525675	21.553854076447127	20.33412553818158	20.292070936482116	17.896169598897067	15.239575680467205	15.530024594030943	15.630162781505906	13.36718834119763	10.82239968737606	5.651423246541368	7.644186626639378	5.210400060568312	0.0	5.652506127351567	6.3883221330319575	7.3211728812624255	5.527168896364838	10.424891318592145	14.12154389508369	12.904750536235408	7.970241889497453	12.049005357582669	14.534594669682928	10.669235945498054	9.0062505732476	14.302089194246266	15.52954775647475	12.319934536520325	12.811803253766486	18.035469121195664	16.514036132542014	19.018899234021223	22.169241874366882	26.172026901638393	25.108834867971563	21.621557455287505	19.022127381732645	22.30445838455693	19.2071846783177	14.990183479929954	13.646304115636946	8.456952886045512	10.40971645670456	5.545358751051056	10.443859801870522	12.075622245183494	13.638744643470647	16.508606128774325	14.212438533724262	14.137558233536726	18.508074645945417	19.550577787261677	19.10414717777789	23.00095320799383	25.05769976735175	23.092794370390973	25.83473487949319	29.195556923353802	27.232168419813085	30.730291596388447	27.43608565050516	26.91552757730449	29.781588718160588	32.290785094961166	30.106130946340453	32.433311346284725	28.509801858931603	25.49482574334398	23.55023631531739	22.98559921336319	18.237284272020126	22.34128480174026	18.241218779694194	16.43148348930414	12.609886363951093	8.491100083858177	10.990142159270293	8.45143463035464	14.312325192013656	13.19069780752278	18.291847927693905	21.07133123834496	21.204859675908494	25.43090373843529	24.667389271444733	22.465111433969387	27.136364356438477	25.737426083599313	25.682774498863505	24.440234384090264	20.02324133708295	20.37125451904972	15.604066256343604	17.310753160168705	11.705098943336012	14.535243375887418	10.004770263643893	13.905194213159518	13.702184526408404	16.526634548408353	19.303179151078346	15.941295230246903	21.30525058616843	19.37839063046237	24.125109847068426	24.140053837089287	27.226078461128292	28.256029029658208	30.450893220195983	25.500450036748248	26.609122109912608	21.658800042134605	18.851104000456107	23.069382252643575	22.26414164881687	17.283880860525333	22.385757303171577	21.285711719741183	16.8547316125768	21.478016573857587	28.47999123523484	19.654322547029103
