0.0	6.1894379026542765	6.32659275506557	10.21693756094593	9.530032632262385	7.690352224232929	15.698675698627875	15.53412599305984	9.893657379651918	15.12173776158091	16.563804126631453	17.106224290909232	15.195436316518384	15.293741417439039	19.08890997833934	24.86190404017459	23.95786612418496	20.072842078204218	21.925418811657	16.308482029562626	21.348452456780112	25.608236735993508	25.633863822182445	24.415094330741443	27.742049042539946	26.66590541028952	23.827286134529995	27.584005577309803	24.396793542983396	23.335342638928367	22.140570005875922	17.83551243661352	19.45104515562778	18.826654078719102	16.521460326345792	11.861653192761427	18.54722700239893	21.54504302409412	25.407036400531744	22.198349312105446	25.52115398544531	27.22377298829497	24.717813313171604	27.68551838535225	30.62017703560445	27.338987228741342	33.69379044635736	25.84593688189308	30.163630879241122	34.543514216478165	29.537877267294682	24.76312147182667	32.81873827104083	32.077265305294944	24.653820166951956	26.332223073819954	20.01621536523471	19.471721805982767	18.420923575930395	18.79857306991059	8.595679095105087	13.23126845888605	18.19430867017576	13.39417544064011	10.665417477149058	19.60734589387822	18.84583221667178	13.806980610170669	17.82867876811104	22.556338271476886	20.393761792273768	24.54460809483421	27.812653591768004	20.52361759041687	22.675704205975137	27.99878538366573	30.20445920086115	24.967385920266473	30.630285610877756	19.40862447479328	28.113870423285345	18.651245196420955	22.272600818625882	18.257271885188892	13.42863338449926	19.208954480557107	17.410985634821902	12.55339917840934	8.985495728726775	12.817164158898096	13.573910128290196	7.039033847948036	5.30413411919183	10.463607612606864	9.599054385799404	3.4463359298194063	11.46398776521152	11.359917182066878	9.810071167850886	12.057398464443684	12.952169777432509	14.287009427522852	14.288813718263174	20.475316640318454
6.1894379026542765	0.0	6.12687223670527	5.207347153244726	5.234898623684591	6.573919135934855	12.402353329052678	10.398166337018381	8.720768166404401	14.983622120071605	13.855978906850536	13.722801501510759	14.439046015054581	15.61714863896321	17.66015663494953	23.790170838601934	23.97871085462032	21.29159277263555	22.117544543261797	17.030205023601933	20.96996263528867	27.197979238509106	26.52740334364395	24.730863299878003	26.82756479836211	28.16374831398094	22.835606430396258	28.125517161777385	25.544224801035856	25.379185261069505	23.393518753766966	19.601387780632464	21.33293099063833	21.90203850270374	20.017316888535515	16.28491581554409	23.38926159302939	24.78737538344124	30.610533719126288	26.468008386254642	28.97500975459306	31.127754178049344	27.197980816045426	30.20557049160117	32.63095355391097	29.135495161081856	35.982226604058155	28.653590158108546	32.62722139966966	37.8710242048658	32.90649892901029	27.983161136761915	35.98566319488858	36.11061751192164	29.084267674353498	31.07669946508808	24.864557246950007	24.704579075509756	22.506787198544433	24.607759056757434	14.508434994587937	18.92445035338347	23.458374410327323	17.642901152945544	15.045931740645653	24.318583035079747	22.04160376093712	16.7294868078277	20.979653089761193	25.16726500028491	22.57057843458565	26.110989573515013	31.219463922496427	24.99321461237709	26.33945405354729	31.59562588424563	33.015019168571015	27.555535567781504	32.488133652034165	21.28708594986072	29.569259779485783	19.38403839046396	22.941996509351313	19.758939516824903	14.640412473361012	18.630477648174033	17.05707130004608	16.923532741845868	10.659635403648124	12.144041621062128	16.80225786244415	11.45728645498007	5.464989874875346	11.850935976994187	14.09281074411564	7.767413430472608	10.958534451102667	13.581214802280412	15.177968386223354	11.117601998141977	13.583628207818197	16.520214193846307	17.270185819529434	21.915683557495996
6.32659275506557	6.12687223670527	0.0	6.444925413556571	11.226083790559773	6.113650188551429	10.116022137425157	13.570896180256012	10.524929718906904	11.963106172496856	12.959307036416277	15.208331507413348	15.963027387077096	13.974573895660397	15.617958684297534	22.718450872738607	22.011874246585965	18.1260029227561	17.593039561424813	12.259908002638314	16.32016736900374	21.25791762115615	21.130507407689734	19.845783690726442	23.407949424265528	23.57795991419778	20.111893739589487	25.69286821523017	22.304844990131134	21.497144715268288	18.441070395187264	15.446898719843439	15.472734723637322	16.341687333819173	15.606158265536305	11.74622628152186	18.57642842605393	19.67134900023651	26.6422775007989	22.961049884666057	24.85074635645525	26.393095562981454	22.470806736937114	24.874273182828137	27.80850380307271	25.34119697657543	32.05507498680856	24.573757458642255	29.80860789799754	34.47426480134958	30.254575058239116	24.650879188682126	31.857695989723158	32.620359309713066	26.967354608072167	27.52738908583939	21.751695112374318	20.528150398189787	19.0390486881123	21.388130855779757	11.65473072369942	17.83374108129038	20.81853435554003	14.537560027481497	15.376541960031455	23.231475000258087	19.780656300816382	15.172784794223805	21.699520234490898	25.11406542440813	21.581851419629835	25.28785618378696	31.062227004239958	23.021848909823113	23.635561927072793	29.971025939635734	31.030105893861286	25.659067254648	29.262738184315577	19.475432773066746	28.291116949474336	18.899636128594345	23.505700419278696	19.900660564362333	14.544881994044136	21.547899226651907	20.53407834863398	18.411788903547883	14.177819871536343	14.931492709245418	17.580641912211846	12.83517501331208	8.236243116793295	10.312032395966654	12.296869430737118	4.985268459940834	6.9072931308638905	9.795205738755373	11.073775701900386	5.857587886334317	8.204758462313956	11.464430024168713	11.290747254925895	15.868247772014865
10.21693756094593	5.207347153244726	6.444925413556571	0.0	9.038917646334967	8.725372770217279	9.347382967366997	10.261227280724642	11.94082774265622	15.231305196122417	13.18195919533086	14.271063056643495	17.34950775248204	17.180283901330924	17.260867925828588	24.298391336937062	24.764098203374154	22.20892314319333	20.990752381963365	16.491089590165537	19.152401472832405	25.595840131806195	25.003181715962942	23.25424761584401	25.424234734500146	27.950021042278	22.101557811014946	28.893338488727576	26.229674100348518	26.233971442910068	22.79389037569699	20.237591126760762	20.402842886280695	22.107044722528993	21.491075684646216	18.118006685701456	24.990124603584572	25.42334124404852	32.99917400188394	28.86410816996754	30.474753913246584	32.35104606421997	27.626134303812727	30.03360420766398	32.51300871449213	29.799930444468522	36.794832658309964	29.80113668843932	34.44785802246015	39.76694276366742	35.39389746309823	29.95024896284762	37.22946564942502	38.3463158838867	32.459453391548706	33.6216350455112	27.766338395541528	26.942671338668823	24.882472308123816	27.63409899304306	17.619635960272745	23.11796419527391	26.7862373842317	20.368478814469565	19.646005080737474	28.38643710648913	24.787287751979427	19.842973191560667	25.418234119954473	28.926120414120174	25.558120211309156	28.787001455391607	35.29074009765832	28.474020319949137	28.99434679119061	34.88783872906364	35.6314327930294	30.14347613802894	33.58948134040491	23.593478029545107	31.826905392741384	21.861378408232543	25.962574538221745	23.09105862394129	17.792774008992815	22.317354467821648	21.22075647849447	21.954448744445724	15.83179166447896	15.978579618848004	21.302751509599574	16.379992080646986	10.189861274700082	14.364525012360225	17.65749765156532	10.644230779893809	10.521399312890608	15.08627261874195	17.23769954271241	8.556116764909317	12.778411692665639	16.940971723649717	17.028409838112317	20.186155784787424
9.530032632262385	5.234898623684591	11.226083790559773	9.038917646334967	0.0	9.411333216131595	15.668827259060926	9.358885666046497	8.828776411974783	17.7562864049849	15.49830920560262	13.302060147555352	13.523280459806813	17.250087442011555	19.626426666152938	24.483248348303565	25.32068514794478	23.670186440004	25.677717561206936	20.87883381473528	24.784075892317922	31.911856709575407	30.72008635004201	28.54294545869751	29.479339453533495	31.496115002531567	25.013344649582027	29.665808867712833	27.814821956048117	28.155550580832983	27.162740419150698	22.810517073703505	25.933030649830155	26.200378079460332	23.45003700439691	20.135361719578913	27.273769273572398	28.634483183805656	33.63880933275291	29.031713407131605	31.891214203794547	34.570937174864966	30.636160754009055	34.14922149584936	36.078321105132694	31.743388683483115	38.56155033388507	31.510023013901883	34.317594448526556	39.98173219686249	34.49476280097277	30.255216111322202	38.75525917047498	38.39449391642534	30.483347877643244	33.62534542507728	27.27359174166813	28.089769345480736	25.165663143092758	27.426803314575007	17.766847971456464	20.455909803475492	25.663649084417184	20.330833924345747	15.567388814772706	25.187293130029612	23.704575497325862	18.225668669986234	20.372890688412934	24.856434478838413	23.128614334989553	26.333271669993543	30.853442238022083	26.444229750885277	28.196079077324228	32.40533384516386	34.011881456451874	28.638859775746145	34.52873456363791	22.577529836103224	30.041539882383304	19.712786830014778	22.129095113750108	19.541539219590312	15.14061676051937	15.935341784029465	13.954797821086322	16.51655750294073	8.92634433044756	10.32441166515855	16.52854577529939	11.930015124232954	6.453455622324686	13.902985146318823	16.250928201458446	11.791218384302839	14.84797288626683	16.91891978632768	19.264868607506195	16.08255549474851	18.01273736241154	20.526146403538366	22.17927071361108	26.851952886950677
7.690352224232929	6.573919135934855	6.113650188551429	8.725372770217279	9.411333216131595	0.0	9.798033831933685	9.907997836857428	4.679485502597014	8.67922908928834	8.925991554373615	9.94402884389286	9.890095806243759	9.103314950684956	11.758866167285651	17.757389074770213	17.517108803255915	14.771465155588201	16.54909053812289	11.59804603019177	16.03608929630501	23.236073340585463	21.632711054564453	19.463180430065616	21.117568212551593	22.12646321476938	16.848340424061032	21.582483919805146	19.009601014634185	19.060940278330317	17.791354368879325	13.481611071559986	17.140981366809676	17.367967833701613	14.723411584004767	12.47446184056352	19.70520657076487	19.604300289461932	26.437464047737826	21.238967614184695	23.180400630727835	25.85593888768226	21.332060396234162	24.82977469966439	26.692214658419545	22.71915715885344	29.61983637421578	22.549781198341645	26.28029620009262	31.802716314979403	27.00737460473539	21.970978817659475	29.941253675893872	30.498033498774575	24.261131238027257	26.203935597802094	20.308893466994167	20.973328656414335	17.258326557823853	21.71445505762887	12.90740520352465	16.97244685510153	19.603245478986228	12.84484452258543	12.75774401061879	20.57504742632682	16.30834886190645	11.272928429010609	17.50211574878854	20.361913618926703	16.841316977838336	20.211161326080074	26.854972553242487	20.36732909145076	20.709447078821537	26.27486262702349	27.03200170079428	21.53385980163895	25.974914136055624	15.048664111972231	23.40073082177622	13.44290145772953	17.764135376144072	14.555022544258525	9.178170000943746	15.796210226457069	15.258199324272747	16.52379924122399	11.481862779466175	9.370819294654417	13.638893703960001	11.28355496694944	5.247503460654835	5.727901575933681	10.224098923503277	6.5990184441858375	5.98130538556054	7.859888866311204	13.942378799342132	10.001654427752268	9.316474024696198	11.382540302186666	14.71908120992368	18.783799012198664
15.698675698627875	12.402353329052678	10.116022137425157	9.347382967366997	15.668827259060926	9.798033831933685	0.0	10.815451494287792	13.030129250093532	9.71852832473377	7.013939592199867	11.31579432074641	16.437761199565365	13.25179912406348	10.052984650225921	17.79920697728186	18.398091487774014	16.60578141307869	13.34366941212705	10.714705936656665	11.199964995552207	20.157454730964776	17.9818520929408	15.518715060317982	16.55427058686108	21.047711395647212	13.920064019329892	22.2273768571769	19.843586512549976	20.591889509978408	16.199984457976488	15.152606051506346	15.7946577515119	18.555562511198882	18.615627238274474	17.70385710091194	23.923360783897483	21.305135851248334	31.673271431973	26.430809880330397	26.234791695858057	28.460497516902397	22.05319495702094	24.302372396126067	25.82999383822899	23.473434479883775	30.50825619035687	24.69795205453803	29.40818405969042	35.09834779147445	31.70181211059505	25.923397673371422	32.00863098932132	34.76087994578917	31.115595205000925	31.524209317715705	26.674440609829446	26.293454544515548	22.71035503287238	28.507920782571563	20.311852383465222	25.8012338359793	26.871123824268164	19.512398178402112	22.303182712791397	28.940655788087756	22.32609645451211	18.650239598058466	26.415850287757298	27.801464575155794	23.04417393722747	25.326734730831394	34.64549696105431	27.67321994465992	26.242030748019484	32.64622333844055	31.828115086607177	26.581447110914176	27.455596662582494	20.028014122835955	27.370424064075657	18.772947192070347	23.65863348001595	21.56685566147443	16.730108270703315	22.929608583098737	23.221456679146243	26.26804333853135	20.91331244203989	17.46762912302644	22.93830880669249	20.90209911842887	14.54399124435969	13.182593399616515	18.667161341666976	14.073271464177864	6.848024622295334	12.83683138871991	19.6508556316472	7.745150697581246	8.938940545385199	13.390100908039216	15.991280022289857	16.083662895568448
15.53412599305984	10.398166337018381	13.570896180256012	10.261227280724642	9.358885666046497	9.907997836857428	10.815451494287792	0.0	9.190767118761629	14.397845471308845	9.105189974720265	6.170744815847283	11.7261016710792	14.500964319822344	13.843664101780082	18.37471310323858	20.48514458294659	20.641729468658585	21.570297264279823	18.381412859890997	20.519545477168908	30.025406003603518	27.421447808365656	24.45972782362183	23.235968572282474	28.110993216692528	18.936184106679423	25.036189503308684	24.125552536132915	25.67345929437608	24.18519139878882	20.78032222691497	24.735940301648547	26.028152622392813	23.669698635658037	22.27493215628574	29.41871985001213	28.078723396115677	35.879901041460094	29.881167756233474	31.1308363324021	34.40922183051158	28.649802447802326	32.218755382873205	33.0603117922832	28.56332428088585	35.613359279417516	29.800657793561278	32.107855877313895	38.67130543456909	33.81428894576908	29.36239053556388	37.11570841848593	38.32212486276593	32.16797212720935	35.03087075625977	29.35056261224173	30.70944589341155	26.055688923458458	31.41721071783726	22.54616073248286	25.749011812918763	28.787572920892302	22.10888698392298	20.386012382204175	28.477176601538797	23.77754907371767	19.026466122322045	23.25094909749719	25.493364219370402	22.38669407182046	24.369440572365296	32.44587686622581	28.51491607269843	28.387701228842836	32.86836762223044	32.79114112612328	27.45715825489033	31.271591874573556	20.969673621000965	27.281808920231907	17.443247030801988	20.264779914032182	19.06666758790787	14.94858792589056	15.807567202008407	15.753074030615386	23.118894667758767	15.924051335434434	11.426445843033413	20.017255022332453	18.460134506301802	11.532281965075574	13.898591860643169	19.400924423721126	15.873420069178644	13.036101538684418	16.847064862668223	23.563650257835196	15.712628323004008	16.793315741968502	19.908067489186994	23.47732299692765	25.826006120261464
9.893657379651918	8.720768166404401	10.524929718906904	11.94082774265622	8.828776411974783	4.679485502597014	13.030129250093532	9.190767118761629	0.0	10.421552150342684	9.732653358192366	8.175112377624124	5.792568180798418	8.666399612455415	12.460459138368922	16.496344923576352	16.78734740033217	15.29856035825054	19.03335781376232	14.642332154427475	19.047505604241	26.925116659824422	24.729208115007694	22.195338159672676	22.508585026897084	23.85151322514559	17.640150164612216	21.02048402037575	19.332815466873885	19.962226701451094	20.312772753693025	15.245649520066273	20.79462122450124	20.441045630387777	16.609185677979255	15.09424288708853	22.10362010285921	21.923758228293824	27.58442728778959	21.739121156642852	24.092200531878042	27.43531973683301	23.079955564124432	27.219367857960727	28.41472295937741	23.36454043551646	30.10109447206522	23.422924996217677	25.62952858255583	31.613399740767008	26.212564498769083	22.044503195945047	30.59034117183451	30.536543576945718	23.384666606053848	26.672658285779633	20.711380644554495	22.698574422842764	17.95367396495351	22.878210052236458	14.906088090282033	16.91635395045976	19.88421613907279	13.751333308357587	11.447844882515392	19.319401223308766	15.632287277479357	10.403603777612533	14.622466898713824	17.510158907708472	14.752788663279986	17.828793652391322	24.181015514657503	19.58561465237531	20.273969682024166	24.650129864421906	25.559236051330835	20.128048647438387	25.830911678645936	13.877731310696523	21.37231875383151	11.02072348194877	14.286502086079764	11.50476798579293	6.674144745649248	11.149030904548068	10.698700237375084	14.99724373157557	9.378047151742393	4.75906017522018	11.099952671593542	10.615417403615968	5.127761090538568	6.025190213448563	10.603811141397998	9.749064767359465	9.892440107104084	10.20127328763919	16.93138422876588	14.636770352158385	13.364486254995212	14.438665928958775	18.778293836270272	22.929954153216446
15.12173776158091	14.983622120071605	11.963106172496856	15.231305196122417	17.7562864049849	8.67922908928834	9.71852832473377	14.397845471308845	10.421552150342684	0.0	6.607979730177584	10.882929593342732	11.550790806143143	4.682774626409281	5.005991077682212	11.592454133857608	10.292813573362263	7.173215896469319	8.663628980128289	5.363999657704801	9.228779059668318	17.96703905054758	14.720283418581413	11.893527859242727	12.90263539784261	14.016184494718129	8.785673069638028	13.92229969480876	11.014597273920247	11.645958623980434	10.296988646767424	6.5192526225674685	12.56885588394349	13.102120070588837	10.786380229928065	12.194752355647747	17.85402314444754	14.234041260225444	23.893875335569817	17.55676152565631	17.36380867781346	20.508026604311205	14.258823520990601	18.0056717625989	18.850785305491513	14.851985021264989	21.966656912552274	15.80134785560515	19.87801134332099	25.690461096612868	22.010842579053676	16.42419235964162	23.2087080910265	25.44667239179595	22.020940990104688	22.803989125539687	18.33812500210544	19.46175270435291	14.04731782655537	21.96218934545955	16.28306491934127	20.03721469129251	19.16407382204066	11.856149712614458	16.82815801048223	20.95991944563261	12.99054303987502	10.419561417261976	19.279233123466526	19.31194480999395	13.990082848231536	16.32278432310756	25.940657649701844	18.965134807617442	16.780885597730773	23.149233312199208	22.150224377612393	16.942526771257814	18.47496923641136	10.556090849991067	18.247536526405376	10.551060014109884	16.088543007097524	13.680501901419987	9.696744286290455	18.516281048137106	19.47514702193898	21.876588195633083	18.695300128827547	14.01346451318702	16.640022152564345	17.609240812745092	13.409125703524799	6.699605968136078	12.461273948046136	12.48000901482045	5.436101680152695	5.940856451330633	16.71591219283137	11.880337163265319	7.157637142096568	7.400507404496292	14.076380948982209	15.392136914211502
16.563804126631453	13.855978906850536	12.959307036416277	13.18195919533086	15.49830920560262	8.925991554373615	7.013939592199867	9.105189974720265	9.732653358192366	6.607979730177584	0.0	5.721581381816044	10.828560283648024	8.192840146434525	4.8872409944303445	11.415926407385081	12.707713458191325	12.626648505508422	12.84145212929935	10.78439214433265	12.280183246170802	22.643776691054278	19.126662568308216	15.834835770348326	14.35496913152696	19.28092147389757	10.007415934909954	17.02811168745462	15.728922445611296	17.504798784226086	15.720269101696887	13.024258844016568	17.78033790425918	19.256728792710902	17.29822542982013	17.77729048056691	24.0832634182516	20.735759265820764	30.31528134575756	23.818128296490336	23.709633918105578	27.05188398852865	20.41720857075528	23.927229440713486	24.270922826039882	20.080139324229144	27.167647297048134	21.887323971378198	24.78759020880909	31.274628373486053	27.343163858180205	22.33895873249084	29.114699736387948	31.478747938952353	27.418843316691216	29.101798349962174	24.343868997848435	25.691203641752086	20.259493665444037	27.68536000992529	20.56011323772818	24.25073694425739	24.78049185846487	17.504172164203972	19.815279780813682	25.570384423118526	18.289426596526873	14.880205607720198	22.024498288226688	22.420665031341695	17.690138503424052	19.309985877300466	29.52303907322218	24.231679036927076	22.45791904872465	27.89539767182749	26.69483760874946	21.500100306667104	23.167050945178392	14.97432626531187	21.35292577920563	12.765682608143294	17.266058216041994	15.968897851229482	11.966580700820067	17.40369204617313	18.482195283247506	24.201733654572166	19.025369185148165	13.165543572186305	19.223500966115907	19.572879570955415	13.52785013358973	10.055299983731446	16.729563346693645	14.965720000826193	7.851837658252209	11.452899009308334	21.111198874842934	12.95109368023422	11.082488445532137	13.438919803363397	18.790247975057806	19.61439443696013
17.106224290909232	13.722801501510759	15.208331507413348	14.271063056643495	13.302060147555352	9.94402884389286	11.31579432074641	6.170744815847283	8.175112377624124	10.882929593342732	5.721581381816044	0.0	7.884226457774336	10.000134254091337	9.234378788319745	12.324186157335333	14.675390709145892	15.875140760844808	18.181675691196624	15.812272136067929	17.936569968583015	28.122874292645136	24.631585023781014	21.292211592580898	18.908509741648835	23.820860731308255	14.10734686574294	19.23048874675866	18.931547048531097	21.05558451718	20.77868395574585	17.065303163480394	22.9062649480345	23.74647272832079	20.698989618407353	20.766150788933647	27.44972494140624	24.946704756542175	32.95835647150509	26.173538865464973	26.90688132422877	30.723172731622036	24.63823650782099	28.68432752207305	28.733655697717026	23.542581719867908	30.4270697551245	25.26980031371746	26.685794688551926	33.57586478410525	28.845795686497233	24.744432635467877	32.328058877419814	33.77178489418751	28.312739225731583	31.391115357898286	26.23636991592725	28.485740474715996	22.636411874375273	29.63366861886058	22.22498318168589	24.629106377366504	26.23185226642529	19.50969977900961	19.187700872344944	25.623677825363842	19.602611366011296	15.64501929299646	20.449014604922183	21.239727039039376	17.61727476448523	18.94839885496344	28.404927026518305	25.056613119122343	24.084991817834904	28.251700040850057	27.49132417328197	22.339483180791365	25.779845423904128	16.05927491169111	21.52062124318628	12.278804470687277	15.218772716828273	14.67284121659318	11.353172092378719	13.110921992052806	14.282283460584349	22.888874860704334	16.876100863421946	9.886240489977295	17.90193762521268	18.777937937160782	12.68174283592509	11.311966011512558	17.686371263194314	16.509954581125104	11.998993713780711	14.525291294550623	23.584976607375314	16.912473958373802	15.72391450583255	17.66789421711433	22.997950229826813	24.87351572242383
15.195436316518384	14.439046015054581	15.963027387077096	17.34950775248204	13.523280459806813	9.890095806243759	16.437761199565365	11.7261016710792	5.792568180798418	11.550790806143143	10.828560283648024	7.884226457774336	0.0	7.846133352772793	12.130559421089092	13.065486404499827	13.820278152029578	14.180816799444447	19.862374167752723	16.62421331180553	20.61997600736065	29.20402310249172	26.091949275793134	23.1521234033186	21.81276477644752	23.47226287323011	16.579428734075503	17.946255052284446	17.499553072398882	18.979941266297672	21.158653312498313	15.76018577177922	23.333685176728906	22.530993213792456	17.7904406144547	17.942422051461307	24.202119721638194	22.95759120623411	28.12909109595966	21.307635942470277	23.37385602897839	27.519750651683836	23.016869941445083	27.76968652005289	27.9089801159587	21.754966271966808	28.108416152447067	22.407252171514745	22.698404305723706	29.27128170249487	23.598454520715265	20.46192023623426	29.086413102946437	28.876758490270028	21.821934899103262	26.186075832977103	20.806252155066883	24.264084091127593	18.03328614439811	24.528038836405525	18.506311964443114	18.714275617954193	20.452156763959458	14.963129049127204	12.911359605985089	18.552305692503918	14.119541434416366	9.984199852934355	12.677169339823699	13.850919874553478	11.362370761972533	13.42352771431055	20.87245869856624	18.5755787355708	18.668287334678958	21.719782251739847	22.080675443188014	16.93716218582543	23.205058264043306	11.29016712273873	16.981800522050058	6.97625831130088	8.962967878387795	7.496756743876418	5.099817257351052	7.019031481630836	8.308459468466959	16.686266005956135	12.335966576996666	4.32265703362759	10.634234562446238	13.901520563690603	10.458061261866606	8.081642057096913	12.712633014602037	14.752428432405573	13.520645873935566	12.587087845355002	20.996924284736217	19.373795893327017	16.821837841014982	16.789673822335757	22.60299733359267	26.141686142934457
15.293741417439039	15.61714863896321	13.974573895660397	17.180283901330924	17.250087442011555	9.103314950684956	13.25179912406348	14.500964319822344	8.666399612455415	4.682774626409281	8.192840146434525	10.000134254091337	7.846133352772793	0.0	6.768788622043699	10.005820266544072	8.711794715538296	6.7906095099163615	12.329686225024608	9.452453993799637	13.566821079700674	21.759407355960878	18.407990129420977	15.577912721148062	15.356033107428647	15.786973649046024	10.501635316280499	12.656377102302036	10.677967021842584	11.767275671516693	13.340954045163262	8.079766603273075	16.196901577022697	15.535039511440573	11.364723646717797	13.074387945873465	18.703878515796294	15.773319642994688	23.328197529914796	16.293822002504964	16.99349536370245	20.913207095193506	15.500904926132026	20.08342964812169	20.345989546146182	14.854526180811643	21.692624618732584	15.635302997644578	17.88803860306427	24.193209999362757	19.59958704489383	14.91900203111853	22.796717696151376	23.970897661942942	19.27657686023824	21.547996016510744	16.829423984712037	19.442788677985806	12.898777426221535	21.221205359322358	16.234478061134936	18.210835356469428	17.492194973308766	10.739277829603573	14.250285152162729	17.917116994258926	10.151759588693752	7.286113468165957	15.262307416222603	14.944852309053696	9.838472561121772	12.244872662304886	21.8153335883946	16.23424594288014	14.44635029155294	19.79039639776813	19.10387445695716	13.706153228954312	17.40899313584974	7.007565841985744	14.772613167442765	5.958140563020406	11.472744307406428	9.064504751971661	5.650699719634423	14.48155518212361	15.743575002637835	19.35656235422178	16.571826235504215	10.907737566372397	13.115597811297334	15.870775062301558	12.531961682411362	5.003336561988872	10.859917279116397	13.154893280190825	8.835946442056311	6.923733927708342	17.73056775825036	15.50794647309391	11.05268996481558	10.058836718359698	17.03702165667875	19.43225884837723
19.08890997833934	17.66015663494953	15.617958684297534	17.260867925828588	19.626426666152938	11.758866167285651	10.052984650225921	13.843664101780082	12.460459138368922	5.005991077682212	4.8872409944303445	9.234378788319745	12.130559421089092	6.768788622043699	0.0	8.058328512878482	8.4454088082905	8.690154871087977	9.377521284101626	8.913234341932178	9.864128741899593	20.363972525744387	16.04805141005272	12.474269926089704	10.214556050044807	14.93107603276425	5.397293101718661	12.457577352976728	11.153035575328637	13.371822801387	12.232160386013863	9.93848003211103	15.96345741500772	17.142280913796878	15.12649084695197	17.170398916277236	22.4916075026641	17.795295813846135	27.969661588752114	21.097144930619017	20.07083139736346	23.642060738767047	16.532116795120253	20.230349528117213	19.89713107822423	15.509937655892477	22.5220430179576	17.869880615953424	20.6500814449725	27.151951295660957	23.784374080340775	18.759034167757996	24.85251963050521	27.839873169206566	25.122137570817866	26.31397399380025	22.35474944237503	24.03730178837468	17.96577562860936	26.649207386111218	21.162380611992376	24.458440105882893	23.437890851780974	16.368185415749533	20.620193901146482	24.52821416688405	15.949182387007442	13.93363933896036	21.893703856715437	21.000591728312717	15.61234005227178	16.679151060844923	27.897357572814705	22.431487310054763	19.596251973276164	25.19228593291028	23.218722884248347	18.335666274783932	18.584650616533175	12.296576317080932	17.991552543817193	11.183289858860483	16.09448971494011	15.075467849283287	12.048625361601719	18.80064625127608	20.403880348409377	25.558236023117207	21.61155296240319	15.412485007380452	19.7007387044955	21.41982646444432	16.466565897656185	10.523863750086932	16.87857187114324	16.84856816695165	9.132523283821087	10.896304435706792	21.670571478349995	14.935677377689675	11.16820696886712	12.022143946841608	18.550460082063235	18.51492706421357
24.86190404017459	23.790170838601934	22.718450872738607	24.298391336937062	24.483248348303565	17.757389074770213	17.79920697728186	18.37471310323858	16.496344923576352	11.592454133857608	11.415926407385081	12.324186157335333	13.065486404499827	10.005820266544072	8.058328512878482	0.0	4.577380646819048	10.243160888397293	14.542282980282872	15.548081702923195	16.220889557159687	25.935443371739343	20.84112722002355	17.204789091839277	11.932564391154122	16.64241021196349	7.553245547887271	8.09290440120853	10.347910060015037	14.200533970055627	16.630067651532922	14.006286273662978	22.08796401561823	22.2320194720186	18.937685609334093	22.30167289514965	26.70527614231868	21.372868106284656	29.918339768722905	22.15529929689911	20.736874365270296	25.308496200130524	18.610406444207193	23.025819296577374	20.884131649904642	14.727792498585654	20.596525853242902	18.17548188205627	17.435747665762293	24.7689459212031	21.37081927761586	18.214937692927744	23.861673816470656	26.658429745454814	24.52211382874843	26.97264524425226	23.979629008510685	27.400363094265558	19.958608315747114	29.783797732455135	26.150232952471967	27.444677453368087	25.486018850694332	19.67135477391508	23.263695163534013	25.050069530211548	16.212777456178095	15.891373051598048	21.709825919560046	18.685528371102556	13.823229361681907	12.570985287956791	25.22885577584068	22.758765018768017	19.191193805065943	22.686288612555668	19.50370265736136	15.602615262414703	15.594558286225078	11.528061428594459	12.739410982630552	9.769385389773932	12.522535765942488	13.81477096457251	13.771377254173146	17.789495213640173	20.477022178292586	28.132754253887224	24.940301648610546	17.33554475681135	20.99052121545151	25.238984633615715	21.342672075240632	14.91645941702087	20.55192975798471	22.901448053944033	16.60584489786943	16.34311299641686	27.46022417532387	22.84496830991292	18.572067802077733	17.92005749090221	25.267874372160755	25.29821510729498
23.95786612418496	23.97871085462032	22.011874246585965	24.764098203374154	25.32068514794478	17.517108803255915	18.398091487774014	20.48514458294659	16.78734740033217	10.292813573362263	12.707713458191325	14.675390709145892	13.820278152029578	8.711794715538296	8.4454088082905	4.577380646819048	0.0	6.370275926385242	12.267057183393945	13.357727294610166	14.645049825025035	23.036825972334217	18.11071813255386	14.84025490520833	11.13240762590977	12.833420486810168	7.1237616977829985	4.56575370744349	5.919965798460621	9.763694801403176	13.431147369993937	10.593564381143	19.229606131489458	18.745870524201337	15.28328250033033	19.38395827791798	22.96347969371124	17.339073012873442	25.67804470937821	17.94821396375698	16.191835633197336	20.81033419270841	14.358261778919989	19.02182752465071	16.898944472363112	10.349795177936898	16.453432235883586	13.615070394893396	13.370601136285012	20.525240607700617	17.327768247335438	13.776137000106049	19.393328643931248	22.25848523131725	20.84454340395885	22.665787758222724	20.129636323272745	23.549538977605412	16.06037821662456	26.237839316957057	23.778781494212843	24.956334336853555	21.993097231094044	16.565177610408597	21.6105419756468	22.151913281438947	12.692722891893753	13.484338558555654	20.16121881791686	16.776143781079565	11.322517210135185	10.44317554106348	22.94972119864753	19.32697531224034	15.1720274098435	19.321530151687007	16.022462451036667	12.047011690492555	11.503873857846326	8.352661932111051	10.303902981210438	8.655449019414478	12.314668726944001	12.643994742774277	12.788327632368441	18.938411931373007	21.354657915117272	26.768606522424168	24.69612110470897	17.93257639414327	19.596056301542077	24.114810512262284	21.141757061348233	13.606130033176631	18.329271522697486	21.595867454663033	15.718643413258702	14.117535032807341	25.002452372337565	22.060098890141106	16.934029694193754	15.176656515086068	22.72588232394119	22.86359899164206
20.072842078204218	21.29159277263555	18.1260029227561	22.20892314319333	23.670186440004	14.771465155588201	16.60578141307869	20.641729468658585	15.29856035825054	7.173215896469319	12.626648505508422	15.875140760844808	14.180816799444447	6.7906095099163615	8.690154871087977	10.243160888397293	6.370275926385242	0.0	8.895636375501597	8.5472335857364	11.530052158873008	18.101814708031394	14.112342803428856	11.573824674746211	11.961937696819458	9.405968515068082	8.587817122895819	8.172011776324268	4.336763878822255	5.193431998541739	8.68797591935892	4.425513872671217	13.664378530804663	12.530488029856157	9.001326527224203	13.433129221975529	16.68043717981706	11.27908123868388	20.278097955545707	13.019135379929436	11.56335823420904	15.667538124956	9.380529288665237	14.25139046158271	13.735990865252772	8.13670525003789	15.12763229756707	9.470148339192042	12.813632738989224	18.75208465464043	15.533873509215484	10.116158075683817	16.581191514728246	19.1609831999861	17.57068705899129	18.050833263977225	15.099380564214345	17.56149774064889	10.639477694153182	20.644748319135655	18.48353336264787	20.464414731747702	17.03031036073939	11.21462988176216	18.23825097840827	18.729004091564736	9.020646732533814	9.907359085481742	18.49973251376002	16.352369849683495	10.496481584979138	11.90882764571816	22.221699157650196	15.5799473949252	11.562355092552723	17.846622683626435	15.797372444877203	11.151869943824511	11.383077630825275	6.455323731575207	12.703595630879743	9.232335806515735	14.32178863136893	12.466764235559443	11.14466601209034	20.141359777829454	21.727857346638096	23.621091803739994	22.430851720174868	17.42759015191276	17.26829285667761	20.70840686732561	18.50235272601776	10.312399653027834	13.870134718787467	17.2296685217548	12.086088726824155	9.064083299100249	19.315870836423336	18.07836765223628	12.265014517067318	9.335278666165618	16.862867388082265	17.61632995369808
21.925418811657	22.117544543261797	17.593039561424813	20.990752381963365	25.677717561206936	16.54909053812289	13.34366941212705	21.570297264279823	19.03335781376232	8.663628980128289	12.84145212929935	18.181675691196624	19.862374167752723	12.329686225024608	9.377521284101626	14.542282980282872	12.267057183393945	8.895636375501597	0.0	5.684030705446226	3.2800770320090953	11.539551424476649	6.701280587139295	3.293107868535296	7.709580113847686	7.970842019805184	7.742071771894175	13.617850442827997	9.928739517989362	9.950125565741432	3.9525620512133894	7.333617772933254	8.833647393533836	11.026489287916709	12.221021906485053	15.391232169276739	18.247952801732573	11.671498315984723	24.198739279203316	18.776637005265616	15.911102991181421	17.904307942529094	10.215290178046818	12.06995325432355	12.638007319032297	11.811254336421733	18.18830879183076	13.651561576966245	19.589950225957693	24.220356128035625	22.83618175357963	16.746382209585427	20.12180234706922	24.716082098954374	25.03860412468384	23.35055364279782	20.87316265874188	20.658705123374354	16.387363422401904	24.6869485492212	21.20509553036581	25.69119552408137	22.723311436943774	16.35482888721974	24.012311070716404	26.037752455954383	17.046485600983864	16.866438076878726	26.261141104425707	25.064589305242826	19.255493690244936	20.670381247929864	30.922156467712533	22.919341218331464	19.074760090794417	26.140823778527114	23.828741534206262	19.741307492276604	16.508940634971154	15.214140172160986	20.98493521776815	17.053616226064786	22.4426143804268	20.55150391953754	17.648766162126876	26.68307128572726	27.942063151638447	29.20893815688616	26.93544966237324	22.642786983925614	24.108292307896853	25.108740319325925	21.463960188430647	14.755292475622799	18.826869208597895	18.76138533243798	11.17059822941439	11.78149720362812	20.361379014406037	14.675061601993704	9.684514636561417	9.148631736524758	14.440816662006245	11.59697718576583
16.308482029562626	17.030205023601933	12.259908002638314	16.491089590165537	20.87883381473528	11.59804603019177	10.714705936656665	18.381412859890997	14.642332154427475	5.363999657704801	10.78439214433265	15.812272136067929	16.62421331180553	9.452453993799637	8.913234341932178	15.548081702923195	13.357727294610166	8.5472335857364	5.684030705446226	0.0	5.89209473580771	12.678773749957168	10.138521815355732	8.204112337565988	12.610834582656302	11.516408923033069	10.475968186792844	15.803491613231385	11.69598735410742	10.86271192088976	6.403550381602568	5.276991323953289	7.269545279631896	8.72997328271239	8.966577211540994	10.503692619187449	14.971900074030673	10.710893304355402	22.00344835041086	16.83456171245094	15.833413705704539	17.79211533058301	11.518844661174954	14.066628132721238	16.025479722831175	14.16831885818705	20.91257418017861	14.46083894597047	20.59522651430283	25.251978877317477	22.62771189128748	16.31745539873006	21.695493109795905	24.67156432066951	22.783708319059567	21.717158617656047	17.908866934466023	17.38457546916243	13.605141240417092	20.760890059528112	15.84635253798988	20.8258343248215	19.048857382161124	12.100535868673742	19.113468619286078	22.426300338787872	14.59451674904268	13.027340232123615	22.49851746566295	22.607019955584846	17.191350312545158	19.725897542305972	28.59651182311067	19.94856507188513	17.418123817223098	24.743389105769033	23.72359541656063	18.933591633733062	18.718058257101482	13.453613068693755	21.141618426274615	14.980696494651204	20.610660428894604	17.808136183893833	13.934811063236808	23.50848524126585	24.18916074916206	24.116419927589913	21.816575753592588	18.609926566862317	19.774537492347648	19.753264364080383	16.289070766257275	10.145887481022159	13.86381323796616	13.095701051780258	6.224591849226089	6.61779024901053	15.098766070358856	10.298953468619297	4.460976257999914	4.231036261499665	10.15755250343892	10.190867574727344
