0.0	5.712550743145564	6.517170269523791	9.283254976250165	13.612848212178639	14.731238534164278	9.594143692343344	10.293214786681792	15.147945767781142	14.39049961631287	10.92517876679076	14.584587543020943	18.01211725229226	16.57988414822634	15.978743711621602	20.431435482925078	18.39741811548003	22.01271588520236	26.148302510426735	23.084417923458673	27.00860248923888	28.160885229620614	24.048460901053065	24.534948121742495	19.869240502598956	20.033065919931424	21.664979527451322	17.329027170796113	15.71829805540471	19.066031104185242	17.64068229435917	12.475923756021256	14.821702840417716	18.13225109023903	15.220938137657333	11.143821765884683	11.943909539155005	8.636458243993774	7.649793785062694	4.871712559406683	7.770469911656142	11.068976146749241	14.464402425876658	17.913910232313558	21.707529889571727	23.865838535756097	28.137948745347646	28.52717737630713	26.49563284777283	23.950583929135714	19.411868854047142	17.68925235452579	14.361594746219891	10.779984077737998	9.210607941820733	14.380441829811643	15.767803782265618	16.800195918458552	21.19179057765054	21.288662132610128	25.696629899083966	25.475224658486244	21.16755884465495	19.048795755777775	23.10927554135709	20.005974273176662	23.89470964751903	24.13252503158585	24.859611212402317	30.563533078495517	30.21119675765779	25.613590988767	28.239639041368243	24.77349371370153	25.742126833966854	20.76005931612168	23.993973518739814	18.785194433672192	18.673087095633875	17.175745599347238	14.913564170678665	14.529972045679417	13.134389575315119	10.043585516050598	8.73429579565115	4.568123268024655	9.45097485814028	9.586760996863541	13.890207660761346	14.404000638727393	12.232792655453094	15.188045556274432	18.35286648942343	18.02540774543807	17.516645800415294	21.40027195458787	23.18602020232162	22.28753937146676	23.16638474508496	27.030942390431438	28.601554754528937	31.56188928699168	29.79668058846105	26.805246035218687	23.477531370978948	27.5475141238056	24.097476580867244	20.501375843230836	24.482855968666144	19.74176498557872	21.293162573716977	25.89597894757132	25.57601092023696	22.388548518671843	22.033169070677033	26.628172344080262	28.99465575275784	26.496268714082817	27.650107613279058	23.6634820115212	25.232703638667267	23.437032763438694	18.763332146907853	19.64937625086863	22.539815135113358	21.191893398604527	17.786483291262872	20.32314907753624	19.72763826407687	2.396785173462017	21.030719845395478
5.712550743145564	0.0	5.8509111503033235	7.07160877506581	10.636302680933335	13.497397970695422	9.779887941472134	9.540249082922843	14.33971757987212	15.350474288112764	12.887220079956633	15.063634007044422	18.859819056449936	18.996344292227285	18.24722679660249	21.98162195083192	18.898171818988416	22.174685797648	26.02069823245734	23.455317375764796	26.89515585228216	27.494251344324898	23.010164045935014	23.207127580390914	19.124742010593664	18.040178057027692	19.822629056203745	16.419067872716433	13.630172311923774	15.91080071978689	15.434479509328396	10.459152054399661	10.80470313268125	14.073506980180587	12.55272079160787	8.412974799623282	6.852329691596374	5.100291621058897	4.4158440418901375	6.769793495310659	8.109193458950807	8.975353615160085	13.792107066708622	15.65782775550151	20.27926787408615	22.376588864252618	26.08598615509971	27.42251116133255	25.83396285591947	23.55794474200988	19.1462086240891	16.461179847201585	15.000139843443526	11.008828208881127	8.932380982235115	13.808612323865972	14.124154190204987	17.134413939763903	20.699878531935365	21.91359694452768	25.55778648067382	25.759712444805956	21.97954259087089	20.724605880111664	25.220947063595823	21.429734668251157	25.797057975227812	25.116163791049523	25.494979297120825	31.150103134765757	31.11499124107577	26.81041465643284	29.248362867031616	26.71195318781015	27.0441931625956	22.667414110602017	26.792836602887622	21.580431794450057	21.79155771787521	18.859236400024546	17.930620051051285	17.995691916709706	15.015257339068055	12.453381446637097	13.168409374394106	10.008836512208982	14.177086839098786	12.038358123191909	17.574793652537185	17.659667293282354	13.906835452360909	16.786923781695798	20.907492477426974	19.646426338819875	18.005182956891755	22.61452713964268	24.43766265623727	22.317290281795234	22.967785386166227	27.585927014934395	28.419960999772158	30.898746944904488	28.361885455988883	25.83144351354101	21.898390036871582	25.51231449571235	22.914237146386203	18.476764795416997	21.53698034353892	16.285033273678764	18.641732995390406	22.92781951972656	21.67892425259845	18.148076374055556	18.730336941518054	23.570609895051	25.724776029732656	22.709166394716096	24.2710577501496	20.864235873651047	22.828050769652553	19.96003290979667	15.81953521504294	17.970821125598587	19.767794595713315	19.154095460462585	16.62154270365433	20.228590522890695	19.729841075020754	5.773454986106216	21.479384288309333
6.517170269523791	5.8509111503033235	0.0	4.376325044746826	7.492815971448555	9.13216231442326	5.121322126749188	4.058042047229245	8.994381287546453	9.72156559761161	7.258392250456977	9.559872547320511	13.035519110335077	13.323390256718415	12.975987285051586	16.484564029018433	13.717830857786819	16.63313725232353	20.76956762093154	18.55990907905622	22.52299243233631	22.874416117217415	18.71748482448088	18.46434664933763	13.895824747580914	13.715344217743954	15.93962997637406	11.969068253931862	9.389060645919441	13.173264267704337	12.798726793207303	7.59201984790039	9.557390382585753	13.788446930297644	12.100382096382308	9.1944302913417	9.399116361150812	4.044119850322173	7.872314549275325	6.9136855643512165	11.317091318319452	11.278624592128724	16.27890115961296	17.899902759985668	22.8596090631335	23.74684502408041	27.80359312904519	28.500935568092814	27.52072455680206	24.347219568887233	20.73995187321554	17.293034676422394	15.430819055636665	11.113377303353198	7.084325962491883	11.593173411367422	14.163379096147013	15.860067099291099	20.606921043744585	22.272850362825956	25.513439403102225	24.572686289224258	20.479447004253736	19.851641297878146	24.841001563063955	22.286969970350516	26.664094818431973	26.829426107218964	26.248706906121495	32.07973399228354	31.177714299723913	26.65548539843329	28.089066646324582	25.55368985237608	24.95327082996941	20.361634548320804	24.510869018701555	19.729624859169885	21.314759571740908	19.029782990339378	18.46208841593697	16.686777523626954	14.140781796388296	13.320402126431715	12.206506102820418	8.839456458724605	11.311447869942004	7.953540134225547	13.621516852911332	15.030573111278843	11.09861737566644	12.301120218305954	17.056906969716657	16.94278173104404	14.504608745344216	18.4052204007048	21.20913455221511	19.798509393477065	19.305628927698567	23.90848797677135	25.431635474679215	27.960120540525256	25.984649346961685	22.668722242954846	18.80180875480476	23.385981208932908	20.910994554034033	16.76319389443814	21.18022117593264	16.02182620278851	16.57459858894022	21.539991887313505	21.35092760084168	17.59940457959472	16.534715572047677	21.340262518582662	23.16849828552681	20.521520115736894	21.258377691748315	17.430107697090417	18.72863824740819	17.057461439765202	12.33020166054465	13.24076426265591	16.23824009353186	15.392310495652604	11.892463922799537	15.528291628718302	14.246571304096264	7.693686314454595	15.963074599033016
9.283254976250165	7.07160877506581	4.376325044746826	0.0	4.918022894728235	6.510398176752412	4.144586710294218	5.792166095931282	8.674680649106092	9.725322785851922	9.688947571169216	11.687431214265068	13.931215301265478	15.057924119343522	15.876616828469151	18.726770359617223	15.98037009721402	17.62703496207907	21.906872686177337	20.810266254284585	24.787186664889493	24.33183806515526	20.295641975987603	18.84710663780818	14.429693039809472	13.78296945243417	17.051444003713332	13.909765639619508	9.758643370148546	13.461100345293708	14.760603967726604	10.041418164373095	9.79775224755626	14.668227131909932	14.600953762086002	11.989113728844162	10.104535278287447	5.65818604697599	10.33264835728418	10.902791030614578	14.495250992445806	14.269781222590979	19.63460209072749	20.68838573176203	25.91513257318363	26.905680458945536	30.61588989163213	31.81466868085589	30.981065820691043	27.991780832396564	24.367321552453067	20.663093320502846	19.438469950351756	15.078896208094243	11.037159150392155	15.10738275371578	17.367750111755925	19.789894199001825	24.240239956218605	26.264875872172784	29.24760460710358	28.377808335227723	24.474393193052244	24.107415499250113	29.144361597931905	26.381076214902336	30.819934954096517	30.711850583562605	30.206356249526216	36.001719357198134	35.22979345941706	30.79317139198312	32.12258505104359	29.82239329254765	28.953450060457094	24.522014451694954	28.77119112036906	24.071595728841668	25.660102945629113	23.238280251066676	22.63962422274629	21.042854393424427	18.444978462413534	17.37756000482473	16.316836615149683	12.296930163963653	15.133005967897004	12.019317680069609	17.444287884019506	19.31130085951304	15.300363711537653	15.817454694213042	20.922776808865915	21.008471562922598	17.990481758788082	21.701335104402762	24.92262319193726	23.26202872302691	22.133879394941005	27.05915990245878	28.480359234999984	30.674112807176193	28.42413705909146	25.126038997728138	20.865520086845986	25.47177217887371	23.799301016522303	19.22172234523835	23.176319442371437	17.651759818628136	18.216929217054524	23.074017104657603	22.262826957001014	17.87953572076222	17.100420675218725	22.17626816834648	23.242650520332166	19.887120816794827	19.97504830101238	17.246831815233772	17.59463995863262	15.195176762431261	11.427409155144893	12.143019380497615	13.660323143500255	12.303271850761117	9.820572058875852	13.314250670704196	13.410057355920243	10.791961447158466	15.124866262116637
13.612848212178639	10.636302680933335	7.492815971448555	4.918022894728235	0.0	5.144582181571953	6.976510628143676	6.049411544245454	6.426148886852354	9.825683922839408	10.97758351165624	10.775376667399657	12.663612184345663	15.452278242195046	16.111268978395973	17.7639310371823	14.467875193993956	15.200547023898176	19.017751660679956	18.809662515899877	22.375340355519718	21.180166070922116	17.236579643918937	15.078789940842107	11.394091288943638	9.812357233750337	13.619204268126973	11.659408082934238	6.4465203390071615	9.696676709423587	12.492212639633534	9.112548621215886	7.392696554576925	12.417589930114127	13.821090220577624	12.672673111185315	10.571473053054008	7.033112074350962	12.702850709313237	13.95585287976657	17.593265082731897	15.790007889267457	21.44302853956383	21.28800053561377	26.924854530524833	27.056484902920012	30.41579465742187	31.834914663149675	31.727761602277248	28.49700291773464	25.61298621259466	21.092512404013473	20.945832354854286	16.675728747062614	12.247309185209792	14.865050649909898	17.367529650522403	20.169341571141892	24.353025876125347	27.292700019353596	29.372212925011528	28.168689335612168	24.69500123843136	25.284381572658642	30.64651483677612	28.187694774114682	32.80214633200313	32.574867189552876	31.302681078101084	36.998183361982164	35.95572717708613	31.73641132147891	32.31267149742769	30.77012927862044	28.961916317296165	25.099413286776525	29.797822224840544	25.517774605966128	27.8902584505988	24.990958311228678	25.37469521190084	23.315334093383242	20.1470118716495	20.171860277422383	19.5104153741242	16.225849311206094	18.099463471463388	13.702779793803026	19.14535573798877	21.034825754399545	16.37786757896221	15.887796824579707	21.477424420388264	21.42734225373972	17.373196464315424	20.88582314986053	24.468253559288605	22.34751867366685	20.331377952765152	25.611513233753232	26.751767091891878	28.449835541797366	25.987118744733625	22.721713496990734	18.182892951768036	22.79804892664053	22.134137264088228	17.37981490491103	21.17323052402532	15.730777241990694	15.474707830653633	20.198939258556504	19.39255358070132	14.707090385495016	13.44589758789595	18.481881965252313	18.927061655566224	15.369618946411615	15.096303237749725	12.827210669902195	12.957733353068866	10.27970082732339	6.835643593512816	8.184805764534236	9.163575579094937	9.054816892015603	7.173486275340526	12.17982543826661	11.406833973798411	14.77207390789717	13.545204209544131
14.731238534164278	13.497397970695422	9.13216231442326	6.510398176752412	5.144582181571953	0.0	5.431959690808495	7.253469010009014	5.159118161001263	6.231998796928275	9.66921190379632	10.505717060392438	10.227121381018868	12.708765121416008	15.00729826372767	16.41465752405355	14.367923132689759	13.8638820959337	18.30124835324448	18.888609589785474	23.114392990088863	21.638745805888572	18.43024836271296	15.312685188926244	10.925538597046627	11.178588346164686	15.610966278494756	13.18168041111894	8.81000900129462	13.282900125145526	15.811763734056985	12.438217571372247	12.186098918984559	17.147119877635646	17.887559569070895	16.60445336904512	15.235842509727158	10.724778514154663	16.225230475650932	15.978144574581497	20.370269473369476	19.546049276577122	24.941261217195915	25.494503244348525	30.946405483081364	31.041128559248364	34.71250243386187	35.66800946313786	35.450969586401754	31.94205607591401	29.049635246807266	24.791648548703584	23.759645254771318	19.502520583485534	14.869361066781009	17.607374230949933	21.078553490357226	22.771451441033395	27.63781443414215	30.184693167155476	32.53740597957873	30.79609101516585	26.987320002504504	27.372886214658262	32.641130835638194	30.78656089863837	35.178828892179006	35.52930567272084	34.29078887664321	40.07365227169918	38.67904443898025	34.25484976633029	34.599175674808656	32.60422704880037	30.73232450946062	26.51927939474501	30.68418297458749	26.67912777895	29.32977299279846	27.3290710992565	27.110153124183036	24.366580069934123	22.14956330523516	22.244186676062874	20.269373537266354	16.460977558595115	17.733841963597	14.193917897750016	18.617645009260926	21.66958435939098	17.85641112560244	16.27063928078643	21.664554817057343	22.85393574330458	18.961262642506405	21.436973305966003	25.684783744159628	24.562377111885176	21.920943334490662	26.754472743853757	28.66516232649034	30.51849113924965	28.71433604897273	24.85593750607522	20.693378219781415	25.914715833753377	25.080458089743377	20.86203126448332	25.365625394073945	20.188147259467474	19.051052827530487	24.00773127443365	23.85154127223512	19.284500626571116	17.11977857836026	21.802769755404242	21.79841135110504	18.58792223084751	17.016904943865033	15.077927572780625	13.397871161712828	12.351667941396943	9.521590087626981	7.509632200540869	9.071064015384353	6.633502001892618	3.542035367960149	7.223090487238036	7.667165012485759	16.473996253980804	9.329212740928416
9.594143692343344	9.779887941472134	5.121322126749188	4.144586710294218	6.976510628143676	5.431959690808495	0.0	5.343399258189394	7.23136938865726	6.1831641224471054	6.703357211559178	9.86494425695286	11.098384139728894	11.46555851999372	13.18779970951621	16.13498222257892	14.300835041641998	15.594211110845539	20.259744999180242	19.298811914985563	23.776862034270753	23.39022790556671	19.811281716799535	18.13672407003792	13.15891442216525	13.831832597909454	17.24567467598808	13.512110075595475	10.232059635867406	14.963667127324728	15.810661494173228	11.2018205557496	12.44429296269339	17.286372890593118	16.492164284326687	14.131644419001388	13.562503455984604	8.33622024484807	12.791372840718521	11.480003617619928	16.021807759883757	16.392978909808186	21.356220373884387	22.958532683153145	27.97490978133697	28.690703583410894	32.72844178217131	33.36066525452461	32.52257856377368	29.17452544540899	25.735317426171175	22.20953339925848	20.194887763911137	15.96440693413877	11.720708070815347	15.59317166700749	18.900340418085754	20.116593129460654	25.217986378968885	26.928259333941636	30.063616989448562	28.631015535403506	24.442739809054906	23.97132202328462	28.937457165883306	26.892259699810012	31.104131883881514	31.616025373936644	30.96113885370007	36.804338330073655	35.619357983008015	31.019706197335047	32.04865851758964	29.384261810966372	28.41413181583035	23.702403792572664	27.498055156232116	23.087744888962703	25.06747006253117	23.47618452087734	22.516061710293094	20.102765839551612	18.364990702971205	17.72067877781571	15.37319114901017	11.165237942034569	13.046670925343754	10.518632926277823	15.064789761731053	17.90281543839293	14.641192382194204	14.200717681435078	19.094716628879493	20.20883387551672	17.374736034478268	20.260489281303254	23.94311811743017	23.165356586188995	21.61906857314871	26.12176103860068	28.18681668319695	30.585957004003312	28.93883863518837	25.138321667241996	21.25103811882735	26.38423504930027	24.41689191836422	20.386831172529806	25.116361574215468	19.91270064445989	19.562937694558794	24.70247349263351	24.6568482835136	20.458467105829317	18.729744402041607	23.545955063101204	24.530688017709426	21.63100248086039	21.094693803403484	18.051004016126036	17.684069261423943	16.54896852164271	12.528363305883909	11.545175882686559	14.190239864960233	12.036763737483394	8.487111394664028	10.851949623677736	10.855061046881245	11.545976357359706	12.182870261344764
10.293214786681792	9.540249082922843	4.058042047229245	5.792166095931282	6.049411544245454	7.253469010009014	5.343399258189394	0.0	5.274020120949083	7.282246314378033	5.588282195959141	6.065566125614091	9.526833463653821	10.986457411939146	10.66096978870419	13.315174926568048	10.276825155645565	12.715434179255862	16.83609597284851	15.125626331543513	19.19113338826049	19.124106493269903	15.131636991438423	14.477880234054783	9.839602333153438	9.940175968124922	12.46269469803956	8.530730924487264	5.8658295171361425	10.465271432526318	10.534423959090464	6.094471801452453	8.497195610554234	12.88341911889051	11.72546897851877	10.294094281544854	10.98182148557156	5.711620314386086	10.73115386240089	9.695063608578923	14.453072890053935	13.221277572872328	18.290426060848926	19.1300959645826	24.354871110825624	24.324173688778117	28.308776925166516	28.845919183847265	28.493765149517987	24.871499565744777	22.035186350537987	17.912646603128408	16.588711182789172	12.416003075029078	7.716829703284607	10.645839793870305	14.316423903662521	15.609837120954792	20.609127191530458	22.95060530106566	25.477635985387064	23.876259820843536	19.94015317284457	20.17295038553821	25.47184292208343	23.614978619124386	28.03359769159933	28.437814799754122	27.065132807402332	32.85443024488464	31.464796138810318	27.020972725790678	27.59635698792966	25.52675490104009	23.979997924321705	19.686213318289585	24.07508370156357	19.82153089690567	22.42834764943135	20.139511691014942	20.344060809513014	17.64242330414721	14.9821911635654	15.556422831053053	14.173466340954928	11.550724801272848	12.415819964508323	7.704699326656334	13.117095285416692	15.1112194791058	10.795312154501326	10.289382695165678	15.694850994108945	16.03867387255754	12.564030594702594	15.97318676442859	19.470432426450035	18.14510669475946	16.607238022900603	21.396576280767366	23.10461893694678	25.41782651374098	23.625175159006567	19.94274033032827	16.007434169521098	21.072312949161468	19.11646095568133	15.095602192707904	20.050071241757	15.107100555811519	14.37179482885888	19.563009983431275	19.94951605805536	16.14086151400842	14.0256900687152	18.671500170143403	20.168568502215514	17.805612955344063	18.096162644706446	14.046296095815464	15.085210529078973	14.22081209926177	9.215424709383688	9.554564705605474	13.429424165473996	13.048779741134712	9.057045283270744	13.365846847386956	10.92317025241518	11.362543076598579	12.877197328901195
15.147945767781142	14.33971757987212	8.994381287546453	8.674680649106092	6.426148886852354	5.159118161001263	7.23136938865726	5.274020120949083	0.0	5.178815684207467	7.280654982596669	5.83647040761031	6.278756714222699	9.844723512170646	10.983907261439246	11.814427525272874	9.305716617179302	9.204586649635349	13.581795683599587	13.748008628569833	17.979385385846264	16.743649302696298	13.503864324456842	10.982538404995472	6.129208650569115	7.178277709768534	11.124518267350666	8.333882852451449	5.165715121576746	10.269032684879006	11.963758481092844	9.459476051137045	10.683781370201949	15.032731213227661	15.131156548279993	14.822029079804624	15.002193487933248	10.312110916094975	15.794257995755853	14.892987092529655	19.721603787817042	18.0964596117072	23.198394545853585	23.451125399731538	28.840118699008357	28.159503620883648	31.926976529633837	32.43860716919355	32.63287114418112	28.735071708399246	26.515033184441286	21.982673746380776	21.103867732354068	17.15443496700806	12.429165115704414	13.929883884155045	18.156009340508902	19.124683168849195	24.13673006747248	26.978239219661052	28.844025326731515	26.612646909803562	22.947544681640313	23.896858599544938	29.283823352044283	28.060236682779497	32.41006185232207	33.033229876336954	31.127400405993598	36.8095825612035	34.999405776347714	30.677297640847346	30.411627059267126	28.754185995813543	26.30430568205813	22.396581980595204	26.696721108891857	23.13135343698842	26.502810850140285	24.475527586803103	24.987997613164247	21.607083525592863	19.25094049947247	20.519229353896936	18.6345199077975	15.992166823066416	15.97039717722043	11.362269770944595	15.50182752519487	18.41829909513428	14.433303708698901	11.945575761527495	17.474457414650296	18.71737880253671	14.411709780324692	16.533873817291823	20.96139450887911	19.984781225931762	16.929910977356105	21.687802450189018	23.715299732404116	25.582340929109698	24.089878790746614	19.992902999171832	16.089770378009	21.59622303241672	20.674707119758747	16.951745661851515	22.044070631233186	17.433633084584855	15.285850467388231	20.379561009152805	21.146312919495962	17.12728540743541	13.93714852147337	18.192936672002645	18.597613391458875	16.299648946402613	15.14606908378981	11.796092522512113	11.031902389802061	11.472170498454432	7.27336193558608	4.875094124463153	9.638123424702398	9.201317904058698	4.734211631305769	9.51114906419725	6.062043251186588	16.47983525678205	8.32608880662196
14.39049961631287	15.350474288112764	9.72156559761161	9.725322785851922	9.825683922839408	6.231998796928275	6.1831641224471054	7.282246314378033	5.178815684207467	0.0	5.414907450216059	7.28297253888596	5.619857160135456	6.575094748105561	9.849278526372386	11.513286224835774	10.938434699838004	10.716941381064956	15.623719390020737	15.584808958482851	20.433727932593932	19.659210405083932	17.026646737777146	14.681131885114231	9.517975298076507	12.013252251658194	15.514168630191808	11.90422446918708	10.052884504252377	15.287686780435827	16.098912505780728	12.837609784463965	14.990560335042204	19.480818468764998	18.610835950720713	17.468522040955563	18.016544067986633	12.659893756648252	17.466043606585046	15.191776089307982	20.40267797004035	20.175534650758472	24.846422419911647	26.173484822351263	31.173865022732254	30.93377082321525	35.07872492073638	35.14583124533354	34.85227422103895	30.926105099377924	28.3301989928836	24.48909338412837	22.419880290812543	18.56477241042801	14.105447065050651	16.417663758547853	20.97411256873173	20.95349150886237	26.503988473611525	28.4867193948212	31.049760249852515	28.65807069368568	24.54007788038516	24.737178455223592	29.768840912111557	28.903360050481673	32.91557359930626	34.06665870500864	32.61393101295926	38.35941923662325	36.44528251302025	31.885495122649917	31.891544792460145	29.432345575479925	27.555245916407298	23.071940997340178	26.55565929392216	23.04087258750025	26.170486905940162	25.19934742821967	24.713191579748	21.009185932775893	19.8599247909213	20.652563202381117	17.470286388439757	14.287258620957504	13.859914981793825	10.990864606484362	13.821486905748973	17.805582980977107	15.130253081155148	12.444932492302783	17.196584930962864	19.598142737529212	16.301837807990907	17.630194203112687	22.195177456721186	22.3309477000824	19.569380723476566	23.56655449842303	26.315203429547513	28.600889903516368	27.717056987374733	23.32312894044987	19.97252043357112	25.656784918696843	23.994950367978987	20.768504916546426	26.238535026554327	21.6902145517302	19.723660769884162	24.92445026791366	25.927374510890118	22.027453627765308	18.906630764970686	23.02842556358792	23.567526148477505	21.4517006303745	19.972474370678196	16.76904878315561	15.338911127676218	16.260537652980187	12.426274147185373	9.140023126535471	13.365559135447294	11.18889855226348	6.539004815007293	7.830870333626021	5.729417676002416	16.183439100311407	6.672349107563339
10.92517876679076	12.887220079956633	7.258392250456977	9.688947571169216	10.97758351165624	9.66921190379632	6.703357211559178	5.588282195959141	7.280654982596669	5.414907450216059	0.0	5.243387717555809	7.301488024636512	6.135313261684462	6.571935791386918	10.22246965600836	9.165105634732225	11.712600810848008	16.21272166419902	14.106627852536539	18.867446189488128	19.360669752289517	16.191043279916926	15.797213621547437	10.681155475305111	12.85089748257696	14.908682137479047	10.211273259414348	9.944312532813301	14.852953243308404	13.866648945905546	10.074867550359572	13.829633164981884	17.71006101164216	15.384782951755485	13.928338332946483	15.852100764475844	10.472234908697471	14.081698274360644	10.711095149912184	16.12466072457689	16.187768728681206	20.256442072730295	22.136780673053956	26.72025779044979	26.599054799374862	31.003305154966668	30.688185972830052	30.10469598606529	26.180016054500605	23.48560312480468	20.09895806615442	17.400592436939164	13.786756921875032	9.751011832137724	12.312333453848288	16.930698520027708	16.21717846212566	21.948987037329214	23.427787844428906	26.37595972436994	24.143699102433153	19.789623716828345	19.53476404301991	24.460794293786012	23.628811627194736	27.549500288342912	28.850583614241238	27.51307618019076	33.2593126845332	31.399561361924626	26.759780325539616	27.13402478302665	24.33386571106204	22.9996704591771	18.208199149022846	21.655020107767836	17.815250748911794	20.763789776219816	19.90722081069218	19.368288900923368	15.609302123613887	14.584566408945113	15.542664750787099	12.304738948306404	9.953056242515752	8.897052762255447	5.6372341595873925	8.966691614200998	12.524317071255913	10.016590782201636	8.201413035074228	12.743380045572744	14.810773087440367	12.355898410080782	14.279938116257446	18.163494333860115	18.447700133340632	16.805746561114457	20.5506690429944	23.250502083086666	26.000878663542807	25.201577225621765	20.99069175830443	17.97795063285929	23.412092353171108	20.726509061497634	17.846501343891738	23.512973208292724	19.259642684806895	17.78739965539612	22.998552354314455	24.285785475796317	20.97556807078577	18.145428576616872	22.16949257944125	23.75386238476142	22.100501799406217	21.860564562300283	17.510682040111938	17.84209027728748	18.42453834275682	13.540634800131473	11.983128600040336	16.836574940548036	15.576060004762256	10.853168705494479	13.20714727243626	10.371310822002938	12.298933958468558	11.510332954727346
14.584587543020943	15.063634007044422	9.559872547320511	11.687431214265068	10.775376667399657	10.505717060392438	9.86494425695286	6.065566125614091	5.83647040761031	7.28297253888596	5.243387717555809	0.0	5.378512592546387	7.3919633404774725	5.820844260966315	7.352620827181657	4.450591736845535	7.570402321809563	11.581963087774376	9.475096861457533	14.053447712304733	14.259870407052833	10.961136608809262	10.929232291588063	6.228120123122467	8.530791133124772	9.909236803194105	5.32229693639667	6.737699256834248	11.127079493365157	10.046532806454952	8.056956313319837	11.927432905757415	15.092659161252296	13.271908120573721	13.421665053220591	15.747612581525159	11.084309906947794	15.249186447380433	12.934341548615965	18.03925832843371	16.387158507942047	20.583375226446734	21.241315038910876	26.107807353649278	24.959639215718273	29.075638835373347	28.78887332344756	29.013692373822305	24.76670925706597	23.020223105790695	18.799895606907576	17.318463459365258	13.97840881333265	9.75957902239125	10.101745563608938	15.260738257587795	14.629284305027987	20.080400108736438	22.595231275015525	24.444239090555495	21.738679063973027	17.90062882393992	18.937841916857273	24.232351372110408	23.78762259320423	27.88574620831168	29.021806499133866	26.728162843077143	32.31376210741178	30.10615583152375	25.75891826220408	25.185879444462532	23.382395224836323	20.829195361610417	16.84119470827617	20.99220384730045	17.765801602211187	21.687764337610954	20.07579974698631	20.953924772530055	16.887344822135375	14.883404307671512	17.259700297618448	15.177422456946472	14.062078553710027	12.462070444837709	7.307453768719567	10.576340342633753	13.282358871696347	9.680746849138169	6.189556402440997	11.685369769960127	13.236801464227137	9.206604286417273	10.960354690785216	15.37853918431306	15.12434856060377	12.389586160817853	16.63565691479526	19.117346893798977	21.503755960906734	20.6615153444845	16.285432964478396	13.200156547349076	18.871219564143033	16.847314120074554	14.15428328626496	20.04520694906997	16.30567618093677	13.659223293213925	18.791670046294893	20.66613210672555	17.692159306179672	14.032779891530149	17.537625704974584	19.061136267297698	18.02666111271618	17.922141045782833	13.061564570044135	14.004422259378876	15.385174372606022	10.421467793594317	9.172797838300134	14.823304597043439	14.951891153919707	10.376665500460513	14.094394745741306	9.41550603472018	15.432031134651897	11.118597056005283
18.01211725229226	18.859819056449936	13.035519110335077	13.931215301265478	12.663612184345663	10.227121381018868	11.098384139728894	9.526833463653821	6.278756714222699	5.619857160135456	7.301488024636512	5.378512592546387	0.0	5.230671036424962	7.289280463256128	6.658978097444879	6.760925733877568	5.368939830174369	10.254254846754028	10.60595643282783	15.495422785414341	14.61226062829907	12.745517181514929	10.639291294660287	5.9046580109610005	9.92419959372448	12.439612304795295	9.282935308644763	9.740726400506018	14.334768360246443	14.577605199604829	13.034264153970534	15.886185791955771	19.46472757087266	18.42941647522743	18.545953373274273	20.13763880387457	15.179469260125197	19.886329095139903	17.413210083927115	22.721987243192945	21.54059940603131	25.833673315030644	26.588212180955253	31.482926612986265	30.26200569480614	34.3241664140554	33.955924290033884	34.29045919539293	29.954790173595246	28.319922525762827	24.162886186965284	22.506148684521275	19.19217704026213	14.932095566645197	15.415068862598398	20.612562488724503	19.727533158574232	25.227394717518052	27.64879104996598	29.39050591813144	26.284433345696755	22.537424849238437	23.61604708340664	28.688296550376748	28.725452620152666	32.60713970975025	34.0638761475133	31.744885335434102	37.25301761959797	34.7746728569535	30.450701860469206	29.461123405674076	27.585401016609282	24.7322344387142	20.86680976196535	24.3554174580619	21.737507411688867	25.87790890109206	24.953869468734162	25.404123517780327	20.93594320780534	19.75022160305229	21.952047764958404	18.98612506242052	17.22435791714703	15.298153172143524	11.529427067416126	13.157618740401588	17.078394190504564	14.534025317479	10.189111202727647	14.67280388879477	17.515255353349584	13.704482851767033	13.720643178471708	18.801843206408982	19.385948880673222	15.658298630003497	19.22560222363997	22.283262172413515	24.37171264672468	24.07349470419658	19.375586089023304	16.669882918482706	22.51399534849507	21.16248683862385	18.826096202174085	24.655041348835155	21.002776541675065	17.76396738754479	22.704313209575	24.692673046807368	21.449103886756788	17.329423286954135	20.496977602848062	20.996850100763226	19.960130763504075	18.39889578684634	14.584554834886386	13.355422947812905	16.004852994192166	12.190258840460027	8.434806159924563	14.05224586581362	13.31560862054039	8.814659073243137	10.752111806686925	5.421784015618947	19.348757888949734	6.410136617942413
16.57988414822634	18.996344292227285	13.323390256718415	15.057924119343522	15.452278242195046	12.708765121416008	11.46555851999372	10.986457411939146	9.844723512170646	6.575094748105561	6.135313261684462	7.3919633404774725	5.230671036424962	0.0	5.312946115738756	7.031657847759631	8.994740501334322	9.600643211530562	13.960634032419573	12.81867275727822	17.893684033648892	18.15316861020139	16.40251319403324	15.479304798178546	10.823058751006425	14.6069096572327	16.499080972071223	12.38971408901316	13.410928187142156	18.238009539908234	17.380525885843227	14.946747244009595	18.72944422695672	22.341874655931974	20.15430891444336	19.48664767825936	21.702710532786472	16.39151036921881	20.125194623217794	16.3842175014622	21.798300086665	21.82179845817858	25.444338821613425	27.259981636125296	31.60995776081762	30.853708307886272	35.29181255188317	34.422063030302525	34.19059678276392	29.905333001367268	27.918647371956602	24.60489316371687	21.76262857499187	18.759923385137473	15.09072917204076	16.27308345185592	21.518539808612587	19.627036795513032	25.50521836825187	26.91543158686352	29.419246907337502	26.327458229209018	22.14341009616273	22.30946681570619	26.889026002781776	27.292430937233302	30.75495680265215	32.734421476494575	30.901872927654495	36.39854657362386	33.89072740950128	29.371269065515744	28.828257641601034	26.06887404324816	24.07049099608677	19.59820384048733	22.16002626758977	19.55476901840747	23.34344605108402	23.493881956397924	23.04019546743089	18.305602553633502	18.3842162160404	20.228864429656486	16.20928942953093	14.629812345260657	11.833435032274798	10.011499839071035	9.757307900014874	14.557087213362559	13.586215952066567	9.633420161415005	12.772254001719508	16.60707570442306	14.308119449562936	13.883871441351003	18.536341347547232	20.180668312503734	17.459270384301426	20.124770408765123	23.700822730777244	26.35852262272041	26.537750091594077	21.83323918504768	19.6835380378337	25.39812010449234	22.986734406344542	21.116569687556716	27.17546056687573	23.593818496179004	20.919087275405968	25.93815066304939	28.04599307755471	25.01067983008673	21.245891914586956	24.488516145834403	25.57800506478835	24.6197277538199	23.469307390313478	19.334615717130394	18.55011406702953	20.78338065195824	16.529389627144006	13.268286240374248	18.615513614188167	17.088499433622665	12.401155667314871	12.944514681646634	9.285900393131561	18.005489548736264	9.310084026663493
15.978743711621602	18.24722679660249	12.975987285051586	15.876616828469151	16.111268978395973	15.00729826372767	13.18779970951621	10.66096978870419	10.983907261439246	9.849278526372386	6.571935791386918	5.820844260966315	7.289280463256128	5.312946115738756	0.0	4.907182384110918	5.939714000446255	9.479523073308778	12.857513872028555	9.531743639790884	14.321869222542416	15.770884547859293	13.607614816611981	14.64148122519936	10.599342827424362	13.830436235073325	14.160974090623068	9.663213212749799	12.521903511645322	16.514591974169285	14.214146842483618	12.461774735699777	17.181425164998412	19.83957461669184	16.773333594023118	16.664347603362728	20.03043250523568	15.296295845571425	18.186429028573496	14.264024584828224	19.422318292785963	18.831415899309086	21.833730612455486	23.4737388907874	27.4947559608429	26.296910950010258	30.766725308111134	29.549095393131452	29.492362409972277	25.056202528321258	23.554718091625162	20.312994685203027	17.54669985108622	15.115510405510912	12.082686148692737	12.09975265677632	17.4900601562277	14.800668438277379	20.640136572781163	22.082558460453548	24.318263692890557	21.068912338331586	16.935240690389534	17.406003826143625	22.07547535833455	22.81662853295365	26.257609732542644	28.297768033680743	26.02621329853858	31.409645481880645	28.740265823397884	24.307455794027756	23.54026856019998	20.988098672643634	18.777213903418488	14.394651503358425	17.32757016577849	14.812567984977786	19.136346414811857	19.028619267289674	19.374335410178762	14.342518377333459	14.109998150571435	16.9978314749069	13.683584880347487	13.728223219315	10.11219743441063	7.102005588127742	6.332741450993176	10.253720573701434	9.225642168439565	4.613280291225883	7.712766441402716	11.386616595687848	9.359928560048841	8.923964307467452	13.301366300269086	15.07875743971115	12.942770526594506	15.396931982085587	18.902684849114145	21.84504959928576	22.149288295478566	17.592147447066814	15.931933295388932	21.34364935325105	18.311856649440827	17.07671804386439	23.24296445007094	20.326693122253566	17.60858961246703	22.380742462622084	24.9676624575221	22.66541075333349	18.9266952828722	21.70047870344725	23.595210158328975	23.276032148065394	23.16871244282538	18.131809073296804	18.932942726734503	21.033124388241593	16.1970761626936	14.351829640316454	20.16061632566267	19.715895785837983	14.92943388064416	17.08499246495039	12.542301801544104	16.743464509020605	13.307607500170155
20.431435482925078	21.98162195083192	16.484564029018433	18.726770359617223	17.7639310371823	16.41465752405355	16.13498222257892	13.315174926568048	11.814427525272874	11.513286224835774	10.22246965600836	7.352620827181657	6.658978097444879	7.031657847759631	4.907182384110918	0.0	4.772151233534335	6.10775502449951	8.546596593553907	6.260739488280478	11.17479718559001	11.997304652210584	11.081112464633984	11.76077683552871	8.938316879019892	12.826352867748835	12.776606743594822	9.615024338170247	13.166532826879294	16.570665281412875	14.838301683987828	14.59959530178776	18.734022885582775	21.035101402844976	18.765775731200183	19.63786738888428	22.78049083139203	18.303192933871976	21.84071742454287	18.575130271526756	23.655234619294337	22.243797505530765	25.401538474917857	26.22522748452698	30.403206168218873	28.43485999581846	32.592838647999024	31.335298352503262	31.960074017367436	27.30764664982252	26.606080836790895	22.872562138193476	20.97514389476104	18.744876287994526	15.563360416917048	14.360700547014932	19.864953954919937	17.235701516413386	22.637636002607437	24.772427901643145	26.022169316510823	22.193772737954305	18.715230603900196	20.238097936550396	24.885511036217704	26.164148044434775	29.542649821175054	31.59300673075364	28.630460433155438	33.737244835390634	30.660003613904934	26.57990020802397	24.76791823874793	23.084229685758658	19.689848178784644	16.33835211249536	19.25822718392705	17.815213814951463	22.781644597593903	22.46676984058242	23.561230480232048	18.382999969458798	17.828786311502494	21.337030692480084	18.45028707710906	18.541826781339747	15.003518250700814	11.57352928765123	10.777368640992107	14.151592392456699	12.866793845815984	7.447199930282283	9.910149146067683	13.574156722466205	10.581328829612564	8.312488455281297	13.526615828942532	15.477229924092198	11.73116265094807	13.782050930598544	17.586033830359483	20.007617157880244	20.81509703945446	15.952808099848381	14.817942457191249	20.32868380732586	18.25744270006236	17.60341156444483	23.73758794399683	21.397393501204807	17.558473744823775	21.94998505485534	25.091980108317234	23.026806833298703	18.54699513639595	20.498037947754757	21.82261539246346	22.162898641263748	21.489976260516983	16.697818648258572	16.977562264711345	20.277117768534772	16.13280749873847	13.618841051602772	19.569311378469898	19.66490645499953	15.250262329735188	17.299764335543912	11.854455519544006	21.218236794147458	12.442047110571902
