0.0	4.687661715425901	8.039098315991698	10.251606216361042	13.539830322266344	17.01260793820753	20.883825221729	22.258489434022827	27.324632875716787	26.465956696050434	31.946542787616586	31.299445970211753	34.64578461121056	34.729852259530126	34.827871763850034	37.94332974375296	34.52815720213542	31.433075971300983	28.17525229132682	25.33165143336281	22.46135119621142	18.275304258910314	17.35552490499533	12.909169723965642	11.463794509308174	7.397563424239817	5.737982103435984	5.138079271584095	9.759270113568466	10.351202717551555	8.708184317497805	10.643521458058562	14.164719614867009	14.41510682052628	13.776514645553862	17.06716131369374	19.633484575211007	24.124546570347423	22.596917315872084	26.976634911435504	27.621840669609544	28.828025304439695	29.520204598237033	26.769772144881046	29.47281528143685	26.429241355286614	28.598796339941796	23.338508511488488	21.31642571592494	25.727947390551186	26.615014822072126	22.620378253326134	28.18038663839319	24.08790396404935	28.308926787434984	29.188122910583083	34.23821694773877	31.731899780042763	34.3707150366468	31.540047532484607	35.36407320728618	32.06261873305	35.3039804989241	38.29046204528599	34.608470186505926	32.43950252431689	28.84507460270726	26.389888562181774	21.48755227637679	22.50716809225502	17.48141452513713	18.984823407172826	18.48207749421682	23.428610196335974	21.399382543225652	19.330203191903344	23.83246287721845	25.570332404427663	30.070800637959426	26.577665205234727	30.571475936121406	29.68787596708006	33.3065252380342	35.925783081489676	32.27417165648028	29.526586002225713	29.768749476535696	32.31209978802023	33.54081505046702	29.642982966517867	28.693429076161014	25.693182613352118	25.98321882176043	21.93503712424318	21.03687627498408	21.031052022839184	18.053511732453416	20.463837527985664	14.290506879467936	16.689079499505443	14.816265092654065	16.69110940739755	13.123934995958102	17.69905602187261	17.748776050803258	20.651870795106223	25.15384725281808	22.86424918040055	26.445109266549025	28.552525184855966	32.50669813174572	35.21411293975792	33.24559247941547	29.84621193298017	27.261416642977593	27.77129868026697	24.210281989350097	21.315758741639073	21.336190924508987	16.354889505827725	18.503904830685293	13.90970677641466	17.015210083794784	15.556009833825463	19.646277982852485	21.89503435254676	22.577092365127	19.28535379261543	16.437927846785268	15.727528045648462	10.956202768942136	15.329692250073537	12.665942481958618	12.889820178534809	18.32263277507932	18.853649162803837	24.13093653986677	24.331890849233794	28.262829885032318	27.379133770030766	25.121680261528304	29.158070436710375	27.799986128147577	26.886266997483617	22.451211098428868	21.44815380067881	17.977976261289403	14.427633981453907	14.879184803125604	9.198974262848065	2.4480943942036433	10.758520073404105
4.687661715425901	0.0	5.707011114418512	6.425953168460077	10.05202536492693	13.26050906802437	17.009401465865352	18.89814324230426	23.72137047969081	23.67253593476842	28.942728455276697	28.795600041586077	32.411085528876406	32.690535538809435	32.257471977592694	35.1554155856306	31.487714067631487	28.01683722484101	25.221820494576487	21.772836962663423	19.713880054251803	15.350079159968564	14.534735624841232	10.759231636330403	9.105910662389824	7.537362056573732	3.8202579534121286	7.463525449840925	10.190337778462027	8.817612822448838	8.73739843976321	12.11872203669816	14.066515498776893	13.733137649770171	14.800354054758616	18.05386572428561	19.407536312021648	24.14479382436651	22.117176238291158	26.221731206684336	25.872894866252647	27.337116814244006	28.65865042055096	26.193585933939055	28.890379998009216	25.42680534278393	27.06316413951391	22.03822470200581	20.043895783781114	23.675220557718884	24.289448271259154	19.691491014532833	24.892970676958672	20.57911809817754	24.5073988338032	25.802528874117954	30.887181992867248	28.817871745083714	31.38914980502993	28.29105422465276	31.809265185544405	28.173527294331695	31.4988810594289	34.19522266021251	30.33731108629857	28.27175096649216	24.51404397131864	22.404051103739505	17.346646236214184	18.221801529157545	13.626802906187939	15.169131837109862	15.413702409761667	20.624846275252587	19.08896978696151	16.156699123965645	20.29688534017256	22.79922770860467	27.129154108593294	23.800731559979287	28.33636958037481	27.2980207583435	31.51339197302608	34.2084194957876	30.92835781512933	27.823399953776192	28.754500086148795	31.14114426766338	32.67537294307505	28.646103899554344	27.169921604578185	23.87044049534765	23.800313778349867	19.1283759351537	19.181811678909686	18.356712563318773	16.60993993510641	18.68665149273229	12.675316393095573	15.97595911811837	13.611444809967432	16.872263687694616	13.743359540459846	18.364061180500165	18.51088501859793	20.189710232224925	25.254634858013546	22.31346911541282	26.60424328799793	28.418446423468893	31.893864962006457	34.52912265149126	32.689679772188285	28.87052076734993	26.431925063343876	26.058443689313332	22.29197711320668	19.228633307215016	18.42093395641733	13.389630913724552	15.746115020488936	11.859309746582728	13.882202000715875	13.75633501976172	17.69989019383903	20.63215785430475	22.196628613345712	18.28580382820956	15.868529049640726	14.244360789947912	9.404479872412338	12.152370083586716	8.992356310620206	9.443466375839156	14.452416414983366	15.263249554550349	20.530127456929396	20.228419271583608	24.463655070717085	24.214284795242815	22.21435007431813	25.743503430046317	23.92616261914742	22.638345855246524	18.549563284573765	17.069805827490917	13.527810773844074	10.244605748020428	10.289155458760977	4.650284740480969	5.585503596604107	6.557623528667634
8.039098315991698	5.707011114418512	0.0	6.16411391258443	5.958456084122689	10.786139007538315	13.523733618710542	15.755389846370514	20.308350601880033	19.639755652807004	25.238661741654067	24.23960900134242	28.254880249251972	27.89358464057528	27.444625586262557	30.864300549907448	27.014887361403865	24.164667396262082	20.5939622608509	17.641625600299655	15.113743952620844	10.40822710462172	10.918161147453912	5.761394262300322	7.313028872104203	6.489981293740829	7.316494246857264	9.589536091960898	10.415516499868941	10.590477738574197	12.688999795021076	14.367994964034546	15.422187129395878	16.693589312260656	18.312651442359826	20.20045857597099	21.5452573475558	26.81235789326717	25.635560998127975	28.98929869987251	28.366137551157042	29.107557760957746	30.90859299218581	27.741149825253654	29.704885533364692	25.713234015288997	28.02045547982846	23.023137546885145	22.165707230407527	25.06746563956258	26.614509935890627	21.70547950706834	26.488582325260676	22.777198228884018	26.005099966486835	28.200184975069572	32.91685979621443	31.367155106702175	34.30865834189337	31.280528411498803	34.26839526440677	29.990574913773237	32.704067531212615	34.886217534150326	31.02300428462008	29.782396285754494	25.202598054782307	24.460298738262505	18.795512281211998	20.389740534883337	16.799455730800275	18.651946324039912	19.718814961162956	25.082012399277257	23.684801540436865	19.92967073339623	23.74243555932316	26.85898437566853	30.67963104196449	26.962593762261022	32.07390761263532	30.164657756340894	34.77394862316235	36.93254643854439	33.535268384298526	30.825649958449123	32.020662056239054	34.88212040263858	36.94041029648458	33.1805957498969	30.940401125323376	28.134268582848957	27.071284097655656	22.193694098963082	21.953152525496943	19.864782913530274	18.246919632865993	18.57892832395406	12.98902244775125	14.65488865771275	10.546469321201458	14.474293166815233	12.703274513291552	17.30732069022393	19.115249135263923	19.77728044982803	25.042505147047113	23.094503415331154	27.627509296864766	28.345035166281527	32.31359723778851	34.238916814179134	31.682103399590268	28.364340349856146	24.914464243433972	24.203652089245963	21.4760746756848	17.691436816368395	16.273875302482722	11.880544556197894	16.096021670272794	13.72764083282094	16.338751926919493	17.49733593835345	21.995771339417175	24.567351780243364	26.673686381488473	23.19109238038066	20.200943360572516	19.26699151929482	13.946150968683757	15.899097498955475	11.85288105034222	10.063359910017866	14.960594089446458	13.612194359992182	18.985200098051283	18.02321963687491	22.07457097439366	21.45665499073636	20.32121063054982	24.147849493489264	22.38755674134818	21.89537482521586	18.471201287701266	15.975313701815118	14.36502273315905	9.330185040006256	9.472984023067228	5.361307508139147	6.8978264983675714	6.087881772042563
10.251606216361042	6.425953168460077	6.16411391258443	0.0	5.963610775634909	7.04900571717757	11.60514689812144	12.674912179425483	17.63704965477475	17.845365280422495	22.82875922186175	23.313385961716584	26.741050275674155	27.54421084872721	26.957801802502633	29.33487783763171	25.88970199000352	22.064582591485358	19.880733461015843	16.432840003384715	14.485985631574923	11.05189453905076	8.856111847489021	7.477535426680949	4.379910541606357	7.530129462711973	5.623231661756382	10.116361296394416	9.314746296584609	6.593816470259628	10.029015956351254	12.779344107432511	12.154944479848622	12.433158726561814	15.563092400179004	17.414634774278294	17.38772390944248	22.555609102522297	20.97078305448197	23.974496603867458	22.679822172570343	23.674189147163077	25.82704507567522	23.152673746935456	25.341909706441566	21.299238706247813	22.810706823799407	18.109286233048213	17.01993131391488	19.402658101828635	20.660202517141624	15.596342578951138	20.331357741865176	16.702711707396613	19.993560446152358	22.139803018293357	26.787130271381425	25.255590221240773	28.292532362800994	25.40028043297808	28.347654706213643	24.1278551223932	26.737108542595042	29.204042561303098	25.539539580956806	24.22013995590539	19.772946069819774	18.753734248303076	13.026680553836112	15.53528490319774	11.70136962471776	14.548329137500009	15.243979696867	20.736231790217616	18.929593417730278	14.659770219369681	18.592587419063353	21.604603832979567	25.00669019132522	21.044118983182923	26.385307774908455	24.188214037479106	29.0222949827575	31.1510742617649	28.013064751934177	25.136111183931085	26.746412546888116	29.53410748612088	31.902034826569203	28.288242860499565	25.49155892766417	22.88920446514682	21.284867127822963	16.29740974672838	16.370180113769518	13.90197594548234	13.228750520085288	13.864174760324016	8.650120570364987	12.184080740758704	9.623798311596719	14.154833040564933	12.073362557218273	16.112167582408976	16.7825924479494	16.553914793271105	22.07314799291495	18.974118565200556	23.967624882882692	24.92654599333832	28.059113963183243	30.28312476089988	28.372320557656238	24.3678399294271	21.871597974146823	20.604597361417028	16.973103509931313	13.658349930790632	12.17640156363078	7.258090268448709	10.436204198130465	8.511358437127258	10.347590703576927	12.453397145836737	16.93493865423454	19.491590780328455	22.313007126332444	18.93136945915983	16.01403034461716	15.225758208674494	10.033736645908872	10.683367229123702	6.351833297224483	4.0121400536041385	8.956390759924124	8.843168021916123	14.152416249297323	14.150123368588535	18.126535903594135	17.854767251053453	15.958655201331052	19.382955370539655	17.63555511409714	16.83803740195894	12.746498365450826	11.402186227426185	9.074995669766075	4.286871569491472	7.194620864409805	4.734157973191435	10.19929508135217	6.8706111107091
13.539830322266344	10.05202536492693	5.958456084122689	5.963610775634909	0.0	5.7782873920876385	7.566334768388212	10.460641808449507	14.541556897942467	14.672512819073297	20.000905144182703	19.4972680716137	23.824469005335686	23.687285741253245	22.60850872646484	25.736316304381237	21.65883961726613	18.474506522132845	15.370572621648236	11.858365458806489	10.239524258988197	5.557723817857797	6.662670424328982	4.361738079986024	6.890208417316404	10.064727023928887	10.709741668069439	14.08752529847604	12.945173073412366	11.926653733057867	15.664676740388336	17.494772193005097	16.732055661790884	18.014146053361127	21.06723192496153	22.23811872475893	22.33421044107139	27.7090754889784	26.584806662997572	29.09634678553274	27.437592730230442	27.97354063838904	30.551311902710182	27.47805971682685	29.001295148717354	24.54034735216931	26.470128468243896	22.05811746290216	21.89735671150578	23.4054422593469	25.165666809100056	19.87850163795454	23.736254322910014	20.54848369694538	22.835524683078585	25.885158033794088	30.15495971137771	29.351338051134416	32.41455172206121	29.398385168541907	31.681945257642052	26.86315893468832	29.060342372737555	30.67266696320219	26.834944157313753	26.326249370748002	21.193007651355973	21.760973847883413	15.910995100348476	18.141840107175344	15.925028517771645	18.13678201143134	19.974261852719106	25.266975210612472	24.185362439916446	19.51659236318556	22.609354012813807	26.411344343802167	29.477735945390638	25.71696474489391	31.406840802473436	28.831526217645518	34.00532506887464	35.8189271274131	32.80619974879679	30.12624512012693	32.03302678002056	34.94380588504204	37.54244499205196	33.99727622982675	30.88596401864039	28.353077034709358	26.344832642788457	21.187528710078325	21.546964755059342	18.102783079237813	17.967226413332405	16.948533984935683	12.731594126205518	14.32311431172618	9.755961764707676	14.985896000123368	14.470546789675355	18.320906482573005	20.513319150088588	19.399932094189094	24.941643129535368	22.817451558694238	27.901349987656342	27.83589795786393	31.292708472609515	32.77590081839352	30.19071233928115	26.727394392435013	23.24439779760091	21.335243463909247	19.023230369991794	14.997299594452466	12.211214859451234	8.870363700348292	13.945520794637673	13.765903519501835	15.306443911463534	18.25238443843569	22.55895262524335	25.18347242714665	28.217634357002005	24.789786137968303	21.953022922302175	20.9742116505704	15.965331347762447	15.954923249444615	11.72201612711985	8.837036530151025	11.927238621185555	9.239356542041403	14.23672617848415	12.402591719798698	16.524680451136405	16.43936743611159	16.13103293652951	19.364446408507586	17.230890206939645	16.989409441581397	14.51370380486613	11.071023745424275	11.376027321602955	5.93850674497327	6.6509510406633225	6.869553973306843	12.642357601303585	6.951985354576006
17.01260793820753	13.26050906802437	10.786139007538315	7.04900571717757	5.7782873920876385	0.0	5.556911199108012	5.913516088853796	10.600630027468904	11.59728126826213	16.160511186353514	17.25414119737006	20.864645687340236	21.94820122045625	20.803860374213823	22.75144167837227	19.25694743485583	15.1062222689503	13.648523239382742	10.057361175360631	9.005370758460415	7.443155121908277	4.539537811794092	7.981562841932603	7.110363874552104	12.48902944125877	12.51064031631289	16.296515661477596	13.713657769422209	11.439609800384112	16.118293768606385	17.933140005541023	15.515838766593403	16.51693010027581	20.709672518085803	21.20111261066094	20.010616356157445	25.179652657655133	24.17043299669114	25.807593949043476	23.403594156398306	23.73101384998257	26.841092064916012	24.03095477945951	25.30568802148065	20.683284289634667	22.03012943650808	18.259412097914534	18.603430634849975	18.911594657805082	20.88117128459363	15.637401895325294	18.816934486934386	16.449370469328237	18.124130444552712	21.579947170827513	25.343432927706562	24.879913058612704	28.19602593794594	25.52581524234282	27.400955750315685	22.428080286777817	23.969270451482238	25.608958111933834	22.13882529365755	22.13009106113551	16.7616997777347	17.96910127936145	12.134034328446567	15.843621253582153	14.236429234736349	17.331071828782243	18.887107823595464	23.989999827541265	22.54236896373304	17.437743041568602	20.250203726986623	23.924991654266773	26.130518553863027	22.02263084100879	27.973571489258138	24.685534651326694	30.088637379114786	31.498163707611596	28.764981934496245	26.264160311998545	28.632329200523046	31.63210431247197	34.71726163485406	31.577206795151795	27.667800355268724	25.75792462569128	22.769707942896964	17.809569594161726	18.24077919319143	13.844201073451032	14.968751331123697	13.063413129104559	10.626961993029791	12.688690135035815	9.631149740168661	14.954209873789232	14.847888129416217	17.68028541398022	19.34757034427825	16.852283962636285	22.38331472639916	19.720159942527715	25.11581982672719	24.722179669853187	27.407203536409	28.783192826652915	26.597904120153267	22.748627794083838	19.91597342727777	17.128128478656684	14.561481036049143	10.86066886403636	7.226656769413318	4.9474818407108305	9.66693487498638	11.626486980830991	12.305188993457802	16.436553376103635	20.545309035754535	22.71812133914915	26.461686796553767	23.562307849026446	20.705111077496504	20.295605072503022	15.743809255757883	14.42216746683432	10.606783033826053	6.934958683996204	7.589295552059717	3.6072598408162895	8.478478137901972	7.611588408824714	11.389450431927045	11.474027669978014	10.843576496926895	13.690554022622829	11.650255633725232	11.854892642644925	9.214770389124197	6.697265998676071	8.60057307107531	4.030907259393574	7.993077799174938	10.106962847329928	16.478529047308985	10.878593664540988
20.883825221729	17.009401465865352	13.523733618710542	11.60514689812144	7.566334768388212	5.556911199108012	0.0	6.11253390016536	7.7588562926354525	10.237011522986208	14.338532921907838	14.964774600238881	19.585776577757827	19.86094395418321	17.63455285601307	20.038301152562898	15.620136706118638	11.746896070283489	10.141424127570367	5.209813501262845	7.269517190270218	5.996967360309913	7.33332591106858	10.239059205882077	11.988115123007628	16.751855780441144	17.167051834394176	20.91518007016447	18.64537068409015	16.853127866903606	21.34006531893906	23.18433703072793	20.950335824518344	22.058874168872716	26.18860570218629	26.657373387195197	25.467773113261252	30.594502070982237	29.558631218901382	30.98097251165243	28.127533287262658	28.39366766886136	31.809341788737513	29.051246741788702	29.957263449870027	25.207398622469373	26.46205949787275	23.18732682827216	23.8616546658135	23.462934084533412	25.323040130217677	20.027189887603654	22.13269357905569	20.007719326175714	20.624163529681343	24.72210099413049	28.08448839924148	28.411534714034218	31.463307012866984	28.601831731692144	29.759051228537583	24.389878419100807	25.673397547493508	26.262747460957787	22.615018334324752	23.345025130237353	17.6723106578058	20.34836794706969	15.040135668124421	17.806661036548128	17.790215218030756	20.06062262505827	22.586681296823325	27.33169447919177	26.722041236538097	21.437389056942553	23.286709587811146	27.668328038759885	29.591013114510158	26.050153579745388	32.13691474446795	28.868776840142846	34.52185066471367	35.83603731241008	33.464338020378804	30.931956119470218	33.634041288245996	36.45868627464681	39.59919935663681	36.416901444755055	32.428353586492804	30.327549235424204	27.323400415496607	22.24030104484262	23.347287083604105	18.60606452606338	20.36471325926978	17.878657981544386	16.075963283436263	17.31016929187194	13.437597110731106	18.741996558795854	19.412635268333663	22.12695704527073	24.466731301814008	21.57211748441409	26.930498084870838	24.736696440000784	30.111244101004658	29.13167207859176	31.728454153400772	32.57312126125971	30.09789355691588	26.634442547401388	23.406912654273714	19.94608814828094	18.509756352281908	14.811342516385206	10.353305468211557	10.169843822671853	14.711641415096988	17.156590363687183	17.163293887315977	21.6678901655728	25.324979045758408	27.844790972541613	31.71750298943718	28.503251055716934	26.039407781044204	25.045154174316973	20.812527701724754	18.898245639009613	15.31741563670027	12.298058152154205	11.859564928695995	7.861380065845499	10.300311761882151	6.239577178581697	10.229233602495807	11.587827168306266	13.109546734335813	14.677143783943801	11.858716713788755	12.155732728000933	12.127025930168466	7.435359178187014	11.488220789960492	8.445531815333739	9.30086776929782	13.090152113038553	20.12628220111794	12.759525060464725
22.258489434022827	18.89814324230426	15.755389846370514	12.674912179425483	10.460641808449507	5.913516088853796	6.11253390016536	0.0	5.595522902273381	6.187419102754465	10.26223032117934	12.023145364368274	15.296083714385066	16.920137674883946	15.739996529311856	17.032388934618524	14.061522442184785	9.806244271319255	9.24408954572035	7.268548045852253	6.110862510668323	8.626585079707567	5.523211338210592	11.3074563540231	11.28741779381115	16.618223246898584	17.79756866719347	20.83553932457354	17.229448175361714	15.737304286454167	20.839983935638802	21.655888482933097	18.313288242377727	20.099228053136454	24.537295297912458	23.84548954564674	22.154648909725342	27.13785394957581	26.970708625750568	27.46451332644291	24.7380840483077	24.164793600298168	27.73277151464305	24.628223011603563	24.924044257098096	20.10480515594235	21.655121414341252	18.79996773038408	20.475885709943643	19.419007725653696	22.28565103624	17.682299876892102	19.616140631532716	18.82866833126748	19.278144945339474	23.312503282751944	26.02253950670782	26.184806241994114	29.801807696591364	27.68112290030517	28.794457406062104	23.631139500533607	23.857259553169595	24.92827644122481	22.140240828576218	23.350874574489836	17.71252957430388	20.391880460730587	15.19283504847669	19.647997127539984	18.959795597777372	22.248504495521814	23.756319576186716	28.56454123236303	26.939923052959326	21.75529767531008	24.126109653870166	27.645072711844545	28.924564403591116	24.545214398867177	30.546046305362612	26.345815786635267	31.74300421554352	32.32347162869153	29.732547407094295	27.92982759737459	30.51185585153606	33.842097615533426	37.449729299690624	34.8685986229866	30.22228781105325	29.19322955884445	25.210652757417865	20.873905418057976	20.80019667334581	15.66743732947453	17.20169721037947	13.405144560608695	13.422839008267024	13.65574643559512	11.141577546864063	15.728727223503462	17.106485283240417	18.650368538215886	21.03726997465573	17.07339995893793	22.054315803787148	20.28333708296779	25.527574475848457	23.90114682663772	26.338210080940097	26.802266030285914	24.274284460052527	20.971532956395205	17.776994132170735	13.948057770663072	13.097194747027757	9.594033653685539	4.99826558782395	7.52509401505428	11.51318338754435	15.309915379507244	16.109968521982747	20.544705171458958	24.604757755437316	26.029374381812303	30.117874040534716	27.955869186031375	24.809447961300005	25.177242593679	20.74103461491954	19.217170807747987	15.815201499034707	11.844170652643326	10.911512940801954	5.418279369871164	6.191237609669354	5.994066994924226	7.127676521170675	6.04890962917615	7.315029080856896	9.92899182884671	8.788206765061599	11.273194272500314	10.25817321423446	8.707902510191532	12.967031927728359	9.812746346578063	13.346705228464288	15.93490680965487	21.417395452622827	16.50904575546165
27.324632875716787	23.72137047969081	20.308350601880033	17.63704965477475	14.541556897942467	10.600630027468904	7.7588562926354525	5.595522902273381	0.0	6.020508910226312	7.2005966514848705	10.010551197763634	13.665824206480654	15.179781502666094	12.658000265146626	13.301061228812909	9.819494460923453	4.743286403650142	6.893006416324529	5.381604213878035	7.963873652464731	11.468107474534998	10.689826811986082	15.846351641886859	16.734719841507037	21.96238989776188	23.020714783505426	26.276667176387274	22.79744049406388	21.21080951041022	26.23904877346615	27.24682417687473	23.802009411954035	25.381679805631993	29.998193802425178	29.256867016246673	27.225909343644634	31.950331365205884	31.711929612176043	31.769140128145903	28.433844700501552	27.805364382831392	31.72656645936089	28.930565500443166	28.840321955653028	24.098904233169275	25.168907222074072	23.174047894960303	25.10319896240119	23.08655524090185	25.71240225090693	21.292564832847027	21.879584407785682	21.676456744450697	20.903470306279413	25.478186737497815	27.467015355405415	28.520645694603214	31.879781146599125	29.798399660148004	30.039708867638996	24.64388988563179	24.229775428933802	24.184928003015454	21.62444378558556	23.81370672996162	18.147347743187375	22.26595519417446	17.88768633319403	21.827089637227388	22.518884718534796	25.343628149498652	27.44725467831495	31.81979955440155	30.786475021898124	25.45414776899528	26.903351056982295	30.851832565677757	31.550928903551963	27.68110356173427	33.72266898245567	29.40998165646358	34.97597547254746	35.31262333249828	33.25608844944564	31.51023741141032	34.50667979159985	37.61381048434926	41.374085960864626	38.92126277151096	34.03011896422726	33.03982684653605	28.8420510218641	24.59765665136347	25.18842169085614	19.770987297540035	22.189475727900952	18.12664660011298	18.90542759414341	18.95497291967179	16.39750631568511	20.73347047886165	22.535951650011718	23.795655554973628	26.35351869891721	21.948288411517137	26.517042987037126	24.94823927003513	30.076049795429807	27.937254164760063	29.83088965629747	29.74030915170307	27.254139567506527	24.30850561960388	21.30157702121045	16.737788688872783	16.955339680637223	14.168115118215923	9.747183578592729	13.007928602965372	16.26719433719707	20.54894072535058	20.478382934603147	25.373745519427835	28.895704520080884	30.49146448755762	34.831898671219015	32.550844941550906	29.81048423444279	29.787455042877276	25.786270766489032	23.492864585211134	20.429057010435905	16.94390886673181	14.887807527318051	10.262204766347597	8.56154748477701	6.124028633663681	4.932587086842599	6.16457928371258	10.073237634382505	10.054438206059327	8.40515231756228	11.361020494877595	13.001125937715413	10.661670784442933	16.159985970343747	14.256947823600473	16.52215537870569	20.218947929983358	26.45842361025966	20.281547276741247
26.465956696050434	23.67253593476842	19.639755652807004	17.845365280422495	14.672512819073297	11.59728126826213	10.237011522986208	6.187419102754465	6.020508910226312	0.0	5.8717657881587115	5.9286385265114605	9.475516063319976	10.752397897729228	10.010222634522284	11.58286586508468	9.254960955178728	6.89561638935046	5.313932157589324	7.8487688343687845	5.302891303770644	10.71784629356304	9.197829256946845	14.228846380646722	15.564290997290382	20.090332771861757	22.591132154946248	24.703854190995393	20.670882412540372	20.44749263657147	25.636723334863387	25.416484447046226	22.02558156105806	24.77655524825718	28.845885273217156	27.263080850266192	25.906354107953824	30.82877318128211	31.544064407197688	31.441598562618648	29.054702387145056	27.645885090724406	31.190442129739438	27.536115856893705	26.902615407291457	22.154198539955182	24.46364492635593	22.07301361709544	24.694137897315805	23.3197887186434	26.956950793125944	22.957693473977116	24.464277230572662	24.49022572085724	24.49116529824752	28.630410592980073	30.700105312742505	31.089497747978903	34.889984860470825	33.14123302174225	33.90298728485277	28.762413600986346	28.16871980331696	28.78226576271916	26.552980259043746	28.47389911969118	22.85852014378463	26.13841094565187	21.217849600600363	25.710157360091902	25.13278123423088	28.408767899015622	29.899271871921208	34.732745913630765	32.94791448242749	27.835426638899612	30.229907749976782	33.613356610153886	34.60340333921198	30.024435984385125	35.90666988264276	31.23013527078308	36.37603081030295	36.32275235492378	33.60251932085206	32.483159898645795	34.87002171375714	38.56145452663393	42.4148784158262	40.181081574627406	35.26691816302311	34.78688099703634	30.408660347570557	26.51592294483618	25.762153748556617	20.66760215810363	21.535570961240563	16.756343043163092	17.643639264851227	15.931104638391714	13.34618923196914	16.700268807044388	19.440897753613623	20.054726828959872	23.5156666004949	19.023127854480435	23.182186728549805	22.93985262344414	27.639744619215804	24.84620125497184	27.627101026115326	27.040099128133342	23.746525468152498	21.67112218278722	17.532765259329867	13.64488890061268	15.239873759762663	12.072865528715713	8.94782532947929	12.539692171850321	16.472995348286723	20.331100344895507	21.89632447185959	25.991454438699712	30.327968312774317	31.238206551558406	35.2411447117988	33.56564282278874	29.99050558953432	30.93567892109638	26.174911917335397	25.209411269203475	21.686059056281998	17.400268620843843	16.9452894536105	11.381592637745023	10.849503653059397	10.796627707598237	9.43474304608092	6.333022347479193	9.636296446270046	12.071006958805519	12.35929203608034	16.03958305141751	15.888884093500094	14.54914870141139	19.136571934163467	15.617602470681677	18.759259147610415	21.013242237936915	25.192608962303762	21.387892372581423
31.946542787616586	28.942728455276697	25.238661741654067	22.82875922186175	20.000905144182703	16.160511186353514	14.338532921907838	10.26223032117934	7.2005966514848705	5.8717657881587115	0.0	6.084453673779924	7.105970266712748	10.199623950754837	8.85933844449713	7.334942349912168	7.059850818868335	5.000124304781248	7.996950432886109	11.045856826802169	10.928822278816135	16.180893017174917	14.601611487432313	19.989013201977393	20.76724798162705	25.589639711314764	27.695888940312127	30.022851345290718	25.756153855175075	25.090285329845532	30.31715491653363	30.164819049560766	26.220318524499966	28.6700614039833	33.095958511772835	31.175274383408198	29.10553714380029	33.51995985034778	34.37981633711063	33.45966151581922	30.51113131213397	28.797156860966346	32.687866696624205	29.429875859465145	28.256300565704755	23.769454380446692	25.422032963781426	24.22922699817997	27.2993156642593	24.718526067977017	28.34675912202607	24.943038144347096	25.133358483178476	26.221045208304375	25.165606082604075	29.532261806742902	30.61282608503809	31.68596649320959	35.41132351155566	34.08576931990209	34.07334892734412	29.024481224399526	27.417985874123154	27.35510059938979	25.889934665114513	28.692013571197137	23.380288276159312	27.548852953107183	23.510365749501464	28.14936044021732	28.419809105920315	31.699358902703025	33.23674639192533	37.63806306468377	35.959253984196266	30.83126036742476	32.60050297803639	35.90677498469495	36.06992486753262	31.68255386129196	37.43114887526471	32.35535727425635	37.43511582358822	36.84016508164712	34.640495871371975	33.88142854202806	36.60551866919776	40.191294320916526	44.34120699711051	42.523771457674805	37.156161580646426	37.173623149745794	32.2640364943785	28.86524103035299	28.336168051251732	22.9987431161029	24.747258639872264	19.596505760638003	21.8808547434787	20.2980459035437	18.697300594792118	21.56697938674817	24.424343323948033	24.367833614162677	27.450017596384335	22.26548529891208	25.70522097746483	25.49993408997242	29.935058635108334	26.59467659195083	28.40876366492936	27.1932751775395	24.259705415958543	22.521822389430977	19.202077563531372	14.524406309816769	17.052657826591872	15.134298197960206	12.350287944022805	16.917177766331807	19.589069749187942	24.294009324551986	25.11211508705442	29.57387139193734	33.412041204586316	34.04183584022086	38.35582955585999	37.00780011163583	33.67605873866413	34.731239945369886	30.474290363006748	28.805644454580076	25.77822043659237	21.781604052028015	20.047284163062688	15.13375017966139	12.441979622558856	12.736588399125147	9.064966643679547	6.6078790577871285	11.010374705654524	11.117829907829522	12.213769329727503	16.604426636810075	17.823742672114335	17.197925283104716	22.393388501499768	20.052915874121563	23.135819185263514	26.061228310385015	30.809492781314226	26.40895199343301
31.299445970211753	28.795600041586077	24.23960900134242	23.313385961716584	19.4972680716137	17.25414119737006	14.964774600238881	12.023145364368274	10.010551197763634	5.9286385265114605	6.084453673779924	0.0	5.829022811159357	5.188276640293565	4.489174060375992	7.099580549351171	5.7670491900490815	7.579335089979569	5.638849507686027	11.00217520753827	9.272396630690999	14.643696834629992	14.543814089196307	18.62310773609616	20.860627398177122	24.795044555158412	27.91497882269812	29.56866742992012	25.52941847788003	25.956446175814577	31.098630907581718	30.407654221494077	27.160832197692585	30.330110437181126	34.1489180010499	32.16269147597196	31.052265993791597	35.87656865768455	37.03062347558617	36.61063222212219	34.35331081537255	32.53502344990391	36.05417662839547	32.17460408839596	30.963248857055444	26.418849883602526	29.040105214871165	27.038594134475073	30.07805811416333	28.492111052570234	32.39785823768455	28.674166535575676	29.804595045299557	30.20108436056887	29.827303624912318	34.09978952650019	35.75460766509871	36.42354033945132	40.23293414212426	38.638189703597135	39.06501838994836	33.898572823144484	32.837199273616136	32.9364908570851	31.031937780944624	33.450382413315175	27.876579301250345	31.65791761304633	26.941968483471225	31.261806599521822	30.96763080949803	34.099206165877035	35.764196744625174	40.57542754967206	38.87281156078771	33.74228383631226	35.99726085169422	39.463916917774974	40.276991520703014	35.726340716695816	41.56362734997488	36.68324128840155	41.71477283268256	41.29810058281911	38.60983813867434	37.854016429174486	40.17892668823598	44.00705529484582	47.985360646533685	45.92451278890441	40.87997256389018	40.6215183187451	36.07773631627131	32.353785595594154	31.434399715881174	26.361745519474784	27.02071037158517	21.93969826394838	23.102395554123063	20.555150292292435	17.899223259935702	20.35984875918485	23.77388982352487	23.898185300523345	27.955459182066623	23.377654268647245	26.822971906301618	27.56396850086507	31.798683953254404	28.28678617292422	31.171972758855375	29.789157382957942	26.04733659746563	25.035485564864302	20.50553374625549	16.91938329811775	19.888239757700788	17.145925265062697	14.686141377135746	18.32352826981911	22.23862679094854	26.048978703057546	27.815953232006	31.825721983796544	36.23086558870154	36.98631443215022	40.94787371554589	39.43170075066385	35.71707767316426	36.80459925794268	31.911642818461484	31.115930968900248	27.521030751204577	23.191247592480966	22.848648896868106	17.300823272207946	16.360813939410008	15.85350556454805	13.737267018030721	10.94066376664087	14.714967495657099	16.400870288388173	17.07989683157257	20.996362392881004	21.571035875437076	19.981690641343693	24.84899296797188	21.277751566464104	23.90888943109267	26.177822099225153	29.77304002658076	26.29511469632029
34.64578461121056	32.411085528876406	28.254880249251972	26.741050275674155	23.824469005335686	20.864645687340236	19.585776577757827	15.296083714385066	13.665824206480654	9.475516063319976	7.105970266712748	5.829022811159357	0.0	5.509723778979686	7.850203360004592	6.459107225576224	9.453673273016356	11.119536403295744	11.262387539307147	16.147489840635103	13.938588564543794	19.497008112580804	17.97808368140707	22.569110972897043	23.79077225152639	27.67456434269464	30.95294350831294	32.18218746476849	27.59705996692891	28.192105000834523	33.350962184940855	32.044592985088975	28.270354462956732	31.68715842059706	35.48279086075064	32.696874995076854	31.27316321228098	35.601322371735385	37.44807700376351	36.20293414426023	34.14549923282796	31.639484588467685	35.090703300276886	31.13563024728601	29.185289324609396	25.05800381051871	27.787758999016805	26.605420943090714	30.323588733522833	28.196134521815324	32.603279256025054	29.744384050799905	30.4530676934254	31.80669898145025	31.195894709758047	35.222447582958196	36.189608619260845	36.83789701164144	40.85267227978549	39.870385260200415	40.12780057421334	35.31632284014697	33.45977662229782	33.72550124214168	32.59958449062941	35.319298291582314	30.074612483502516	33.788782822088336	29.470224007104715	34.38694254831716	33.89298862505685	37.42210011835637	38.567564155312304	43.258097806163704	41.050225437299	36.13200422324813	38.507674078789236	41.39572876533376	41.6872125432622	36.82583606939139	42.34049864799391	36.962018888531645	41.54640926983286	40.446389794530155	37.776737051103346	37.744193365128304	39.89375416906844	43.95582043792496	48.19934177601265	46.695808307028145	41.30165458993939	41.85286890921863	36.787885568740066	33.81023967236601	32.22004191699196	27.310185157315086	27.782022282693426	22.22177032119231	24.69922617491258	21.531175913294195	20.26069945949843	21.569276980190743	25.319443203920876	24.334587642317402	28.207356906300124	23.08315299104447	25.454583563273882	26.92817339038374	30.519942485592594	26.2804975877437	28.75358072254695	26.6116024908517	22.82722706402903	22.69117993684282	18.477777566660937	15.028891948528651	19.292265623225667	17.631207402285764	16.406084655249252	20.755361303539715	23.62961518417155	27.839488360999404	29.836138573583142	33.591755449501434	37.9693770518963	37.968003518681655	41.93849319522725	41.197301713318886	37.22764385475665	39.09111637038612	34.32572205115785	33.678270718912465	30.382671411644193	25.958230967364997	25.315455371692455	20.05029506540188	18.15730968509831	19.221364655162212	15.907950529493057	12.090406722194484	15.222848109877503	16.685231380352423	18.735839282513574	23.30919149195451	23.624493566232246	23.385150091843396	28.11118730163422	24.820456597980616	28.22895240522169	30.199172977746663	33.15859249018676	30.68031103951859
34.729852259530126	32.690535538809435	27.89358464057528	27.54421084872721	23.687285741253245	21.94820122045625	19.86094395418321	16.920137674883946	15.179781502666094	10.752397897729228	10.199623950754837	5.188276640293565	5.509723778979686	0.0	4.950217244715037	7.497003349852239	8.684571990722963	12.281370764741665	10.239147149886753	15.851182571579635	13.556249171527611	18.658602881556536	18.732537393906213	22.176906591036538	24.692700057046707	27.99412278762676	31.75078003080837	32.75871317074981	28.61941778881836	29.7567335770893	34.806747539691564	33.46917673517282	30.36249547035161	34.02680833121985	37.47631155181757	34.99830926884397	34.240537246978214	38.95090622752778	40.65839329100211	39.99235146048203	38.15300286440606	35.89014219364935	39.19772899661597	34.992385564699696	33.29583005613354	29.03003494493728	32.13748782107311	30.287929772180266	33.69358989302953	32.22021038878798	36.50608115835104	33.119278266789664	34.32100197416859	34.97715456642433	34.658050154086474	38.82231819950027	40.2818577914482	40.85979416068805	44.797573855540755	43.41442251798705	43.84762968999972	38.78444711603073	37.447976124057554	37.545209425124135	35.91241675774202	38.455720469683484	32.941053119065	36.674249629895286	31.936796196576626	36.364509096610654	35.82445708927681	39.03900473304949	40.55051592549402	45.46037955853942	43.534716339337685	38.50582744468783	40.97353973552269	44.25595581511936	45.044662073163515	40.2949468821883	46.00689854234401	40.929153934660846	45.70286744559802	44.953087781287884	42.089038248029155	41.75906228182344	43.81651528825677	47.88062020831503	51.93540683161679	50.0790227339084	44.98210256559602	45.03997722566472	40.3698781520659	36.902991083505086	35.48653830316507	30.614965096456608	30.710667108927346	25.433027324393848	26.77975369755085	23.399473560149932	20.99003808584005	22.408759162504897	26.322514312198255	25.877447189646297	30.37634718078946	25.88713897595825	28.592610943268678	30.32300709928942	34.00098698699555	29.94692940956613	33.10184771021006	31.11174713643616	26.949201401149896	26.95825737765421	22.07708474692143	19.22866511958768	23.110208838360496	20.66972333487672	19.021046822	22.59449770028129	26.459540538163317	30.059592900583905	32.34560998573625	36.01974535337882	40.64870343923533	41.06536196992745	44.85888237106107	43.678758879072824	39.658747872549185	41.15592555050534	36.042525388321145	35.72453161190328	32.04078368696974	27.558195609276083	27.633691985724678	22.028449103149313	21.165126936165812	21.02898544168386	18.695950940975433	15.474844308374019	18.859585406644776	20.743170966183115	21.94891479384577	26.059202323841873	26.459735266762152	25.105803902228487	29.821898160426258	25.930346345660727	28.610770374940817	30.43143114454019	32.99499312902665	30.565383931316152
