0.0	7.074352744602324	9.165487524968466	8.85841125604652	13.500308955453935	14.185587718999956	18.548097736925484	22.068494055041526	24.160126444124643	27.131027996680434	32.27581728294747	35.16554261354348	41.26026162329462	39.19184311693003	40.14483254485179	36.994018402812166	32.252965908977835	38.187931275384905	40.16979252663583	36.30992235072563	36.83246988290731	31.96792081525349	37.796536596138935	34.68211521703697	27.605624517862477	25.71056913486061	21.00160195568792	20.445953410678108	14.460569731347723	18.077771683902455	11.335568101318534	11.376775064524319	15.447087718889216	19.55739798415093	18.439636802842706	20.654107329974128	24.465698520204196	25.55311383662929	29.24962912844572	27.748368843248045	22.161501254178	23.056347394687435	27.068284980376948	24.08293602171896	19.043966837253482	23.947712150986057	27.03600813980282	21.925091730361537	20.280452718905604	25.30855905285986	25.469258239813463	21.520700968153747	20.575045009109875	25.60604336494583	24.64053823778661	29.696936265741336	28.420253529104432	27.517031916922953	33.7633313893953	40.49968414086393	37.54505556335913	42.537649993973176	41.94176748995005	39.86764016243236	45.03524190816606	41.33231353657119	46.71323116194457	47.76816541446532	46.55320557642933	45.13366636153251	43.90335653723933	42.37298544689181	37.0639892856371	33.17806660372142	29.33884295611487	29.2354359831803	23.920128844683305	23.23865169536044	17.545440244082812	13.397251221466615	17.341263477311163	14.859337792093031	11.088328781815912	16.956262965528854	15.343485268271301	19.41837691567267	23.124663220697403	27.828347097069674	30.933819515803993	33.35010170139066	36.83388520033345	34.0593186192644	41.96045597683407	42.13759516738538	37.425660875645754	41.50331271674171	40.74265305669336	33.48862372148795	34.979236952941946	37.289898699190395	34.77322389892007	30.629517361461673	31.37287515663899	28.932639532775045	26.600247898697695	28.521752889596154	31.98028247956706	28.80685478887763
7.074352744602324	0.0	7.580303504248044	7.153661934562309	8.15960546838396	9.446026478567253	13.708301930507739	17.625375216817186	18.812912877100157	22.695249042956352	27.02881755978944	30.38457002133082	35.82268896933288	34.90857213562205	36.256987915650775	33.781770896591816	29.14738278433706	35.541105923025604	36.90973812185933	32.234793679392375	32.738833853253965	27.948236237356177	32.72870521877052	28.908812496607464	22.681644603874577	19.790552324924555	15.907723639708934	14.158388131306126	7.821101563889407	11.716726193191446	5.117897419030531	4.74897334239716	8.468887994868226	12.547635476904283	11.620244892552286	14.231612463277628	18.60098520937521	19.076240757945985	22.66586862998084	20.869721887532855	15.218198943464918	16.09959492142538	20.31247463874672	17.590235538411918	12.35560148420552	17.649419394371655	20.908346870577475	16.407488004780337	14.923975086497986	20.10186953526902	20.837467345426845	17.656466723932077	16.4392286940264	22.270648296872253	20.201821525187363	26.17588039961523	24.449964990296472	22.404592409727705	28.966265042904244	34.914019784881916	31.822690548450428	37.28169715772652	35.801314024838945	33.82503014479085	38.766613394257966	35.449078486710135	40.67035131163232	42.35375183167281	41.02138754547258	40.55792759767355	38.63308747426267	37.77549961234046	31.956803857865914	29.131233438313995	24.45342796401647	25.35812650170698	19.53562006262209	20.083983704642534	14.359534524129701	10.81181957625031	12.611062463794115	11.353717851931197	10.023585604356553	15.791505297528387	15.99258286492542	16.290410650040553	20.926733386112666	23.881764093168847	27.778933040408752	28.906657856450472	32.668569429658625	29.087655834301	36.98445929131646	36.64506021777706	31.668432921436775	35.46991005838177	35.34740973414071	27.819176235631186	28.87548507852816	31.468786522109216	29.65458457563516	24.835741192542464	25.026501930620455	22.324926546148347	20.733997638087324	23.174304862238554	25.551700668088408	22.99643391928695
9.165487524968466	7.580303504248044	0.0	5.303464074910422	7.021518596135342	10.698087216423984	12.27602311483151	18.05484715306194	18.185611475733765	22.623213060524467	26.51158717833225	29.78907237733438	35.45183547340814	33.28308683935436	33.69024013749029	31.085591106527072	27.033722484395014	33.51320742343462	34.80435240983737	30.82752283162548	32.60062686331754	28.14694011564577	32.94016373025674	29.429301915865125	23.813731909089068	21.303652984574132	18.24243685161974	14.878337574208707	11.586063995066507	11.844744555450045	6.5967334142545	10.955062585198027	12.399147837707291	15.360746327670537	16.242585747876905	17.831829549489925	22.14756169136949	19.971221885924788	24.521279250667234	22.231736564035735	17.852469841171345	17.822881746942013	20.752652972370523	17.719620445496595	13.307928079091594	16.96015241812831	19.4286416474499	14.143040459539561	12.277885722541049	16.911761864396407	16.577394999297677	12.425658693281308	11.753690855199103	16.67389674818965	16.713918596752162	21.254300876054348	19.36909083757126	19.0689625234363	24.85018858698257	32.27857850383323	29.22288149046064	33.785337611182435	33.98910237793349	31.968387751438954	37.271295297351536	33.72540726730088	39.466124806365286	39.62476948528667	39.462180395215256	37.97378020096026	37.527449678367645	35.5435396637805	30.553905843297155	27.02616639632464	22.535105300758445	23.48751991866256	17.25477025428793	18.123577427485184	12.633742812661758	8.11694334082799	9.052315183158347	5.9429274732139135	4.176631670414475	8.69919356334797	12.766736367141243	12.481314136290164	17.177448396895542	20.009613866800198	24.739580655465005	25.083545998032438	29.766802893547464	26.46313024406055	34.344883734023725	34.81171428728439	31.37206618610335	34.17123213882693	32.820169166684344	26.98309590144043	28.26129027813584	29.443955773962674	26.53149159594561	22.61233500033545	23.956208442766073	22.335597116931798	19.202276820187578	21.067809144637256	25.486804882948807	23.18739512850147
8.85841125604652	7.153661934562309	5.303464074910422	0.0	6.624031508066921	6.956303450824468	10.16360176064923	14.275245858684888	15.98315879966243	19.089690985683795	24.029332926974767	26.86052764564346	33.080339960747935	30.57184217112225	31.354427266652404	28.33389936829485	23.76997719278072	29.99811375891313	31.6781911762711	27.792567244906024	28.899084549135193	24.227088645304057	29.855135088212908	26.976093914136523	20.199294466979552	18.630132384553452	14.452270816837682	13.489938264049222	9.749338043494038	11.754380263408938	7.310466812208766	11.043233063546493	12.856566183660275	15.813710002806857	14.69656033988405	15.413659088987348	18.970792501875124	18.647030965051453	22.77125075211185	21.75694510775215	16.90758066531229	18.176871796791797	21.346082403962757	17.32440104137386	13.340766256936101	18.67478062440606	20.3113787882151	14.37952081389911	14.809333292394387	19.447974414734112	18.39274653852255	15.057284175247602	13.050799298116475	17.916586547643387	16.10301328543793	21.299211048126107	20.937633433643008	19.744769212953543	26.434930512289696	32.572691630269645	30.223721082136528	35.18692534637754	35.07756370743127	32.41387152702788	37.93461340146291	33.325195525352946	38.72798270153894	39.487376633361265	38.12562451410364	36.33304785844314	35.454800749377995	33.60899678721764	28.529323971261928	24.44490758155781	20.71283821613749	20.574147589280205	15.17861235887499	14.684693375593614	8.942580328365016	4.564747774504785	10.04405252389796	9.599077845347178	4.104690406687011	10.500898408655488	9.081098868936904	10.60392011994131	14.56251660588427	19.100598043338003	22.189392214920936	24.820025637330378	27.988824420284438	25.459022327947512	33.30203835154657	33.71499557550094	29.386674382237185	33.586145585229815	32.40687142686646	25.31005271183677	27.17618775621134	29.419902133180898	26.516308668731583	23.190573964672502	24.742753701746782	22.309699132574	18.908530979029898	20.21213972581151	24.71753677618282	21.02194216596093
13.500308955453935	8.15960546838396	7.021518596135342	6.624031508066921	0.0	5.745732812889741	6.368622051171286	12.417303411160042	11.783032317040147	16.892114778544265	20.225310360442922	23.826249155667103	29.073860702395173	27.921491496142252	28.9286363948273	26.893362683328558	22.791322158426492	29.55898782719271	30.349376078254735	25.56079863912339	27.06122622144143	22.67483536570109	26.65107423280491	22.703838764024457	17.62365901340429	14.455610232338945	12.255200723443522	7.865376290318052	6.094769417952231	5.246895358776001	3.930007505430362	9.157161552364704	8.355824019922474	10.092977820136717	10.556602872030247	11.373033505035458	15.72198603336954	13.002141642908663	17.50595739332119	15.563138437984165	11.24142993839784	11.854776311454803	14.767062226501526	11.06080593770847	6.935077865339758	12.148489891220457	13.911129087387458	8.506163571110598	8.937667252833673	13.644954322408264	13.311075041921033	10.864478166392567	8.764693463099988	14.712775869843615	12.101174765133539	18.246534313788416	16.76014174220079	14.423226372652636	21.286255293834024	27.098357812383647	24.330228861049672	29.67382728066748	28.832908309150174	26.44165819557349	31.746498412782586	27.859664072196587	33.32458355069005	34.42704767566976	33.48985970926924	32.81642599238853	31.445806669027597	30.20880100171788	24.616314403570456	21.997313321637947	16.851329947225135	18.546173204108843	12.035858688975914	14.024406730322431	8.873998275525437	6.330206209383761	4.8381316017661495	6.572743717352084	7.293686461305709	10.839535322415623	13.76757262045844	9.320159830666302	14.686096486842388	15.921646750727117	20.793497534040633	20.754793789765326	24.972410807172245	21.124979526024212	29.056148927566134	28.96364877497449	24.827457792216116	28.06875209544095	27.422294385430686	20.59583043730508	21.761467952669467	23.79857376494227	21.583386921832503	17.245917109070458	18.301483500900968	15.94322970499536	13.106431320843331	15.280506692540811	18.843792381726544	16.45391125424003
14.185587718999956	9.446026478567253	10.698087216423984	6.956303450824468	5.745732812889741	0.0	5.839189621412851	8.234041573520624	10.348258959697137	13.303843638275046	18.185885700063597	21.171956352902512	27.11401719897967	25.659263549545106	27.227098024042512	24.720565230923192	19.96431410034323	26.368183673161493	27.619275485641506	22.87457424826989	23.351788920657427	18.60328245208958	23.688800170134222	20.566730466990663	13.701319374531307	11.868134600766355	7.619191762994155	7.952915075610814	5.5369796968736305	8.186437235408722	7.809930275998332	10.751727971924636	10.785391208461652	12.444455180034153	9.77103820546972	9.046893695198897	12.139709403487036	12.71479190609541	16.302848912225915	16.345498097774875	11.501739752358333	14.017126650843153	17.103805100091975	12.433287763427698	9.50775483088786	16.089938316889462	16.806855558183653	11.297155486098598	14.067204214555886	18.301438519253324	17.259137052479378	15.615460222073489	12.62412368374786	17.800122669120956	13.325280989384462	19.855451500634995	20.140577512002572	17.063762603448428	24.536386985763876	28.68967075492475	26.827452597349296	32.4753923235144	31.27160508188577	28.202163482140552	33.6196761534603	28.550454612767886	33.47536217799744	35.36279215428824	32.91670891152687	31.93684148516198	29.925529504362487	28.966155344917706	23.25013811500542	20.02085949519976	15.98235953116571	16.159090601351878	11.103813210079636	11.140090956772509	6.02239303661883	5.593642270776249	9.357711050017747	12.028175525461648	9.499877814720243	14.088805916606017	11.916566741536885	9.334377335755363	13.28285037445581	16.489201528457453	19.022277392774956	21.89614556606555	24.05524823130002	21.272397773010013	28.972645305280455	28.76754793089297	23.40370915151827	28.500213426847186	28.1450146614654	19.714896318829954	21.63644543325435	25.075057531839946	22.985055322657725	19.557874956833462	20.752112031283907	17.43706368487129	14.559748618128388	15.843002532179112	19.193727867763712	14.827464576771805
18.548097736925484	13.708301930507739	12.27602311483151	10.16360176064923	6.368622051171286	5.839189621412851	0.0	7.183591995835042	5.997891643918364	10.906194994038726	14.258522179328368	17.62087144293497	23.2484001008396	21.581573593955603	22.698262137457764	20.71789804160787	16.655834611807652	23.49323932092581	24.07010845727881	19.194393513628402	20.932402768742865	16.77001409992254	20.7110346067117	17.347226400286054	12.301897900584008	10.115023215912872	8.901159043514964	5.7429760720676795	8.855888642195985	6.662126939625587	10.089739044040677	14.435915117130227	12.770670546549146	12.82118452779166	12.111268779615532	10.470198790335505	13.186949029390469	9.85226762211315	14.253122940463905	13.935306040465681	11.093747563120267	12.786506593235673	14.280003258020416	9.122807722737234	8.395546613816444	13.389652501942573	12.520779934417408	6.524596955181868	11.395599988620559	14.428268018109414	12.384584758887097	11.810833660497986	8.253444889215988	12.772917353757792	7.522516087465125	14.286699362479881	14.83721700434807	11.557796770289773	19.078559515704015	23.19727208022978	21.573876012543348	26.97766673123836	26.434308206437883	23.122781533844453	28.792103699417673	23.408413435815813	28.64595298520948	29.843071486279573	28.033800908254623	26.886966359157036	25.54017195746568	24.132874367989007	18.634552908542428	15.676688116706085	10.856466491956853	12.221326100422326	5.8750540474034345	8.379388621892593	5.081676995772265	6.6476799938802555	6.333854120654832	10.907406740413329	10.434500143751753	12.162563382334216	13.154313606085124	5.485111012556901	10.101674091919653	10.867828989767835	14.817352286178147	16.081220514527306	18.97531737726754	15.743833425335003	23.586796747515667	23.65764042020059	19.358794989032845	23.585716516309372	22.651719235653513	15.164121840405995	17.137581212078494	19.795716309577617	17.259152961758872	14.415714310600087	16.48018702551546	13.779646059577287	9.545257067488418	10.330358657724709	15.15648723003188	11.237536509165459
22.068494055041526	17.625375216817186	18.05484715306194	14.275245858684888	12.417303411160042	8.234041573520624	7.183591995835042	0.0	6.080771575052674	5.146677134963436	11.111498699567012	13.32069125511565	19.79688153538118	18.013545280572355	20.18248610327568	17.861666683251645	13.020659389398421	19.196265807051706	20.148822992147775	15.07911911399647	15.12580198411061	10.430639638757574	15.808254748007453	13.863174951025346	6.0925472892028205	7.236815805362799	4.635346236113256	9.060981111663404	11.806354503442064	12.167034350238511	15.398880095806325	18.173257827508387	16.935071863059594	16.75465570168234	13.572304378149523	10.063467906525297	9.67556538801924	10.82115030533339	13.057802355273338	15.646022542671922	13.084030850730732	16.423761670795034	17.84369680144403	12.505353790273873	13.179360177956545	18.789401724800893	17.071943480823876	12.477405378786123	18.1207474025595	20.736046928516917	18.512420603774935	18.76468468372615	15.070490450402296	18.367680519280558	11.768045563697811	17.832710086883026	20.289563745056466	16.307566677962114	23.710708556890104	25.12366315869847	24.810062600108918	30.410711576142038	29.216396560251624	25.18732145099051	30.682079860870548	23.950912642148914	28.12438769964977	30.549267279383773	26.549967899368923	25.24464958601052	22.73916598233993	22.01331432936547	16.39984777797022	13.023400863755652	10.480275502569352	9.269554328254658	7.404097063898824	6.37846326078022	6.749782580858118	10.801166747230896	13.506677559297822	17.906857625297015	15.746184416178693	18.237605929313656	14.682034588800269	9.859552217678134	10.992642039137387	13.410549257210153	13.200305788376168	18.36190216792781	17.837650297313132	16.332795093627247	23.184807457389766	22.93228719385638	16.878314921749897	23.70779045349362	23.403267409592075	13.913275606638928	16.882405053245527	21.46104916887928	19.542115547068192	18.091752118806117	19.95908503254192	16.343138262879013	12.968237531686862	12.378771035909072	15.87854983628952	9.291212444081882
24.160126444124643	18.812912877100157	18.185611475733765	15.98315879966243	11.783032317040147	10.348258959697137	5.997891643918364	6.080771575052674	0.0	7.0318144479755444	8.442322749298405	12.236284749554066	17.34966038870143	16.748266006720225	18.538002567046323	17.49763945422646	13.938754498879813	20.610271333642523	20.37967711199946	14.662989177126331	16.35324501000473	12.782852845477898	15.084014364610843	11.40292260729916	8.14103159249268	5.9068698076373884	8.299043584916285	6.229958186183022	12.276484771020911	9.55872020394558	15.096367957977352	18.54584657955244	15.94034126513289	14.511818794943462	13.467671052037499	10.301071502081937	11.104238449309538	6.533855459032912	9.978359508612984	11.33156232154145	10.721526606728188	12.9310664553759	12.991268336308396	7.72769833194199	10.396729058261696	14.238880009435348	11.448033086964564	7.849586444684364	14.308166808476892	15.806810604878839	13.605566782966632	15.055290593009229	11.603999541432934	14.557796327522317	7.439363677460765	13.957533266498052	15.526876548394817	10.720352142086583	18.02923785660262	19.39375980098742	18.755312993227562	24.48203368578564	23.21711169441401	19.290527872801587	24.875441348005356	18.614302035825833	23.348959286082135	25.439782847049816	22.573056406723392	22.14105924109447	19.859915270306825	19.227258031350686	13.151021419231295	11.62104848267616	6.224738164959358	8.900611493065545	4.539154545788875	8.500775974917616	9.074386636515992	12.32338140530521	10.941753471821361	16.04616968832326	16.384939543291377	17.22631789813338	17.72796646357778	9.335422099577709	11.773660932044624	9.695949356286736	12.657632531762378	13.540911507449612	14.98968471978287	11.5209242914238	18.92989956058398	18.450398373852114	13.410312962380095	18.530457854761895	18.21935392306956	9.429468002307976	11.79021171261625	15.673582065183268	13.985270331850726	12.034960650952334	14.114664127729286	10.95124809505675	6.993524040254169	6.578068426718853	10.54423213667995	5.378213432850352
27.131027996680434	22.695249042956352	22.623213060524467	19.089690985683795	16.892114778544265	13.303843638275046	10.906194994038726	5.146677134963436	7.0318144479755444	0.0	7.132066776610286	8.32906588863144	15.234202369658151	13.090456355037226	15.718690063935592	13.832464151984183	9.412184174116032	15.218198291910015	15.613903438162538	10.146123450718171	10.197913793523997	5.9378248542608665	11.015838767105812	10.378956347436205	3.8707455422681476	7.86683724919652	8.505383984376644	12.253678580794956	16.506507952318827	15.830045822279704	20.111185632417808	23.002001125578136	21.251177072756814	20.32888095543106	17.51654672444886	13.502287421789166	11.653361034205568	11.980231119763973	13.045686666697053	16.743543613246057	15.930121643927205	19.100824927677674	19.387356221916257	14.34472792767202	16.666116684290042	21.187935729665174	18.22944927407242	14.71618160004339	21.136377385314265	22.722219894774327	19.980467846330903	21.24669375213703	17.55399496662387	19.49146780570405	12.513829350962508	17.364775702918376	20.951422058990737	16.806181079414323	23.5108884696583	23.03138343881828	23.825454767986614	29.107569312195928	28.0826696044267	23.554415392169364	28.934437801728055	21.225526296579236	24.770978295403527	27.38031045259849	22.429311492962196	20.85003271541111	18.10955668283205	17.491633164903362	12.153530412716684	8.900470308439957	8.236350437805882	5.904184881949848	8.049222802609222	7.160056119824676	10.703122646052194	15.199897021835744	16.952777664176306	21.75805738488955	20.046409172786593	21.419142655180078	18.135096431851103	12.499122633135523	11.914973220011358	12.767839252544231	10.504570336547067	16.68470269868568	14.072754599377179	13.724073303755883	19.4985504737616	19.273097195921444	13.117374531244549	20.896833898938176	20.51827042537896	10.9518657678915	14.615051971440689	19.572162826380175	17.835956844013843	17.986742817218254	20.23562933519704	16.909071296206573	13.519175681565681	11.598903709784814	14.957878797995507	7.732635256102401
32.27581728294747	27.02881755978944	26.51158717833225	24.029332926974767	20.225310360442922	18.185885700063597	14.258522179328368	11.111498699567012	8.442322749298405	7.132066776610286	0.0	4.561035789147007	9.052722793834073	9.65454245010315	12.666188084364691	13.312666529745472	11.456437658103214	16.514488877647363	14.926238672886095	8.435705374885133	10.226632624138228	9.075252257361493	7.233766779895044	4.988978074764086	7.864337070320546	9.007374334332354	13.464525416549806	13.903335366008475	20.0753842912407	17.55435912200087	23.47333437208691	26.483596714080093	23.6090961883631	21.44617533013473	20.06785712224997	16.142003650010306	14.338016842601181	11.10690274649706	11.077197820060668	14.779159250488988	16.677031950246537	18.917038176922876	17.46637691438895	13.64157530017061	17.95168396206703	20.341098163256735	16.052129116276216	14.995806506174834	21.57169657568661	21.604873737133666	19.02016852640936	21.80182558821223	18.622702687139675	19.473679583213013	12.676563897753024	16.317777474089638	19.578986333397683	14.805493512434264	20.111123595530895	17.0534964358845	18.739882180003264	23.86275087458678	22.395010753206435	17.590708484417107	22.628150665725435	14.492458524024084	17.65357837621078	20.807883652613025	15.560936729546949	15.504539010697373	11.805464098578504	12.297189667768833	5.782377412631789	7.442579055855191	5.804834407895211	7.73229561698017	10.102967818416591	12.37968941953624	15.97467499134976	20.05654338551495	18.96056668705637	24.119707630856727	24.351596766871136	24.401492970494278	23.945993956271995	16.05142020373546	15.917642564226997	12.255023389752173	11.629198038448965	13.295301033375923	10.450828590108717	8.880412528338292	13.45342503574458	12.423213683848498	6.173076760004639	14.013085479508764	14.216457637636156	4.436919637845381	8.401582398944917	13.68274815882413	13.15045137278678	14.380513617270783	16.540298443048957	13.972810665419944	11.487767253484535	8.824049003456535	10.384342507595903	5.161053942871895
35.16554261354348	30.38457002133082	29.78907237733438	26.86052764564346	23.826249155667103	21.171956352902512	17.62087144293497	13.32069125511565	12.236284749554066	8.32906588863144	4.561035789147007	0.0	7.546985143190108	6.080312763032802	10.028438189909036	10.739789222865214	9.594779520992775	13.063803581065878	11.199016267773368	4.756330504143192	6.1892651943309	7.026596306559106	4.392511234926556	7.034431406598839	9.35592337469784	12.558799839082301	16.019610298176225	17.988100399198693	23.669953540120378	21.6771073483555	27.17622240193665	30.1826974548423	27.642557063821545	25.724866285395457	23.807858846679004	19.667865471708588	17.094729449138413	15.504532309237046	14.9694064888284	19.192479443245936	20.859753991968354	23.365717157410295	22.01535449047658	18.136829345118418	22.198777028176487	24.85619167779005	20.502293512015143	19.12158811463765	25.806782541664077	25.83725655087326	22.849212511652034	25.520535694003776	22.227370886706755	22.445053107530843	15.968037685407678	18.500673317685294	22.806189116667653	18.65284049254869	23.438592128761112	19.52091491868314	22.116423750745977	26.580984626968363	25.654345489531547	20.662246075784253	25.387550335505832	16.594090844619256	18.664866779090143	21.68947704642456	15.130140927078148	13.796906069075797	10.084630534150396	10.351217778990952	5.7409926098296635	6.424178632433908	8.957138891906474	8.011712338028419	13.010621944465454	13.649782136662742	18.27408803751823	22.71922073223213	22.716847619559807	27.80560713108061	27.223673352924667	27.225381513127267	25.42786550872992	18.603356765859242	17.12525669694914	14.621375961762128	11.178688138464384	15.504771500422828	9.806909561079475	11.15692257439133	13.603701824517062	13.093165956764144	7.61048502189646	16.095615879727145	15.8635676486706	8.11723283073643	11.931436742619516	16.745346228084454	15.949767097781962	18.47358894551626	20.866511915371436	18.48091440729544	15.871583328174866	12.768749329251886	14.628876516058757	9.506069148882533
41.26026162329462	35.82268896933288	35.45183547340814	33.080339960747935	29.073860702395173	27.11401719897967	23.2484001008396	19.79688153538118	17.34966038870143	15.234202369658151	9.052722793834073	7.546985143190108	0.0	8.862525180489712	12.435815953577752	15.682282834433376	16.455278848008444	18.45490957424468	15.256027892763786	10.433406892075629	11.377953686629283	13.846318276269217	5.92297359726673	7.607085062521844	15.139479013315462	16.66773582858865	21.627543624577143	22.25104618424762	28.55426447461375	25.883636950855934	32.18683980260436	34.85682632858733	31.631571313212202	28.884491510374577	27.706658799449876	23.75848589863723	21.030315262828548	18.3260656197176	16.407886643408464	20.45047583178596	23.887967146995305	25.76673523469808	23.343625445478317	20.99232280059166	25.955139315268575	27.126851063829058	22.31844308483193	23.05103501458895	29.277976158523806	28.287860491129766	25.927631767859346	29.507394162380294	26.733738044600358	26.549474101768812	20.621000719630647	22.363484349175682	25.808058870776406	21.35839967593324	24.42280073029122	17.393193779224173	20.98426783665538	24.91181748085256	22.9466711580586	18.17356281485556	21.497391112819237	13.08925104063739	12.80486741289977	17.660822635016906	9.33689073390057	11.738231428715705	4.383622189115183	9.267544791335217	6.3548477341226866	12.38948644444259	13.627903525760985	14.984489642424219	18.83213977237015	20.762655224103085	24.93008183633942	29.08914317395821	27.512600905298164	32.657064769017055	33.32973564013124	32.88149296087621	32.56447736726634	24.779928469137065	23.917385306884846	19.295612240437414	17.44540123946826	17.743228163098873	12.607528311711699	12.902310738966477	11.600599602904445	9.258148958674715	5.0973717167435995	12.049993713353283	13.595092420754916	9.232532914422901	10.847698369020277	15.240558411227475	16.599306379522975	19.549608708528833	21.079085063786433	19.456865179654805	18.61085494381116	15.932128136583179	14.695619101190664	12.975023097951286
39.19184311693003	34.90857213562205	33.28308683935436	30.57184217112225	27.921491496142252	25.659263549545106	21.581573593955603	18.013545280572355	16.748266006720225	13.090456355037226	9.65454245010315	6.080312763032802	8.862525180489712	0.0	4.555251985708581	7.009678080583097	9.18125878479057	10.16990668190904	6.694741020873545	3.4462150111899668	8.042922640462486	10.960953677601564	8.457680510765329	12.324659897199624	15.022795516084553	18.295234632162284	21.40174807333823	22.842452611420924	28.691060233062895	26.156489147876012	31.553183663608866	35.13078101143507	32.63349342080376	30.76939773325175	29.330022731278248	25.323541267658953	23.061673508208255	20.63074821992752	20.553805683032685	24.175739543372394	26.21908917158634	28.2858076338715	26.432585971498735	22.728073726538867	26.897033646200832	28.8576300486543	24.0250622355121	22.69376471731925	29.33508233623746	28.714563709292207	25.04955484308244	27.93180413650101	24.862183770628718	23.573035836823188	18.307936064312564	18.52140471072894	23.8559106303808	20.904246919894863	24.271248025065788	19.722562506073906	23.392785371955526	26.51219044873739	27.132955651910592	22.02798894140847	26.55347333342586	17.23292840450351	18.726718976360033	19.978792375902852	13.582290709249834	9.282393368222282	8.637942967624127	6.0318018606842765	6.683490582679429	6.4157438809713225	11.819661233127485	10.075360790391057	16.127816791190224	16.362662126536442	21.732220010547472	26.147613341629945	26.150390835105373	31.049620190360198	30.328045118526013	29.286396002867303	27.79676013664174	21.20085239883664	18.52589835150157	15.647098996288731	10.622904699640088	15.350280551325277	7.087044336282965	11.78703328359335	11.354160132207094	12.418417629664674	10.968812218909553	17.17380724529257	15.338786705673558	11.774985251186123	15.263832427471154	18.11998182469275	16.520044930030018	21.06911267057945	24.18994308960159	22.74210940469991	19.49221387643317	15.682238015871285	18.789122777255017	14.785843636248659
40.14483254485179	36.256987915650775	33.69024013749029	31.354427266652404	28.9286363948273	27.227098024042512	22.698262137457764	20.18248610327568	18.538002567046323	15.718690063935592	12.666188084364691	10.028438189909036	12.435815953577752	4.555251985708581	0.0	5.158642312408308	9.578165738075882	10.010183467353265	6.222931206499829	6.550685817574273	11.967870904284569	14.38195714165116	12.939762508634185	16.02198315000242	18.32284076794012	21.225957180610877	24.059786780201193	24.672667194423134	30.586294018125287	27.532743629879512	32.73484420971303	36.835758104754845	34.388616470021596	32.65336072123024	31.76176079025988	28.003006130609556	26.355032380264774	22.930340110376722	23.606772201498494	26.471270812184883	28.55348867725603	30.18673810783809	28.097694720298332	24.435731299781285	28.478430510100893	29.90998149186481	24.922244218723183	23.420533993887034	29.824176555605597	28.802068857621503	24.65450295716777	27.51821471667759	24.714369531211258	22.338587442960662	18.27797413196196	16.75968513817402	22.6421651838877	20.811230136394457	23.21754688661599	19.3428172285052	23.247001045434835	25.396357568417304	27.442359854787355	22.43885002653479	27.0770638045693	17.85028462293137	19.782270843713206	19.04224212877452	14.370068188561467	7.593303269341272	10.871825893424166	5.405891725560508	8.940402812952936	7.233456019909532	12.905492040299768	11.194711590868346	16.893565716814976	17.193488417091018	22.657896195509615	26.81045313930242	26.604237011200787	31.213261753910253	30.53991748119734	28.60989535739943	27.90807940048346	21.308645810828203	18.12437133168892	14.854597191318963	9.761257527923725	13.957821379885592	5.1861531202512205	11.684114086001236	10.380082423602147	12.996203122608433	14.088608092802351	18.28564159250991	14.95138235421131	14.036011457246884	17.313672942775714	18.535357746535084	15.914415587978723	21.52789869186579	25.249280530468507	24.488836269810076	20.5662678096401	16.46043367587185	20.888020185947607	17.47983326288971
36.994018402812166	33.781770896591816	31.085591106527072	28.33389936829485	26.893362683328558	24.720565230923192	20.71789804160787	17.861666683251645	17.49763945422646	13.832464151984183	13.312666529745472	10.739789222865214	15.682282834433376	7.009678080583097	5.158642312408308	0.0	5.414146331980451	6.112534224259942	4.539360657135407	6.276897005664959	11.19904648586326	12.505889148300787	14.263800869237567	17.436282233445322	17.01352738638877	20.61800069450097	22.113114567178904	23.661172592838287	28.767218150988807	26.379236265743856	30.735621247991716	34.92883653167917	33.06479574939347	31.944425864647425	30.5457940041772	26.842000284511013	25.323025747403104	22.92906601317066	24.165228959571774	27.09147259847327	28.067365758261033	30.051421947440904	28.705606658737235	24.345244581209748	27.58480735581047	29.956107657652154	25.486481655085385	22.685905397477303	29.098488323732788	28.842160362516722	24.43226031619275	26.473262905784736	23.38513889908079	21.318020705965992	17.233801583078776	16.152385103801727	22.541448958416492	21.07871577254859	24.56130212954035	22.63166211186146	25.743558546717896	28.32273828801196	30.51734586796775	25.532276755866505	30.684149452444032	21.553623507236356	24.207201460145516	23.518850410619475	19.18500771231307	12.697525622555391	15.210714505516432	10.391319324192153	11.70408526360794	6.2359283757666315	12.772991183033199	8.86625694139107	15.146890276268325	13.901370400457047	19.621192182354715	23.804369115872394	25.008178293453614	29.36862304221331	27.59423479349331	26.01928227604247	23.833268443532507	18.63190167989184	14.525519068433542	13.846932289345158	6.3833372613256385	15.081084265879536	7.362275732984521	13.506755570566158	14.690812919959527	17.229135310768694	16.67335354871255	21.991040464061548	18.639046384055302	15.744876923774507	19.576589249914537	21.341397617986374	17.933019760184763	22.7623107692919	26.688573093827642	25.444363955801432	20.83783671026628	16.831330095506594	22.42561556204545	17.687827016987967
32.252965908977835	29.14738278433706	27.033722484395014	23.76997719278072	22.791322158426492	19.96431410034323	16.655834611807652	13.020659389398421	13.938754498879813	9.412184174116032	11.456437658103214	9.594779520992775	16.455278848008444	9.18125878479057	9.578165738075882	5.414146331980451	0.0	6.921871816506009	7.923670911092554	6.359481874788471	9.581780500373236	8.739616612620434	13.374458242222758	15.854128175481147	12.864295243830925	16.89839436370743	17.331818757440587	19.90200344436088	24.28022286479427	22.7047161714439	26.516441556577423	30.443833968364263	28.969462276663304	28.262637630485305	26.247166445734074	22.55338258330677	21.055116239965812	19.86143589226731	21.341167020235986	24.455488036726532	24.42367499929763	26.858819053674978	26.30017338836472	21.419672986040382	23.978877876316535	27.387879369312472	23.554970475552256	19.84988846702213	26.30403547443924	26.947501993658367	22.80807346515947	24.201728976681174	20.74197045919602	19.95962772898065	14.921960461021492	15.85815798046251	21.775810635906858	19.71453368200698	24.694729627342046	23.981220166836646	26.15216635667787	29.74855179025861	31.0826379013729	26.166021852937053	31.66230352142496	22.808104048165383	26.03723409787873	26.388725983043276	21.80372358559097	16.788843383184332	17.36275515314945	13.879895498427775	12.389186214100018	5.388266131845861	10.859370927408836	5.135270927647016	11.70222082813835	9.132426149868195	14.948664753639406	19.341871087429336	21.64758911267173	26.006679380916573	23.519888377990274	22.98001937600821	19.365605878585907	14.893257887537182	10.81160867727921	12.469253448317096	4.4480267371079805	15.716669707593175	9.867832224495544	13.917995041749908	17.505334520427724	19.224089659442615	16.42280594945487	23.030977869339424	20.471476726004198	14.813570326847506	18.94481871757215	21.836590992590793	18.50729468330553	21.772755896687784	25.400364378316382	23.402653563478204	18.707396172392095	15.185748217809545	20.90378870087367	14.962982527316866
38.187931275384905	35.541105923025604	33.51320742343462	29.99811375891313	29.55898782719271	26.368183673161493	23.49323932092581	19.196265807051706	20.610271333642523	15.218198291910015	16.514488877647363	13.063803581065878	18.45490957424468	10.16990668190904	10.010183467353265	6.112534224259942	6.921871816506009	0.0	4.376760686221537	8.612491894547281	10.283204973755717	11.96377424113393	15.55971516805818	20.042695209508842	17.977038871944206	22.789408845205365	23.160352689779412	26.61028160648041	30.79777097092919	29.560954951396457	33.22622047228397	36.97793087172941	35.66826361084632	34.961817901913115	32.57447729393209	28.68119524981152	26.45272201346931	26.185357616460426	26.94692455643352	30.642847739705807	30.86757907813411	33.48483704583434	32.76990772118944	28.044974521234153	30.783658750473123	34.161698660660456	30.097889913725044	26.72347609980583	33.195065239778124	33.62901818122499	29.354384773288462	30.866494210296693	27.504233105536624	26.137583606093678	21.649161509817866	21.47774709844914	27.843053306693463	26.143736249802416	30.33518853430497	28.353224851646534	31.4054917601194	34.317149815364665	36.00795011060816	30.953272771846464	36.00734599854048	26.75516061018417	28.816803326197704	28.987370395809272	23.49895435818308	17.319801000309273	18.62486272525623	14.959549290435938	16.023089103211955	10.604960616027883	17.145713123232365	11.875937620888626	18.619100379566355	15.640951782666406	21.36464296940033	25.69846404077728	28.527967965331477	32.76791748719219	29.817781761662882	29.19269624483429	24.485981843200786	21.529418535425084	16.84524727629111	18.761689958728855	10.369038715391154	20.932092998654753	13.259712998354136	19.025899080011992	20.162885893370156	22.19865248115916	20.192614675447228	26.91101299816647	24.24641325748754	19.902868981597628	23.944583897679216	26.745524449986288	23.690666183300138	27.89617086712866	31.52078888550016	29.63188279043865	25.250850200509706	21.532388873105372	26.572756090085477	20.806371823275814
40.16979252663583	36.90973812185933	34.80435240983737	31.6781911762711	30.349376078254735	27.619275485641506	24.07010845727881	20.148822992147775	20.37967711199946	15.613903438162538	14.926238672886095	11.199016267773368	15.256027892763786	6.694741020873545	6.222931206499829	4.539360657135407	7.923670911092554	4.376760686221537	0.0	6.551016010166722	9.658726497073873	12.502648231697068	13.550646095065279	18.166307206393004	18.18446687123449	22.490811033431438	24.036184517182534	26.58349380642177	31.581703296210442	29.657547808138627	34.091597993927344	37.91359609555669	36.08292984559394	34.87275710013018	32.96092927817466	28.986632502190652	26.723152328028082	25.411612756675975	25.863062342470652	29.49909824609571	30.591248766281673	32.91724341764776	31.6021328066487	27.312037836656494	30.72469883429545	33.366398823172446	28.843550649144582	26.32932586503262	32.91004047601455	32.73338562841145	28.52887140306469	30.685129171036536	27.490694984896862	25.7380062110174	21.22226189841732	20.573199414316793	26.830878091189952	24.92918818261165	28.409915942964428	25.241335372784935	28.805662931068845	31.40245529340439	33.07790429947853	28.002039536200872	32.74138796481233	23.42145090062269	25.03255852553491	25.12425257807365	19.44815613751758	13.119063005616749	14.76581527099925	10.89482070730348	13.080471759452019	9.192906782320348	15.949606008562284	11.873105482245021	18.69281871740404	17.014426416402944	22.82394141335712	27.227480726713818	28.83328766030626	33.34010553620607	31.31758915196212	30.220161889812758	27.016983713505816	22.473307410250683	18.330290962999566	18.07632722084726	10.515843739405486	18.95482598490343	10.471074342238856	16.66490143691274	16.470976846430776	18.54144763793943	17.50363230857131	23.587069310683813	20.8974095289974	17.73265594572657	21.52021291157285	23.951367401841065	21.290262653363392	26.110799372986392	29.693476313392985	28.170548669600727	24.11483273130182	20.185443982611478	24.680481171833875	19.739487719309956
36.30992235072563	32.234793679392375	30.82752283162548	27.792567244906024	25.56079863912339	22.87457424826989	19.194393513628402	15.07911911399647	14.662989177126331	10.146123450718171	8.435705374885133	4.756330504143192	10.433406892075629	3.4462150111899668	6.550685817574273	6.276897005664959	6.359481874788471	8.612491894547281	6.551016010166722	0.0	5.933638415952912	7.878869915594191	8.018595267212294	11.75698728564793	12.36454706867718	16.230655804935832	18.602670721511842	20.812455094254055	26.200875646366086	24.179821596483645	29.168386057434287	32.664394446564174	30.477073933632333	28.946321647798513	27.06906319452981	23.020614407292467	20.72170805254153	19.13636821584181	19.32819370848694	23.130843237910497	24.41909951929696	26.81730194860937	25.51264237096512	21.319865397968876	25.02354650751381	27.715860733113708	23.259292194103182	21.150855311099537	27.876060143036597	27.83709707136005	24.163339952987478	26.57833703179073	23.26463736109112	22.53429164177638	16.834917210310753	17.91710793124372	23.311037159761714	20.223988164986576	24.54546720187944	21.195874747144526	24.21919001092545	27.87516737188151	28.28882077013348	23.19736290200138	28.097034676404466	18.90804384316583	21.019714128468465	22.527214762862574	16.42181835113977	12.480821392670867	11.366544277596994	9.1697879745241	7.727210425536222	4.65461822057557	10.519647873745907	7.3976071594727735	13.969590304613417	13.421665143148793	18.88084612797914	23.410413281198398	24.20280593159837	29.06491482583993	27.77617495297618	27.231414812301388	24.823142233158304	18.82592012588814	15.998272003660041	14.489030737264823	8.643830844814914	15.58413298214342	8.028833932301191	12.163003851928869	13.747363804382196	14.655311170141529	11.585429750054805	18.800390896720565	17.143004625909327	11.61749558724804	15.564639425320776	19.08478388884757	17.124039012703857	20.86952149199974	23.98793988683334	22.047084615795157	18.482860967431417	14.819259267314239	18.467530041687123	13.31929769403833
