0.0	10.376681351942343	6.086724297172253	10.814403279238366	12.021181712423193	18.370827761317	17.70990756352919	21.564412226664906	24.10006447532741	21.665315679865124	19.352925659020233	14.16349799383951	14.569134555433857	13.021741020541919	9.942990929219011	11.02085763057148	5.489735082072085	7.449048426617499	3.9602333593297647	9.142237736186447	8.352669744306604	12.832995482664122	9.656468903498649	17.543607074132176	11.841882979651889	9.621426820621599	16.696916847777327	15.98890385692884	10.576849804850177	12.98674706393807	21.044034448866654	18.79093389851885	15.229174496117636	18.789033151217208	21.737281568775625	19.415286351880567	24.062174088545778	19.10166793909262	24.632268832598868	24.81885682175648	16.707053247309993	20.920804458642323	12.932275518363245	17.059355543226282	9.165837985407054	13.203296312362875	16.925178128286888	14.965732011934215	19.13156309570463	11.585973042509295	18.628271365800806	16.931577008897918	15.779073690983502	16.470709852185127	10.74945305765215	5.39271677987776	7.664506204500523	12.022485730876406	11.860921554082429	9.56173325204028	6.658048635162825	7.966986900821585	9.615799254553776	9.190796149375293	6.305483909678002	12.28024614598869	8.590592042471084	15.406351353153209	16.78399971363408	20.068241163468013	21.793052170156507	22.04942087319932	27.25681006180818	30.088422311505454	32.9984725042777	34.5998229158538
10.376681351942343	0.0	9.369844991501033	4.792491431709873	11.038083848252255	15.6749371071455	15.021189026393454	20.73465481894452	20.783391282363464	16.99051860300657	13.122510663171019	9.044696833673354	11.558489052866165	5.025574447633071	9.486309578426246	6.7264144535480375	10.118028629884952	12.674749575800318	13.427609399688885	17.839941240512474	14.679368823963108	20.865114638386	17.139248487024815	23.539574311833928	16.577575470006312	14.291779836003197	21.454343685325238	18.74811201312228	11.895191663838332	14.046597815649058	21.700087904552777	17.642976184237153	9.641110521105706	14.425860345367703	19.821359889122323	17.92360330125276	24.373754325431022	21.505762297496034	27.446420984556845	25.370625940236447	18.318233408156125	24.306859637733687	16.531893151909234	21.216865255401313	15.032724038727807	18.948933955557116	21.84569157046474	22.23129714234427	24.312574827914144	18.01069857517837	26.571806936423194	22.97017875893986	23.96676037056257	25.839873469681468	20.2075391953122	13.860301988105455	18.026416251399333	22.05525532097752	20.368705419252283	18.24627451224988	14.379455457695009	14.51535471680928	10.811564283888199	5.921948090416679	10.251312478692904	11.189349860390363	12.0996216572244	16.080224888533103	17.098358879231142	21.55694109060629	21.775664107514523	25.756199143043528	27.344721465651997	32.46257709209023	34.173246581405145	35.21968062938249
6.086724297172253	9.369844991501033	0.0	8.405425679191184	6.089543728359097	14.526640145094204	11.776430573335373	16.170552746262633	18.23554235851512	16.466036375877483	14.009845819066948	9.581269138094546	8.86148545754767	9.43364113537133	5.043392407969193	10.589985512034634	4.8528970294391565	10.971542757253799	9.51266425448601	12.481332267891366	8.772113537180324	12.908964498911743	7.873596050232587	15.365572105379426	10.101840508142532	5.78328449258126	12.598100580158542	12.332207462446496	8.599294387104745	7.156159464878879	16.170773647471528	14.741923588869023	10.929637938004985	13.095312235991578	16.157236137074257	13.36875215870644	18.562742505093286	14.447031499313416	19.789213973149913	19.169087995170525	11.22188449140714	16.74953011267824	7.992321223011603	13.331439224668435	8.77757015894941	12.84335384914441	15.048073509018598	15.197513389194794	15.61415302590865	9.063228075612699	17.2303457480777	13.915552424609096	15.008108486037747	17.077881618074812	12.622993298077132	5.69471285417885	11.85034760475154	14.088466983092486	11.630742379818917	13.416128545269313	6.220679043791778	12.765488328558341	13.831871191440328	10.9115195178802	6.385287134545211	8.538651490694626	4.160002565664158	11.51526045285764	10.926462586805684	14.95668435514319	15.930214543202371	17.46803392133062	21.484098566039805	25.1435241829531	27.570449903619203	29.06764021897625
10.814403279238366	4.792491431709873	8.405425679191184	0.0	8.429902733291124	10.93591632157509	12.045276699472808	16.758451475509073	17.506783874171525	13.212816760271746	11.844209062954102	5.307746042771979	10.616880451651932	4.695124423517458	9.725961311724957	10.858752783394875	11.338139412475396	15.439796174595656	14.578472329083517	19.304788183052008	16.06777293843903	21.20718454382618	15.929215207453094	23.482334684714885	17.607061974900436	13.822936189111829	19.639449206066534	19.154897235371685	13.925159329097768	12.531001505630188	21.47934886482539	18.89447899242322	10.845551037451648	13.42682049221711	19.24777332713852	15.9838330236383	23.106881487133343	20.828830817741157	25.710538259818723	23.381937410133347	16.76002112216209	20.650450156532262	14.236554192301837	17.729860216478308	12.148613881062799	15.618722874470434	18.05557999846736	19.29706614974109	21.348025546014888	15.58457814069896	24.820242390349943	21.75373965727702	23.33223321887902	25.052063991324115	20.485984492764945	13.590088289877027	18.16503515949113	21.414108158081195	18.487426422786154	16.989202303157228	12.62717602996836	14.034928475475313	11.932486972327927	6.71267340856958	7.866796722564826	6.690927877606074	9.468998826013253	11.643893667481299	14.261702182002992	17.917808341713965	19.086617379415845	23.210058592225785	24.735879143783812	30.64108418622653	31.49255062314302	32.17740317330571
12.021181712423193	11.038083848252255	6.089543728359097	8.429902733291124	0.0	10.805683132857839	5.6984873815111845	10.8854344522804	12.165599318051326	10.849798181040619	9.263836909389587	5.821470928100346	5.0787343842959976	8.09052487958053	6.017547806434514	13.411256829115423	10.132934048828032	16.550834718638292	15.595015117159742	18.156929432878968	13.646877275666656	16.885789707220454	11.07041203326579	17.168187340170338	13.284411698231558	8.346468705904828	11.971030281343163	12.966247504216776	11.629045543259918	4.686434666873648	14.256024932505264	14.075162008005801	9.367393544043644	8.47256496124926	12.523376606558163	8.35320421856125	15.105528808463763	13.134239149854428	17.322596030029583	15.133688353777005	8.533537708445357	14.076625139292664	6.804174520536358	11.702485409772205	11.22871281322194	14.33542567775695	14.837800204502795	17.206507957717214	14.500032426049167	10.481592946904955	18.848991818689534	14.69134114396333	17.86662340646335	20.592089686764258	17.554011121014717	11.035377315779629	17.49665463268307	18.63328942770009	14.605177532008458	18.02443548716452	10.271400340681025	17.586422726429877	18.15433468871315	13.949535235727662	9.730675597587302	6.495133083567655	5.433858303462558	8.707523560087969	6.0958852230249185	10.85649143451671	11.057283413435396	15.110702348331587	16.766048845550642	22.2221040030044	23.377995114610314	24.43446411028336
18.370827761317	15.6749371071455	14.526640145094204	10.93591632157509	10.805683132857839	0.0	10.264057957852202	9.585778582289917	12.174300326160594	7.3586441839307914	14.001922278820826	7.978061367559725	14.497566746687651	13.041405821454463	16.325475305186792	21.178171278245127	19.21703086339835	24.693864979763504	22.243524713954624	26.514780898790363	23.247625255662363	26.01110730915333	18.824391835513058	26.813214559711977	23.71075990717583	18.31077568088388	19.651435098807216	23.58350814182344	21.85822302545309	14.949882982679277	23.915314941505752	24.367807193894205	17.719250987304925	15.67910362391408	20.991496572451876	15.509614118903398	22.854031599363974	22.699129204236435	24.36936356322612	21.324005385858275	17.53610538358421	15.086025226113259	14.612662075784515	13.737783500390554	13.175306973743593	13.948474645958573	13.641496177057528	17.818104915827707	18.19121517559398	15.822744864239588	24.763049956765325	22.943529558885405	25.944953771846855	27.420863642070366	25.573265403695576	19.034114514315085	23.702998606271546	24.82923808860388	19.610607498469733	20.472331978698968	15.851768863671651	19.76461901404025	20.30892114726816	16.125297743046403	12.666996102522633	6.151345671708488	11.939919515975065	5.806811852400905	12.411395140359817	12.444003461250645	15.89828783547692	20.395248248680552	20.684717805067994	28.402381490614143	26.693871001151173	26.21370041105206
17.70990756352919	15.021189026393454	11.776430573335373	12.045276699472808	5.6984873815111845	10.264057957852202	0.0	7.323183492337239	6.544548269340473	6.848839732935583	7.024052501734256	7.190762263085024	6.365416111164393	10.67734329806907	10.495599255725162	17.587141495698923	15.520733082365576	21.946702791670152	21.287433831006084	23.524233381146548	18.67310199935036	21.276079261259078	15.553267150707734	20.051746897595844	17.412370651112457	12.841348632001695	13.692632535682032	15.420291669264753	15.903059122109074	7.560290759130112	14.202135219928206	15.330192729965999	11.05621080053923	6.466634366349926	10.767770836309305	5.412028168862276	13.157458322211532	13.884550130660427	16.3483000267936	12.463395621485738	9.076211242534521	13.677825310488798	9.660231815126917	12.874651628559427	15.621389295444134	17.809141035392443	16.92989116894138	20.70954603129515	15.546681320493036	14.192280962083348	21.644181269127653	17.111357714914224	21.5274874506149	24.62064336410079	22.52610529620928	16.42463321900546	22.954915944548606	23.436141030408358	18.749910993705235	23.095500251795485	15.357457377791702	22.83616887025167	23.149452646574076	18.469960416426314	14.7611441366854	9.320081640283952	10.448471065805407	9.787756089831822	4.949547031155155	9.213295425662434	7.778947304422429	14.652355281651941	13.044263267738184	20.34311361528133	20.016521156271107	20.534037558333832
21.564412226664906	20.73465481894452	16.170552746262633	16.758451475509073	10.8854344522804	9.585778582289917	7.323183492337239	0.0	6.435632557726044	8.10271894627437	13.816094059354217	12.153252360635383	13.38009105775642	16.934661095092977	16.562046974950714	24.111216415742906	20.570631048593686	27.070473280385105	25.07724650746302	27.409385329920262	23.323027777029314	24.25636844560101	17.5831022785525	22.760328050023887	22.139663257336505	16.882903675624576	14.457612921823559	20.07534783923033	21.919243445646657	12.296201152403357	18.498110502235757	21.574750201864347	18.321801791791835	13.452832627980703	15.940387547515254	10.013940322225993	15.579776481252335	17.16199388406343	16.437972718463907	13.0247629705473	12.33398588342481	9.078108317670056	11.460522534146365	10.048604035246026	16.22567398878108	16.629192038366728	13.90934026749669	19.117558350025572	12.964501071627385	14.493077074917117	20.97172725634669	18.288664943144965	22.951892463016698	25.365197880555083	25.188677807568563	19.73284916862124	25.452043232202293	24.730261943025	18.949451122609595	24.201539867358765	17.246845022247044	25.1411962147101	26.866765255387733	22.73089590786399	17.30978079031243	11.372207133892841	13.089982953759794	8.354998386581164	7.146083656301998	4.937518948635429	7.713780458397893	12.846475996792433	11.476101437842217	19.613064222219563	17.13793766547104	16.675376559030646
24.10006447532741	20.783391282363464	18.23554235851512	17.506783874171525	12.165599318051326	12.174300326160594	6.544548269340473	6.435632557726044	0.0	6.185140902471925	10.208957191316134	12.221641751073875	12.260827163756334	16.088349200498715	16.91031803221405	23.665994432204563	22.045907599720973	28.482900653697808	27.719116896034155	29.876296798766592	24.999706533647775	26.955740193991637	21.16265145272871	24.784518456061996	23.325070327983838	18.893415077882988	17.64579176097537	20.447491095807628	22.109230130098357	13.466171520620188	17.481748038814363	19.831922333234946	16.313176392540907	10.312532411625687	13.242730685013212	8.497941859175342	14.42096123983801	17.6339884069197	17.71356354129678	12.60650378244156	13.371099619838402	14.95794235602165	14.783253745591743	15.811078289934327	20.756195038143925	22.02049399416744	19.984632721234274	24.81894476805721	18.191789307312117	19.108875149860474	25.580606246361707	21.36531136235024	26.464784150851376	29.589897351435066	28.448502357650625	22.655518748160063	29.05983515130933	28.97251030390287	23.740613236689214	28.615726929944934	21.147646666400583	28.622355200631937	28.980037996768942	24.13588698870682	20.51660427923114	14.179238079738882	16.370509764555823	13.123625483340454	9.235067211296274	10.345605255077011	8.27152749380423	16.31584717934531	11.119412558788058	20.222773314200015	17.585644953352013	17.04789297051849
21.665315679865124	16.99051860300657	16.466036375877483	13.212816760271746	10.849798181040619	7.3586441839307914	6.848839732935583	8.10271894627437	6.185140902471925	0.0	9.1482534275203	8.158989533654504	12.049506789481148	12.604580372800383	15.988137939846863	21.303571923839982	20.621218636598872	26.610191779580816	25.556915454070516	28.883639146523567	24.436314172539472	27.468048569729287	21.08742491403585	26.75288682587312	23.784616275223026	19.000723690186785	19.824616602454864	22.193965404556817	21.55672735701368	14.128744783700142	20.73966824887837	21.36779765797586	15.1934873335405	11.14910866299682	16.512212376913066	11.625756046148675	19.019966200754816	20.654208825657484	22.16853873513697	17.699431447562457	15.81785537577844	16.67407717806459	15.472986069721358	16.384328660195326	18.356398554210944	19.80988418453818	18.79473698688557	23.3156299709183	19.939634934879745	18.862677334037848	26.99321303370646	23.41281512370818	27.606007921157364	30.167025904332117	28.12810184298235	21.579648060310447	27.51041696233224	28.418602398492236	23.310428755856154	25.976415774044636	19.596088917973525	25.101505069480265	24.727220936067727	19.729802977534725	17.283149775117494	10.457063078040274	14.744872120782052	10.623121016585053	10.975829147997151	12.454205815430598	12.720082135576723	19.81889939891418	16.817012498249394	25.49032675396011	23.34000597952642	22.764498395082608
19.352925659020233	13.122510663171019	14.009845819066948	11.844209062954102	9.263836909389587	14.001922278820826	7.024052501734256	13.816094059354217	10.208957191316134	9.1482534275203	0.0	7.921552157727603	6.28350498038736	8.170385877685241	10.912071629098588	14.986166928136633	16.394945317283952	21.868767996791004	22.802871421579166	25.14576652226642	19.895347263288514	24.17474950337116	19.769727882490816	23.17516515309591	18.743972526421356	15.713964095750992	18.925502831179394	16.885013370465135	15.36219007875966	11.161409163775787	15.46629374916893	13.75823159552275	7.144591142320606	3.932436189901341	10.704456544058356	8.922800996770883	15.833856533557507	16.76300645575672	20.891920473767428	16.515775073762555	13.249303538769754	20.671652995958787	15.011476344267075	19.569785442820248	20.04148410369322	22.997020486490936	23.105072694167617	26.2123894282217	22.117546595068898	19.588649659159113	27.15976454090317	21.74811950811373	25.72153991428891	29.11395697144208	25.554942317708512	19.273888786282743	25.819111888412824	27.466682429276922	23.7930774593358	26.598357520844782	19.344555845826118	24.96536478358309	23.320401446994563	18.108164810346178	17.525478281554136	12.918209279017894	14.6095050608065	15.388027012139089	11.312568057189347	16.213563476293544	13.308328773659223	20.709634474132912	17.677407618555186	24.577448983324686	24.782229143640947	25.397772092428763
14.16349799383951	9.044696833673354	9.581269138094546	5.307746042771979	5.821470928100346	7.978061367559725	7.190762263085024	12.153252360635383	12.221641751073875	8.158989533654504	7.921552157727603	0.0	7.891848896068018	5.292454743743634	9.641230990094257	13.745336670006534	13.406479981057167	18.85715028726382	18.06013718228286	21.888775242758083	17.762864312755433	22.025600127919777	16.14355819080602	22.85401620009261	18.099105499852964	13.65755642783306	17.659837303881293	18.124937657091696	15.01501969282504	10.329188601112465	18.936199549773892	17.583255775762602	9.919052609680328	9.697889101207782	15.85369655858714	11.826938049309005	19.475648730861966	18.526081499272447	22.46933167461467	19.327942550467302	13.932662672874192	17.652158911123202	12.344978451334153	15.529924804544	13.321824569318968	16.196520379228915	17.158857487557015	19.873065983740997	19.170048346281202	15.073978197543441	24.134058968849963	20.47627198359588	23.35434409051881	25.660878535598222	22.117072675421547	15.178259048840058	20.857563626630835	22.948496121901634	18.95156147562238	19.905532268304803	13.863631295344096	18.123968044760172	17.082957000072028	11.996836690096073	10.569785042940925	5.497215229903168	9.284870975878745	9.31443579865656	10.452119951090717	14.125955910779405	14.723893227915378	20.128380885792478	20.18159556993417	26.989520613829004	27.057461029707127	27.481710380190858
14.569134555433857	11.558489052866165	8.86148545754767	10.616880451651932	5.0787343842959976	14.497566746687651	6.365416111164393	13.38009105775642	12.260827163756334	12.049506789481148	6.28350498038736	7.891848896068018	0.0	7.779486701235144	5.233914938107641	12.066687647192557	10.948255084599605	16.98339172390066	17.718554297917905	19.34210042245307	13.97949231308509	17.8972940768519	13.863480431905355	17.137592104846608	12.650966502358724	9.489298874168384	13.574630020270527	11.162305651140978	10.04850909282133	5.354231888227798	11.363038893893245	9.930125189049898	5.374992806943409	4.273934486512101	8.650186136792666	6.6591328221790835	13.012802044132657	11.723526856993397	17.016662624431024	14.120230748995596	8.26376908014855	17.57070628594808	9.790158029348936	15.787843984292618	15.987979533276935	19.305250985096396	19.713768887511065	21.960044448497342	17.750178689304185	14.452950715707543	21.541332468844537	15.962408286548042	19.569171492321548	23.045885823469295	19.433541069740173	13.496990543217212	20.269280227657983	21.595682483360783	18.37242182797999	22.09394945109003	14.224400486072811	21.169659223467853	20.646841018491045	16.143485410752067	13.876387579329538	11.04705798107359	9.958007479264795	13.468745872475582	7.947273463095787	13.792774610120635	11.274553293362047	16.675110352581942	16.406704909196385	21.55525505029493	23.287373860371552	24.635394390606013
13.021741020541919	5.025574447633071	9.43364113537133	4.695124423517458	8.09052487958053	13.041405821454463	10.67734329806907	16.934661095092977	16.088349200498715	12.604580372800383	8.170385877685241	5.292454743743634	7.779486701235144	0.0	8.104526879911788	9.06349085368128	11.462764457408491	15.854351233878003	16.51616617092419	20.189866441914514	15.943271247938025	21.49853207087089	17.075305001390507	22.805576740479303	16.61717281149542	13.608036241817059	19.572206907239636	17.29411552169794	12.199634636627389	11.467148801089829	18.850428838224108	15.515557486569039	6.611637217144818	9.897243233487789	15.999380061910198	13.801386694080128	20.765248259175333	19.05508918799736	24.455053569326314	21.576133991754265	15.428770351171684	21.832563660149837	14.602659381170783	19.343080560363727	15.582814779667805	19.20956892950588	21.030806483726668	22.660402491517576	22.47454544753321	17.377182489340825	26.02999582718645	21.72258947776309	23.960276005716793	26.45308493162933	21.640476960290655	14.92128558071951	20.409518905132416	23.437859898797306	20.68840080381459	20.662593711657724	15.051000178634618	17.893615365506015	15.306670347032277	10.07370165592784	11.604298703207608	9.518744377730329	11.284873301047474	14.012941705930311	13.649215486982287	18.388065224427315	17.847567226593178	23.065842480005312	23.24339647465531	29.137329584069445	30.24815075580162	31.10157737882508
9.942990929219011	9.486309578426246	5.043392407969193	9.725961311724957	6.017547806434514	16.325475305186792	10.495599255725162	16.562046974950714	16.91031803221405	15.988137939846863	10.912071629098588	9.641230990094257	5.233914938107641	8.104526879911788	0.0	8.692460059023903	5.740150752596769	11.834802212064012	12.714128529165302	14.256925958758377	9.0409260034106	13.910868412955544	10.649780379304227	14.761878280952367	8.727228157780017	6.031701788914863	13.002627068238647	9.522153176650702	5.685178677712777	5.631346872828227	12.61987876984586	10.035148154413083	6.54612990085538	9.347424347438828	12.103308467889379	10.793632608514004	15.698548964084143	12.061179226293214	18.429574451650435	17.10644845518543	9.496474044851116	18.597139808142835	9.206282289021177	15.88468799432151	13.626312737248393	17.50560445556876	18.97662679503774	19.80311259682754	17.61304058194124	12.483597174378726	19.48255378163133	14.388624238841363	16.51712849041822	19.630467447680196	14.965440978347162	9.043814804063942	15.583772130144245	17.572747502788786	15.477029715496837	18.3130735767074	10.89369851284564	17.282512792294803	17.018937395634293	13.37416023139001	11.08202844888943	11.181835804318721	8.013711261316402	14.238280096043226	10.43995661225509	15.853966552086067	14.63794869236074	17.675921589770088	19.91453766753552	23.525675491342977	26.335924622628916	28.04760543230396
11.02085763057148	6.7264144535480375	10.589985512034634	10.858752783394875	13.411256829115423	21.178171278245127	17.587141495698923	24.111216415742906	23.665994432204563	21.303571923839982	14.986166928136633	13.745336670006534	12.066687647192557	9.06349085368128	8.692460059023903	0.0	8.257670001372652	9.077013828794074	12.62527062906826	14.982643717876654	11.399235639854842	18.29011925651244	17.05856818246449	20.80871950077631	13.031277208937695	13.224615124588743	21.257236695999307	15.632902768942854	7.552398311328134	14.318311887314186	19.337743680458008	13.825617033935856	8.582727626825285	14.957693018603532	18.541825318172158	18.58457708342254	23.353424322108648	19.645831916192297	26.701390316012343	25.29509214798979	18.029067847948646	26.78868578162885	17.53798655462098	23.702672363458404	18.331721590104287	22.567298284915253	25.37920906604057	25.080072837263824	25.758591120169445	19.48701917854988	26.41466916976226	21.890820047969555	22.402897560453678	24.802715912347978	18.35192473315398	13.426722599272724	17.548450246064174	21.6013287028128	21.32639364254244	20.41968623059159	15.985499875925424	17.215132480359088	13.909215349983072	10.944469104180337	14.078409243855315	16.10338228602222	14.546281663477206	20.50988319704266	18.818860624482078	24.110322539477867	22.98489630313649	26.300177316945277	28.17202523414424	31.673035825646554	34.75325553265103	36.42960654724504
5.489735082072085	10.118028629884952	4.8528970294391565	11.338139412475396	10.132934048828032	19.21703086339835	15.520733082365576	20.570631048593686	22.045907599720973	20.621218636598872	16.394945317283952	13.406479981057167	10.948255084599605	11.462764457408491	5.740150752596769	8.257670001372652	0.0	6.618157269512525	7.223867965619068	8.89295197996707	4.745968036568162	10.805596925743297	8.980065124512647	14.145494272792485	7.219908394426386	6.129938767544167	14.388928590980175	11.086398899111323	5.170457321441144	9.68696678171916	16.21488515270688	13.386820752358464	11.253854345881178	15.085470003338338	17.15416008341214	15.984353505959104	19.908327786503946	14.829387695440364	21.304234054198773	21.319069607764863	13.18488989628116	20.653924380092253	11.195627458828952	17.245256138985322	12.328277671210065	16.446672903986826	19.05692883100535	18.126467220122414	18.668559746891844	12.03759647239872	18.300666739227456	14.549456620330684	14.450752073457178	16.655269454359534	10.660647556501635	5.290026282133216	10.572566030510902	13.652638302433198	13.340708139722823	14.502884036825948	8.729386349275257	13.447168304052846	13.84566921736428	11.950975314050913	9.71220888731739	13.222288859780786	8.751735913155931	16.353967520874612	14.571521418221923	19.053579663286765	19.078967624171614	20.01166216365735	24.30944018914876	26.665315095492357	30.19442760367678	32.12392406587436
7.449048426617499	12.674749575800318	10.971542757253799	15.439796174595656	16.550834718638292	24.693864979763504	21.946702791670152	27.070473280385105	28.482900653697808	26.610191779580816	21.868767996791004	18.85715028726382	16.98339172390066	15.854351233878003	11.834802212064012	9.077013828794074	6.618157269512525	0.0	5.8082208841812655	6.7172218627898665	6.59976674942622	12.649547203814642	13.700134970777306	17.525929686962897	10.497822509126353	12.074645266776058	20.027002264787704	15.533297489037864	8.589625973551833	16.233749127598415	21.31752426198153	17.32099510887367	15.756483336517631	20.865590603456216	22.75420392754749	22.384583681095616	25.723524718688473	20.16924977701186	26.966095588006567	27.500138313968886	19.45025800340249	26.68747096510041	17.497498012770343	23.059924625289277	16.467340111721573	20.431117571717483	23.903728380232586	21.62633125995241	24.241515400663108	17.22802247200239	22.111285952243566	19.269935192381272	17.35925822375795	18.59000280443014	11.393837378329222	9.377066887649605	10.332484294447678	14.94402193867023	17.03131418481661	15.392077180427483	13.094794781833082	13.382453382616307	12.798733208508779	13.111700504044423	13.549072074588231	18.636554507904265	14.676278594585039	22.10896813952998	21.1865643944009	25.49902472948602	25.626555279430175	25.948071284039692	30.7276409943745	32.26398241105608	36.41190336407641	38.52318561066518
3.9602333593297647	13.427609399688885	9.51266425448601	14.578472329083517	15.595015117159742	22.243524713954624	21.287433831006084	25.07724650746302	27.719116896034155	25.556915454070516	22.802871421579166	18.06013718228286	17.718554297917905	16.51616617092419	12.714128529165302	12.62527062906826	7.223867965619068	5.8082208841812655	0.0	6.215888809777161	7.900834758980239	11.809515891395742	10.869612815952731	17.521006355303722	12.057989907346807	11.438263446213385	18.37061481719486	17.00952800200876	11.65690887423585	15.806904143243562	22.734954805720502	20.292165908018756	17.99327424474333	21.948558822644326	24.190141060444336	22.43892471595306	26.24384141068597	20.66514055773301	26.376234188871706	27.254102548020516	19.101243302206452	23.534278758105174	15.54410318137286	19.636898439508688	11.855096265775668	15.442086108807755	19.33137311535292	16.3384341520616	21.075971940294696	13.61809566579474	18.918444553320512	17.779711711174823	15.33168700360782	15.432510099332422	8.98388478279202	6.554209243918586	5.406012314945113	10.7367762380784	12.633617338333737	9.61204513523384	8.924094513048983	8.507634445160484	10.673610014376017	11.889799778136732	9.881698207285146	16.169524152267936	11.998388016839067	18.989777234871298	19.948137555961456	23.134617344399725	24.743528065468492	24.0638195198167	29.993173088593334	31.821543071251302	35.38942693446716	37.251229929449124
9.142237736186447	17.839941240512474	12.481332267891366	19.304788183052008	18.156929432878968	26.514780898790363	23.524233381146548	27.409385329920262	29.876296798766592	28.883639146523567	25.14576652226642	21.888775242758083	19.34210042245307	20.189866441914514	14.256925958758377	14.982643717876654	8.89295197996707	6.7172218627898665	6.215888809777161	0.0	5.761579017757543	7.550652283873106	10.853556311181041	13.743450043306643	9.3712667227069	11.332275741696385	17.456494984429725	14.742128344457324	11.274899475906142	16.699217734342078	21.071807636371783	19.01794537461292	19.7042612869858	23.39432556554838	23.88437445875053	23.246734096602562	25.203484687305853	18.888773944015636	24.77529937882153	26.701529238070368	18.91348010311231	24.816529765005917	16.461613794890162	21.246477756884648	15.864939246071318	19.097482421289254	22.15383915964108	18.994371483221524	21.365063178975973	14.944656770958508	17.190770416683957	15.660103890584267	12.088658029437465	12.584663264548306	5.38383464878169	7.82479525771733	6.399697333360301	9.489378327695096	13.3141822133163	13.761698523492514	11.808476612885867	14.314371304904572	16.694369298189972	17.633212391451078	14.960577615711795	20.409017179551597	14.998905511228465	22.60627139487798	21.339128085383397	24.704832514177458	25.39542642616841	23.48019057282052	30.020014056349037	30.001723925138485	34.75132554258699	37.145217832573216
8.352669744306604	14.679368823963108	8.772113537180324	16.06777293843903	13.646877275666656	23.247625255662363	18.67310199935036	23.323027777029314	24.999706533647775	24.436314172539472	19.895347263288514	17.762864312755433	13.97949231308509	15.943271247938025	9.0409260034106	11.399235639854842	4.745968036568162	6.59976674942622	7.900834758980239	5.761579017757543	0.0	6.9754830075923575	8.752125930327463	11.013274634628488	4.304846327882065	6.671108224586034	13.997191141864722	9.620538113178121	5.884109374157342	11.697099253264497	15.779832333297575	13.436321442318565	14.420258064576181	17.871968392736115	18.225997049333756	17.959757145650222	20.081026558751713	14.056121019113366	20.670582973897535	21.848404591392267	13.989229761749813	22.003603739310925	12.618012383315717	18.733666340939646	14.902178196506348	18.614763787621506	20.964597002941193	19.320725044039012	19.038454715795076	13.010462356969793	16.680061149977696	12.909997838055808	11.607739723987995	14.015298279159865	7.587223721012494	5.905845464477253	9.695246633396165	11.885748300991846	13.22697168394812	15.775921229407711	10.539954410758472	15.806465224966761	17.128443337837826	16.227677250107007	13.430732822330965	17.28740982188597	11.858187867009457	19.68745041318751	16.77425518962457	20.994723559224692	20.64318605228799	20.029481333759144	25.31097480360176	25.929662121295845	30.50901246154606	32.88398283133104
12.832995482664122	20.865114638386	12.908964498911743	21.20718454382618	16.885789707220454	26.01110730915333	21.276079261259078	24.25636844560101	26.955740193991637	27.468048569729287	24.17474950337116	22.025600127919777	17.8972940768519	21.49853207087089	13.910868412955544	18.29011925651244	10.805596925743297	12.649547203814642	11.809515891395742	7.550652283873106	6.9754830075923575	0.0	7.5904034435721375	6.6088412333112085	6.823437939575201	8.655071044900067	11.570295649807388	10.368561026653103	11.899037607202345	13.835645755238486	16.2646607218447	16.693000105435996	19.814563649351985	21.52303192747564	20.213100215732698	19.701973323291814	19.833214677712462	13.28928525195907	18.1824087823659	21.16693032033373	14.371443898965246	20.42352191370581	12.810290267901633	17.55101936197907	16.154054747761815	18.731831863405567	20.155953507087318	18.00146079560098	16.271065998343417	11.982579680270218	11.295813853832026	8.83209398414719	5.2603547317858625	8.002397706822128	4.334691121017246	8.167404846182817	9.941545200952223	8.434466058705294	10.788215615411815	16.583630062337594	11.682493849235874	18.817440807585093	22.135161983308755	21.767793884685023	16.807906483397907	20.438514473247366	14.160689115682882	21.290806825337096	17.876052305778952	20.699834239808418	20.855759723830104	17.385597208398217	24.626295739822087	23.1701849773039	28.46328601241778	31.17014214881548
9.656468903498649	17.139248487024815	7.873596050232587	15.929215207453094	11.07041203326579	18.824391835513058	15.553267150707734	17.5831022785525	21.16265145272871	21.08742491403585	19.769727882490816	16.14355819080602	13.863480431905355	17.075305001390507	10.649780379304227	17.05856818246449	8.980065124512647	13.700134970777306	10.869612815952731	10.853556311181041	8.752125930327463	7.5904034435721375	0.0	10.174763378707484	9.133995974702614	5.261929353148091	7.815892346663094	11.318013550376335	12.034562743950609	9.17435895359357	15.818923372350909	16.998960422169375	17.129724713105492	17.70174309753736	18.06037588991035	15.395030744677035	17.812893009784336	12.46241587557249	16.312703899295986	18.025900516874223	10.663141595512302	13.985868725051908	6.496952018714544	10.575534027460579	9.30382644173998	11.847618897639485	12.997788162141795	11.962000029174433	10.706967423024452	4.608800470308535	9.539760602321795	7.668716017983212	7.601895619720544	9.57692885889736	7.622148874469037	4.582561374191619	9.347347937195114	8.120981930915017	5.4548861418328105	12.619003371768143	5.215265208206225	15.081857256598518	18.907125125805052	17.624337581981592	10.848488335241317	13.550152584075521	7.275818446666344	13.813540816483327	12.070671854772995	14.200208936810062	15.974666073352575	13.372414828350752	20.568937893242417	21.700726750733086	25.138351669618498	27.140367156199726
17.543607074132176	23.539574311833928	15.365572105379426	23.482334684714885	17.168187340170338	26.813214559711977	20.051746897595844	22.760328050023887	24.784518456061996	26.75288682587312	23.17516515309591	22.85401620009261	17.137592104846608	22.805576740479303	14.761878280952367	20.80871950077631	14.145494272792485	17.525929686962897	17.521006355303722	13.743450043306643	11.013274634628488	6.6088412333112085	10.174763378707484	0.0	7.916338505435599	9.67250539433264	8.870625490570893	7.3110647023140745	13.403139857332626	12.90527193271844	11.57836443133961	14.270821844320585	19.738980460342386	19.810216569325426	16.550867897388397	16.96379058434208	14.785414475110668	8.439176337050561	12.704029103008361	16.402290096945492	11.440760182084796	19.106996047118	12.340387893589899	17.345501925439994	19.443665843668445	21.710029727711273	21.742088888564773	21.120513670880126	15.020283079758672	13.598827204732752	11.266880463437186	5.737860144212945	6.520921655838012	11.197735304596776	10.78630573733902	12.453347092868677	16.14406521076933	13.75215412604214	13.942430336565314	21.895711907146637	15.273034342970941	24.19346096430156	27.12203282020538	25.668348860058764	20.365570977564243	22.026067001177207	16.031280781545988	22.172024249572893	16.197315065145286	19.011414181224048	17.58978797337041	13.7441570036229	20.207350335805224	17.249042784126594	23.342751723139855	26.43701597337486
11.841882979651889	16.577575470006312	10.101840508142532	17.607061974900436	13.284411698231558	23.71075990717583	17.412370651112457	22.139663257336505	23.325070327983838	23.784616275223026	18.743972526421356	18.099105499852964	12.650966502358724	16.61717281149542	8.727228157780017	13.031277208937695	7.219908394426386	10.497822509126353	12.057989907346807	9.3712667227069	4.304846327882065	6.823437939575201	9.133995974702614	7.916338505435599	0.0	5.7506807884016515	11.767967870841003	5.458505869485826	5.696552748188406	10.059781911457094	11.797697288464505	10.243914316945162	13.636099077403099	16.029077404154517	14.970513335691688	15.525589466990189	16.39716215319307	10.217720150618495	17.19606270452897	18.5277457781138	11.241350847695418	20.938135480189775	11.530982273035688	18.23501496697571	16.805986512311843	20.282318470074248	21.708740380518456	20.91043511392113	17.89963800555877	13.317557072721485	15.925401533267264	10.595635755140114	10.76172757974063	14.410708291398421	9.561898300779916	8.267489731396122	13.138678701240112	13.827600648106134	14.295947905410847	19.020566886654503	12.414294321829457	19.51341475588671	20.832838143648676	19.15308615333765	15.80868799193854	18.194593298355827	12.653804120093767	20.07057273205194	15.139840872489	19.639094878810912	18.17253168360339	17.592136674961644	22.319202456128494	22.262353473336002	27.287581390639744	29.901297627475216
9.621426820621599	14.291779836003197	5.78328449258126	13.822936189111829	8.346468705904828	18.31077568088388	12.841348632001695	16.882903675624576	18.893415077882988	19.000723690186785	15.713964095750992	13.65755642783306	9.489298874168384	13.608036241817059	6.031701788914863	13.224615124588743	6.129938767544167	12.074645266776058	11.438263446213385	11.332275741696385	6.671108224586034	8.655071044900067	5.261929353148091	9.67250539433264	5.7506807884016515	0.0	8.325715953214283	7.286264265323141	7.494746093007916	5.517293107552901	11.910972398080592	11.925116569047368	12.298220891479987	13.352071166396264	13.716263060984401	12.041816139995944	14.849130318390081	9.509607408633974	15.325443482314258	15.91733808222696	7.8043327225832115	15.815841264259172	6.113036736870954	12.888974677062386	11.91930044699667	15.288726881406363	16.374535115939167	16.42568680093336	13.415547795246772	8.31944992277255	13.66173990111563	8.8370510497451	10.525854718469272	13.798517671613814	10.143424676500981	5.530487487489223	12.19847870610713	12.570699405588277	10.63903828897551	16.026437528616896	7.985157423847333	16.848059577732425	18.805182563979937	16.461349158921955	11.451840867602348	12.936265880929971	7.175085110128375	14.36585240436784	10.232043212617537	14.41809471985501	14.142642515112941	14.017802322659366	19.002664996642334	20.74774651647217	24.425760130038462	26.542786029086173
16.696916847777327	21.454343685325238	12.598100580158542	19.639449206066534	11.971030281343163	19.651435098807216	13.692632535682032	14.457612921823559	17.64579176097537	19.824616602454864	18.925502831179394	17.659837303881293	13.574630020270527	19.572206907239636	13.002627068238647	21.257236695999307	14.388928590980175	20.027002264787704	18.37061481719486	17.456494984429725	13.997191141864722	11.570295649807388	7.815892346663094	8.870625490570893	11.767967870841003	8.325715953214283	0.0	10.007334494832866	15.206013492558691	8.369594074493941	11.448201418146548	15.82174780641177	18.103547417824313	15.98792452001281	14.12544552494864	11.519366869087975	11.513975847162	7.490944569712851	8.641239646353782	11.081964772517196	6.223766726398172	10.376912386363252	5.56452106205262	9.09379727063701	14.60325891721879	16.04966689517224	14.651734244475369	16.080181909383473	7.054042713186892	7.956603023457083	9.049445461344089	3.853541732152868	9.305337868261494	12.922498003313171	13.855259962582466	11.84086207420611	17.022207605612106	14.426296208835371	10.661153652268656	19.792755330938153	11.915809281991539	22.384391804073317	25.727803063146695	23.33333454814599	16.5537489769541	16.04754973376462	11.028577613867089	14.754534923958392	8.935208610376792	10.277453215931216	10.369526140400257	6.084879536819202	13.677244896818204	13.963704169494385	17.54141686600933	19.87114846340545
15.98890385692884	18.74811201312228	12.332207462446496	19.154897235371685	12.966247504216776	23.58350814182344	15.420291669264753	20.07534783923033	20.447491095807628	22.193965404556817	16.885013370465135	18.124937657091696	11.162305651140978	17.29411552169794	9.522153176650702	15.632902768942854	11.086398899111323	15.533297489037864	17.00952800200876	14.742128344457324	9.620538113178121	10.368561026653103	11.318013550376335	7.3110647023140745	5.458505869485826	7.286264265323141	10.007334494832866	0.0	8.380985360875195	8.661893874454385	6.407176991477946	7.105642025748652	13.0361065847943	13.433069149099284	10.429589312356864	12.054044069340488	11.276941958642874	5.355861499987232	12.895926640605019	13.88723028185864	7.945844489900647	19.55257073175875	10.912484677936181	17.762127427635328	19.127770782629902	22.247797640539673	22.560014762597685	23.022334210563212	16.944210548428256	14.480601710945638	16.48637253966907	9.573197977714049	12.373481694395819	16.88166483291608	13.923190954436377	12.098064390350828	17.83930817959596	17.50952303113807	16.56550258484773	22.95076810637619	15.188743533361265	23.68543607236678	24.87776327157763	22.27482311707907	18.515287419997914	18.955098100054688	13.981629376428481	20.166651423721976	12.964961126998096	17.6791849912542	14.615319458987077	14.777961037264815	17.99458845161938	17.621925432074516	22.83220982903199	25.61218749142046
