0.0	5.126072450947509	7.627932052097962	9.886776929213884	13.182552797139833	15.039567609269241	16.786291900964773	17.420467001949923	18.968821113701782	22.739663473615447	25.81008613890531	23.473368619054032	27.293230949261588	25.800748120398065	26.718393974214653	23.74894578744027	21.051699700855995	21.65403138619445	20.99485593379167	17.146955047669778	15.79588971068496	17.38990453583126	15.073119470180115	10.85219352401626	11.497358333505042	14.112912598447435	14.481484426324627	15.287260216172253	19.803315765788398	20.573163516050172	23.11822571965459	26.187069358157284	27.04109019747729	31.418197143570048	29.370068894376633	30.868849753937745	29.630097765253698	31.091807577436235	25.949068823763024	27.642068894964744	25.939637960068758	23.834437021367226	18.70432736252718	18.79212411353991	13.508184957911578	15.781940587012842	18.33238082589035	16.612660833600625	21.175044160767087	22.35306296700914	24.844015500042968	27.73548511422291	30.734813939228587	35.420266973821505	33.589750392355626	30.304705060485187	28.470307617094388	23.08046307558359	27.196557822583472	23.296747060079827	18.614545538851896	17.675455356470657	15.765931524451547	12.710662349274891	16.747690754541583	2.4688902052133	18.076237102752675
5.126072450947509	0.0	5.989676515689784	5.464941116308963	9.915636612430466	12.50504035528476	14.804147910206114	16.34762260195817	16.63140511824045	20.169284600576624	23.419993126232306	21.465966466510885	24.98047690225684	22.7349351812992	24.537580794621753	22.058973116798914	18.466108978078314	19.19511354982478	19.64977243361948	15.846937987592542	13.15619990970021	15.587212887494085	14.716704577951782	9.863571600725237	8.912358447551853	13.087017162984534	11.925488668563316	11.973821844360552	15.854625051520719	17.030607161242703	18.683348556359075	22.26433986380033	22.52274365639659	27.096950681358418	25.264214820029903	26.358840700469724	24.905761733409914	26.124303556942483	20.92950648422212	22.53174511102332	20.879425332848513	18.79360428966957	13.69495170792873	13.959342499778566	8.919672006240273	11.819972642730072	13.637366269849048	12.567659020187376	16.568527059388202	18.572408397107512	20.66646359058323	24.043303277195342	27.28854205783147	31.872691511828247	30.57115600730671	27.079202652651926	25.635133906202025	20.01702281690901	23.655029370734496	19.525493469481404	15.391044241391347	14.143281975254647	11.390375352131517	7.8436088485743385	11.666988655880656	5.082390266302115	13.02217602508096
7.627932052097962	5.989676515689784	0.0	5.805493185053093	7.217740224895375	7.48672597234939	10.548198116830317	10.754191279490094	11.419357402566892	15.608456628319816	18.376998214283677	16.000051501547933	19.809310409122645	18.403303034507296	19.616438487747022	16.53364591732511	13.519790036981677	14.862982900808786	14.529786424919147	10.204522436124595	8.81450080433354	11.84756637970268	9.86235259783578	4.854169893806312	6.495015075908302	11.325255625048927	12.080980650235409	10.009962295851581	15.236555242288409	14.237912989055737	17.15839617476061	19.27488603412986	20.50992581817255	24.491000987414658	22.446374913524455	24.495102975368898	23.413512291245162	25.80449325988883	20.816180931874634	23.644748768249702	22.74878111125567	20.824164291688906	16.558033628362512	15.713095073067594	12.173075419892642	12.93457524921231	13.812799032389922	10.263084493448934	14.992972622990377	15.12943895797535	17.936786554552725	20.321036226407127	23.270986853937757	27.916511822080285	25.96513132683866	22.77545397310047	20.860673320577014	15.507668991331695	19.934008807545453	16.531219927210017	12.037706239685898	10.34055979804685	9.994185046937849	8.173956485139657	12.685544213524606	9.292215681733996	13.836403586351732
9.886776929213884	5.464941116308963	5.805493185053093	0.0	5.0769817745414425	8.755343797781414	10.744376439641773	13.337687410055638	12.747270855428521	15.492391021855171	19.029651988964655	17.81265781424081	21.40647741007573	19.01519457189441	21.6888334491303	19.1743892510477	14.957791792736458	16.790592524349048	17.960828973163494	13.849012820590822	10.814458357029784	14.80622974539413	14.603393329137715	9.69723981253489	8.74353592902379	14.495042022861561	13.00929377883811	10.655358030911716	14.22336401532326	14.300776181164924	15.10275569393008	18.324872436680636	17.91642677938813	22.18856833902394	19.960151695888243	21.080421126042424	20.02939094658896	21.37475430794662	16.537024194729586	19.050496658131674	17.369597645178672	16.162980624532537	11.43136165671889	12.109244476283736	8.988898949634345	11.563275236532645	11.01040756869839	9.195098066041261	12.070816256992925	14.264277320167892	15.507330287218517	19.3762189687002	22.29987100964075	26.955308522713526	26.03773598959737	22.867160676959124	21.151700343212905	15.457205063365675	18.490140868747606	14.151607697236958	10.274559549487785	9.517813843638264	5.994793226512179	4.311843268704493	8.13332874451175	10.377643729532638	9.540763156039487
13.182552797139833	9.915636612430466	7.217740224895375	5.0769817745414425	0.0	5.656305523801976	5.855405287308494	9.400626520582605	9.044723461653652	10.71501600574059	14.632035785160586	14.150251342980962	18.34080837169514	16.767262397344627	19.6134345663555	16.419610013885258	12.398281557179569	15.799950508800238	16.67754338354704	12.062426935371771	10.369515182758818	15.335684002921218	14.572216337206044	10.289049436568355	10.908566436024293	16.832200270286762	16.28691084206666	12.385181542857307	16.204095174686522	14.372760794710182	15.254988693692242	17.00628714317306	16.53813307392381	19.87856215016174	16.734929664000486	18.57162626448262	18.502745826358897	20.433349081766657	16.442682391743865	20.184219590324705	18.60070656594897	18.42769592076662	14.47295400214672	15.146904308907883	13.438687309820923	15.028747993346778	13.119207426117748	9.615321179949937	11.46814472524312	12.29630102059129	12.752446901808685	16.51493504562834	18.511348491105462	23.429073973734027	22.384012075607213	20.018188596373125	17.289322946933684	11.760404391963283	14.547239390463128	10.265985359440451	5.5471743129177975	6.717326986554944	4.626875458307393	7.416940018937457	10.380551052808958	14.312673284016979	11.503595985729621
15.039567609269241	12.50504035528476	7.48672597234939	8.755343797781414	5.656305523801976	0.0	6.097280266913268	5.9364280431514365	4.137453359572095	8.536731355515236	11.010124366262975	9.147896067411333	13.256192083180183	12.272363253067882	14.27996880993711	10.853719515368272	7.220227322124425	10.88391879501184	11.23506907413237	6.650924844351355	6.165304317968461	11.192110124361223	10.28823683846761	7.501219770916618	9.181340549904464	14.335279665196351	15.08956546181607	10.2424060694873	14.757136793633943	11.163382704866592	13.815687279675275	14.023733867520317	15.397584663513884	18.356591626182553	15.941643186438435	18.80715985916618	18.367194863103652	21.770022613521533	17.617312767628203	21.807372314876986	21.628483418438005	20.520448960620747	17.633662561920804	16.427788339972018	15.422502417340294	14.968742490841596	13.294724657700172	7.947618417688685	11.12246594456481	9.282752191317797	11.843791589188085	13.537852276953915	15.948853743483681	20.66554573064933	18.653546406888633	15.993362185703274	13.458073714610117	8.127006179852657	12.800367560362856	10.289157347181646	6.520034622568101	4.192023226401547	7.5867386295916	9.408955233242576	12.570956237550504	16.624698482963904	13.252371608659564
16.786291900964773	14.804147910206114	10.548198116830317	10.744376439641773	5.855405287308494	6.097280266913268	0.0	5.39957193405745	7.041756494471942	6.825865111127344	10.900327818377592	11.218702913137436	16.26448385096734	16.38759247960109	18.626309162921423	14.410180436483236	11.707563381378979	16.456786624022424	16.31066792429412	11.473983042778787	12.260374301353636	17.18282311941505	15.333068074848475	12.32669266503317	14.58969255539654	19.92247667642771	20.573353810658602	16.05314326031445	20.233959427922134	16.823515165834113	18.33857471460351	18.264402487508967	18.319443131358188	20.29780676360809	16.297541418363675	19.176729292865392	20.205477087524763	22.828211809354542	19.82298387584158	24.35503081816492	23.00157319962485	23.398229638074667	19.979268201351815	20.39741477239575	19.125406446111406	19.98723492533908	17.806824445656364	13.207838833333357	14.603215035438668	13.34703954460179	13.398472354384088	16.010276560578532	16.519179223957543	21.582760377813493	19.951869950317487	18.846918649376175	14.654700092958578	10.131106488302127	12.83195431448531	9.725994386273662	4.768961858389176	8.15765798657716	9.242829433625984	12.933644350732667	15.643186454549395	18.45070434779054	16.531986991148983
17.420467001949923	16.34762260195817	10.754191279490094	13.337687410055638	9.400626520582605	5.9364280431514365	5.39957193405745	0.0	5.295740939285083	7.739579039932521	9.642493879383291	8.0966269820395	13.358131379690914	14.68324271962902	15.368941322786023	10.47709131547713	9.479834920358215	13.910195244481704	12.402047319682165	7.681692110108262	10.718665255031484	14.679506855654079	11.862138450809985	10.473038696093743	13.90195907141538	18.0826880393115	20.04313275855961	15.530748797032489	20.34757836167945	16.06417734484455	19.145445943833955	18.072461071726554	19.771097279792123	21.55586813173091	18.36180102889765	21.930878639818605	22.47881610509028	26.079531176586826	22.690033980138598	27.261298301871516	26.796853891638595	26.256196000796965	23.187573915089736	22.349112375413604	20.983691380498257	20.638732027852377	19.216648967810215	13.737391447016003	16.443947039285767	13.480424078572815	15.384979697252952	16.062097169885813	16.856230089393563	21.5741143520384	18.780158964304952	17.55392655512069	13.467787096827633	9.784231766785204	14.174792213554303	12.72816944986691	8.803978748731259	9.238643533992997	12.614751966045793	15.042242234813255	18.309806488833978	19.474405548644175	19.048800307235535
18.968821113701782	16.63140511824045	11.419357402566892	12.747270855428521	9.044723461653652	4.137453359572095	7.041756494471942	5.295740939285083	0.0	5.895998341000081	7.096367033572694	5.135876792611868	9.62668443307898	9.728971654452778	11.596374229485178	7.757603279984266	4.766180631739658	9.916750868022106	10.095923895385859	6.362048440565236	7.636381687845941	12.149776414180273	11.455553722826865	10.369074158514575	12.260672216136411	16.645832232055284	17.82545050708265	12.495333215376478	16.436099789883233	11.572936502370048	14.322164321654903	12.798821036448798	14.741981804357861	16.625975927845847	14.166557277896526	17.77228772566255	17.775497757690236	21.90906814969907	18.44473747500304	23.162857956715158	23.515266688241415	22.67276901850224	20.569972186526698	19.03225092919517	18.910708220874465	17.78432667958042	15.511407389381228	9.928972452920537	11.968520242109875	8.265966107135094	10.82117827748174	11.02765207359906	12.795173345822445	17.412002629374104	14.921189015985048	12.82156320138516	9.637484063153446	4.986140282155381	10.276248059263978	9.405934745030102	7.163396263492561	5.158668512260505	10.26618325936846	12.902479262771886	15.339090936032617	20.661926691361884	15.72621314661469
22.739663473615447	20.169284600576624	15.608456628319816	15.492391021855171	10.71501600574059	8.536731355515236	6.825865111127344	7.739579039932521	5.895998341000081	0.0	4.689589402444492	7.344530959368023	11.594470689104513	12.352554390115055	15.163604646345123	11.583030986442969	9.317048974448312	14.890475512852639	15.467309317268754	12.117807824713376	13.166578499705576	17.898105894260027	17.272352363200707	15.76962638357976	17.460034825687924	22.33675384203374	22.939066135576926	17.481548811962103	20.589773493687506	15.885956809081119	16.88747009418929	14.865027587301487	15.085913402496478	15.482312537514577	11.372728121268393	15.238539223596574	16.858329821120076	20.532789653780068	18.572857917520494	23.816472227271657	23.55442523812322	24.16910212138545	22.279197746694866	21.90891298893545	22.334860573098474	22.031967074254677	18.710146329144493	13.92421276391531	13.602800614846247	10.594621917029299	9.810671190319606	10.82889371691969	10.062647380495477	15.049794607155292	13.417431140979566	13.298088867768682	8.337396150615403	5.3927461317627845	6.978597371888623	6.59175307239036	5.960579090245047	8.132821556388878	11.612064644124077	16.02789167251169	17.532640811946635	24.337233968806935	17.883261881772793
25.81008613890531	23.419993126232306	18.376998214283677	19.029651988964655	14.632035785160586	11.010124366262975	10.900327818377592	9.642493879383291	7.096367033572694	4.689589402444492	0.0	4.814437290572102	7.906426971053147	10.180370517894284	12.202774657762793	9.005471250042667	8.440129115014654	13.725017137632312	14.057871704335684	12.113027978693644	13.990691658347336	17.835253609475323	17.50996211358888	17.341625452839565	19.12547877074188	23.13911898054829	24.263947688031255	18.64882580272192	21.476377752604744	15.965822054398334	17.563973600524573	14.049315721779097	15.508063996839518	14.946985697307548	11.884534659490564	16.326768263132976	17.695930396435497	22.254315623127297	20.507593394057594	25.815961060607517	26.451292916469654	26.5821795842849	25.400416145589784	24.14071759619463	25.064202579571507	23.803927429208798	20.558014020525953	15.529853750533894	15.320377578550037	10.795658556956319	11.09673955922257	9.415120415351183	8.067151452511304	12.383854057776972	9.59091322778656	10.193419995134423	4.55837809048312	5.121207757331415	7.1546487737153175	9.578668362908834	10.285590343462717	10.445082740322686	15.162308247687871	18.981414703120883	20.3806408408115	27.524149099529094	20.486647416388752
23.473368619054032	21.465966466510885	16.000051501547933	17.81265781424081	14.150251342980962	9.147896067411333	11.218702913137436	8.0966269820395	5.135876792611868	7.344530959368023	4.814437290572102	0.0	5.38693093562821	8.103827403708946	8.581307461418369	4.388870887180295	5.018741612918873	9.83003313324198	9.340444572598761	7.874749459761638	10.624552903791145	13.689450782636492	13.164377535075023	13.90173229569959	15.9655307532524	19.193721587549707	21.002385065724688	15.63504932976516	19.03704797029492	13.283702000228962	16.403229622008393	13.029819094795485	16.032965400637057	16.5966845507475	14.740919038009801	18.968578768522704	19.178258405874974	24.064380054556036	21.226450575927657	26.149800706808428	27.210376200904804	26.291467287096392	24.94207666382496	22.825168418091636	23.312614279615364	21.372361399905063	19.02440814219695	13.51025486334492	14.983901952109349	9.807945951626948	12.591987968499444	10.271103703291894	11.174259663780877	15.013116400753589	11.40193920100218	10.107600266263912	6.551248153550601	5.502617752829206	10.408540074183126	11.946558653280256	11.384555303687346	9.471209205680367	15.006529971875798	17.57945099720494	19.628243031902002	25.288787586289462	19.759299995867938
27.293230949261588	24.98047690225684	19.809310409122645	21.40647741007573	18.34080837169514	13.256192083180183	16.26448385096734	13.358131379690914	9.62668443307898	11.594470689104513	7.906426971053147	5.38693093562821	0.0	5.353424545742939	4.734922774450544	4.629751294015438	6.558952539955355	8.852370238483891	9.400183430525104	10.733912036111013	12.525280096512475	14.182229043891365	15.187183675695916	16.96054418480982	18.12973669115904	20.336836626621082	22.01102136510688	16.742076537413393	18.9296292689196	12.852419813858893	15.917095486445337	11.146616881756874	15.329613445193766	15.170686831622872	15.061454633010563	19.192098145545074	18.755535588215672	24.28352530581897	21.697716919518655	26.40610428816156	28.52263428434219	27.111652906039797	26.84521406749533	23.860937679633256	25.309280560724595	22.395509729427573	19.90328337826295	15.00064350432669	15.877693560737713	10.068417122705242	13.516727854118612	8.94206708491784	10.526315648673092	12.74153115301911	8.527867168901524	6.344611085267245	5.95349094988089	7.834187058956778	11.624547383235369	14.574669098509899	15.485651982481023	12.45176711037398	18.164073910813336	20.213509992866253	21.57222746098812	28.95000863885284	21.341290297958864
25.800748120398065	22.7349351812992	18.403303034507296	19.01519457189441	16.767262397344627	12.272363253067882	16.38759247960109	14.68324271962902	9.728971654452778	12.352554390115055	10.180370517894284	8.103827403708946	5.353424545742939	0.0	5.4847165936837605	7.501305376889559	5.505258490304603	6.343810589122106	9.63731917668205	10.963021123011346	10.222276276448143	12.04666281182158	14.800685371080483	15.798689270061084	15.557439502771187	18.009531897245186	18.556656741604506	13.207018935440914	14.24214170346097	8.327330893036073	10.750828385476249	5.899499116510697	10.741860439573518	11.72074297842252	12.820968612996252	16.213340347757363	14.662390492694922	20.23549258374551	17.148142206820765	21.510971397670044	24.133836449708472	22.276986587756962	22.614997223871214	19.22524982528422	21.421019226164166	18.223987431943332	15.305549162345988	11.181963175996056	11.47091170115838	5.865994189429005	10.367333914250327	6.010370329759334	10.224610801636693	12.507589430924513	9.999327078470445	5.087888469644094	7.649664365061442	7.096339084802668	10.690820013454426	12.87210299470178	14.396636999226354	10.14358989308623	15.399443397486692	16.899951486029956	17.526007366302295	27.089892683043768	17.046026989599746
26.718393974214653	24.537580794621753	19.616438487747022	21.6888334491303	19.6134345663555	14.27996880993711	18.626309162921423	15.368941322786023	11.596374229485178	15.163604646345123	12.202774657762793	8.581307461418369	4.734922774450544	5.4847165936837605	0.0	5.305161218761258	7.273898429049663	6.0173254736565	6.799001803728237	10.237075191606415	11.422673534368903	11.314787680689767	13.271938645205713	15.958154452546646	16.59759092843912	17.532589909825365	19.4960421070106	14.853531813611584	16.761135283831113	10.93809098453908	15.095419560940133	10.76791965466761	16.11689788819385	16.945728496152004	17.970072860315554	21.603621432287632	20.116387409990924	25.694076657258677	22.347409473872037	26.423686562989744	29.096564681926033	26.713458447213434	26.678121279293443	22.824124815614542	24.241144250820696	20.51374666297743	18.87373429421326	14.331519796100228	16.253227532397347	10.735801222366666	15.633348443913041	11.181946700013109	14.286599992401964	16.00835916127654	12.190435432246664	8.413275484397381	10.334591228232133	10.7689358685181	15.1757548382163	17.430583000284777	17.903001671553547	13.625024489657882	19.2190700505264	20.001236021948692	21.468967367285508	28.261637630487026	21.139856588770265
23.74894578744027	22.058973116798914	16.53364591732511	19.1743892510477	16.419610013885258	10.853719515368272	14.410180436483236	10.47709131547713	7.757603279984266	11.583030986442969	9.005471250042667	4.388870887180295	4.629751294015438	7.501305376889559	5.305161218761258	0.0	5.183221094793735	7.283137559626606	5.719101139403514	6.681859789911164	9.906822536242357	11.22903230895693	11.015848745571299	13.249821638565585	15.208225574780704	17.098030277258424	19.57312941942833	14.673279119010433	18.08281737611461	12.237111676190763	16.550220646158518	13.038706182070323	17.3578407472385	18.358499633345815	17.70527224098059	21.72658163226981	21.08454453096347	26.27610271285503	22.882989166061453	27.372463568299114	29.044708764450014	27.242260840817217	26.140497465628258	23.128478823428235	23.556004467945485	20.746350891188282	19.211740535650115	13.762462988923748	16.280134035373177	10.833985230292445	15.148515474623933	11.962496839713303	14.014636864004606	17.02358327217713	12.953828836672423	10.538569688733828	9.25396180604242	8.641985589471732	13.882180521253497	15.45172526108961	14.744796669675218	11.435178797525621	17.141554732493553	18.507283337894695	20.76179127021178	25.56880696643435	20.791248527207888
21.051699700855995	18.466108978078314	13.519790036981677	14.957791792736458	12.398281557179569	7.220227322124425	11.707563381378979	9.479834920358215	4.766180631739658	9.317048974448312	8.440129115014654	5.018741612918873	6.558952539955355	5.505258490304603	7.273898429049663	5.183221094793735	0.0	5.6004735515458215	7.0512338417539935	5.977169720360759	6.30874528587755	9.56225802915689	10.644080741904903	11.053139005265031	11.918257082711365	15.169353931922954	16.390074648302424	10.890067719735745	14.038679698553139	8.30064364289147	11.951388783299313	9.396193887510012	12.996547257903455	14.967630589034131	14.18346817355945	17.752481136803578	16.768150502263367	21.64849558954553	17.91290267438542	22.38238122376312	23.88289912156372	22.171746315050463	21.072519440516047	18.291203824875456	19.047340363465906	16.601733548886603	14.395530419642801	8.943835664115818	11.174126295545028	6.049306107472485	10.733399633923096	8.956352645330528	12.184669570209461	15.939619007856741	13.121275281179718	9.666059989778198	8.67978864258033	5.216908077208914	10.908781967146599	11.385177239488343	10.830036206647234	6.56416268018558	12.295996871835012	13.813469343663856	15.699715836341321	22.579269126905906	15.69609208811423
21.65403138619445	19.19511354982478	14.862982900808786	16.790592524349048	15.799950508800238	10.88391879501184	16.456786624022424	13.910195244481704	9.916750868022106	14.890475512852639	13.725017137632312	9.83003313324198	8.852370238483891	6.343810589122106	6.0173254736565	7.283137559626606	5.6004735515458215	0.0	4.906243204463159	7.380167955928178	6.1686806331624355	5.873552081983524	9.313661801710936	11.190157714346999	10.86256639562271	12.031860957468508	13.530754604496947	8.878124919774823	11.33501810239304	5.802433139987464	11.225563591681404	9.179509163569435	14.258976585861236	16.95835931382619	17.84171382903117	20.809759933284003	18.58739847899556	23.57245285124848	19.150583808668742	22.688372299488684	25.11547548099734	22.108536776763085	21.61661168732608	17.49663336816813	18.46769629409061	14.625123423610974	13.627202518334231	9.13011719140084	12.533034859501614	8.216154721992682	14.126707374936949	11.721875334188502	16.105383355266095	18.836205808913373	16.018342112198212	11.334866738649415	12.882309505284457	10.386281444947594	15.50521514643424	15.992677383150916	15.549485329342081	10.252130285521028	15.157265547396952	14.748838541811697	16.491455199367927	22.959061980614802	16.249292306459495
20.99485593379167	19.64977243361948	14.529786424919147	17.960828973163494	16.67754338354704	11.23506907413237	16.31066792429412	12.402047319682165	10.095923895385859	15.467309317268754	14.057871704335684	9.340444572598761	9.400183430525104	9.63731917668205	6.799001803728237	5.719101139403514	7.0512338417539935	4.906243204463159	0.0	5.1908692298148775	7.553465446800202	6.3243220963619855	6.600314749753609	10.176755843337535	11.715329967752522	12.027651896604638	15.226934374999779	11.354806086090809	15.196746950733766	10.269079891566832	15.863472515307114	13.79787909072507	18.660007298830983	20.96747956121335	21.047728568963226	24.480659016109	22.8459292841898	27.77511729120186	23.39571207088246	27.08343684414606	28.98481321422256	26.13027707843238	24.842761973745798	21.079539812642228	20.91244288398167	17.452179531067582	17.35303144378729	12.302109713094472	16.482232485328225	12.010498882232191	17.512051760711735	15.08200054896882	18.474668357246376	21.431050123975883	17.776836605828596	14.08995061555498	14.262244700397902	12.16538108892349	17.83953610421414	18.310629730947134	16.811266274497118	12.3127713334838	17.361002314931586	16.964751868589385	19.654438218845982	22.68047804612945	19.71630773617551
17.146955047669778	15.846937987592542	10.204522436124595	13.849012820590822	12.062426935371771	6.650924844351355	11.473983042778787	7.681692110108262	6.362048440565236	12.117807824713376	12.113027978693644	7.874749459761638	10.733912036111013	10.963021123011346	10.237075191606415	6.681859789911164	5.977169720360759	7.380167955928178	5.1908692298148775	0.0	5.403167932369289	7.445242949865019	5.399254239145501	6.6486426801385035	9.480690311431212	11.935737653508262	14.72183792272395	10.404417823473969	15.346823378119014	10.807297984648205	15.688703757113796	14.577234441077703	18.15064777271407	20.75980235711215	19.567937988213224	22.96839206921268	21.937518186276467	26.287542445231743	21.899797205182008	25.849221959257875	26.753367328499063	24.565782851674477	22.324475793290176	19.600602769150182	18.627343300101156	16.427720090002193	16.05837282169614	10.437576655339228	14.85701705922652	11.12177807071665	15.740204860226164	14.90535737258402	17.756531054260947	21.68648152472295	18.42928374751226	15.339129646424364	13.78919487821135	10.199340546041181	16.01499647234599	15.354778558499843	12.687071381315269	9.035875606347672	13.664978758973062	13.81727828527694	17.117446554142372	19.00721310139811	17.52134034153822
15.79588971068496	13.15619990970021	8.81450080433354	10.814458357029784	10.369515182758818	6.165304317968461	12.260374301353636	10.718665255031484	7.636381687845941	13.166578499705576	13.990691658347336	10.624552903791145	12.525280096512475	10.222276276448143	11.422673534368903	9.906822536242357	6.30874528587755	6.1686806331624355	7.553465446800202	5.403167932369289	0.0	5.314373584422154	7.003067756221628	5.947982251892529	5.633397428565294	9.415961516212546	10.430986074846352	5.282502481995703	10.13716344493471	6.379222267664421	11.040803728010443	11.564926855511231	14.660585133482407	18.36140456231971	17.848001266517066	20.429651624963277	18.55071984649232	22.520194994897448	17.5388063143119	20.966206256439605	22.13450092877593	19.41292382244047	17.46867317884202	14.278963146334746	13.800654835187203	11.267580901911458	10.716078448057946	5.314198306029197	10.561346886202418	8.296412818698707	13.313216560580598	13.552209577996667	17.572159259908492	21.44935132425829	19.184645861090996	15.08239407101714	14.798147938651484	10.15055222931894	15.41378140819217	13.91856091015273	11.792543696982849	6.657309327079923	10.401395392159042	9.41470769243724	12.2997114780981	17.095771186068863	12.559132864975766
17.38990453583126	15.587212887494085	11.84756637970268	14.80622974539413	15.335684002921218	11.192110124361223	17.18282311941505	14.679506855654079	12.149776414180273	17.898105894260027	17.835253609475323	13.689450782636492	14.182229043891365	12.04666281182158	11.314787680689767	11.22903230895693	9.56225802915689	5.873552081983524	6.3243220963619855	7.445242949865019	5.314373584422154	0.0	5.5909360471537495	7.569239851572699	6.779688998341508	6.244387836191605	8.955027538293587	6.075337118580557	10.235935247518388	7.4801823772413885	13.248606322849568	13.600924713528936	17.854309863655605	21.562744107774492	22.07327657250544	24.592680058849115	22.08384701139349	26.285679970048655	21.04924215046662	23.749957678667155	25.652824562550787	21.93567560596198	20.49308860117508	16.216465291605132	15.61982430161886	11.698384039553227	12.943388925662672	9.058973626608466	14.41105898382648	11.994796320731215	17.69289268090852	16.78875794378884	21.211166967909122	24.39862533603769	21.696007647126763	17.1161920128497	18.017221143505456	14.398768426201745	19.79369112368093	18.948587183983456	17.090121356555912	11.874838867871777	15.350533564090139	13.09537517389223	15.797802729939121	18.59059974198643	15.868328086920934
15.073119470180115	14.716704577951782	9.86235259783578	14.603393329137715	14.572216337206044	10.28823683846761	15.333068074848475	11.862138450809985	11.455553722826865	17.272352363200707	17.50996211358888	13.164377535075023	15.187183675695916	14.800685371080483	13.271938645205713	11.015848745571299	10.644080741904903	9.313661801710936	6.600314749753609	5.399254239145501	7.003067756221628	5.5909360471537495	0.0	5.063991131313295	7.863709099360539	7.816601313398397	12.023261752488677	9.751243718958689	15.067377825768636	12.137511985298087	17.61422869413544	17.615247421313246	21.470887886224784	24.794485675876455	24.16468657338488	27.149224582209587	25.46284669470536	29.51852305451505	24.477574663243253	27.59993894862848	28.597774865159167	25.519665876450656	22.9919970651205	19.736974047184983	17.809010547765386	15.208812568574197	16.671475377724697	11.998697134819945	17.55078540982911	14.824449629613067	19.92395647863705	19.33091831314921	22.79115247786492	26.505563533884075	23.26350745518436	19.6120646602305	18.932751585206635	15.254459545407666	21.022612322555418	19.88239380109517	16.800328270087007	12.821848437051878	16.24065953814227	14.536103679004864	18.26574780139435	16.845405365017918	18.74567410790016
10.85219352401626	9.863571600725237	4.854169893806312	9.69723981253489	10.289049436568355	7.501219770916618	12.32669266503317	10.473038696093743	10.369074158514575	15.76962638357976	17.341625452839565	13.90173229569959	16.96054418480982	15.798689270061084	15.958154452546646	13.249821638565585	11.053139005265031	11.190157714346999	10.176755843337535	6.6486426801385035	5.947982251892529	7.569239851572699	5.063991131313295	0.0	4.728954498003557	8.049421118469448	10.504889941886097	8.053692421107712	13.816535851406133	11.881510659147128	16.244066200632716	17.482901013716457	20.07141125696009	23.88294108300524	22.608902950129036	25.131419345370436	23.628464297831844	26.927283508736316	21.777179499238702	24.762023979185884	24.94615432412356	22.279229373733113	18.972250743019693	16.63196746020879	13.953883828935336	12.694424603396055	13.989971891620435	9.585032340811642	15.180760397591584	13.88082923215998	18.07291791406912	19.029438517795608	22.41356726505123	26.66498577378569	24.115407909123753	20.549212544375074	19.29270230858962	14.50775743800205	19.78913957377719	17.476231158595585	13.70369066185569	10.360172017032532	12.282226592077803	10.293380624587192	14.49047439905189	12.572344067995479	15.264189723517227
11.497358333505042	8.912358447551853	6.495015075908302	8.74353592902379	10.908566436024293	9.181340549904464	14.58969255539654	13.90195907141538	12.260672216136411	17.460034825687924	19.12547877074188	15.9655307532524	18.12973669115904	15.557439502771187	16.59759092843912	15.208225574780704	11.918257082711365	10.86256639562271	11.715329967752522	9.480690311431212	5.633397428565294	6.779688998341508	7.863709099360539	4.728954498003557	0.0	6.043586827286766	6.2323309780542235	4.087157274672224	9.580659418330626	9.366407214810188	13.138749219842273	15.672115310263731	17.927593618417227	22.42274706299818	21.925754650238105	23.763607397426703	21.49376482771105	24.458469775782177	18.8678148449961	21.135653079726865	21.734393884349625	18.33536174903242	15.436208165017641	12.343815410400214	9.948250094314393	7.981707968008081	9.937191363114955	6.888946614128912	12.747060757362158	12.783630037736408	17.087835013143334	18.484584595653114	22.64719588719898	26.620687535371754	24.695338763764195	20.44104858713317	20.26575487245004	15.231719688403405	20.018683420574607	17.454434398237286	14.510971505984857	10.265286002083664	11.17003535825859	7.533819519330008	11.214086220917528	12.386022891801636	11.808574823498448
14.112912598447435	13.087017162984534	11.325255625048927	14.495042022861561	16.832200270286762	14.335279665196351	19.92247667642771	18.0826880393115	16.645832232055284	22.33675384203374	23.13911898054829	19.193721587549707	20.336836626621082	18.009531897245186	17.532589909825365	17.098030277258424	15.169353931922954	12.031860957468508	12.027651896604638	11.935737653508262	9.415961516212546	6.244387836191605	7.816601313398397	8.049421118469448	6.043586827286766	0.0	5.340582293254205	7.226950680203631	11.17241466676021	11.701328522974505	16.404110274192362	18.508833833208165	21.884055320373843	26.303826336676952	26.671234868762603	28.610415393839382	25.820634559485953	29.12593736513486	23.38021660613532	25.015112991804017	26.38127022856747	22.067568995739983	19.850792260924397	15.736946681502758	13.448048868189343	9.994954957652443	13.702396196935636	11.659957764449944	17.43947743951012	16.79306218472121	21.937667179516048	22.17942334655244	26.69853095073068	30.132563973280917	27.727659506394716	23.090948954782167	23.804705500870085	19.53567574567235	24.721256178371128	22.870075418765445	20.213153429799135	15.55068819885893	17.131576669348725	13.148373102323939	16.231884070436493	14.853465639045316	16.558249425947864
14.481484426324627	11.925488668563316	12.080980650235409	13.00929377883811	16.28691084206666	15.08956546181607	20.573353810658602	20.04313275855961	17.82545050708265	22.939066135576926	24.263947688031255	21.002385065724688	22.01102136510688	18.556656741604506	19.4960421070106	19.57312941942833	16.390074648302424	13.530754604496947	15.226934374999779	14.72183792272395	10.430986074846352	8.955027538293587	12.023261752488677	10.504889941886097	6.2323309780542235	5.340582293254205	0.0	5.756440688207503	7.593519170288791	10.717940946787545	13.725762502235629	17.348428671884655	19.666791748282293	24.634821521393192	25.336519459116754	26.467560697145217	23.222901297912422	25.800134704414447	19.859002535870516	20.646225535752396	22.078275710680504	17.318407158763925	15.425975208336897	10.968603136898626	9.029639498802416	5.00297116007967	9.752176935704037	9.983519764673881	14.978750616728869	16.038918980774813	20.505509097571988	21.67987504966539	26.532516502011376	29.89311496928559	28.327031154174684	23.41580689458461	24.577818522707528	19.907078372491682	24.28634386082666	21.920808691749667	19.816456112858656	15.16300689606594	15.367164336715174	10.541153585231665	12.587162925913221	14.470308821253065	12.752124800531263
15.287260216172253	11.973821844360552	10.009962295851581	10.655358030911716	12.385181542857307	10.2424060694873	16.05314326031445	15.530748797032489	12.495333215376478	17.481548811962103	18.64882580272192	15.63504932976516	16.742076537413393	13.207018935440914	14.853531813611584	14.673279119010433	10.890067719735745	8.878124919774823	11.354806086090809	10.404417823473969	5.282502481995703	6.075337118580557	9.751243718958689	8.053692421107712	4.087157274672224	7.226950680203631	5.756440688207503	0.0	5.766292223331548	5.774561757976917	9.52739051852362	12.347838959133446	14.868975857083921	19.540942366207307	19.922548949895848	21.51400852064899	18.660575354446078	21.93101220371646	16.263105170116944	18.424693063920074	19.963357708822233	16.108022685475273	14.462582660544166	10.244035766481478	9.856922133974994	6.18690389887852	7.17567723623254	4.653887958858422	10.229568137507833	10.400324693250386	15.114161502390013	16.098769190080734	20.823592212202183	24.33394358676836	22.752277411765874	18.024467001566315	18.881630703467884	14.176602893434021	18.60497556836586	16.561862613277675	14.854376929841537	9.721634754476948	11.168397078954284	7.806996279065248	10.008337059358357	15.88647591951185	10.078467648254811
19.803315765788398	15.854625051520719	15.236555242288409	14.22336401532326	16.204095174686522	14.757136793633943	20.233959427922134	20.34757836167945	16.436099789883233	20.589773493687506	21.476377752604744	19.03704797029492	18.9296292689196	14.24214170346097	16.761135283831113	18.08281737611461	14.038679698553139	11.33501810239304	15.196746950733766	15.346823378119014	10.13716344493471	10.235935247518388	15.067377825768636	13.816535851406133	9.580659418330626	11.17241466676021	7.593519170288791	5.766292223331548	0.0	6.078893314747681	6.754910216722384	11.111821846388704	12.993651736710145	18.033492454768965	19.792438470649767	20.423877514313883	16.55263205500091	19.482737661140934	13.746678113286972	14.74055188993867	17.593884391321843	12.784044768495585	13.188734083891363	7.598691758649674	10.125424723455831	5.316281603364774	5.03467330442481	7.053657455461894	9.567917620996788	11.270695343723593	15.3330389726115	16.29089507731181	21.533859350913094	24.24082677981434	23.539859289876336	18.37284168200239	20.64390643322347	16.53564302337588	19.7800246492952	18.104177988382297	17.88050234888569	12.769405575653268	13.453967208548793	10.218250993743482	9.817681846892514	19.866208338032994	9.089917257378502
20.573163516050172	17.030607161242703	14.237912989055737	14.300776181164924	14.372760794710182	11.163382704866592	16.823515165834113	16.06417734484455	11.572936502370048	15.885956809081119	15.965822054398334	13.283702000228962	12.852419813858893	8.327330893036073	10.93809098453908	12.237111676190763	8.30064364289147	5.802433139987464	10.269079891566832	10.807297984648205	6.379222267664421	7.4801823772413885	12.137511985298087	11.881510659147128	9.366407214810188	11.701328522974505	10.717940946787545	5.774561757976917	6.078893314747681	0.0	5.940923829971424	6.853587926369504	10.675656310468272	14.810186935620724	16.209317144953403	18.057752811131333	14.951977250852913	19.289340180397787	14.261135827216082	17.195675678792536	19.8766510652564	16.438881081366876	16.47738214028955	12.003224794021467	14.000801812959239	10.06343869924497	8.148907236979223	5.236574292802225	8.107922704219074	6.416492627841999	11.890773679610058	11.36569686507441	16.552086059102322	19.38139144973721	17.976842447356624	12.862382544704479	14.942894282013707	11.281304523950846	15.231936535415556	14.599555819372675	14.67105407238055	9.044267763026294	12.251586340226966	11.085010404774177	11.688764584945599	21.3295651802855	11.154081729181534
23.11822571965459	18.683348556359075	17.15839617476061	15.10275569393008	15.254988693692242	13.815687279675275	18.33857471460351	19.145445943833955	14.322164321654903	16.88747009418929	17.563973600524573	16.403229622008393	15.917095486445337	10.750828385476249	15.095419560940133	16.550220646158518	11.951388783299313	11.225563591681404	15.863472515307114	15.688703757113796	11.040803728010443	13.248606322849568	17.61422869413544	16.244066200632716	13.138749219842273	16.404110274192362	13.725762502235629	9.52739051852362	6.754910216722384	5.940923829971424	0.0	5.866029616964314	6.246243188452092	11.343635687734052	13.440260725881943	13.918496804262592	9.989709267244212	13.7885329039566	8.74796414042741	11.594202245924741	14.917090638560802	11.86679853807886	13.420783216869761	9.4869067886581	13.584921737821238	10.775086070315588	6.256497272989327	6.930412245788568	4.713543360912839	6.807400491062705	9.475165958166723	10.633455941789762	15.756871440558376	18.218577717082397	18.400362355781237	13.607684794481324	16.039416328155575	12.523882142503268	14.245597254570278	13.24491810994336	14.831057336993657	10.292383490788874	11.56382836672856	11.233335700110892	9.461354763647373	23.449212977705514	8.318658040621365
26.187069358157284	22.26433986380033	19.27488603412986	18.324872436680636	17.00628714317306	14.023733867520317	18.264402487508967	18.072461071726554	12.798821036448798	14.865027587301487	14.049315721779097	13.029819094795485	11.146616881756874	5.899499116510697	10.76791965466761	13.038706182070323	9.396193887510012	9.179509163569435	13.79787909072507	14.577234441077703	11.564926855511231	13.600924713528936	17.615247421313246	17.482901013716457	15.672115310263731	18.508833833208165	17.348428671884655	12.347838959133446	11.111821846388704	6.853587926369504	5.866029616964314	0.0	5.8624257850982815	8.476781464992635	11.251139560805292	13.144608890832775	10.139412372489824	15.558349418999335	12.219312640563588	16.108978943174655	19.45476904932763	17.361430796861452	18.823180703343493	15.263350804695099	18.771135181007534	15.630651861301494	11.715797286383008	9.726384934064189	7.849121300071942	4.935790896323766	8.404558200415439	6.045732078729392	11.469680613141668	13.296034597136382	12.963186115515562	7.893430710414342	11.418782001124551	9.688998885804883	11.35229726944188	12.52834719678203	15.015548637737096	10.58429159678466	14.132951494734378	15.205125064593222	14.36657328798405	26.985831668835143	13.469467246140242
