0.0	5.453393718114724	7.9512162190536415	8.689939592570516	4.215624727799946	5.249429386706896	9.8244922971953	9.732544863323245	7.54145072103294	10.645032275267475	13.69584918127421	13.141586517841333	14.194571688689788	16.28946456411283	18.453864622212627	19.83658780725957	23.769487457907243	24.157443742570145	22.627677419623907	20.30859183423937	19.24883775485994	19.764310788318816	15.645097379223847	21.07430230526743	20.58520170349472	21.373876564520515	17.524686886639884	15.250052056357491	18.08095861872441	16.993904840180154	12.138853530853991	12.701583801006048	15.938082570322239	13.955225017390877	8.656394912844316	8.716541967065888	13.68654422613435	12.627367338984403	11.40902511183263	15.85472047853881	17.711267421158354	21.162043573544306	23.568270772017456	19.788624300333556	19.29718169544488	17.838468975551038	22.714665753263382	22.553373038937117	17.549452178437473	19.433905480958767	24.078768476784873	21.95576137130017	18.268848512591855	22.018430548514083	23.996723315924005	26.123926202938673	26.55422302301404	25.946158384136492	23.84692977861615	21.20551308796866	17.076209345088532	17.439996121383345	13.081420238135825	14.854305628630852	16.202821765474393	11.714667498217857	9.864868584303775	14.002123457032406	13.271345732525328	8.0021663254293	10.67778700792042	14.783779130795331	13.587154987857927	10.795252692514287	14.904575441783903	2.509573171526071	16.467891071984326
5.453393718114724	0.0	5.20499096528992	4.990952754026235	4.433104215373776	6.74938574803891	8.939102265445365	10.225172050396965	10.658676667413896	12.394816617614902	14.404652906160413	15.327504440044667	17.4033829177013	18.114459269850073	19.9983129698747	22.663335340956205	26.309561830484558	26.066517842740726	23.858376357577107	21.021108993540373	19.516532663118703	21.370173492457226	18.34075851887157	24.202783559267452	24.373018787804888	25.384670303282213	20.958430270870267	19.172376149920098	22.7473968567743	21.398256224387758	16.37589608876433	17.75710378865942	21.086972404836324	18.724745618755108	13.536262468610692	14.108902488740418	19.09492439466058	17.855906857579765	16.54128183831083	21.174115017485946	22.94825233562416	26.23040919162349	28.304479415454814	24.595444288911317	23.364846308760615	22.306030709736124	26.82391828711025	26.169333233740588	20.92308534361539	22.92965327539788	27.20465186445086	24.416431808068385	20.468664817215554	24.37712870293321	25.18858609544001	27.33341922280288	28.65873061382521	27.83515280359443	26.596010826490456	23.414221408204824	19.319906460090145	18.1118572423429	13.32524679358078	14.66891842874356	17.72430959370256	14.032313031770734	10.77110338758032	15.482141649342738	16.421725409936297	11.775212652768824	12.787062368805604	17.55536086402671	17.752006222968706	14.607942431229132	17.835326008417415	5.985300969014909	19.843270493490472
7.9512162190536415	5.20499096528992	0.0	5.326874305746909	7.008896308334687	5.301671030393529	6.2951190365412915	9.68475732946575	10.705670600890747	9.961789008381913	12.545152750713294	14.946178589436123	16.20416864154477	15.526393385381652	18.33002469109197	21.20479639764454	24.143662570257874	23.135578500700017	20.240472633843257	18.10390041484619	15.561581239331995	17.662414334852784	15.50658426366704	21.472708058172138	21.943546013612746	23.628013412700152	19.054006015574846	17.22462291718099	21.7038458638352	20.896681412453493	15.64826866356007	17.514332750455328	21.488442482053664	19.82959075894307	14.58306398010623	15.015810116090048	20.730708569712096	19.661994495781418	16.901330792186723	21.426612557236954	23.923685587378593	26.611929639331063	27.911889145282647	23.773898083651712	21.907362906245414	20.79577296262639	24.65723823032006	23.813740362458454	18.431454345375176	20.1458157534092	24.002189761523347	20.978671084656696	16.743007460273322	20.529075377914175	20.63429712793415	22.740067581638616	24.542004499459576	23.736933598313303	23.104541626198163	19.770315580046642	15.615748818045002	13.55223639752183	9.045550369267447	9.74936576027082	13.55656987364317	10.820304593587146	6.990500207170186	11.901873364786242	13.791791824827285	10.537424490507057	10.947688046758886	15.510533213696158	16.650799955461242	14.730646804594175	17.544530617298484	8.483155855611098	19.540049884017176
8.689939592570516	4.990952754026235	5.326874305746909	0.0	5.255909605501995	7.231435561550889	5.805866861128341	7.432172077671078	10.159612353444487	10.794624249181778	11.198552856845168	13.212803158147272	16.135865499536262	15.76707240909976	16.988836228102343	20.658265072697986	24.012376187841447	23.457380965652867	21.13034218615861	17.59197725780079	16.45551295712822	19.330465981666336	17.252434886221252	23.12522925167591	24.345826577075655	24.907713830692035	19.942789288915954	19.309844833894225	23.295245665257966	21.23466645944834	16.422793499756555	19.197397208765686	22.171294549167207	19.354438036125	14.604039622811339	16.463967674171414	21.376255769115204	21.198470661672463	19.31359577753167	23.32154441912168	26.06932373110595	29.30693755733989	31.238377233213626	26.854214851279387	25.838587454581845	23.91861215367221	28.085123886771516	27.9844615216054	22.588697957445387	23.63052368655971	27.972935016421776	25.54329692794308	20.998704501443083	24.110319720947206	24.767470491815974	26.08437307471529	27.96037500997385	26.4011536705252	25.79543604038265	22.025639228519534	18.817965504856552	16.567373897644917	11.448112758012002	13.93095884580262	17.489745421432303	13.886080225355103	11.591445640539181	16.78103989564426	17.689618761944963	13.957391592881736	15.619330286345821	20.14578728855325	20.320134719528248	18.295755504508787	21.71061493721426	10.156991363421305	23.60966531413292
4.215624727799946	4.433104215373776	7.008896308334687	5.255909605501995	0.0	5.16023154319918	7.213927551076287	6.661443716669186	6.687271368525519	9.635569820315549	11.171137361573072	11.176941047917461	13.61928065558621	15.007014432325033	16.332139346704174	18.780342218352573	22.720350265361915	22.97096634901033	21.394387766218642	18.176213579604955	17.607139283798197	19.13160906231042	15.708672377230295	21.348353658569742	21.868876387990277	22.10274411487505	17.593548439350023	16.494856883293828	19.675708751029955	17.620259444191564	12.890997882389902	14.995193921093003	17.676590885424595	14.806028136887065	9.90473227091343	11.72177004249002	16.28259187930515	16.23811662224344	14.922387583431078	18.780250776336928	21.31865402590559	24.837155826916433	27.23501595824939	22.993972425370163	22.65912298733271	20.539354373082162	25.194388425138165	25.437632286327446	20.2324597552219	21.383952582202788	26.142997530598088	24.17929724774991	19.920872951515435	23.133992934879167	24.892665027939362	26.399265100820838	27.37630919869444	26.094686543224746	24.53527344332116	21.26395349414539	17.822332985138594	17.15521214941844	12.180124286330145	14.94799729819669	17.06561525893874	12.473851058465522	11.009143088647125	15.93604533859802	15.498433556124068	10.892523305277207	13.707202158458383	17.956397807419883	16.979311063207376	14.813143730334053	18.842992118395184	6.383993784423531	20.465159521172733
5.249429386706896	6.74938574803891	5.301671030393529	7.231435561550889	5.16023154319918	0.0	5.447467702631431	6.901788715543742	5.836635710976757	6.138994133448028	9.797949365261829	10.866795604550019	11.474512315194229	12.061565283972165	14.969245534216748	16.89601925322133	20.246755873218547	19.93658224258785	17.85386146913298	15.813894160660816	14.15346752112783	15.026127551898117	11.628599537980254	17.481036854880326	17.756058539968468	18.907431707289305	14.4763705036597	12.635974912076335	16.706681008713407	15.698394164783029	10.444469098671956	12.481050353908484	16.232894606426854	14.648157045531528	9.455870115797753	10.306661266932355	15.923861035212084	15.66250309331258	12.687968376274195	16.65636159354154	19.77051124605122	22.642622530304468	24.29173619019008	19.704253284170434	18.797043768130305	16.693371392215724	20.934150381163864	20.98180423060185	15.64278167079068	16.72076509324916	21.270819266176957	19.200021097590067	14.809370426969256	18.118623481576062	19.767279019617277	21.46740569643237	22.40146900234373	21.430331276815775	19.93980069648828	16.820003139345886	12.883686864169261	12.421016984648974	7.848007273368595	10.22420447228605	11.924703965727108	7.510107135486018	6.127894453814301	11.071404094324938	10.735667815354367	6.968369318146575	9.912265869186424	13.815827018468866	13.33093964548308	12.351748518026167	16.184451454975814	6.739957220178059	17.70090090879067
9.8244922971953	8.939102265445365	6.2951190365412915	5.805866861128341	7.213927551076287	5.447467702631431	0.0	4.5123175309703525	7.470606525414273	5.58421381784781	6.361988358594015	9.632547753479066	11.586619740182163	10.202121520593305	12.24968458132573	15.814019548832205	18.700006458814727	17.81790904631136	15.369417667878993	12.240980924464946	10.864689206115708	13.553039878297394	11.872720804100226	17.67630667316071	19.42183406460505	20.01506745821931	14.891391642051873	14.768666280828414	19.227480387966327	17.307230892437214	12.603423682367563	16.235154672305782	19.31817149193558	17.104814668450306	12.73694120120123	14.956794014703835	20.069461436510966	20.673911831985986	17.625056612152644	20.889556375955944	24.670303239260424	27.483875374614183	28.969492728166802	23.937875311801246	23.122883202073503	20.37936709371169	24.023758984656702	24.516463491026983	19.19331348960852	19.223147175134752	23.587031602366093	21.786222629369853	16.858481106505174	19.133424926650857	20.235748576530142	20.908025256512243	22.733666589801423	20.81137830140156	20.35181564216942	16.38830973450302	13.767797998080637	11.432223743050836	6.249217558149027	10.232915708398242	13.004834884642408	9.364409751665875	8.965195669993838	13.981683298908193	14.176847624731685	11.856547426289374	14.437223237960835	18.121865757454696	18.00821517243995	17.680940796386466	21.292935971538515	11.632354609010081	22.835438197332884
9.732544863323245	10.225172050396965	9.68475732946575	7.432172077671078	6.661443716669186	6.901788715543742	4.5123175309703525	0.0	4.967906519921997	5.867431557065653	4.70253167605108	5.838421679800915	9.290667451542532	9.496751896193123	9.940283948134025	13.379728806595311	17.022020761052268	17.14614380969848	15.879361616952725	11.869768900560542	12.434763698212807	14.48681791876231	12.012532611331597	17.308764519595737	19.274861943243057	18.676783694076075	13.55261809453035	14.353601153509768	17.859539054978224	14.846304606412154	10.773966024472678	14.988705436317913	16.9772046192177	13.901834251274156	10.282138668763483	13.753027445614503	17.87917427240145	19.467434444227752	17.13298648758841	19.634782454650026	23.670156552888486	26.87892172199044	28.951387318532188	23.775347787526428	23.97406851572639	20.474226394057496	24.467583293612332	25.758736244419058	20.639287950402398	20.147449633500234	25.01959394120964	23.986105334908668	19.118490193394674	20.86768555923352	23.05405588592405	23.257622162506447	24.48786468027475	22.200157716024016	21.13957292276201	17.277733909245743	15.425796994288683	14.209996975538889	9.385511340706778	14.033064599570201	15.610600841319917	11.015220027067864	12.003073556125358	16.852779568982847	15.68954882196021	12.882181512345513	16.665610952752964	20.093823493184402	18.76952029887179	18.570863071074612	22.771901242969772	12.093012547101265	24.06242706586069
7.54145072103294	10.658676667413896	10.705670600890747	10.159612353444487	6.687271368525519	5.836635710976757	7.470606525414273	4.967906519921997	0.0	5.399569939902738	7.4607336677763385	5.822743250432674	7.023247084315693	9.630772162622591	11.153331493974743	12.416446121358586	16.509964704499026	17.31085333119991	16.59638155091478	13.82836032036948	14.166240596898643	14.364223998466542	10.24543026573948	15.314028568229263	16.178447085802095	15.646502984573653	11.13337787302832	10.85680711765722	13.738879050575608	11.155039684791662	6.608307881207959	10.195940770362942	12.333836418442212	9.693597076215259	5.460162377807007	8.925073879325092	13.045837850360588	14.771251701111673	12.426235810058353	14.718099998982536	18.76551946401525	22.021457007211666	24.30281683019904	19.21341286827273	19.908165447265617	16.27568083848183	20.689180188973054	22.172376437235314	17.287880863601533	16.99363966735637	22.16202371286548	21.465625479202053	17.030347124837782	19.03248131456705	22.122407466084677	22.794103715197096	23.085703800798104	21.399590630650327	19.314939857757672	16.20689830607083	13.767434354124878	14.365817939405183	10.199767454519325	14.232130280100328	14.377987573681429	9.086280115163557	10.86245086728395	15.034578056491487	12.635986309321998	9.421693989704472	14.129577278139298	17.004710402043866	14.712561208897814	14.825985157353411	19.337651632059863	9.810047021350853	20.30496820411979
10.645032275267475	12.394816617614902	9.961789008381913	10.794624249181778	9.635569820315549	6.138994133448028	5.58421381784781	5.867431557065653	5.399569939902738	0.0	5.285655570581125	7.215646430240521	6.708383651291425	5.927831884318215	9.484694936629474	11.394496944955723	14.290117432306943	13.815162056658448	12.016640485171392	10.065232541754254	9.075227258868116	9.549847617357065	6.543645917763774	12.336107549139182	13.997078280831628	14.45447967778914	9.41976195391063	9.37203479405054	13.882785539906788	12.269680159791742	7.695306524524523	11.805110890970752	14.826089992254094	13.479201533797356	9.796212059108386	12.030032900374229	16.83401202370626	18.176394315365254	14.426167205013055	16.683170956307077	21.23781386477411	23.71772460876972	25.030519793110216	19.557270794557713	19.39721109751827	15.728404896481026	19.182133740803682	20.49726132130966	15.4788177258887	14.532504848172593	19.26398197146075	18.453699270724528	13.522506884391811	15.009775227208026	17.5389444518779	17.832115829769336	18.733959184164682	16.783794911644403	15.519431775277699	11.83727332697551	9.573047511970815	9.15944666174961	5.241833832869809	9.949415589919251	10.12491356481091	5.535214880872089	8.453349542205434	12.34224041486556	10.64404131527384	9.550518685935561	13.462347205085452	15.914891854826665	14.751858015259078	16.02014435787977	19.904012081999756	12.450601785533506	20.911665882062064
13.69584918127421	14.404652906160413	12.545152750713294	11.198552856845168	11.171137361573072	9.797949365261829	6.361988358594015	4.70253167605108	7.4607336677763385	5.285655570581125	0.0	5.151026726337961	7.5800644950380205	5.642764764375592	5.92231751862741	10.170314017018232	13.059865439490638	12.734996044295976	11.532446455446022	7.181917214022054	8.60520910909342	10.868663362356983	9.64703909541098	14.299412127093998	17.3138845991461	16.427388719606345	11.110419136282873	13.232045073422938	16.985389649535996	13.899475142615547	10.665510812742346	15.693069006443034	17.421472117409262	14.941211797110032	12.373145418743622	15.919598703484047	19.814297607333977	21.99352833883526	18.91564573464294	20.58245601059014	25.370935753886293	28.132048262405515	29.75082342949563	24.131914998909856	24.46927959875978	20.325714625205467	23.555771965787923	25.408927249971864	20.568821161935645	18.97649237541516	23.61785421153817	23.228115995051464	18.19135637383648	18.759918541324343	21.132093720388887	20.376852971719618	21.758762859552817	18.821600118045787	18.250904487405375	14.069796901022404	13.612261824807518	12.087987630869598	8.322361213517148	13.62655553117223	14.491665301321536	10.623475688445849	13.162003322637712	17.329960972043395	15.851718406751303	14.62239609835047	18.509369033529552	21.189658462280217	19.88209235551821	20.927858446448113	24.97553164460007	15.917318212165176	26.03846358919857
13.141586517841333	15.327504440044667	14.946178589436123	13.212803158147272	11.176941047917461	10.866795604550019	9.632547753479066	5.838421679800915	5.822743250432674	7.215646430240521	5.151026726337961	0.0	5.238999573634606	7.424402967615489	6.159035608790614	8.270078696354604	12.539832103655387	13.899681736085341	14.264907154611556	10.355292653783946	12.84992186713844	13.40313893687966	10.509831757473282	14.310451911659023	16.764203921191328	14.683763305476992	9.881521567908285	12.358344092401854	14.611351443971861	10.435777258692864	8.16212604248065	13.246595840666147	13.686245443964324	10.428507884538895	9.094230180289992	13.531068865862018	16.137722493623244	19.2309204516189	16.9945535996794	17.808191362586026	22.63398662216597	25.741763309790205	27.989878749888117	22.461163789123866	23.84907079248811	19.212340159787196	22.934039785973887	25.419679169037916	20.90690316237095	19.209373175490818	24.321579078079978	24.553641987829067	19.883658478079163	20.416801163593846	23.901949367316845	23.27907082350812	23.69337729940402	20.962594263212786	19.292750274169816	15.797911905595578	15.411052036000667	15.5851024937453	12.039114849083754	17.093966549710697	16.917534302065153	12.168473112111354	15.25326735901022	19.20790583842914	16.484567733362987	14.597397158057301	19.386220516819726	21.78319561741773	19.255753153375522	20.30172028728497	24.795858278690915	15.524147037974059	25.564942819532185
14.194571688689788	17.4033829177013	16.20416864154477	16.135865499536262	13.61928065558621	11.474512315194229	11.586619740182163	9.290667451542532	7.023247084315693	6.708383651291425	7.5800644950380205	5.238999573634606	0.0	5.487493723352329	7.069925647170022	5.785059931067709	9.7881180046745	11.306944956259501	12.009268484774207	10.289851954342925	11.961950268083012	10.358091426367249	6.406598096280703	9.466960745927087	11.588724926294235	9.606049535237657	4.776607384412939	7.535314140643479	9.795987408542729	6.369382666395887	4.4333362803019964	9.769496087042162	10.522118399908777	9.191127077775972	8.459649224661765	11.82039140006474	14.410870446933188	17.60508550534342	14.4275298977069	14.386865309853137	19.811765755179927	22.300481850464106	24.050576925723202	18.252350627986782	19.892626511058364	14.747632908176598	18.033711627214192	21.00224619016979	16.960349382344372	14.543913038736346	19.64777551277643	20.567831345817037	16.237875717694358	16.16078830261872	20.47411131682714	19.802959774645892	19.429968097636237	17.017966679658702	14.632167199854084	11.758730849319806	11.675851973753538	13.408233564030422	11.314017397762111	15.783471124385388	13.99140528848837	9.610339614626206	14.113531985261217	16.852204308169338	13.152959365690316	12.6891736269158	17.67794480025608	18.97372790254296	16.042689940879384	18.43559727320227	22.703126058384893	16.1587925527724	23.07373930961494
16.28946456411283	18.114459269850073	15.526393385381652	15.76707240909976	15.007014432325033	12.061565283972165	10.202121520593305	9.496751896193123	9.630772162622591	5.927831884318215	5.642764764375592	7.424402967615489	5.487493723352329	0.0	5.365286768247316	6.896448604236834	8.681799638254631	7.989648869671347	7.131436319545766	5.420757908390885	6.592903966158329	6.050843385707216	5.18127684746487	8.810935423713874	12.448934861601701	11.679333608140785	6.539915729457594	9.534263002970132	13.400000678073216	11.197101848205895	8.954986305377787	13.898326760703915	15.628082243970159	14.644704905640069	13.00763026396829	15.830576896869985	19.434766826401145	21.910449564754632	18.00463307940895	18.66465509868096	24.042785113100525	26.107555382375903	27.125290452295477	21.221133982618102	21.792846829796062	17.068274482770008	19.41133449213095	21.906513221791762	17.67233528478888	14.903355048716522	19.31002777063412	19.872109251963096	15.065948358686061	14.33411220041246	17.618768747011814	16.19887835773256	16.937553080345996	13.778806900205158	12.92799333842136	8.869916821873073	9.833212918036653	9.677157453325757	8.333904489406008	13.107032992813153	11.930013351229888	8.956057551904847	13.406933917726896	16.10442632580155	13.682400501761714	14.334472324514877	18.366691485313844	19.776216262222572	18.18140307168676	20.74691926171184	24.527277924271786	18.1897849722774	25.155049870614533
18.453864622212627	19.9983129698747	18.33002469109197	16.988836228102343	16.332139346704174	14.969245534216748	12.24968458132573	9.940283948134025	11.153331493974743	9.484694936629474	5.92231751862741	6.159035608790614	7.069925647170022	5.365286768247316	0.0	5.649372870829666	8.07907995582244	8.80703620010741	9.805907699285637	5.398750039911751	9.837701319561202	10.625589107956724	10.212122765452039	12.405264408634462	16.469732344071904	14.05377283089141	9.40754562794085	13.645580615622201	16.17742788739031	12.338815678795223	11.46503946820477	16.831698118412405	17.15046238524104	14.93818989086316	14.46650789468267	18.41241097957905	20.995805107528746	24.298562073734438	21.275671060681198	21.440035718080487	26.85256843295203	29.357570794551247	30.94439625732849	25.05345177701087	26.322990523426945	21.247204142256297	23.805261947743514	26.771069931551594	22.64449562840866	19.769217618706065	24.290302359316897	25.162030171730457	20.406256857674983	19.45801518443865	22.799031468920383	20.876332603251495	21.656330910381808	17.993235335873575	17.29858250984875	13.473189326895767	15.173241756297008	14.66936296389714	12.632054634647393	17.806498677795183	17.24256680869863	13.858323353032468	17.805596561549372	21.119949878197126	18.593036881869388	18.354548098963935	22.76921435001714	24.57421847341001	22.49195602135002	24.585837783081864	28.741137584921294	20.71461067630437	29.3961219646854
19.83658780725957	22.663335340956205	21.20479639764454	20.658265072697986	18.780342218352573	16.89601925322133	15.814019548832205	13.379728806595311	12.416446121358586	11.394496944955723	10.170314017018232	8.270078696354604	5.785059931067709	6.896448604236834	5.649372870829666	0.0	4.759987271598087	7.833964035437443	10.67356417101253	9.191547024017204	12.742773767726156	10.865882946432684	9.280684443392841	9.120522984221179	12.895604634108008	9.192222274021828	5.896864643668641	11.077545414421484	12.040878898905811	8.175229814764121	9.571399365602582	14.315304926599149	13.627872690010419	12.555371297418793	13.673215311287521	17.160212297287305	18.62689074025898	22.54249023928446	19.511931305111034	18.318574514564485	24.045611265759348	26.15924132747319	27.675150835352422	21.77965723759306	23.93213779567444	18.269034195393353	20.426920263812992	24.249738864103026	20.924462108860837	17.334993715706034	21.855072112509784	23.775733403779054	19.649378417866753	17.99785900115611	22.573202772886013	20.575205547821653	20.08405350464886	16.745852849798542	14.853071724381723	12.205779233055878	14.5650287509966	16.026366980226467	15.04771609818475	19.664129582127817	17.5127976239554	14.228851929334615	19.139009929552582	21.4693370418279	17.74463341286004	18.230196471339497	23.051851377425123	23.873204285379387	20.91423919089264	23.936579713112376	28.0601504435421	21.88826776852062	28.235243075248114
23.769487457907243	26.309561830484558	24.143662570257874	24.012376187841447	22.720350265361915	20.246755873218547	18.700006458814727	17.022020761052268	16.509964704499026	14.290117432306943	13.059865439490638	12.539832103655387	9.7881180046745	8.681799638254631	8.07907995582244	4.759987271598087	0.0	4.362422394627051	8.706509600518642	9.167664307586659	12.614718400451647	10.126905945473723	10.658282383719344	8.319590100607371	13.051039699105619	9.648749120529192	7.868987180904236	13.051951106750614	14.119771801532671	11.574337704415619	13.277008420160781	17.569793592628645	17.126571846562634	16.91401206760813	17.997907832767638	20.982828814875575	22.58729122413149	26.334865218316782	22.803149376637773	21.329508934146645	27.18151354951727	28.71608582063826	29.59538553032395	23.670855722238535	25.596475548613896	19.927915168310605	20.921678322419137	24.980625773927425	22.209000666819872	17.87083667045371	21.561465597644702	24.05291810908085	20.204929565934872	17.34083998631928	21.781425931923838	18.811613047405896	18.30542088607485	14.420136106043909	13.28019681840995	11.016738130537329	15.049483895720506	16.324765337957107	16.70321520667329	20.86639909777659	18.283971143091826	16.275551250098523	21.438584432172366	23.087457673900328	19.60431828260859	21.205460944183013	25.587611537897107	25.87673196740397	23.341857902279344	27.01422786672266	30.767701405602317	25.70382277655042	30.83093795132411
24.157443742570145	26.066517842740726	23.135578500700017	23.457380965652867	22.97096634901033	19.93658224258785	17.81790904631136	17.14614380969848	17.31085333119991	13.815162056658448	12.734996044295976	13.899681736085341	11.306944956259501	7.989648869671347	8.80703620010741	7.833964035437443	4.362422394627051	0.0	4.753317563651139	7.102453682517989	9.539398784197534	7.283348131347287	9.987350222554005	8.143911818942767	13.315366247837742	11.618463547198036	9.23582812082303	13.612534859332673	16.016640133016292	14.371871560729804	14.76978669711062	19.082829994949382	19.725397442504107	19.68233620226356	19.69237395450598	22.312527686877623	24.88389239809555	27.986300880799924	23.887199669985865	23.139333630833896	28.91362656533053	30.224671443069113	30.607598107374947	24.65858015863758	25.703580807030374	20.502356675029482	21.048519708184063	24.520515368774596	21.594003634113253	17.286361177130754	20.421832815247857	22.508471620396538	18.513589243058895	15.320854076526697	18.90237000430649	15.441727081391011	15.747484432306518	11.376227479963449	11.601804219449141	8.6633492425232	13.329135464813044	13.609329373897317	14.845612654839714	18.586899661657558	16.27759808757163	15.3150073305806	20.222505462739324	21.619031337903696	18.949307591037662	21.138310817792778	24.889057746460356	25.190393740721053	23.525436168619265	27.24240033459055	30.648224407278335	25.97492676562722	30.882258566878374
22.627677419623907	23.858376357577107	20.240472633843257	21.13034218615861	21.394387766218642	17.85386146913298	15.369417667878993	15.879361616952725	16.59638155091478	12.016640485171392	11.532446455446022	14.264907154611556	12.009268484774207	7.131436319545766	9.805907699285637	10.67356417101253	8.706509600518642	4.753317563651139	0.0	5.817408533194198	5.4626723526282905	4.0827021040842615	8.7977014500998	9.002455695476119	13.658451361224486	13.726685145131547	10.452113151053835	13.435450129769555	17.22574470530871	16.25762030434769	15.089200660218859	19.284489598350167	21.102568750968018	21.055098742959142	19.807612538872498	21.981045514191795	25.596974993357986	27.887409283718803	23.3727510897813	23.63797343869539	29.13439007720715	30.395638393612735	30.464091519236007	24.601565815422983	24.63709797610351	20.15225367107768	20.738758547373035	23.258785845417318	19.875374128972087	16.15543850204072	18.990253935737332	20.12069708077356	15.806962505679722	13.062734796785612	15.427322664442002	12.110481294590413	13.632752066611022	9.28971183603843	10.767981945943253	6.754375183364904	10.772426154385737	9.585821954809251	11.460546434913836	14.690798453126833	13.017799131307557	12.962889358433399	17.254610240104764	18.573086317571573	16.951561472779883	19.37793135730156	22.38858815237226	22.937017653735534	22.236747704216654	25.655044562318224	28.716242025008718	24.26300278516009	29.211356800581374
20.30859183423937	21.021108993540373	18.10390041484619	17.59197725780079	18.176213579604955	15.813894160660816	12.240980924464946	11.869768900560542	13.82836032036948	10.065232541754254	7.181917214022054	10.355292653783946	10.289851954342925	5.420757908390885	5.398750039911751	9.191547024017204	9.167664307586659	7.102453682517989	5.817408533194198	0.0	5.392209411907019	7.728867826019316	10.017217182864918	12.208492525706802	16.73737113898042	15.68256617504038	11.137454522590659	14.73149972988246	18.396221320366035	15.839612249830653	14.236606937393127	19.299500373409252	20.676992743331404	19.23866107192511	17.860053704918368	21.042971169539783	24.569361379742986	27.164898537474944	23.3596950237279	24.046535335167174	29.454395689748235	31.50126155301048	32.381945229516504	26.45684610614489	26.815100049003114	22.195474142942196	23.99170436813032	26.44482466989575	22.324883714418245	19.328612813448917	23.095340665625386	23.63377905774231	18.791713957378676	17.382607167311264	19.64086959331737	17.173996282826003	18.899382388732636	14.885189914935617	15.594669409607093	11.267036632798245	13.569446558717843	11.613936416210013	10.794604892824928	15.439713780053332	15.268591971543165	13.41692100603126	17.09238128839781	19.93564195422893	18.411377932482523	19.19452491949645	22.72331888706474	24.366097845692046	23.33249953814738	25.718781492909734	29.349360011478804	22.322135485578613	30.136405869571323
19.24883775485994	19.516532663118703	15.561581239331995	16.45551295712822	17.607139283798197	14.15346752112783	10.864689206115708	12.434763698212807	14.166240596898643	9.075227258868116	8.60520910909342	12.84992186713844	11.961950268083012	6.592903966158329	9.837701319561202	12.742773767726156	12.614718400451647	9.539398784197534	5.4626723526282905	5.392209411907019	0.0	5.4448020412020375	8.884427589262081	12.140096548811936	15.849605454298231	16.614186173985612	12.166985079451516	13.96377411625108	18.702448449403487	17.517991287432913	14.74445350102177	19.044771309854585	21.676211279235943	20.945477462517836	18.434991974259212	20.573206725909415	25.072167476592156	26.669975496368917	22.26195535339387	23.759816048253157	28.806979498724477	30.48441864098326	30.789225954407307	25.088045773302806	24.389547264044587	20.630515591233205	22.116907034719848	23.622301486455434	19.34766028565892	16.92551963533361	20.11534860284009	19.810939678896425	14.922567548571793	14.004297254586094	15.037052738345835	13.10152030484699	15.651499795235965	12.237175323000997	13.679188826054114	9.150157791794593	10.272740714239545	6.7810904909698495	7.152967032986367	10.771525872296811	11.085431035820507	10.677228139714776	13.662044959482682	15.942925901241615	15.534090375346743	17.018466329107504	19.5149859117052	21.04753694918727	21.089190608057564	23.464799100184113	26.498759226662308	20.842168705257873	27.43013717064488
19.764310788318816	21.370173492457226	17.662414334852784	19.330465981666336	19.13160906231042	15.026127551898117	13.553039878297394	14.48681791876231	14.364223998466542	9.549847617357065	10.868663362356983	13.40313893687966	10.358091426367249	6.050843385707216	10.625589107956724	10.865882946432684	10.126905945473723	7.283348131347287	4.0827021040842615	7.728867826019316	5.4448020412020375	0.0	5.433174089832801	7.026224741411973	10.739114588786602	11.979974071366792	8.517635875225675	10.099117074497286	14.543145281912912	14.414631287780463	12.465167601169249	16.099617222794116	18.628813520977964	19.056048384660546	17.249700680012634	18.762894041430528	22.766811146663432	24.56140623288045	19.794949506733545	20.403480409655884	25.692342582342445	26.84190836093055	26.786841394551956	21.003298046923565	20.70400219343357	16.491731039657974	17.313300259157334	19.46755413882825	15.8526681847834	12.42358495827817	15.56663311457479	16.346958902957844	11.868007384669667	9.686632232784621	12.514697721587229	10.284996937696903	11.382359535733292	7.965918926071947	8.385159037730983	3.821928660587143	6.713595016848416	6.4437867637955675	8.768765422334203	11.559264267337205	9.143208152244204	9.220891466718712	13.745874008367526	14.674817526683652	12.9043389357713	15.663304075312675	18.52295172098855	18.87108405757109	18.27902456617231	21.80062511919705	24.716155376741618	21.161903954179177	25.182313034661465
15.645097379223847	18.34075851887157	15.50658426366704	17.252434886221252	15.708672377230295	11.628599537980254	11.872720804100226	12.012532611331597	10.24543026573948	6.543645917763774	9.64703909541098	10.509831757473282	6.406598096280703	5.18127684746487	10.212122765452039	9.280684443392841	10.658282383719344	9.987350222554005	8.7977014500998	10.017217182864918	8.884427589262081	5.433174089832801	0.0	5.982410940488494	7.980597433334488	9.0834709622375	4.890797923789627	5.0989099877210995	9.957894944563684	9.937674517863822	7.237126851625758	10.705190797004377	13.485784810951195	14.10330536869311	12.155527144698306	13.440179282154102	17.355061973013388	19.20069615105096	14.579166368547215	15.163713451041064	20.47091860297028	21.964665392569533	22.46156903922406	16.57967270253818	16.862682034646465	12.227344089356558	14.359530111923625	16.73630739000044	12.680362432664797	9.734932353062046	14.310836418635336	15.034175893210598	10.513341090365632	9.952492407098795	14.10548909694844	13.559979066628095	13.317733877438757	11.310093900588281	9.223939980532972	6.049128336131696	5.456886657453804	7.993631875680866	8.171790168900337	11.365862305067717	8.309392882600722	5.7850499645625515	11.196797560208989	12.485648599013572	9.21522274331328	11.24670617641534	15.07914522369225	15.50162385776976	13.822352919846612	17.29758117905724	20.69522238337154	17.014948603275368	21.037332655972207
21.07430230526743	24.202783559267452	21.472708058172138	23.12522925167591	21.348353658569742	17.481036854880326	17.67630667316071	17.308764519595737	15.314028568229263	12.336107549139182	14.299412127093998	14.310451911659023	9.466960745927087	8.810935423713874	12.405264408634462	9.120522984221179	8.319590100607371	8.143911818942767	9.002455695476119	12.208492525706802	12.140096548811936	7.026224741411973	5.982410940488494	0.0	5.171600012445088	5.328532878548536	4.939566421255467	6.936696901041082	9.11648991275674	10.06430826517419	10.441392941636735	12.939259632907813	14.298689161486744	16.084954258728487	15.963283294544743	17.050261215092956	19.520017965575903	22.0632604557667	17.541976348009463	16.31437465444698	21.941419183846385	22.651056783335132	22.63333337383485	16.763924978431074	17.98371656860979	12.663585449633038	12.967177836061515	16.794065982103426	14.430903317359057	9.702360681775998	13.27294728239445	16.01169878164263	12.76165369914149	9.688714766416746	15.083999277998538	13.21974010435668	11.47480979773607	9.1038060744325	5.905637095005903	5.092930114152967	8.391366539488097	11.936294811818625	13.745228674055566	16.281562217300774	12.090057346649235	11.256629044342091	16.680862802171717	16.727652709578628	12.848562330590752	16.000249147048994	19.693424726624176	18.86304166622869	16.63560675281727	21.21937930998371	24.274962533760448	22.372974381307912	24.076025627945867
20.58520170349472	24.373018787804888	21.943546013612746	24.345826577075655	21.868876387990277	17.756058539968468	19.42183406460505	19.274861943243057	16.178447085802095	13.997078280831628	17.3138845991461	16.764203921191328	11.588724926294235	12.448934861601701	16.469732344071904	12.895604634108008	13.051039699105619	13.315366247837742	13.658451361224486	16.73737113898042	15.849605454298231	10.739114588786602	7.980597433334488	5.171600012445088	0.0	5.478371261222032	7.397691889893174	5.454851067360519	6.498498851738833	10.191364049211797	10.423834629986795	10.557678650703354	12.517155513867547	15.699993764751829	15.470435808995711	15.098200695938017	17.295332251533907	19.17015292208658	14.473584549774378	12.819725955075965	18.039204910487182	18.107718607393256	17.65112178563338	11.92728493253834	13.326896028634806	7.999662145848662	7.891828631773244	12.147668257751727	10.606434011242678	5.706243953510717	9.560169014764787	12.853035237536425	10.79079789946291	8.513494962519975	14.580031726637303	14.212795694482837	11.217365370115761	11.02317266346976	6.327921391465501	7.945128190174021	8.391404144565312	13.530596129945136	15.38766486611509	16.77680721933063	11.768812953971466	11.240066947747204	16.215236081767973	15.108531058606804	10.487758055518752	14.247177558050106	17.561839408301456	15.703024251468909	13.01291238553704	18.24851913254317	20.85175839967351	21.401365141010803	20.250391083873204
21.373876564520515	25.384670303282213	23.628013412700152	24.907713830692035	22.10274411487505	18.907431707289305	20.01506745821931	18.676783694076075	15.646502984573653	14.45447967778914	16.427388719606345	14.683763305476992	9.606049535237657	11.679333608140785	14.05377283089141	9.192222274021828	9.648749120529192	11.618463547198036	13.726685145131547	15.68256617504038	16.614186173985612	11.979974071366792	9.0834709622375	5.328532878548536	5.478371261222032	0.0	5.332771912491837	7.076623661708254	5.482249345739196	6.693536820887001	9.468172198781662	10.867104937222303	10.539711275194717	13.118779271582737	14.557464026611314	15.562571741020184	16.403898669309697	19.723278859812357	15.997757257871172	13.266983455472559	18.998142522460828	19.772249714504085	20.354055952488352	14.622574512471228	17.403014940615545	11.465937308707245	12.323552221291205	17.086162996573588	15.39342198117477	10.998279866975514	14.963562016974482	18.262330284893572	15.71444187962721	13.425921245044249	19.336658060941154	18.093689330171593	15.54388013508586	13.982855201204623	9.91504125192658	10.309747639514494	12.161940587905645	16.409297900321086	17.22985306819521	19.9917237377829	15.71493929619625	13.734470636805186	19.060033377174683	19.205577883709072	14.341942021839657	16.648079919273627	20.9677400678721	19.888074787968492	16.344497538248227	20.965540186055822	24.3057800853828	22.65582420966749	23.741865172306834
17.524686886639884	20.958430270870267	19.054006015574846	19.942789288915954	17.593548439350023	14.4763705036597	14.891391642051873	13.55261809453035	11.13337787302832	9.41976195391063	11.110419136282873	9.881521567908285	4.776607384412939	6.539915729457594	9.40754562794085	5.896864643668641	7.868987180904236	9.23582812082303	10.452113151053835	11.137454522590659	12.166985079451516	8.517635875225675	4.890797923789627	4.939566421255467	7.397691889893174	5.332771912491837	0.0	5.34667597278696	7.338697918837654	5.985404956078885	6.161532321680863	9.932828569528064	10.756446134903555	11.520818476759374	11.577293641949137	13.583483423678794	15.830129109373388	18.923165557803966	15.021525400775209	13.966581008057853	19.74983927705004	21.365666605693153	22.36340406194448	16.379963251806778	18.17923154410034	12.567881782370335	14.703967353228874	18.3568060451942	15.130558739356138	11.498727991187288	16.219973499708743	18.14160131618568	14.328627096589333	12.973115585566207	18.069751266515976	16.94101212652692	15.764633670778462	13.463559273319651	10.477762944437384	8.504672797591281	9.715167253391451	12.771994748585776	12.593321032245786	16.193740121777882	12.941080939551318	9.975043324955934	15.325262043633197	16.652602626499082	12.405544636900444	13.83896214765688	18.428198542145772	18.524011883763983	15.560516339740738	19.289819339298994	23.05454372625023	19.111885301783644	23.041640026518966
15.250052056357491	19.172376149920098	17.22462291718099	19.309844833894225	16.494856883293828	12.635974912076335	14.768666280828414	14.353601153509768	10.85680711765722	9.37203479405054	13.232045073422938	12.358344092401854	7.535314140643479	9.534263002970132	13.645580615622201	11.077545414421484	13.051951106750614	13.612534859332673	13.435450129769555	14.73149972988246	13.96377411625108	10.099117074497286	5.0989099877210995	6.936696901041082	5.454851067360519	7.076623661708254	5.34667597278696	0.0	5.461194132187811	7.503008979215652	5.406433113371014	6.430093047623084	9.51551488085252	11.638628135084472	10.309444906926727	10.326740117165723	13.50250572658419	15.334856647571941	10.660671826226485	10.33031762532412	15.75033008578055	17.041969392800297	17.698559893592183	11.740083150889618	12.943014855437134	7.638420971942495	10.606603973865987	13.5396696590764	10.013685008581035	7.23350601402243	12.504317153054531	13.827479815630426	10.42468798889088	10.535557444314259	15.692626563278498	16.089445265775346	14.438254703660665	13.731410656577198	10.005670302699096	9.07680318147695	7.311172495967697	11.813041062011216	11.840121722178235	14.01678353298681	10.064670498766933	7.2237225405214955	12.216327389101696	12.536877003311877	7.602695919387852	9.688776852829829	13.956593960055814	13.431558217446673	10.319784841483616	14.542375239359181	17.98654000836811	16.245732433427452	17.842155493985704
