0.0	6.435794294516712	10.02685215361567	11.299763421007848	13.549908114661877	18.031752872246027	17.740975354497024	23.955932118643563	21.261884477039786	18.091693627242577	26.65275692292056	23.87315539298648	18.137098984912505	19.282419355552115	25.349795564250773	27.243041396316674	25.547452568211128	21.763810521402874	18.29757657659035	17.33018412990334	9.602830334913001	10.914023891049434	11.270257028166496	4.4008354792635425	7.990848616968956	12.141237261700814	10.983661763532274	12.720983085609998	13.890987681374462	12.483547682211414	18.390958826235856	17.09246858837842	23.826665632857196	24.452120113287894	27.363800749708833	28.00013399786522	28.7549230942325	21.29973105150276	19.72566002142948	18.40503654792826	22.93712789810969	22.892239570854457	25.538425538427173	24.550449080825068	33.19828329634241	28.967674654025153	30.108578274422335	25.233360558366766	27.66250315594885	22.814790530341803	23.298255371414438	17.503426357518336	23.83119602303994
6.435794294516712	0.0	8.70913333345612	7.436635124144937	9.856834758829237	13.41966849321733	15.111453376822803	20.473048545448094	18.87032223481897	15.025067152021471	22.676325535476284	18.908617312327905	14.006523698159805	13.626119747379052	19.98017448223497	21.379014973086395	19.284453595054995	15.500850607943995	12.030443306321121	12.302084197074242	3.57608600398572	9.175915708879494	7.9518677167652125	6.937139876528493	8.472009461412831	13.366453263938206	12.015859650213976	11.135328916126186	11.338410344955635	7.495751382764725	12.887764967596754	10.717364871311274	17.714638884200024	18.15083418969589	21.516251391049167	22.172040539851906	22.7651378952406	15.767626956242305	14.812919278484943	14.273086476681746	18.495646761047034	16.8812113366535	21.065668560521708	19.686661178119913	27.589818514112746	23.934235542858328	24.623599302257833	21.425525963639462	22.627843237005845	17.399506827829267	17.854054215443373	13.645685942224825	20.666364027865384
10.02685215361567	8.70913333345612	0.0	5.142522529274866	5.321034504526971	11.288251175652457	9.804855060028537	15.372209668878373	14.094196254607866	12.829685341502236	20.043704874936253	17.468455622527763	14.301169751797458	14.29601052498722	20.760718895269203	23.73867176891852	21.278023050942668	17.879438260567966	13.9038299446916	11.460876038785173	8.481037475318049	6.150588288788979	11.611215381070402	6.3730674430885115	12.872403600333108	15.110651706793575	8.907764185364913	12.10689085429463	7.691949317287364	11.451959822061909	13.930545341289045	14.714058601202844	21.17020908953848	22.72608360393724	27.60209132359307	27.359063660542834	26.59736737884567	21.442229611287658	19.96201488593712	16.93252480763269	20.26170788739299	19.845427677388333	24.031723381997182	25.147976037029913	31.318224803874482	29.86447285571373	30.773031739269218	28.770510393412202	29.969533464230288	23.784547953474355	24.818879014271513	21.9333866699372	28.067360641801454
11.299763421007848	7.436635124144937	5.142522529274866	0.0	5.7866379919189255	10.98385068575147	12.132908860486287	16.439453386671417	16.566991299447967	14.535489582025155	20.710109873354597	16.77505408520799	14.672488167107785	12.463040924678381	19.487540964894286	21.52294997093206	18.17879901829477	14.77859381010411	10.232154111029873	10.579604228461056	6.616535524457594	9.20925531456583	12.142544648087341	9.29605412068982	14.431295987795467	17.916588050706626	13.179191116336941	14.210499237174012	10.150261706862766	10.669494189635826	12.43690010452862	11.34138696151554	18.368104228858716	18.974418690422365	23.695572870254562	24.336359420012247	23.81807349346132	18.97305972624922	18.472352465374684	16.87174487646699	20.00006218124692	17.345417995591028	23.416427255695684	23.37229699788618	29.089506091028426	27.532510328287348	27.638108880052442	26.855440789657532	26.25638942356519	20.981168651365063	20.84343952258453	18.6118570087757	24.05163508399953
13.549908114661877	9.856834758829237	5.321034504526971	5.7866379919189255	0.0	6.094793904676233	6.4378760641362485	11.110791284433686	10.813898925802414	9.155365217016714	15.29713610615678	12.22001352593677	10.219614204557688	9.380494812793623	15.713139014890045	18.907170048389073	16.54609286137225	13.406236159743202	9.960919271608248	6.419017971297731	7.579843438817963	5.7174808653950215	10.189985512230745	10.238622521836668	13.82723350624464	15.755879507018948	10.398272820477006	10.946474703905483	5.069718832580855	9.030037819758034	9.210053567771476	11.314845498227282	16.81249789430445	19.0230336958018	24.5696616718031	23.537403825962947	22.184021038373963	18.167755667397696	16.77634585702294	13.487325380023421	16.042942901453397	15.35045857304412	19.99588958200203	21.777809498208587	26.796599321137695	26.452554725755196	27.4049561925342	26.636782313002882	27.75966929713257	20.81245640386045	22.704518035742502	21.572246330151195	28.23017339727319
18.031752872246027	13.41966849321733	11.288251175652457	10.98385068575147	6.094793904676233	0.0	6.145630293715928	8.044658619181991	8.591045552159276	6.062129733270517	9.873518775280933	6.211402594313497	6.028098223749545	4.881601746182377	9.882752951166944	13.737103248816332	12.356334158056734	9.89788123714441	8.616917879063259	1.9212813096552424	10.128488811247019	8.726482761232772	10.420492528597883	15.075554964866052	15.765670221004545	16.885376137762997	13.278926726704945	10.966671239310127	6.307906610558312	8.699322921516035	4.856237129490134	9.995007136986896	12.780550735200412	16.31464221021558	22.40493209293225	19.901603960325453	17.72027136604213	15.363982877990246	13.80238531307079	9.989734108910346	11.04169440124273	11.059372708042728	15.17139500029067	18.248537134979134	21.755833934911387	22.88105453190337	24.239619032217988	24.567965325374306	26.34970774001722	18.36438721201728	21.84490889154475	22.62321083796841	29.906354320884486
17.740975354497024	15.111453376822803	9.804855060028537	12.132908860486287	6.4378760641362485	6.145630293715928	0.0	6.581707056573488	4.4910453682814175	5.600372224110048	10.927763549984446	10.48221042984668	9.099311480645552	10.9856307916418	14.903975610679165	19.406327342660205	18.43032741149235	16.029679879105863	14.152770098690665	7.734967934103194	12.770159262037296	7.072585875703498	12.22649953375334	13.803065494807102	16.01198527183971	15.705540772890123	10.017042369776533	10.74511075975686	4.2940438691528175	12.029420074941083	10.677087482780605	15.4614431540597	18.800187971073633	22.363319008067798	28.295414497311153	25.75631848801895	23.601872029586843	20.71373546790026	18.441999523088377	13.363301326786237	14.775064998600989	17.031126027427867	19.151238437205958	23.143239653892756	27.147437443162605	28.150540694149562	29.977246288130882	29.04306899400861	31.84684814144675	23.756274240227892	27.260454757466025	26.763714021685516	34.092906109431766
23.955932118643563	20.473048545448094	15.372209668878373	16.439453386671417	11.110791284433686	8.044658619181991	6.581707056573488	0.0	5.915798587747382	9.1465177671292	7.524557444627255	8.280252848543986	11.727929683980781	11.922667221668643	13.61363236715234	18.365279602837212	17.45593269033287	16.315525489760915	15.569016940944712	9.912374986389297	17.574547204126457	13.459892607260436	17.366126686101758	20.14886948247097	22.009457473572283	21.604651388110916	16.50696083030576	16.23814979933147	10.498330785272847	16.412461269941456	12.269281113632209	17.694316170743438	19.03125583491003	22.97222622091079	29.38488506261557	26.23181057785168	23.124155559608717	22.67103275983935	20.914854253371676	16.155677526588974	15.639616404249102	17.317654387306508	19.878659463348825	24.81269670462024	26.212334045691783	29.30676497939373	30.874541256464596	31.857387326973143	33.85362207133714	25.737520275004858	29.442755900440073	30.609520556436493	37.55508507006824
21.261884477039786	18.87032223481897	14.094196254607866	16.566991299447967	10.813898925802414	8.591045552159276	4.4910453682814175	5.915798587747382	0.0	5.553108388995405	8.359823288601579	10.426297599517547	9.654036496925553	12.942338944108215	14.732255155543458	19.774055309671077	19.874139349882938	18.03905622716738	17.199713988756137	10.231372365441878	16.433175207918712	10.374762533558036	14.454554825011954	17.356871274184254	18.2729059860402	16.75044755525846	12.088777965312541	12.057098186183099	7.599254476386049	14.638571639129953	12.564382958963034	18.31485228508626	20.1685876575521	24.434757984370137	30.41577487406714	26.927117245020124	24.347108093972153	22.29412214809751	19.60561663554697	13.849897665484287	14.196760343886341	18.322140338272494	18.51294139413352	23.834997274461767	27.005543319630327	28.877435951946953	31.25542195058516	30.28779781615583	34.12975142527394	25.468024507566028	29.953425747359944	29.964667123428665	37.70704141002185
18.091693627242577	15.025067152021471	12.829685341502236	14.535489582025155	9.155365217016714	6.062129733270517	5.600372224110048	9.1465177671292	5.553108388995405	0.0	8.94225972974464	8.827250343441706	4.412508830252498	9.32097470408453	11.635511939903436	16.218256796086884	16.715277751411687	14.397939235956544	13.878629468819064	6.827795578650456	12.401358339506357	7.706056933153882	9.38505483299842	14.868767749991163	13.928273435611288	13.07215657957155	10.375990562440707	7.509707281252724	5.187109263965744	9.604596929098449	8.425784071466675	14.081420768243557	16.01608672645041	20.270636815293333	25.834680565011798	22.34423411647563	20.307127116561034	17.176747792428465	14.238043917336414	8.438597977521345	9.745615499791432	14.188935311356946	14.038109927735633	18.667449316263397	23.131029018986858	23.866123336342593	26.41305350808865	24.796123440077803	29.132817806218302	20.33348934045984	25.20049010414842	25.09512943712899	33.271606235963425
26.65275692292056	22.676325535476284	20.043704874936253	20.710109873354597	15.29713610615678	9.873518775280933	10.927763549984446	7.524557444627255	8.359823288601579	8.94225972974464	0.0	5.969471250090198	9.796592580386672	11.557570898901128	9.163111142520565	14.29606432444279	15.714610660480924	15.406427130259448	16.757877417616058	10.97794077091255	19.456202151901863	16.188972568206466	17.313935792726628	23.402726600031478	22.522796612628547	21.525468600564064	19.00947398705214	16.091813931734414	13.234155916093533	16.4972168283174	11.594784880114839	17.87625750640942	16.464412525647468	21.424879427460464	27.46474835503759	22.766747419285334	19.264185540985796	20.036564508850073	17.906711861194722	13.140256802478088	10.69127775619862	14.773319904228904	14.344939680828816	20.711164415244188	20.877356711705342	24.98702806530437	27.360723319242762	28.461136650494584	31.956358109624304	23.13352941164763	28.50679964202215	30.719207515646165	38.43502916590794
23.87315539298648	18.908617312327905	17.468455622527763	16.77505408520799	12.22001352593677	6.211402594313497	10.48221042984668	8.280252848543986	10.426297599517547	8.827250343441706	5.969471250090198	0.0	7.7559367541330895	6.1502334387216635	5.420927240092776	10.103057043564528	10.13484644397634	9.59806086037333	11.053501264338864	6.681232505267574	15.413819411021615	14.479448662058381	14.71761091716433	21.11259792845465	20.507388531001972	21.01832928721788	18.526529474764	15.038312029137622	11.797443594803408	12.884277827197467	6.68602594201011	12.437713016424281	11.314490703623788	15.873824976151724	22.159738806866574	18.25662465733538	14.932722378662545	15.58195193530505	14.33471541741587	10.96313297786076	9.2013401847378	9.636157843367114	12.89467395752668	17.401690568230425	17.985469416191243	21.44861753420177	22.97295110797964	25.017394939696434	26.877618525923044	18.573452478857604	23.099183714485104	25.764178682473	33.00685303063727
18.137098984912505	14.006523698159805	14.301169751797458	14.672488167107785	10.219614204557688	6.028098223749545	9.099311480645552	11.727929683980781	9.654036496925553	4.412508830252498	9.796592580386672	7.7559367541330895	0.0	6.616031430953774	8.602449932752306	12.516054030079477	13.464296638888086	11.093089438149635	11.481692003717251	5.553797342737694	11.014714795653454	9.380969332447709	7.706178722935051	15.764176484040705	13.280630817280555	13.501433708482121	12.75914445272549	7.6326356229283245	7.589120118245016	7.0983383452592665	5.3481317787380735	10.933928487868686	12.033379074421928	16.41281201756388	21.733440744554603	18.023807987473184	16.220068584048853	12.861385813019893	9.953533249298712	4.493618091263002	6.1343840262967815	10.258969168269845	10.302493681231992	14.319005881099955	19.162467174643684	19.478395938273337	22.0247132221485	20.69851124070754	25.010226441443468	16.04048316248088	21.37515599821436	21.948845309490885	30.31417646444473
19.282419355552115	13.626119747379052	14.29601052498722	12.463040924678381	9.380494812793623	4.881601746182377	10.9856307916418	11.922667221668643	12.942338944108215	9.32097470408453	11.557570898901128	6.1502334387216635	6.616031430953774	0.0	7.077867580299717	9.531990039336646	7.890518306147964	5.185357520477856	5.567429189544831	3.407794497245249	10.053653249478359	11.918452229664679	10.690059803593277	17.27802260242154	16.5469625817463	18.528317088533992	16.620516009153057	12.660961064854373	10.222830053794647	7.9674249554718655	1.5331308335318936	6.370608449450239	7.940097432987617	11.545386634355264	17.69936075124757	15.127114482506263	13.047065560684977	11.132562233804498	10.452227671433942	8.705380510732175	9.290385077346565	6.288911554820598	12.592911216728183	14.390602017062513	17.562849882241842	18.567313477121463	19.52497604473545	20.949276703675654	21.938120156823047	14.031022805261474	17.66831526928937	19.72218370448687	26.96379828819468
25.349795564250773	19.98017448223497	20.760718895269203	19.487540964894286	15.713139014890045	9.882752951166944	14.903975610679165	13.61363236715234	14.732255155543458	11.635511939903436	9.163111142520565	5.420927240092776	8.602449932752306	7.077867580299717	0.0	5.240802055165514	7.865489004015657	8.209264963802685	11.678180709053501	9.325581981746707	16.5157975697769	17.21957200386869	15.07335219629289	23.339378569650766	20.974770342625504	21.7720184304203	21.171573391567094	16.093776919374818	15.038060917940422	13.099593113905188	7.278143509108783	11.825339492529379	7.713589899469601	12.935163074251866	18.630051086170436	13.659242961653359	10.138675648596394	12.004584797966004	11.101869746332131	9.473389775221492	6.344806475057584	6.282021801452919	8.62468601914775	12.90832935825371	12.642347096185341	16.508083446513158	18.329770812355562	20.980746339434408	23.314394873120357	14.81155079572791	20.391030526799575	24.088461230484935	31.546895531670863
27.243041396316674	21.379014973086395	23.73867176891852	21.52294997093206	18.907170048389073	13.737103248816332	19.406327342660205	18.365279602837212	19.774055309671077	16.218256796086884	14.29606432444279	10.103057043564528	12.516054030079477	9.531990039336646	5.240802055165514	0.0	5.623902189688735	7.429735879315832	12.106320577433577	12.671394850023795	18.072435940507464	20.71207971238515	17.336095153825305	25.947108499669696	23.062242721932897	24.683306372774467	24.889329203439257	19.331151944585706	18.977050288526424	14.94190031531046	9.889778547779192	11.638864721801927	4.704873621014558	9.356037297554414	14.376354906639753	9.026890850858424	5.020933688646117	9.75173668904601	10.557770758517016	11.91052751258884	9.256280817758183	4.636429745442327	9.277225047591763	10.614349888271835	8.423973800002809	12.773504582796129	13.762312649413996	18.48826199145501	19.387016008082743	11.783947711694159	17.158590975831906	22.328593235530473	29.17208241997585
25.547452568211128	19.284453595054995	21.278023050942668	18.17879901829477	16.54609286137225	12.356334158056734	18.43032741149235	17.45593269033287	19.874139349882938	16.715277751411687	15.714610660480924	10.13484644397634	13.464296638888086	7.890518306147964	7.865489004015657	5.623902189688735	0.0	3.786448029337146	8.095070895132906	11.205065177406622	15.967622578729243	19.678212465798524	17.295112464533553	24.27355598456562	22.997051904943067	25.488749369196817	24.41881195293768	19.89418358324337	18.101161512728186	14.262156890988352	8.910557858519056	8.787668480016762	4.444392944723722	6.836206204937187	13.119373611014558	10.535789996606539	7.632453267204654	10.65909262945044	12.427084684611774	13.882802678707122	12.69138154573399	4.637466720014897	13.897773645770068	13.768729624544394	12.940813759127836	15.78685612378097	15.159837309626987	20.534993908252705	18.666600251080325	12.441319016143295	15.217789804249458	20.434535316315195	26.284297916494246
21.763810521402874	15.500850607943995	17.879438260567966	14.77859381010411	13.406236159743202	9.89788123714441	16.029679879105863	16.315525489760915	18.03905622716738	14.397939235956544	15.406427130259448	9.59806086037333	11.093089438149635	5.185357520477856	8.209264963802685	7.429735879315832	3.786448029337146	0.0	4.786165326948927	8.410337126093737	12.189121412195817	16.34926245259729	13.868890024539075	20.57837471551725	19.455214776408052	22.252576511749776	21.125547046260127	16.76209571652107	15.09631326315433	10.70797722087567	6.047815194530774	5.11860162305847	4.284290554511581	6.664434951720612	13.117296613882223	11.262468428813282	9.4463593625309	8.987789305212518	10.339584334790688	11.559728500931143	11.615351064279727	3.7162728071942173	13.43381014131221	12.962413595955818	14.952705136679072	15.901376825120604	15.658567364087077	19.213655442245628	17.990447652039055	11.178285936180002	13.852670989319225	17.755517973323634	24.177557280790744
18.29757657659035	12.030443306321121	13.9038299446916	10.232154111029873	9.960919271608248	8.616917879063259	14.152770098690665	15.569016940944712	17.199713988756137	13.878629468819064	16.757877417616058	11.053501264338864	11.481692003717251	5.567429189544831	11.678180709053501	12.106320577433577	8.095070895132906	4.786165326948927	0.0	7.155634695409612	8.850864941132548	13.692854055248915	12.490651686833134	17.041863526882427	17.545740114627964	20.88544412354966	18.65538198246016	15.596022004129106	12.90352248651052	9.224184783037634	6.3508156561553895	3.623507317705794	8.738427647395604	9.478869395723509	15.339782710420913	15.10976840906807	14.036646557499859	11.461896980062965	12.368640096023165	12.751622170492967	14.177446227166634	8.04593566795991	16.736940116879016	16.09845989939622	19.63182693679424	19.43698358021678	19.002429196369334	21.222134929538658	19.48985220497074	13.522526365561403	14.45150293543958	16.476309952818283	22.542394225589057
17.33018412990334	12.302084197074242	11.460876038785173	10.579604228461056	6.419017971297731	1.9212813096552424	7.734967934103194	9.912374986389297	10.231372365441878	6.827795578650456	10.97794077091255	6.681232505267574	5.553797342737694	3.407794497245249	9.325581981746707	12.671394850023795	11.205065177406622	8.410337126093737	7.155634695409612	0.0	8.858139016321953	8.864724714712823	9.331996853780531	14.764120812833664	14.907982011229056	16.502410594569014	13.59245604266057	10.576613256922874	6.928872811161397	7.197375820931895	3.180257051363077	8.159990146934883	11.243648500708346	14.636972997246021	20.614509293380337	18.26128496162389	16.340525864385736	13.546844116822271	12.138430267584628	8.904987974602765	10.311902319903528	9.563384386790025	14.212801690864174	16.64952425437196	20.592589704628967	21.243035277181253	22.509666044259635	22.804034933454062	24.457162039878458	16.512157373108515	19.968736209429814	20.810623772667515	28.18717780296662
9.602830334913001	3.57608600398572	8.481037475318049	6.616535524457594	7.579843438817963	10.128488811247019	12.770159262037296	17.574547204126457	16.433175207918712	12.401358339506357	19.456202151901863	15.413819411021615	11.014714795653454	10.053653249478359	16.5157975697769	18.072435940507464	15.967622578729243	12.189121412195817	8.850864941132548	8.858139016321953	0.0	7.947889628157577	6.485498271524398	8.7982883799974	9.518774534355513	13.716174971500056	11.963100979603377	9.95110181365649	9.268897053817478	4.809472769939853	9.35709390539365	7.727993594488563	14.607880758474876	15.591670861292936	19.743831376678585	19.73668669896601	19.830346539012016	13.507985982014086	12.543413804194904	11.678437997418962	15.535886101632578	13.631726187715952	18.340412970913427	17.551656831449776	24.698015297486954	21.942980587833052	22.694462075228397	20.563343479148692	21.70442032720702	15.552858794475931	16.818415713092612	14.325148993921553	21.696135209990967
10.914023891049434	9.175915708879494	6.150588288788979	9.20925531456583	5.7174808653950215	8.726482761232772	7.072585875703498	13.459892607260436	10.374762533558036	7.706056933153882	16.188972568206466	14.479448662058381	9.380969332447709	11.918452229664679	17.21957200386869	20.71207971238515	19.678212465798524	16.34926245259729	13.692854055248915	8.864724714712823	7.947889628157577	0.0	7.131204009122189	7.259493344169936	9.385252372276023	10.263214858111574	5.032317434106135	6.246473350349937	3.0688718026692876	8.049929063944898	11.025680903875001	13.659543207630493	18.77457092710318	21.477658904862658	26.425877129203872	24.803001081532038	23.86359231246545	18.555522802176988	16.092209142894863	11.886102218178817	15.34066556725169	17.222965449048754	19.133074262760598	21.27934284889478	27.78110509639607	26.432683286005012	28.30148146132233	25.434150125409545	28.786621803081626	21.26059011364288	24.23175056981253	21.882077303557537	29.491847625341794
11.270257028166496	7.9518677167652125	11.611215381070402	12.142544648087341	10.189985512230745	10.420492528597883	12.22649953375334	17.366126686101758	14.454554825011954	9.38505483299842	17.313935792726628	14.71761091716433	7.706178722935051	10.690059803593277	15.07335219629289	17.336095153825305	17.295112464533553	13.868890024539075	12.490651686833134	9.331996853780531	6.485498271524398	7.131204009122189	0.0	10.144367229636675	5.978244468465827	8.57331420893611	9.694908187269585	4.393371952329515	8.222533027464992	3.3312608098023255	9.300016644447156	10.613558349030248	14.901926808788872	17.448374718478902	21.397154314188487	19.516950053448042	19.449412198230704	12.740691698322335	9.88703883586199	7.147557928675812	11.732249295318471	13.639273851282239	14.396916489595142	15.013127922260908	23.054001010823214	20.16449933189226	22.42676738000017	18.412250939247908	23.042288663059043	15.241209732631827	19.21607171395762	16.983042738964183	25.622467613976237
4.4008354792635425	6.937139876528493	6.3730674430885115	9.29605412068982	10.238622521836668	15.075554964866052	13.803065494807102	20.14886948247097	17.356871274184254	14.868767749991163	23.402726600031478	21.11259792845465	15.764176484040705	17.27802260242154	23.339378569650766	25.947108499669696	24.27355598456562	20.57837471551725	17.041863526882427	14.764120812833664	8.7982883799974	7.259493344169936	10.144367229636675	0.0	8.305276949902199	11.110947741226898	7.327998561821535	10.599583770140189	10.248657480231907	11.39704135771747	16.43948811199069	16.484790546692043	23.02318694479383	24.380077760585298	28.22580633273847	28.125306117400754	28.182350472735788	21.480627518746843	19.54913498266192	16.992680784258734	21.213498621075306	21.82335430845741	24.390610866501696	24.680158731188932	32.553481576272915	29.472727778308137	30.847584717311754	26.73651956084868	29.389842942435582	23.50446309526061	24.751389661251782	20.128411888451687	26.784204681781993
7.990848616968956	8.472009461412831	12.872403600333108	14.431295987795467	13.82723350624464	15.765670221004545	16.01198527183971	22.009457473572283	18.2729059860402	13.928273435611288	22.522796612628547	20.507388531001972	13.280630817280555	16.5469625817463	20.974770342625504	23.062242721932897	22.997051904943067	19.455214776408052	17.545740114627964	14.907982011229056	9.518774534355513	9.385252372276023	5.978244468465827	8.305276949902199	0.0	5.552421549691061	9.147030538423646	6.752676909394625	11.76429849508605	8.804599101642449	15.214720788690494	15.510181369889809	20.379263832352834	22.243066688689215	25.20757792042069	24.077450297774526	24.692297746871336	17.099476741379195	14.33301856920169	12.350520969633447	17.009583662269762	19.30025412972043	19.14355772250078	18.970549482346602	28.086521014070577	23.858156327935806	26.22802954486728	20.18126147761435	25.622970291891615	18.98338220438766	22.110613038312415	17.675840591183356	26.019548321333097
12.141237261700814	13.366453263938206	15.110651706793575	17.916588050706626	15.755879507018948	16.885376137762997	15.705540772890123	21.604651388110916	16.75044755525846	13.07215657957155	21.525468600564064	21.01832928721788	13.501433708482121	18.528317088533992	21.7720184304203	24.683306372774467	25.488749369196817	22.252576511749776	20.88544412354966	16.502410594569014	13.716174971500056	10.263214858111574	8.57331420893611	11.110947741226898	5.552421549691061	0.0	7.923552122052381	6.034694152783823	12.053941258441206	11.893426736933892	17.103114158050822	19.17838134757494	22.93804938060729	25.772517467345544	29.15062025778612	26.882249469948327	26.937760639969568	20.11797878223106	16.573340903055122	12.919194107593219	16.98080689218147	21.613541642974564	19.255715405463373	20.92320249710255	29.496341861450833	26.118207525178978	29.286973615363816	22.90028880560454	29.876262161515548	22.347061429141167	26.68362666740879	22.91389999968234	31.473528655142864
10.983661763532274	12.015859650213976	8.907764185364913	13.179191116336941	10.398272820477006	13.278926726704945	10.017042369776533	16.50696083030576	12.088777965312541	10.375990562440707	19.00947398705214	18.526529474764	12.75914445272549	16.620516009153057	21.171573391567094	24.889329203439257	24.41881195293768	21.125547046260127	18.65538198246016	13.59245604266057	11.963100979603377	5.032317434106135	9.694908187269585	7.327998561821535	9.147030538423646	7.923552122052381	0.0	7.023817707336678	7.03056152455537	11.864135848432026	15.58691976268889	18.306754304185137	23.17661460542599	26.017204715043228	30.596417370845764	28.779264905781442	28.01990150693899	22.246148148756042	19.276192300083874	14.68889972225402	18.257437807707422	21.612409509110694	21.823869216139645	24.324427885644756	31.449984271382952	29.636116483994904	32.00884913033531	27.781642926261938	32.408465643793164	24.86550283204907	28.144350176326814	24.842902967734688	32.56617804012897
12.720983085609998	11.135328916126186	12.10689085429463	14.210499237174012	10.946474703905483	10.966671239310127	10.74511075975686	16.23814979933147	12.057098186183099	7.509707281252724	16.091813931734414	15.038312029137622	7.6326356229283245	12.660961064854373	16.093776919374818	19.331151944585706	19.89418358324337	16.76209571652107	15.596022004129106	10.576613256922874	9.95110181365649	6.246473350349937	4.393371952329515	10.599583770140189	6.752676909394625	6.034694152783823	7.023817707336678	0.0	7.042780578965629	7.157614688625715	11.261798612681686	14.301536255371115	17.78538949465936	21.06750832858828	25.330106039397815	22.698577564174666	22.10849912139673	16.183812331372266	12.738500990728642	8.065399493999193	12.064145372321338	16.285497877785794	15.150345076457409	17.57228791770473	25.05291197296869	22.959474118040326	25.80134218018225	21.417239910883396	27.12713620398633	18.88542326521722	23.483931923649	21.266157962893733	29.90662193787419
13.890987681374462	11.338410344955635	7.691949317287364	10.150261706862766	5.069718832580855	6.307906610558312	4.2940438691528175	10.498330785272847	7.599254476386049	5.187109263965744	13.234155916093533	11.797443594803408	7.589120118245016	10.222830053794647	15.038060917940422	18.977050288526424	18.101161512728186	15.09631326315433	12.90352248651052	6.928872811161397	9.268897053817478	3.0688718026692876	8.222533027464992	10.248657480231907	11.76429849508605	12.053941258441206	7.03056152455537	7.042780578965629	0.0	8.498952445532785	9.458828928977514	13.340978434468942	17.593811239243145	20.808874342568917	26.225170587429577	24.055633646153225	22.58808831150867	18.26890049815291	15.799500377359212	11.028724411424514	13.708517434439928	15.908753792846303	17.816456413956722	20.823765897520023	26.33218179047226	25.97461306999618	27.900196720211056	25.89122734903209	29.146081849872466	21.18968243520592	24.625740280190964	23.28221104246669	30.9354833600099
12.483547682211414	7.495751382764725	11.451959822061909	10.669494189635826	9.030037819758034	8.699322921516035	12.029420074941083	16.412461269941456	14.638571639129953	9.604596929098449	16.4972168283174	12.884277827197467	7.0983383452592665	7.9674249554718655	13.099593113905188	14.94190031531046	14.262156890988352	10.70797722087567	9.224184783037634	7.197375820931895	4.809472769939853	8.049929063944898	3.3312608098023255	11.39704135771747	8.804599101642449	11.893426736933892	11.864135848432026	7.157614688625715	8.498952445532785	0.0	6.7116807658443	7.310146451809699	12.103122398086848	14.422729677217813	18.77396049571349	17.182634148718908	16.988106332583985	10.637755327823381	8.568862926036035	6.902195523429461	11.001585126565827	10.889831330832084	13.727799979479801	13.792723929584806	21.159274284596485	18.697418353529216	20.371330265138344	17.828305008882808	20.97341981030339	13.23193694091716	16.79154144738726	15.53383842162079	23.913101890467296
18.390958826235856	12.887764967596754	13.930545341289045	12.43690010452862	9.210053567771476	4.856237129490134	10.677087482780605	12.269281113632209	12.564382958963034	8.425784071466675	11.594784880114839	6.68602594201011	5.3481317787380735	1.5331308335318936	7.278143509108783	9.889778547779192	8.910557858519056	6.047815194530774	6.3508156561553895	3.180257051363077	9.35709390539365	11.025680903875001	9.300016644447156	16.43948811199069	15.214720788690494	17.103114158050822	15.58691976268889	11.261798612681686	9.458828928977514	6.7116807658443	0.0	6.409350191231435	8.227028955745851	11.980003672875029	17.87513146618101	15.132685775490794	13.293815611844495	10.577687758439488	9.415298021386825	7.271051167286553	8.350904854112326	6.516995352934125	11.753295838727091	13.646176553140993	17.599262560348848	18.109206478888453	19.403567183147093	20.087759047427145	21.803527844392327	13.59016997351782	17.639568257448516	19.26806163926874	26.860657930437597
17.09246858837842	10.717364871311274	14.714058601202844	11.34138696151554	11.314845498227282	9.995007136986896	15.4614431540597	17.694316170743438	18.31485228508626	14.081420768243557	17.87625750640942	12.437713016424281	10.933928487868686	6.370608449450239	11.825339492529379	11.638864721801927	8.787668480016762	5.11860162305847	3.623507317705794	8.159990146934883	7.727993594488563	13.659543207630493	10.613558349030248	16.484790546692043	15.510181369889809	19.17838134757494	18.306754304185137	14.301536255371115	13.340978434468942	7.310146451809699	6.409350191231435	0.0	7.535374521574821	8.080809003330806	13.260705357625612	13.000892410987595	12.782298620604799	8.341897068676374	9.367992271959357	10.932942036559075	12.976219823916184	7.04622497649755	14.957451413760241	13.205549961906712	18.271917485872752	16.672086150431863	16.521588437067	17.737505364488868	16.786825301705235	10.359622213953601	11.928003149220276	13.627013863144771	20.597362288187973
23.826665632857196	17.714638884200024	21.17020908953848	18.368104228858716	16.81249789430445	12.780550735200412	18.800187971073633	19.03125583491003	20.1685876575521	16.01608672645041	16.464412525647468	11.314490703623788	12.033379074421928	7.940097432987617	7.713589899469601	4.704873621014558	4.444392944723722	4.284290554511581	8.738427647395604	11.243648500708346	14.607880758474876	18.77457092710318	14.901926808788872	23.02318694479383	20.379263832352834	22.93804938060729	23.17661460542599	17.78538949465936	17.593811239243145	12.103122398086848	8.227028955745851	7.535374521574821	0.0	5.360363928141778	11.008594710156911	7.371437680635715	5.470683432165191	6.355889998635075	8.299106311652807	11.07407176305508	10.362461569287786	1.8549355251710586	10.779501327866596	9.405302189171502	10.940383110056025	11.865727275745616	12.007098332344457	16.19239898069933	15.875865679541006	8.377392348853006	12.87689015356483	17.784435927414656	24.572268666100136
24.452120113287894	18.15083418969589	22.72608360393724	18.974418690422365	19.0230336958018	16.31464221021558	22.363319008067798	22.97222622091079	24.434757984370137	20.270636815293333	21.424879427460464	15.873824976151724	16.41281201756388	11.545386634355264	12.935163074251866	9.356037297554414	6.836206204937187	6.664434951720612	9.478869395723509	14.636972997246021	15.591670861292936	21.477658904862658	17.448374718478902	24.380077760585298	22.243066688689215	25.772517467345544	26.017204715043228	21.06750832858828	20.808874342568917	14.422729677217813	11.980003672875029	8.080809003330806	5.360363928141778	0.0	6.542788693313823	6.819317553552416	7.399413663517461	7.47901037747224	11.114477630481886	15.265305994509362	15.437983220104085	6.920970813344225	15.460041641673401	11.575110708741075	13.317855611798084	12.35203866628829	10.239415533436338	16.017947455282695	11.936682096128141	7.598648150973734	8.547465985888671	14.925785839079934	20.324198504277817
27.363800749708833	21.516251391049167	27.60209132359307	23.695572870254562	24.5696616718031	22.40493209293225	28.295414497311153	29.38488506261557	30.41577487406714	25.834680565011798	27.46474835503759	22.159738806866574	21.733440744554603	17.69936075124757	18.630051086170436	14.376354906639753	13.119373611014558	13.117296613882223	15.339782710420913	20.614509293380337	19.743831376678585	26.425877129203872	21.397154314188487	28.22580633273847	25.20757792042069	29.15062025778612	30.596417370845764	25.330106039397815	26.225170587429577	18.77396049571349	17.87513146618101	13.260705357625612	11.008594710156911	6.542788693313823	0.0	7.023447612895949	10.451010796764404	9.86217602670614	14.039092644944752	19.60280322120215	20.069423157370345	12.704792735603203	18.937047773497056	12.705134650974152	14.834278351034436	11.032518675912169	6.730235768562838	13.86252544258845	6.040715835912918	7.611317940681048	5.4354254649939	13.564950993123675	17.47436528739837
28.00013399786522	22.172040539851906	27.359063660542834	24.336359420012247	23.537403825962947	19.901603960325453	25.75631848801895	26.23181057785168	26.927117245020124	22.34423411647563	22.766747419285334	18.25662465733538	18.023807987473184	15.127114482506263	13.659242961653359	9.026890850858424	10.535789996606539	11.262468428813282	15.10976840906807	18.26128496162389	19.73668669896601	24.803001081532038	19.516950053448042	28.125306117400754	24.077450297774526	26.882249469948327	28.779264905781442	22.698577564174666	24.055633646153225	17.182634148718908	15.132685775490794	13.000892410987595	7.371437680635715	6.819317553552416	7.023447612895949	0.0	4.513644374748492	6.981642876186292	10.36393985522275	15.54735393837129	14.759685003872706	8.990220853226274	12.840307780326778	7.61628922316292	8.126422626333104	6.158583389823322	4.817900797672605	12.27131010206772	11.13514242977318	6.05028417075093	10.91994949801967	17.506246249738336	23.52022895660224
28.7549230942325	22.7651378952406	26.59736737884567	23.81807349346132	22.184021038373963	17.72027136604213	23.601872029586843	23.124155559608717	24.347108093972153	20.307127116561034	19.264185540985796	14.932722378662545	16.220068584048853	13.047065560684977	10.138675648596394	5.020933688646117	7.632453267204654	9.4463593625309	14.036646557499859	16.340525864385736	19.830346539012016	23.86359231246545	19.449412198230704	28.182350472735788	24.692297746871336	26.937760639969568	28.01990150693899	22.10849912139673	22.58808831150867	16.988106332583985	13.293815611844495	12.782298620604799	5.470683432165191	7.399413663517461	10.451010796764404	4.513644374748492	0.0	8.55236834360825	10.921267010234429	14.548216290101672	12.652652279587617	6.842989648318333	11.23568543089904	9.090546666924059	6.047469440920871	9.174742144970773	9.066063060812128	15.800187267171708	15.390143722202742	9.215598247952803	14.247031073193588	20.57479755513127	26.792413147858774
21.29973105150276	15.767626956242305	21.442229611287658	18.97305972624922	18.167755667397696	15.363982877990246	20.71373546790026	22.67103275983935	22.29412214809751	17.176747792428465	20.036564508850073	15.58195193530505	12.861385813019893	11.132562233804498	12.004584797966004	9.75173668904601	10.65909262945044	8.987789305212518	11.461896980062965	13.546844116822271	13.507985982014086	18.555522802176988	12.740691698322335	21.480627518746843	17.099476741379195	20.11797878223106	22.246148148756042	16.183812331372266	18.26890049815291	10.637755327823381	10.577687758439488	8.341897068676374	6.355889998635075	7.47901037747224	9.86217602670614	6.981642876186292	8.55236834360825	0.0	4.186556224664198	9.956300146525525	11.092960988723016	6.869461592149112	10.386713597589694	5.240932905358513	12.615185965435327	8.560114150396956	9.780772245350176	10.243644806181392	12.454184292927904	3.204108028188297	10.162654567995782	13.566182923634834	21.484487778673184
19.72566002142948	14.812919278484943	19.96201488593712	18.472352465374684	16.77634585702294	13.80238531307079	18.441999523088377	20.914854253371676	19.60561663554697	14.238043917336414	17.906711861194722	14.33471541741587	9.953533249298712	10.452227671433942	11.101869746332131	10.557770758517016	12.427084684611774	10.339584334790688	12.368640096023165	12.138430267584628	12.543413804194904	16.092209142894863	9.88703883586199	19.54913498266192	14.33301856920169	16.573340903055122	19.276192300083874	12.738500990728642	15.799500377359212	8.568862926036035	9.415298021386825	9.367992271959357	8.299106311652807	11.114477630481886	14.039092644944752	10.36393985522275	10.921267010234429	4.186556224664198	0.0	6.254325913834752	8.14881121418998	7.872244312127377	7.829568795868792	5.238839466591259	13.901050396366761	10.391566901761873	13.158127834670859	10.944358036887168	16.133426574194214	6.887272689527398	13.871053789464533	15.495752551358855	24.158759340418158
18.40503654792826	14.273086476681746	16.93252480763269	16.87174487646699	13.487325380023421	9.989734108910346	13.363301326786237	16.155677526588974	13.849897665484287	8.438597977521345	13.140256802478088	10.96313297786076	4.493618091263002	8.705380510732175	9.473389775221492	11.91052751258884	13.882802678707122	11.559728500931143	12.751622170492967	8.904987974602765	11.678437997418962	11.886102218178817	7.147557928675812	16.992680784258734	12.350520969633447	12.919194107593219	14.68889972225402	8.065399493999193	11.028724411424514	6.902195523429461	7.271051167286553	10.932942036559075	11.07407176305508	15.265305994509362	19.60280322120215	15.54735393837129	14.548216290101672	9.956300146525525	6.254325913834752	0.0	4.717444180899471	9.650230634379572	7.4261322233915035	10.505073656732257	17.01240146831908	15.88616771037399	19.01012889828896	16.52277328045863	22.20312023999288	12.98877069044243	19.271351435985718	19.83519354129948	28.642019022528366
22.93712789810969	18.495646761047034	20.26170788739299	20.00006218124692	16.042942901453397	11.04169440124273	14.775064998600989	15.639616404249102	14.196760343886341	9.745615499791432	10.69127775619862	9.2013401847378	6.1343840262967815	9.290385077346565	6.344806475057584	9.256280817758183	12.69138154573399	11.615351064279727	14.177446227166634	10.311902319903528	15.535886101632578	15.34066556725169	11.732249295318471	21.213498621075306	17.009583662269762	16.98080689218147	18.257437807707422	12.064145372321338	13.708517434439928	11.001585126565827	8.350904854112326	12.976219823916184	10.362461569287786	15.437983220104085	20.069423157370345	14.759685003872706	12.652652279587617	11.092960988723016	8.14881121418998	4.717444180899471	0.0	8.937163722692127	4.405081628648231	10.501975070893362	14.041110103242362	15.311243157526846	18.650842292483947	18.00739932886183	23.436018778749194	14.08176542232456	20.97789000674242	23.100368717073994	31.598732119840008
