0.0	5.5348469885771445	7.685780211759906	10.395230633528119	13.387344083501338	18.1442242589093	18.40226447565064	23.256691440184884	23.089786715232187	20.505708363978467	17.06642973811015	14.27751405571939	10.628410872456598	10.028858787792585	7.414497186776955	4.721409952183759	8.54950870966925	10.968264080060084	10.060668566724013	15.600637251079734	17.286721989130076	13.445366514713625	19.030269986277204	19.047811531320892	21.79088585169106	22.749509213358575	20.827952884278453	19.456938549901704	14.084436463146204	18.007767081806755	13.487877813256773	17.175461993494885	12.994644140954767	15.574181073996767	17.94598877544579	19.745053647509952	23.267768861123294	22.467028542538557	22.06842105098267	19.86056922319337	17.935033510393342	19.06103152284246	15.563233997305375	17.085405586659185	12.847325705115766	16.555824525075874	16.27404407399942	16.726044025529426	12.759600843721545	11.431884071591249	5.723112037911608	8.819378373195624	4.9297411084627685	8.217778990721143	11.432322841660291	10.730496576257345	11.180234572471665	14.787644213850928	16.359645691743456	15.013590640518524	16.2689476716987	20.05431380219697	21.376185585290013	2.4713649952246164	20.36618956964191
5.5348469885771445	0.0	5.557244357149845	6.406037454673082	9.951576486446827	13.95346722559458	14.3093841210373	18.87169509496578	18.36414828568683	15.414691632257721	11.898218476846871	9.483316503523358	5.145997391595215	6.311288958158551	5.45399217879244	6.501993011741922	9.39162751092257	9.327480191511638	10.184301308236353	15.073491888754926	17.37575538591493	14.286480262079118	19.50978450853278	20.110396401798425	21.388075596173913	23.05660095729836	20.90838940156199	18.66677990716113	14.290379466823852	17.106085279674453	12.750676764033086	15.796339365265021	10.834861060292358	13.821097188451805	14.483848224855661	16.34126157409439	20.040595866820585	19.97739436827465	18.881956681203064	17.675382579472807	14.798691333246751	16.32210734469848	12.83189524410347	15.124499175009305	11.419475717734363	15.703334131845208	17.169844433093488	17.008195825723515	12.047859460861623	12.546872424165233	7.911742164313108	13.017813715250062	9.403118153563833	9.946207364411956	14.33670711152056	14.970313874656497	13.837633304649314	17.11669612403879	19.931433067997922	18.78494916845072	18.603556605030448	22.388419929602172	23.193246991941475	5.686324548424596	21.666671475338003
7.685780211759906	5.557244357149845	0.0	5.836039644534191	6.028077998190183	11.305206744389364	10.932681356488146	15.880918043369174	16.153830105560615	14.044705971158121	11.660376793584117	7.798263267697836	7.056713788602695	5.094360925757325	8.000058221337211	5.933870759086612	10.554239164132438	8.987426329002204	7.079941810917379	12.108110543505749	13.200133803466855	9.572508206573746	14.310440941333518	14.874542880245604	15.836387212203233	17.719742770722362	15.98212763484705	13.26320845424614	8.972087134177881	11.608724710765102	7.7332309006283895	11.76635617312007	8.073403173675839	12.777795947967547	13.473885920559937	16.51764827090912	19.80663499126434	19.120808690046207	17.259431639359565	14.825029323665461	11.835913114420302	12.016563143416235	8.088268885341567	9.820082785604338	6.497886321761693	11.388691309047548	12.61839614169003	13.505387700329774	8.523795281194442	8.416476902749457	5.986046924963197	11.507585721843862	8.547942578126065	6.0104828631292815	10.764291179512307	12.695523977823456	10.58976709862395	12.760153100941405	16.46212249986176	16.125868951117972	14.996552662319068	18.088006749450564	19.25953052603683	8.836907285768595	17.519280965247535
10.395230633528119	6.406037454673082	5.836039644534191	0.0	5.566194510401314	8.320485611036641	10.676672695399139	15.002973781177083	13.483060433692405	11.816935593898862	7.505829649404395	6.981914253331194	4.8880742357738844	8.160806641585905	11.041156936494838	10.874457360104902	14.949613363515931	13.264402932659992	12.797205991401293	17.334821667862226	18.53580411789689	14.951698532853662	18.943403510952063	18.692215390370983	18.68090519249011	20.06587535325089	17.187638760656696	15.158047061873035	12.418913435357853	15.126134773598418	12.679480241243175	16.355811793207305	12.487383044037461	16.96364338543093	16.006223160600992	18.741723926171975	22.188232932291093	22.411522406817664	19.972619848030114	18.716704040686984	14.754031411050029	14.774320922232592	10.643752374318224	11.766932138348647	7.774220447798225	11.184319893442535	14.4836764071091	13.152377087769489	8.015316492541091	10.897345988056285	8.97319825004074	14.498640346125553	12.84002045195118	11.001254690923519	14.70490666057845	17.421499720307747	16.20491359821769	17.67451337034955	21.282801152277727	21.546334329155233	20.698926545991476	23.354474792647245	24.878813599267303	11.574171100500642	23.047375666738574
13.387344083501338	9.951576486446827	6.028077998190183	5.566194510401314	0.0	5.540642964262216	6.102154541503088	10.81788141599319	10.613970938529771	9.699527219742725	8.05690968962646	5.245161760463911	7.933330449089958	7.791878847833146	12.761851875629253	11.886330085046218	15.894440005588981	12.843982077648755	11.331895617061225	14.69823080473165	15.079861453091258	12.134386429291169	14.916598346994014	15.243499926735888	14.021690504059002	16.239079049786817	14.148475963253832	10.800526143617544	9.35295632152777	10.335552123040074	9.113480773886463	12.499564199578737	10.152868536020025	15.399220931416346	13.989147281086051	17.56364781722311	20.469095751988473	20.30457946428337	17.13384750580837	15.237596042092939	11.110319083483192	9.846297121568625	5.620755736477868	6.542264962155889	4.917573988487126	9.064755147346757	12.578804714088061	12.642655657351968	7.834101118876042	10.14982367306976	10.599362052149564	15.887291411333726	14.198084168768723	10.394818531849857	14.129434570479656	17.478818591114546	15.018527779692125	15.566901684592844	20.014226271042244	20.615590628762224	18.53332466458653	20.589559780704327	21.88311567478109	14.571638012903595	19.781726576495345
18.1442242589093	13.95346722559458	11.305206744389364	8.320485611036641	5.540642964262216	0.0	5.711324386215929	8.188407306706292	5.888082493712168	6.869943917839968	5.771913700434155	6.8799084459501225	10.27441780629786	12.022891160973163	17.055259293082017	17.166235772234877	20.747434959479843	17.264304220592294	16.615283603566223	19.217509700364683	19.618875344503248	17.258628936192782	19.067244634960282	19.17554388265496	16.607592006574844	18.712170415369787	16.232263263030813	13.179125032365452	13.809760707401653	13.845238273933852	14.002146520288989	16.422722990985754	14.469998743670669	19.269541474238846	16.38076588976395	19.715892194332458	22.32546627899049	22.883045676986775	19.044838332512217	18.257665717077064	13.662445280981617	12.13280494227736	9.149621478978705	9.401803705951727	9.19511214821005	11.112988935627982	16.01378435482081	14.859868725172971	10.942919589630193	14.61572935898093	15.547975026919422	20.74866349283343	19.508403551594384	15.834026764659532	19.120928591645	22.865357282908054	20.50149260323118	20.601275126579225	25.140784432322423	26.063256898555508	23.755102934857895	25.413524879078196	26.67116557553795	19.226383582922743	24.440318516217342
18.40226447565064	14.3093841210373	10.932681356488146	10.676672695399139	6.102154541503088	5.711324386215929	0.0	4.972257349165658	6.794009735022018	5.911183466044794	8.389165108647044	5.435549524659431	10.897637318860657	9.924039107247662	15.577384087220633	16.045031530472826	18.608040241504053	14.21040340598937	13.894681177797906	14.954679835158915	15.584735633979735	14.769683611196726	16.192214311873027	17.8869295352468	14.949627690054596	18.37111053867942	17.297367896749225	12.758334381576168	13.208866909447986	11.169475906414304	10.975888913676167	11.745980896279427	10.59961405579641	15.037553550526496	11.790082974683765	15.49396621794696	17.626152157636604	17.88724531116849	13.774029954439072	12.923116570160824	8.372157473113422	6.899183473951035	5.43721424962243	7.694404454940005	10.080603864383978	13.453607500208697	17.08343950793207	17.68238006428911	13.5053558597068	15.53458128750108	16.3012950143157	21.520864365092756	19.20934643757306	15.164732650789198	19.091544781352745	22.136569300948615	18.588866958967944	19.130077931732494	23.9885387844431	24.21188896934338	20.973024402362338	22.928956189748433	23.167598632057246	19.06755945694682	20.77492151779872
23.256691440184884	18.87169509496578	15.880918043369174	15.002973781177083	10.81788141599319	8.188407306706292	4.972257349165658	0.0	4.941636695500615	5.824496365255706	10.567643221231402	9.478858741814431	14.861745342156095	14.37058410939209	19.89202671196015	20.887746778829428	22.964431873864438	18.224008963158212	18.421683009216206	18.476817435875247	19.03280117469848	19.068790765439235	19.546848577386246	21.46320865862414	17.513883507726113	21.13074536789958	20.342326971661986	15.776111865417661	17.492188974987524	14.505024183195337	15.27448337996437	14.910722970428479	14.581522793988043	18.187703639277768	13.905971023220518	17.17471858123817	18.54378848582277	19.317627236732527	14.702355939751254	14.967253416373168	10.836264726702334	9.344366665614066	9.79252902115713	11.354332515257612	14.576409624113996	17.075180315708295	21.058217253127953	21.446335387367938	17.766150461330838	20.12874088250924	21.23308655145106	26.414894781926666	24.170145566981553	20.04888339420354	23.789875036786697	26.95485880110207	23.199538507323595	23.45809681866646	28.421380856026644	28.719350296282002	25.07035618856435	26.699553313098512	26.59216804038015	23.801298287544704	24.121088194013975
23.089786715232187	18.36414828568683	16.153830105560615	13.483060433692405	10.613970938529771	5.888082493712168	6.794009735022018	4.941636695500615	0.0	4.6988131137727285	7.762056589771029	9.552523788299606	13.854296738016123	15.331027305157228	20.529057487213688	21.679830818108723	24.282124333435213	20.04364338626212	20.373357579002764	21.624453412157052	22.337538518293474	21.281379859911905	22.375469889756857	23.318442391621588	19.71159822569646	22.485831699049296	20.6529912187264	17.01989511621328	18.609884378124768	17.044946509821973	17.614947428587705	18.42812555383138	17.023274370926636	20.96319952989518	16.732190961841987	19.67907924143041	21.59696129644484	22.775422399010637	18.42715734132955	18.91219578226146	14.378421753073924	13.186366626775404	12.087220837205265	13.021456897370296	14.59724665678145	16.39076790510946	21.235329799253023	20.367211850424567	16.760699157260884	20.186525121418555	21.064120956519588	26.390489217499812	24.64607401181964	20.902909177781336	24.472874262288766	27.99327924965961	24.975443732654657	25.210718959341968	30.00004759063203	30.615893591038922	27.63017831056752	29.30405816749099	29.834213088558442	23.79411011832379	27.43469070089934
20.505708363978467	15.414691632257721	14.044705971158121	11.816935593898862	9.699527219742725	6.869943917839968	5.911183466044794	5.824496365255706	4.6988131137727285	0.0	5.676017291442735	6.408360981293846	10.636188160880339	12.014417548884406	16.863826400733775	18.975469412111657	20.75380241677339	16.428050358864418	17.843140181810043	18.969519764822213	20.606066030023886	19.950883236622133	21.972364943351636	23.597862420783507	20.75859182830153	23.91088157758567	22.264404249103062	18.245724597196613	18.4594337069544	17.048976698007536	16.14100069063191	16.43238742998558	14.027228947484495	17.32212556486183	12.824863543787929	15.401423989278989	17.58947084504887	19.04839380296576	15.047197909978093	16.210535576766162	11.616621567836157	11.972820823444568	10.945288575931754	13.395389917940058	14.463725422512505	17.557218034137385	21.873039905986463	21.39625768186088	16.950144127155276	19.848687344442375	19.537036161409013	25.151694608901785	22.541365088187412	19.397500159452893	23.65875688809921	26.41444480107735	23.15762583311286	24.379594437869827	29.047555731429018	28.898337526995334	25.99397069143872	28.453389275230826	28.43332050685461	20.794545684494715	26.057234862179637
17.06642973811015	11.898218476846871	11.660376793584117	7.505829649404395	8.05690968962646	5.771913700434155	8.389165108647044	10.567643221231402	7.762056589771029	5.676017291442735	0.0	5.797340869970455	7.035001019286604	10.92513746233186	14.89750132847945	16.767470340193665	19.320579945919317	16.09423510964918	17.243629954225447	20.018106798682144	21.695363274644784	19.651408676367005	22.64017695943335	23.27159720883412	21.47229209326879	23.718919640262854	21.14355110235807	18.162996310438885	17.37260661733695	17.86777531283764	16.317008765642846	18.173769061603263	14.654315392971247	18.435368334540556	15.112575687848873	17.50224277815548	20.48026339871236	21.760385716622917	18.464512305354425	18.946311828641278	14.317062782896553	14.695878988106818	11.957636739014095	13.827603784230535	12.549112542604645	15.408344521334977	19.922490946523006	18.433636977089638	13.790599307551187	17.323141064882147	16.28049899813602	21.89733234185094	19.7698224225997	17.378062627714897	21.417671621619643	24.24091092838156	21.99735491858851	23.38461393653906	27.610154030993698	27.66857499518867	25.760799957255095	28.380658980116383	29.107429485185	17.578321413372954	26.927139630969197
14.27751405571939	9.483316503523358	7.798263267697836	6.981914253331194	5.245161760463911	6.8799084459501225	5.435549524659431	9.478858741814431	9.552523788299606	6.408360981293846	5.797340869970455	0.0	5.599032430392444	5.878662011518482	10.99558341840235	12.5756082528326	14.80071467086702	10.924823582828175	11.91847189499716	14.234591316600248	16.08939647019194	14.647889015801569	17.85382495586812	19.407035981041417	17.981597042664575	20.913748041755653	19.262221725470262	15.385957651368123	13.77324453539451	13.558467968328346	11.111366906724257	12.506924873084667	8.899301421563388	12.9879950343391	10.22524556951168	13.308429494799542	16.332408087113944	16.90206871698213	13.742546552710902	13.433327636736378	8.932620132818865	9.793744326635299	7.144876057962969	10.348018496633633	9.972796904601438	14.292324852146267	17.63503123362281	17.72707112024639	12.683450273241355	14.687866269697574	13.532702498089948	19.18228253696686	16.193048101011076	13.379159599444865	17.9837567155149	20.264768577935683	17.192225412214274	19.000852496982283	23.385330257401662	22.93730695113743	20.541246046214606	23.46966485035762	23.666297792583894	14.620033302425433	21.461783417163755
10.628410872456598	5.145997391595215	7.056713788602695	4.8880742357738844	7.933330449089958	10.27441780629786	10.897637318860657	14.861745342156095	13.854296738016123	10.636188160880339	7.035001019286604	5.599032430392444	0.0	5.956539756917702	8.194637703294136	10.606306888929772	12.80124294151682	10.670024564531778	12.386378788316213	16.139441871390005	18.541124501134334	16.17609467990299	20.589753050759914	21.510337892498416	21.391617760427877	23.557759760025615	21.282404432714596	18.424765400050102	15.421615563142323	17.03198553390521	13.505490898091557	15.778191170349722	10.912975205709968	14.19931442335539	12.77005062494578	14.789926907267867	18.39975780224355	19.086139090037943	17.071699793113197	16.87868152770332	13.058409800716701	14.616464973437251	11.390013460442743	14.092613209541856	11.419557226789298	15.624233189849935	18.53696961849177	17.87462116675409	12.629284468159574	14.59797427502704	11.514925672583292	17.13263743784141	13.973529221224966	12.951487615040639	17.534106953528333	19.110547828853964	17.157268809847643	19.801693853624617	23.403537638921165	22.603425686106423	21.434771807232224	24.911254290220807	25.435444364660704	10.735860575441054	23.544341292637746
10.028858787792585	6.311288958158551	5.094360925757325	8.160806641585905	7.791878847833146	12.022891160973163	9.924039107247662	14.37058410939209	15.331027305157228	12.014417548884406	10.92513746233186	5.878662011518482	5.956539756917702	0.0	5.699560369809553	7.373964523476151	8.960400262469253	5.450312628235076	7.01352778463314	10.185422086519855	12.884018952994401	11.462290393249322	16.004121141577336	18.066744865321652	18.24740398752336	21.11945546117414	19.993406103755014	16.28349339460492	12.721233455742201	13.276465656297416	8.705580756656184	10.22489213711729	5.049524384560355	8.813161501457905	8.71381796905405	11.489150888067918	14.891552319659162	14.58359158827555	12.875171379226643	11.554481210789994	8.50130578263915	10.57565939345558	8.050672121716929	11.688760871723069	10.474811271922217	15.596786488348755	17.192559337989877	18.305886833786175	13.201270791713688	13.308835319421133	10.636409030920179	15.902023335499006	11.72228518321654	9.952906530946914	15.099465600957005	15.996711202162516	12.743735668307393	15.89226404321891	19.72334828974298	18.309049721826696	16.338242344540017	20.154219916105486	19.956101890337884	9.905324704846686	18.022616888467354
7.414497186776955	5.45399217879244	8.000058221337211	11.041156936494838	12.761851875629253	17.055259293082017	15.577384087220633	19.89202671196015	20.529057487213688	16.863826400733775	14.89750132847945	10.99558341840235	8.194637703294136	5.699560369809553	0.0	5.817216886047916	4.7928090740426	4.978246228134441	8.241256355187168	11.853699626510426	15.286306038360983	13.799078662266474	19.190327744477038	21.11138494437794	22.536830863422853	24.947512965972457	23.753322743383464	20.714909864970323	16.09536330939002	17.68286455163916	12.38931859302931	13.787372082904755	8.49533212463124	9.45595345077902	11.387493222780881	12.519051511125765	16.10714653980935	15.700071972748358	15.669307817868175	14.681197233446582	12.982078622197632	15.730287400241094	13.451712651835395	16.737390965545583	14.47322142399521	19.370913969072905	20.070462360274714	21.09598299239251	16.19639885901888	15.51845447641398	10.996524542425096	15.30669766110069	10.212020031504341	11.200659440802776	16.03143461707272	15.218003187279725	12.92427166047889	17.37594759024817	20.038970243957774	17.590083796770276	16.904981243664494	21.49983621618263	21.072446750427968	5.96543808157171	19.627019002326147
4.721409952183759	6.501993011741922	5.933870759086612	10.874457360104902	11.886330085046218	17.166235772234877	16.045031530472826	20.887746778829428	21.679830818108723	18.975469412111657	16.767470340193665	12.5756082528326	10.606306888929772	7.373964523476151	5.817216886047916	0.0	5.804165294306117	7.234716286627328	5.394266417431907	10.902671336109481	12.70129753051327	9.538812611366753	15.257222031611	16.352491024583916	18.858229823326816	20.592183046158123	19.541562472227508	17.19382758189541	11.78780166710285	14.598822551625176	9.49558267717684	12.683204757838668	8.845645309372607	11.520018535867369	14.480478761744436	16.657519779222696	19.899054116652014	18.619068579713293	18.233129918969016	15.48173956500564	14.087034440670704	15.300145082148923	12.385984579895176	14.410700961345206	11.494849197001942	15.98166842377485	15.380284230629021	17.1206646587008	12.925375003666879	10.810647269447509	6.436325616466716	9.983019999232909	4.776849862396222	5.912832158195364	10.37616002348807	9.51090419053211	7.747436198538155	12.024636325375225	14.390622448051106	12.485776860843442	12.480376954291447	16.67374222853216	17.296584248822157	5.015113556094293	16.09404740918966
8.54950870966925	9.39162751092257	10.554239164132438	14.949613363515931	15.894440005588981	20.747434959479843	18.608040241504053	22.964431873864438	24.282124333435213	20.75380241677339	19.320579945919317	14.80071467086702	12.80124294151682	8.960400262469253	4.7928090740426	5.804165294306117	0.0	5.212868540485506	7.385953069456707	10.260174819155173	13.722178450813232	12.876408513817607	18.318123918168236	20.671296384730415	22.929838097644456	25.32848269841391	24.829804749346696	21.855195679812546	16.755299526073223	18.20469111674578	12.606331319759347	13.487287364662818	9.292976161686083	8.777315540726926	12.871187672720941	13.737027868161803	16.76931495741454	15.410855809612407	16.425169839060356	14.563752727553675	14.342560341963258	17.045651716423837	15.365595480882176	18.4356360805852	16.59842290348108	21.424538299796517	20.908034538706612	22.87708616700888	18.495269718082614	16.509817033058276	12.167733521591442	15.028936332644708	9.457310217524508	11.287334799278485	15.542829555172288	13.276865024723243	10.79995961900001	15.994570682443282	17.89714243828243	14.466525639279066	14.10020510718662	19.14723791412159	18.174507296250646	6.922871798193414	17.131804258816057
10.968264080060084	9.327480191511638	8.987426329002204	13.264402932659992	12.843982077648755	17.264304220592294	14.21040340598937	18.224008963158212	20.04364338626212	16.428050358864418	16.09423510964918	10.924823582828175	10.670024564531778	5.450312628235076	4.978246228134441	7.234716286627328	5.212868540485506	0.0	5.80730380373016	7.262336072928099	11.329614474620236	11.532427096611169	16.32356728625045	19.393853581978213	20.370895312589592	23.51341938603221	23.22482527989175	19.377866642249888	15.215957066775541	15.242740158710777	9.82505600195055	9.55697550973153	4.663707786147774	4.683387442762558	7.869106662371068	9.601036827638188	12.7073971987266	11.517250210752408	11.577081404494102	9.96014094048671	9.243214415486205	12.4330096831952	11.37543983423781	15.160126056635235	14.585184753833062	19.74774009101938	20.107443708383705	22.159427560572418	17.411667149319804	16.151636582021492	12.967944372275943	17.072725431433433	11.878729617991256	11.34401513355241	16.304741266099974	15.483037830412597	11.635941987542513	16.02244261703967	19.184446267648465	16.42711199552512	14.368561217188825	19.04533010524014	17.675416858914918	9.964643943122901	16.029518687885567
10.060668566724013	10.184301308236353	7.079941810917379	12.797205991401293	11.331895617061225	16.615283603566223	13.894681177797906	18.421683009216206	20.373357579002764	17.843140181810043	17.243629954225447	11.91847189499716	12.386378788316213	7.01352778463314	8.241256355187168	5.394266417431907	7.385953069456707	5.80730380373016	0.0	5.833699142023489	7.478032729123695	5.8697651229252115	11.165930565140748	13.811376951992862	15.610889842499763	18.34505766920861	18.401371092925285	14.916769951514711	10.196601459063226	10.887235134052665	5.317739761141258	7.465183071374934	5.049360907195456	8.311841797978326	11.623130161090588	14.4881856513355	17.117887475801936	15.20779065376961	14.503540781431509	10.759257472589518	10.145027344027321	11.10255083830978	9.315525933290957	11.781730419901082	11.124332207642093	15.91966844668439	15.150326680146629	18.08916107202103	14.067544614161152	11.596317674343933	9.713706810537559	13.055632227857556	8.630510751266822	6.527782003154501	11.097878180298798	10.771846881577714	6.3125277067596315	10.233699889636817	13.711531250908951	11.703082497980946	9.399609728734527	13.651838838442222	13.30526086829967	10.243247490222656	11.663807840668673
15.600637251079734	15.073491888754926	12.108110543505749	17.334821667862226	14.69823080473165	19.217509700364683	14.954679835158915	18.476817435875247	21.624453412157052	18.969519764822213	20.018106798682144	14.234591316600248	16.139441871390005	10.185422086519855	11.853699626510426	10.902671336109481	10.260174819155173	7.262336072928099	5.833699142023489	0.0	4.795736016691083	8.225310419332715	11.189971491733221	15.696512783263218	16.492618370087783	20.229504318609294	21.41138612418685	17.048344492191593	13.694103101319953	11.731619272193255	7.298876997957042	4.422818074775946	5.443049249253505	5.795020238418072	9.720082376618874	12.42285395145922	13.913780065171027	11.132216918687837	10.889132591724959	6.288575154737669	8.245217807540737	9.897794937981088	10.643553171598992	13.668493119735679	15.200994724999276	19.870845080333254	19.128060189296722	22.664717259294054	18.844348119801296	16.477706087162982	15.48218757544963	18.48570661357469	14.155871018779246	11.880503065616299	15.772689432088473	15.114870021437978	9.867123396731712	13.060227450591668	16.552944551731333	13.96167799063666	9.889887833589277	14.000099907192977	11.50357537723024	15.316589267688082	9.581373048847972
17.286721989130076	17.37575538591493	13.200133803466855	18.53580411789689	15.079861453091258	19.618875344503248	15.584735633979735	19.03280117469848	22.337538518293474	20.606066030023886	21.695363274644784	16.08939647019194	18.541124501134334	12.884018952994401	15.286306038360983	12.70129753051327	13.722178450813232	11.329614474620236	7.478032729123695	4.795736016691083	0.0	5.771668946734916	6.745403672029107	11.754482362701793	12.73573993388856	16.42035545795064	18.377280559705575	14.172653144380734	11.402985269730031	8.779858688356546	6.160499492879033	4.607639703004766	8.492359975115614	10.525270614017789	13.558849460807943	16.76021428422529	17.994832050324213	15.129534770021097	14.158835816020476	8.78828574408236	10.410676163526015	9.77790233551272	10.542356659932418	12.063111053302208	14.319379434635156	18.188557871486914	16.624939470349403	20.9148647357666	17.99970567042845	15.04231930874345	15.646544156737143	17.836050114757366	14.690687661507349	11.348366083805052	13.992216483634541	14.054086463786483	8.779750240604223	10.033263214004602	13.824672775543757	12.305429674835317	7.268600106618459	10.021091594873237	7.991042106540426	17.61778030014664	5.651270109675247
13.445366514713625	14.286480262079118	9.572508206573746	14.951698532853662	12.134386429291169	17.258628936192782	14.769683611196726	19.068790765439235	21.281379859911905	19.950883236622133	19.651408676367005	14.647889015801569	16.17609467990299	11.462290393249322	13.799078662266474	9.538812611366753	12.876408513817607	11.532427096611169	5.8697651229252115	8.225310419332715	5.771668946734916	0.0	5.746225154404278	8.115291815087932	10.66140227375534	13.107464426877394	14.064233843234529	10.843669566130387	6.4048482734258165	6.988391340591709	3.9229673296416685	7.8445191560654095	9.085186635732137	12.977180428927957	15.707782528298097	19.156604297534685	21.283179689845852	19.00609906283563	17.631810135577336	12.800683713070343	12.422248129474443	11.046528917503059	9.36552574876721	9.601792734685846	9.928442101410338	13.494128996108081	11.357957572110482	15.596120284506014	12.96762670074471	9.420840754397208	10.557398639080558	12.456397522589002	10.271593483784418	6.093728424300454	8.349015738366411	9.549406164206461	5.025555228870641	5.389052853322602	9.95295609029187	9.809800362893393	6.54035571948422	8.87451893292096	10.05787628035027	14.466660152111869	8.349370407588806
19.030269986277204	19.50978450853278	14.310440941333518	18.943403510952063	14.916598346994014	19.067244634960282	16.192214311873027	19.546848577386246	22.375469889756857	21.972364943351636	22.64017695943335	17.85382495586812	20.589753050759914	16.004121141577336	19.190327744477038	15.257222031611	18.318123918168236	16.32356728625045	11.165930565140748	11.189971491733221	6.745403672029107	5.746225154404278	0.0	5.5401693494391075	6.878967450375397	9.998561009906895	12.784791918795207	9.292965317256575	7.9689122055023445	5.45050685420777	7.302917698700317	9.233060940686732	12.923643328514022	16.59755372522379	18.621554876429343	22.34780907907402	23.794340762526403	21.28849208038516	19.384166968575293	14.152500531077017	14.302887562085598	11.399805831580725	11.102793111963082	9.850323798036442	12.405322794137547	14.525369097961802	12.031575559183297	16.981772429640007	15.608331929218318	12.392343230788933	15.4045555940368	16.685155370058116	15.6648929627388	11.153821463782771	11.653648535843123	13.677804387990104	9.868297689982551	7.155800431373017	11.485789930647156	12.692625306314198	8.473042188816967	7.506244508441965	9.010442830852272	20.174376170499553	7.179720188155127
19.047811531320892	20.110396401798425	14.874542880245604	18.692215390370983	15.243499926735888	19.17554388265496	17.8869295352468	21.46320865862414	23.318442391621588	23.597862420783507	23.27159720883412	19.407035981041417	21.510337892498416	18.066744865321652	21.11138494437794	16.352491024583916	20.671296384730415	19.393853581978213	13.811376951992862	15.696512783263218	11.754482362701793	8.115291815087932	5.5401693494391075	0.0	5.820212502423602	5.801582205198151	8.348339190984687	7.2135322174688365	6.274034569178445	7.333831207402148	10.093674598819169	13.882020886554871	16.333025334968887	20.723809946473924	22.54705655326812	26.380773248027616	28.27863955906588	26.07079347420133	23.94272676463125	18.990309552217184	18.204632396946728	14.91362560632807	13.222187675580432	10.361090618831204	11.282287774325725	11.536313813130926	7.679888063912272	12.98065195335097	13.19745881799957	9.738194068506582	14.270840682228185	14.483686765423624	15.37912435296755	10.870977483968087	9.2133958331038	12.774713293644808	11.053446548138545	6.206463743315545	9.921422498153827	13.234703742289573	11.01857359818219	8.673055117465537	12.661183637036771	20.74548959850069	11.570545301316834
21.79088585169106	21.388075596173913	15.836387212203233	18.68090519249011	14.021690504059002	16.607592006574844	14.949627690054596	17.513883507726113	19.71159822569646	20.75859182830153	21.47229209326879	17.981597042664575	21.391617760427877	18.24740398752336	22.536830863422853	18.858229823326816	22.929838097644456	20.370895312589592	15.610889842499763	16.492618370087783	12.73573993388856	10.66140227375534	6.878967450375397	5.820212502423602	0.0	4.92085816487143	7.950606606902593	4.321092729491405	7.907414344931654	5.2534753009470565	10.577928831935406	13.262502046942423	16.37126416178886	21.053205353388368	21.488117718297595	25.582578210927633	27.142778891721054	25.30572790425521	22.304594679865797	17.81600786025878	16.486268478566753	12.212014276110473	11.33256959598059	7.729112196620918	11.167517448331512	11.10994837097251	9.924112422212128	14.070890932330652	13.896099347355323	12.354867852600407	17.043381670470808	18.772092919127306	19.06135269798692	13.886983788369008	13.773543559619233	17.7289489165236	15.0452229044085	11.302862492589668	15.603634429245385	18.276633557829175	14.974718558600957	13.128535509335372	15.654487864787855	23.37099797318412	13.942876100009824
22.749509213358575	23.05660095729836	17.719742770722362	20.06587535325089	16.239079049786817	18.712170415369787	18.37111053867942	21.13074536789958	22.485831699049296	23.91088157758567	23.718919640262854	20.913748041755653	23.557759760025615	21.11945546117414	24.947512965972457	20.592183046158123	25.32848269841391	23.51341938603221	18.34505766920861	20.229504318609294	16.42035545795064	13.107464426877394	9.998561009906895	5.801582205198151	4.92085816487143	0.0	4.798576545762128	5.680892809553858	8.934419739918912	9.35886873789295	13.865621529474767	17.51201839373064	19.968428869132836	24.85130097173437	25.598270840329484	29.661551614211714	31.51306949297819	29.69760006428449	26.8382376515413	22.32316652089674	20.79783741279138	16.698724446424183	14.97282325450006	10.86553664388198	12.31983638805618	10.356123656444174	7.8839153741207575	11.92261766867157	13.590098417869797	11.899921396983897	17.397946429262483	17.980599229212658	19.696159522275106	14.93356693593309	13.185677982102087	17.714867748859003	16.47362797365966	11.75991783123021	15.038077434732914	18.876754486700182	16.7876991623752	14.082842130521506	17.94114135649847	24.67125507993728	16.728255624356184
20.827952884278453	20.90838940156199	15.98212763484705	17.187638760656696	14.148475963253832	16.232263263030813	17.297367896749225	20.342326971661986	20.6529912187264	22.264404249103062	21.14355110235807	19.262221725470262	21.282404432714596	19.993406103755014	23.753322743383464	19.541562472227508	24.829804749346696	23.22482527989175	18.401371092925285	21.41138612418685	18.377280559705575	14.064233843234529	12.784791918795207	8.348339190984687	7.950606606902593	4.798576545762128	0.0	5.475213860938748	8.213504790461903	10.710158833432445	14.330746696278602	18.826277447936626	20.02173867713455	25.310210467449693	25.674644621890565	29.68356363570935	31.97360985465067	30.591112764346263	27.581676991309994	23.562116231582124	21.202146698660275	17.398625329413264	14.611883117938968	10.327442859404515	9.92194974154135	6.374201968328931	5.050057509563949	7.45920910351744	9.95603616482098	9.504220018740373	15.199974110193308	16.113107594771833	18.4267392341221	13.920878794507672	12.219543382310576	17.43861383002051	16.97080034360798	12.865734175106125	16.098321508993756	19.976556916657138	18.66266889011943	16.889492412145515	20.921096671122303	22.963738233825932	19.603077575791424
19.456938549901704	18.66677990716113	13.26320845424614	15.158047061873035	10.800526143617544	13.179125032365452	12.758334381576168	15.776111865417661	17.01989511621328	18.245724597196613	18.162996310438885	15.385957651368123	18.424765400050102	16.28349339460492	20.714909864970323	17.19382758189541	21.855195679812546	19.377866642249888	14.916769951514711	17.048344492191593	14.172653144380734	10.843669566130387	9.292965317256575	7.2135322174688365	4.321092729491405	5.680892809553858	5.475213860938748	0.0	5.859996680550414	5.677770948941342	10.094681521088583	13.915457904968742	15.60593327380809	20.84282625064287	20.81974060310372	24.92137586956033	26.954070275569407	25.579246839145018	22.372061030790263	18.41868859483875	16.07438120216077	12.029657856766487	9.744800631057888	5.36544145170984	7.595052423158026	6.91118961290394	7.239094467204602	10.361676441442986	9.96410251729931	9.53400579255168	14.420288344009814	16.75985655735043	17.360221270912163	12.168080358702634	12.379097074117848	17.04060477222426	14.927877705604189	11.703183390128041	16.141115950674592	18.88795280200931	16.303977726669398	15.3482698299447	18.184202993296473	21.224505156523396	16.39190937326608
14.084436463146204	14.290379466823852	8.972087134177881	12.418913435357853	9.35295632152777	13.809760707401653	13.208866909447986	17.492188974987524	18.609884378124768	18.4594337069544	17.37260661733695	13.77324453539451	15.421615563142323	12.721233455742201	16.09536330939002	11.78780166710285	16.755299526073223	15.215957066775541	10.196601459063226	13.694103101319953	11.402985269730031	6.4048482734258165	7.9689122055023445	6.274034569178445	7.907414344931654	8.934419739918912	8.213504790461903	5.859996680550414	0.0	5.957404670115863	6.656857999847274	11.881458260570977	12.35107479113576	17.467205185329476	18.64209842343409	22.45358262972452	24.918401247383954	23.33121957283519	20.95546572680674	16.765766811430804	14.73209385055102	12.033946993426426	8.795739552961326	6.386609991086822	5.201987257622614	7.2376667683794516	5.578474533089069	9.555299156690214	7.6775098160896595	4.928116545013786	9.13854219075252	11.41831211743693	11.55150963720274	6.381167230024542	7.073391394246024	11.447769962380494	9.533555799235454	7.212509934265268	11.761761850968991	13.900560428504727	12.097043949529294	12.445380573259499	15.382292057075352	15.875415845812046	13.777841983883993
18.007767081806755	17.106085279674453	11.608724710765102	15.126134773598418	10.335552123040074	13.845238273933852	11.169475906414304	14.505024183195337	17.044946509821973	17.048976698007536	17.86777531283764	13.558467968328346	17.03198553390521	13.276465656297416	17.68286455163916	14.598822551625176	18.20469111674578	15.242740158710777	10.887235134052665	11.731619272193255	8.779858688356546	6.988391340591709	5.45050685420777	7.333831207402148	5.2534753009470565	9.35886873789295	10.710158833432445	5.677770948941342	5.957404670115863	0.0	5.614123983501005	8.40523553145716	11.131400337092236	15.906511319473662	16.35493604518069	20.424342353802277	22.158672704566715	20.399708013821847	17.50761710663156	13.073028448251778	11.516774643208944	7.701906559741788	6.596070388119174	4.528582526337404	8.533236231492822	10.91986845621662	10.602316718724477	14.445558775084903	12.339172128365579	10.806118838189043	14.070862801587618	16.913172794528123	15.806751336230302	10.597288851677988	12.342541068748293	15.608125574670927	11.912418413731421	9.995192237884451	14.967239554435823	16.291961261215008	12.546421613070809	12.655878615703868	14.006417258128707	19.265492004901034	11.849233266590074
13.487877813256773	12.750676764033086	7.7332309006283895	12.679480241243175	9.113480773886463	14.002146520288989	10.975888913676167	15.27448337996437	17.614947428587705	16.14100069063191	16.317008765642846	11.111366906724257	13.505490898091557	8.705580756656184	12.38931859302931	9.49558267717684	12.606331319759347	9.82505600195055	5.317739761141258	7.298876997957042	6.160499492879033	3.9229673296416685	7.302917698700317	10.093674598819169	10.577928831935406	13.865621529474767	14.330746696278602	10.094681521088583	6.656857999847274	5.614123983501005	0.0	5.508253953351269	6.2606443480687295	11.093534410357424	12.614012215003916	16.37977862234629	18.582516063586276	16.74692091809762	14.67557149010664	10.29017121220967	8.90450008338146	7.47728001026586	5.583414434184385	7.009144108840736	8.2927206979554	12.64401977319248	12.218378728709546	15.640389743481437	12.131312498521613	10.04746836562187	10.88698174061897	14.354526059305844	11.646684317604343	7.119918695594527	10.778427228101759	12.59586514106078	8.142102446508597	9.021209243999875	13.752122814802597	13.471810756394362	10.018892997002657	12.448733943848435	12.853236162320105	14.338499156708592	10.7151476885036
17.175461993494885	15.796339365265021	11.76635617312007	16.355811793207305	12.499564199578737	16.422722990985754	11.745980896279427	14.910722970428479	18.42812555383138	16.43238742998558	18.173769061603263	12.506924873084667	15.778191170349722	10.22489213711729	13.787372082904755	12.683204757838668	13.487287364662818	9.55697550973153	7.465183071374934	4.422818074775946	4.607639703004766	7.8445191560654095	9.233060940686732	13.882020886554871	13.262502046942423	17.51201839373064	18.826277447936626	13.915457904968742	11.881458260570977	8.40523553145716	5.508253953351269	0.0	5.535460950805238	8.274445580546661	9.623691155095447	13.26631742579335	14.573122093579585	12.276190034932567	10.264136006755756	5.160557689340236	5.84848701775258	5.786029136701787	7.432782348859134	10.276363645152435	13.189435850261269	17.541938021559837	17.44219440097096	20.930693814431542	17.285046981107264	15.555175969301793	15.832539447677343	19.333736990207942	15.790460744293778	12.145431494283274	15.887657795126186	16.676894229376167	11.475069545288548	13.06203301200209	17.41858635616998	16.07123615463669	11.508622460108171	14.304243528604953	12.543616911270583	17.345253047321012	10.151708183671225
12.994644140954767	10.834861060292358	8.073403173675839	12.487383044037461	10.152868536020025	14.469998743670669	10.59961405579641	14.581522793988043	17.023274370926636	14.027228947484495	14.654315392971247	8.899301421563388	10.912975205709968	5.049524384560355	8.49533212463124	8.845645309372607	9.292976161686083	4.663707786147774	5.049360907195456	5.443049249253505	8.492359975115614	9.085186635732137	12.923643328514022	16.333025334968887	16.37126416178886	19.968428869132836	20.02173867713455	15.60593327380809	12.35107479113576	11.131400337092236	6.2606443480687295	5.535460950805238	0.0	5.526331025949861	6.846278007496011	10.283372821881889	12.862804142081721	11.460218875678397	9.868796268773018	7.006336054766669	5.4037240374232445	7.823948975568325	7.1657308829142465	11.135198183144169	11.939883664249434	17.027379173384908	17.67607042958764	20.09928283286137	15.546452732903479	14.48524139460241	12.962896286935997	17.357668944244725	13.005991153913127	10.442287052566574	15.302151163403156	15.745394188468355	11.189165864561316	14.278290446552463	18.332859579350277	16.505610342232245	13.318960202661804	17.178721217001556	16.01073750482168	12.80411264117626	13.929715773355424
