0.0	12.620792697538148	7.56345725822065	12.352881246571341	12.258249957667744	14.343038177659688	19.451479859530355	20.551905456422432	15.036671518946862	24.698760690688207	18.268271721350946	12.994562973677477	15.43388197430506	23.21076006303935	21.991735447307136	17.793698796735825	17.51120355198285	15.089313207051887	15.012852493821502	8.95277883960946	7.9808515239594975	8.353827778517584	4.113969586927128	6.814715686071524	11.060854188525335	4.284732170459251	4.16300254938821	9.789365478609296	13.561021859445297	9.303920170020133	5.501104050338336	15.280591447783213	15.662374999884591	13.601283684319274	14.177325868269707	9.912429562859694	12.652411406915451	5.806201140336929	9.777387446487033	9.198783125079645	14.629357885293636	15.083116239548389	11.758280618671687	14.37736399327815	21.049911691214216	17.69041085998842	16.936639245670012	20.487635596205116	22.84491322938969	20.164995812499424	19.69385355484257
12.620792697538148	0.0	9.704037983837317	9.011592484728219	13.214526115351886	15.435913808963706	21.764825670932176	20.200371009837284	18.331524133661695	27.184548065411377	20.419640411306315	17.75905309996268	15.290167246101458	20.17200017665937	20.282547868512427	13.481116734125706	13.461268217241319	7.0252843895190775	13.20565743556776	8.789842140502302	12.154229117903514	15.763346270949338	13.528007970144365	18.06467205151252	18.018892134541765	13.53862963418767	16.601903305094286	21.71074316531475	21.171464700128208	15.65801918732911	13.831681655441642	25.873567795531333	24.13863095703988	19.340871684263792	19.607786409091762	13.282795167857289	12.682690244894065	10.903986993167077	5.419856764291173	9.282895138803987	8.44809695466087	13.124452946373474	12.116510977890306	7.845096681488048	15.162500020806316	15.775140827831283	13.778431271447417	12.752749866977846	18.809986264978942	19.141904518809813	13.469613926524705
7.56345725822065	9.704037983837317	0.0	6.756089866303776	5.66582592379563	8.384116880198674	13.93829594542351	13.851773496500446	9.975068650111513	20.246718061066694	14.024739032739042	11.395876824465123	9.25190875366245	16.539352968601776	15.050487751910245	10.251532532480566	10.609167022549617	8.797771623441214	9.317195188035496	8.27181595546656	5.727935019588064	10.229413658782715	9.901568399162363	11.276005239944896	9.542394496431093	5.505461063747949	9.90250157034154	13.64542238370193	11.686239316130157	6.181253055324155	5.73326356502204	17.029440217129725	14.475215136893604	10.391562419113422	10.165486438806543	4.021428349472408	7.999885746216059	7.827430072909971	5.4940129242339975	9.16094884423734	13.353823375251155	13.93215686919409	9.438385627916727	9.717649770933026	18.875133201935107	14.25728202409186	10.987384332281602	14.789729048248898	18.304388064738195	15.937196977700541	13.038827397034888
12.352881246571341	9.011592484728219	6.756089866303776	0.0	9.840802437395695	7.185022485664003	13.836210363625883	15.444776496294242	14.330144766605315	24.425824958333116	18.99574335298474	17.79760550247991	13.024817331506782	18.307415581282413	12.907439133685207	8.474891097758292	12.271577341253561	5.318472444071704	13.245932898023877	13.116525402869906	12.287171862066481	16.877475260512817	15.371637922489754	17.51450823460567	15.870346822835582	11.623963987157433	14.796337023881476	19.230137428334707	16.866026083401366	11.926293776964945	9.678518433670341	20.280162218289806	18.156155546254226	11.953099850857477	13.466603170302944	7.712650897982077	4.0045989563683	8.917634457495065	4.343774703700456	7.498480296849161	9.442773164912277	9.322182471995385	5.651032501753726	3.7330462223260343	13.024566934380875	8.481209895560143	5.344528041733421	8.39847521388658	11.890101305133983	10.709838646142817	7.517276776928559
12.258249957667744	13.214526115351886	5.66582592379563	9.840802437395695	0.0	8.292471684653245	11.5258704827948	8.558773602414076	5.180731899145173	14.94426032750545	9.208905641736159	9.282920247131385	3.858269228392203	11.34488872110868	12.275410371707615	7.901245633335032	6.654411331134215	10.186250544126622	5.608618150507943	10.64467076438029	6.505314172402983	11.292278114922398	13.699281461981336	13.419290694213355	7.914380880621432	8.756362432843869	13.6604679415017	15.318149626304482	9.690597894471047	5.607817990713584	9.802515874803543	18.336354545841964	13.586815209143817	10.533283008328285	8.001959520963268	4.7420027304053995	10.86458692747964	13.401950937482694	9.940582365323175	14.570837902979223	18.06511507924421	18.557822815511486	13.771177165647096	12.996977455056491	22.832158098420745	17.30650818594603	12.157880193217947	16.258267258171173	20.220809072415424	17.70126532668016	13.232241817149342
14.343038177659688	15.435913808963706	8.384116880198674	7.185022485664003	8.292471684653245	0.0	6.748896013211246	11.146513140629638	10.369036976178569	20.26882623500062	16.482739929670892	16.784032545489907	11.282924146172839	16.42866745387645	8.16011680879038	7.933535202959722	12.36032541584185	10.609876632226122	13.442821232387182	16.476139221960327	12.990467027963499	17.366693215751322	17.574974425780702	17.248582445450268	13.586710503105856	11.761932207040617	15.001670297955291	17.374075956578864	12.509890974708268	9.426435535960561	9.492809387666375	16.297528998377555	12.689549440796318	6.203168101219663	7.754279541764441	5.421281738496551	5.195375551836331	12.469983098633369	10.439168023258658	12.78132333207359	16.247114089250267	14.191511930153114	9.211295529527163	10.62664931024521	18.518156836090913	10.741427466151128	6.200492923403102	12.633575902453988	13.451402105648237	9.873440158955514	9.606758232126676
19.451479859530355	21.764825670932176	13.93829594542351	13.836210363625883	11.5258704827948	6.748896013211246	0.0	9.504903349679006	10.446556546805335	17.786942056155652	16.560757048603154	18.757296495347322	13.033424991805214	16.344979770072086	6.6825176961873645	11.22885193500329	14.997188134155282	16.401093556538605	16.30598350866775	21.563163145932073	16.999186042972998	20.81510101893871	22.379573424765	20.468633935344645	15.2172931838733	16.05898822057944	19.050545961990323	19.411256200116718	12.24843458701332	12.111779900373568	14.300258665574917	16.483317285848468	11.200369904746323	7.163736423875217	7.157995532931445	10.10084216927465	11.658720252581858	18.563665971066587	16.99287757495604	19.34474035857285	22.937735848683005	20.378705064756105	15.513909847927044	17.113406747978566	24.440894837805303	15.909808079229531	11.489822881908	17.712418385216306	17.331417817522922	13.224180543987	13.997400871621
20.551905456422432	20.200371009837284	13.851773496500446	15.444776496294242	8.558773602414076	11.146513140629638	9.504903349679006	0.0	6.9719860584924875	10.946059525580115	9.717308836502546	14.527942828568762	6.8361947860043575	7.028216978434218	8.669389002649742	8.654430766454933	8.327179665503808	14.997779189129	10.082569179381158	18.651208679205418	14.581133451797243	18.665855850080852	22.057496776628934	20.68760587296811	13.417572620775209	16.710085019114626	21.227864079570203	21.40743474089981	12.843896481414296	12.185911257628728	17.093016885764733	22.236240492545264	15.722139648280248	13.525359133603912	10.126144055190784	11.396887757070868	15.727022983900863	21.157501018938213	17.16839396921766	21.864732051421356	24.61603554637554	24.393833359013016	19.6361603961834	18.344469436810844	27.68811274414536	21.10273178630245	14.804103411750608	18.849355141289895	22.16131702776532	19.69657600881376	14.729206183326747
15.036671518946862	18.331524133661695	9.975068650111513	14.330144766605315	5.180731899145173	10.369036976178569	10.446556546805335	6.9719860584924875	0.0	10.731493482230752	6.603802539365636	8.69317676392176	4.998729566468396	11.17917369873034	12.898582988519781	11.181275805286324	9.57507303042841	15.134988572810634	8.267093584368501	14.430301338633173	9.191421270930554	12.405072851730251	16.206653574590945	13.962164448383627	6.513992297967879	10.851308180838577	15.133337885478417	14.672315897569355	6.474710729117589	6.010525159829646	12.110490901711154	17.024281829119303	10.908177270499603	10.317502625012374	5.890094472478746	7.584488686012281	14.30885538208326	17.061075391025167	14.877028861544925	18.823411185927736	22.89764453234377	22.66507592747054	17.509968944145548	17.757328845184794	27.3115159287187	20.748269661203278	15.592145339733882	20.505040001374844	23.497543334911683	20.22591836652279	16.98333150474121
24.698760690688207	27.184548065411377	20.246718061066694	24.425824958333116	14.94426032750545	20.26882623500062	17.786942056155652	10.946059525580115	10.731493482230752	0.0	7.354634487480569	13.517138671252026	12.039039476397834	11.458079857550468	19.279554062972846	18.84973409518095	15.27804250551107	23.912142939861504	14.255445874370023	22.200116677228543	17.737463679036438	19.29235576119223	24.7373760850471	21.726056959466494	14.074808119246786	20.58434030337748	24.490821463547956	22.22571807935385	13.85909660456468	16.12356124121792	22.563852209461324	24.82179827017199	18.019341351098333	19.93895900314521	15.152849807307343	18.295304589138134	24.710057823299	27.558876495896847	24.817942014193957	29.33662043918393	32.970446989289	33.21161657646832	28.13483462022852	27.536956381382957	37.351469954023074	30.860970633375782	25.0381444563223	29.2101508824859	32.72638970405989	29.7072384107499	25.304712865239534
18.268271721350946	20.419640411306315	14.024739032739042	18.99574335298474	9.208905641736159	16.482739929670892	16.560757048603154	9.717308836502546	6.603802539365636	7.354634487480569	0.0	6.866794309317288	6.342891583143592	9.660690173248359	17.782056838960692	14.830232020989587	10.181754741241296	18.26876641809605	7.671814946740391	14.876447628668071	10.753852442467203	12.645411050084427	17.97304689806822	15.958698808477006	8.566306712649594	14.458796454651685	18.78904856852341	17.743152941063034	10.712874414529123	10.779959010101793	17.03654271059863	22.137734257194747	16.178597617482033	16.8246800000016	12.29661652842176	13.133205340722805	19.938182126950558	21.39592347261971	18.501356898069005	23.166491058955593	26.70934427753683	27.667799178852245	22.842151574347163	21.92006902710391	31.906271266482637	26.398906500404294	20.891886551498942	24.627453309372154	28.9494385028711	26.26213619008651	21.23924271005508
12.994562973677477	17.75905309996268	11.395876824465123	17.79760550247991	9.282920247131385	16.784032545489907	18.757296495347322	14.527942828568762	8.69317676392176	13.517138671252026	6.866794309317288	0.0	8.80256195563887	15.152790051745868	20.897578743445404	16.80542401273025	12.59873202248679	17.837211589642653	8.535275437490307	10.255319576566533	6.199002498693919	5.960369202269865	11.788883705453477	9.86861018818888	4.889373677352713	9.839510550833655	13.542801483042084	12.825218021863959	9.609902810636687	8.349049995129253	13.467045312193783	19.47330203340202	15.34835110849706	16.245333290775744	12.656137339161482	11.845923868413871	18.813770617912674	17.36381759256032	16.06050190182037	19.753841330219544	23.89886548695819	25.174702581643267	20.643590839193802	20.593996686987957	30.098845928824268	25.393706344439586	21.13879336126971	24.878288555058212	29.054193462695117	26.238816396610048	22.277208186190425
15.43388197430506	15.290167246101458	9.25190875366245	13.024817331506782	3.858269228392203	11.282924146172839	13.033424991805214	6.8361947860043575	4.998729566468396	12.039039476397834	6.342891583143592	8.80256195563887	0.0	7.947573932926766	12.999268745058243	8.69596857065036	4.84250674165274	12.095692443176352	3.678448447114449	12.081385717697284	8.35343113918068	12.570564038594433	16.153593052725043	15.60641348973685	8.952464474488009	11.865051507680251	16.80204500990506	17.676705115069915	10.98276530886031	8.361448194013457	13.492203925657972	21.096736296473985	15.569920257092386	13.51771530768918	10.033422475114879	8.509647052229822	14.364557494037735	17.0694092757886	13.008004384038191	18.12675022121809	21.107882064927402	22.065948793506784	17.43897565510234	15.828018275336056	25.844305948052742	20.57445191269533	14.839234142625395	18.285257969933692	22.886416203734694	20.665115012490165	14.968639575769227
23.21076006303935	20.17200017665937	16.539352968601776	18.307415581282413	11.34488872110868	16.42866745387645	16.344979770072086	7.028216978434218	11.17917369873034	11.458079857550468	9.660690173248359	15.152790051745868	7.947573932926766	0.0	13.80300673845121	10.803308565451568	6.770070491655994	15.784889577695015	8.90630820237549	18.466705884141394	15.958083999293205	19.860558426674437	23.74853935322003	23.371655766041478	16.27404704209271	19.792485190846108	24.742786460099943	25.324988802320306	17.552919593095954	16.101185638837393	21.127045601271984	28.015923257719137	21.69386002781475	19.648384703601582	16.09446009284701	15.63794238933662	19.952194912318838	24.265628530923006	18.954141045706542	24.613821886019547	26.311804744934303	27.61604959103432	23.443566137365025	20.37025387573602	30.0252822358196	25.165546494929057	18.599080477676292	20.58417358007619	25.86642022552411	24.548521449687232	16.96343900360316
21.991735447307136	20.282547868512427	15.050487751910245	12.907439133685207	12.275410371707615	8.16011680879038	6.6825176961873645	8.669389002649742	12.898582988519781	19.279554062972846	17.782056838960692	20.897578743445404	12.999268745058243	13.80300673845121	0.0	7.532026611143362	12.692402830731542	13.67464537803196	15.629974222094138	21.975010444114737	18.60189312336706	23.31171785118145	24.73358265747767	24.164525476298408	18.569437417243083	18.96830656180958	22.771481411644064	24.27025134875427	17.067436446573232	15.4166178194929	17.438678555707984	22.57811105032693	17.433945917799974	12.429180384414908	12.174334250795818	12.284947312696428	12.137959060901613	20.290089736721427	16.46879739218959	19.952980497726173	21.84188424546561	20.223164452126298	16.190922042733458	15.244757828216954	22.56889877625794	15.264178640989055	9.37689354020714	13.744701099521444	14.871540199355248	12.68011537881624	9.628945038945547
17.793698796735825	13.481116734125706	10.251532532480566	8.474891097758292	7.901245633335032	7.933535202959722	11.22885193500329	8.654430766454933	11.181275805286324	18.84973409518095	14.830232020989587	16.80542401273025	8.69596857065036	10.803308565451568	7.532026611143362	0.0	6.544423594102089	7.000242539983806	9.82617496347646	15.60146882203867	13.57507586736539	18.721579643689047	19.899360374721695	20.74064498883686	15.741041837977678	15.266935387898386	19.766391382354808	22.37691297552411	16.406647994060105	12.77863254434931	14.683400585772098	23.418872919888667	18.725662567650517	13.52611825926903	12.63846104846946	9.38543288315675	10.12342267770348	16.420663403276574	10.772874125786078	15.777829809904928	17.01496668100114	17.418827536440535	13.643705637011891	10.42314673236655	19.620284845599734	14.49412612828565	7.9128827287704215	10.402852605962657	15.260443713528726	14.269632544619698	6.5809496834661365
17.51120355198285	13.461268217241319	10.609167022549617	12.271577341253561	6.654411331134215	12.36032541584185	14.997188134155282	8.327179665503808	9.57507303042841	15.27804250551107	10.181754741241296	12.59873202248679	4.84250674165274	6.770070491655994	12.692402830731542	6.544423594102089	0.0	9.496078340040558	4.314704653063226	12.642372905497794	10.93939348384422	15.632690186636944	18.28269387895636	19.083756035452126	13.385804331260955	14.70441340730323	19.717339138896186	21.65293042981717	15.594038842059216	12.168997701945784	15.884855895152795	24.917435781382938	19.717381178717158	16.365948725695468	13.778399770520643	10.810701168994775	14.608541149212428	18.068170170107535	12.329859062026207	18.15995128922444	19.721620775292486	21.47863706866592	17.582608167786688	14.15854618830747	24.06462123959456	19.962614340161135	13.849792110070027	15.578359134360188	21.446356081506774	20.351257286468147	12.512578303493813
15.089313207051887	7.0252843895190775	8.797771623441214	5.318472444071704	10.186250544126622	10.609876632226122	16.401093556538605	14.997779189129	15.134988572810634	23.912142939861504	18.26876641809605	17.837211589642653	12.095692443176352	15.784889577695015	13.67464537803196	7.000242539983806	9.496078340040558	0.0	11.280863586122045	12.354200161956268	12.82006110541473	17.73913248314984	17.05319520845095	19.825505992273833	17.276934807824563	14.223358096417446	18.187140841840012	22.426917005000885	19.20084605397418	14.147867520794751	13.608665229234905	24.697593562934316	21.661987201341773	15.999581025768018	16.20564311588929	10.526307767549833	9.131504668936115	12.721722709594108	5.7416930845041145	11.034263456651823	10.779756442544137	13.020489202945747	10.677612685009098	5.099911243998874	14.69641416419565	12.521507927614426	8.145620275689497	7.645075808214874	14.283607365626816	14.556511331643902	6.8310215955584015
15.012852493821502	13.20565743556776	9.317195188035496	13.245932898023877	5.608618150507943	13.442821232387182	16.30598350866775	10.082569179381158	8.267093584368501	14.255445874370023	7.671814946740391	8.535275437490307	3.678448447114449	8.90630820237549	15.629974222094138	9.82617496347646	4.314704653063226	11.280863586122045	0.0	9.626198511299316	7.532971849065185	11.694361189569248	15.07482968854333	15.649636899318331	10.180125554018867	12.129632568695609	17.11209042677358	18.66674510084248	13.45696537119382	10.006697662670641	14.29985489484025	23.247934086498013	18.35979969532479	16.113806201029565	13.071570344271283	10.12242922498339	15.439277213772108	16.862546907147788	12.183106185394124	17.694106873938686	20.098150251800135	22.057263610508574	17.939301865931043	15.445112118000749	25.481028842044392	21.44647193693082	15.984261652800908	18.306738416286997	23.870959326510622	22.245997496740067	15.577491125239728
8.95277883960946	8.789842140502302	8.27181595546656	13.116525402869906	10.64467076438029	16.476139221960327	21.563163145932073	18.651208679205418	14.430301338633173	22.200116677228543	14.876447628668071	10.255319576566533	12.081385717697284	18.466705884141394	21.975010444114737	15.60146882203867	12.642372905497794	12.354200161956268	9.626198511299316	0.0	5.746375741760883	7.6568905501677165	7.552469107973388	11.425932136353486	11.740255150523451	8.990313020267608	12.417179233921058	16.009250045802833	16.188427633658947	11.404067571166582	11.83611662586848	22.59027736275403	20.48957433743443	18.15546469536997	16.85793826398818	11.839124827839429	15.633572298687067	11.756304777804212	9.391542003254985	12.98105004411665	15.63255779152431	18.76415831888873	15.857630597812827	14.35013893121835	22.801692337390683	20.99155743768323	18.07269338217635	19.657113656977018	24.899122706350187	23.51764224317472	18.72166798981476
7.9808515239594975	12.154229117903514	5.727935019588064	12.287171862066481	6.505314172402983	12.990467027963499	16.999186042972998	14.581133451797243	9.191421270930554	17.737463679036438	10.753852442467203	6.199002498693919	8.35343113918068	15.958083999293205	18.60189312336706	13.57507586736539	10.93939348384422	12.82006110541473	7.532971849065185	5.746375741760883	0.0	5.190204485924735	7.841013263870755	8.419026236608701	6.174695832326303	5.294601581631852	9.918635469492537	12.056132258832097	10.47215977376297	5.938177530024045	8.687320821333465	18.05857598707733	15.047773560239891	13.526796887454717	11.50378617487837	7.729546028802142	13.656740751864579	11.516616359681011	10.052073416836672	13.632225863512375	17.734277963545793	19.154230223808124	14.928728524939878	14.861680541130177	24.06470151615591	19.976895127790105	16.399500173011578	19.80771080093755	23.960762653049503	21.512985750648568	17.829408162752166
8.353827778517584	15.763346270949338	10.229413658782715	16.877475260512817	11.292278114922398	17.366693215751322	20.81510101893871	18.665855850080852	12.405072851730251	19.29235576119223	12.645411050084427	5.960369202269865	12.570564038594433	19.860558426674437	23.31171785118145	18.721579643689047	15.632690186636944	17.73913248314984	11.694361189569248	7.6568905501677165	5.190204485924735	0.0	6.130998951642002	5.335129487675904	6.78037826142438	6.827024528058185	9.194274471233092	9.936800615401621	11.437565945951741	8.76505273303607	10.915705319879875	17.994230251099662	16.061688403587812	16.425115925314472	14.339577800893633	11.945465376945679	17.846333670896588	13.665384963736763	14.229267134522438	16.491198441594964	21.02188410974833	22.44092110594782	18.48862197435723	19.308331055535735	27.797277674132406	24.00510096487573	21.15654762516355	24.685006801405276	28.451173773408478	25.698408401971733	22.91069389950346
4.113969586927128	13.528007970144365	9.901568399162363	15.371637922489754	13.699281461981336	17.574974425780702	22.379573424765	22.057496776628934	16.206653574590945	24.7373760850471	17.97304689806822	11.788883705453477	16.153593052725043	23.74853935322003	24.73358265747767	19.899360374721695	18.28269387895636	17.05319520845095	15.07482968854333	7.552469107973388	7.841013263870755	6.130998951642002	0.0	5.945468083111306	11.244484046239217	6.38348950681965	6.42609411410065	10.449699566014322	14.83227255677068	11.019470190284117	9.212106159935049	17.820430354674897	17.91704812262776	16.88102555774099	16.533586091903842	12.61709058900116	16.284666383740536	9.454319678032325	12.121909196383763	12.39450132496471	17.036327092132613	18.519721409667326	15.540276982195088	17.135272746336636	24.053129197778667	21.456901146152354	20.23104833745662	23.251138745631977	26.443994242979844	24.020369657660762	22.440728292757793
6.814715686071524	18.06467205151252	11.276005239944896	17.51450823460567	13.419290694213355	17.248582445450268	20.468633935344645	20.68760587296811	13.962164448383627	21.726056959466494	15.958698808477006	9.86861018818888	15.60641348973685	23.371655766041478	24.164525476298408	20.74064498883686	19.083756035452126	19.825505992273833	15.649636899318331	11.425932136353486	8.419026236608701	5.335129487675904	5.945468083111306	0.0	7.900324771704718	5.937689058219268	5.1886228632691935	5.074989031213026	10.588716370044796	8.89356336371156	9.047194900275285	13.65891856257281	13.558327312913418	14.714003196084429	13.70194428467328	12.19267081558126	17.39471583971413	12.34178850010459	15.404076132596007	15.863304831524724	21.338171408417917	21.516519987745617	17.53247955789022	20.183175099860044	27.634179101851835	23.18859606419398	21.480301589268453	25.846327758632757	28.15579128134287	24.76149668261123	24.205291716620263
11.060854188525335	18.018892134541765	9.542394496431093	15.870346822835582	7.914380880621432	13.586710503105856	15.2172931838733	13.417572620775209	6.513992297967879	14.074808119246786	8.566306712649594	4.889373677352713	8.952464474488009	16.27404704209271	18.569437417243083	15.741041837977678	13.385804331260955	17.276934807824563	10.180125554018867	11.740255150523451	6.174695832326303	6.78037826142438	11.244484046239217	7.900324771704718	0.0	7.0989075930149035	10.553082352010819	9.313146576183735	5.076862295133835	4.404967973205907	10.006804694794324	14.750299897229336	10.57060462199765	11.809640214762991	8.445395518792443	8.75952319534164	15.901212589384954	15.022564990863575	14.925403908230749	17.754807000152017	22.66062795488399	22.775423788651068	17.852375895094244	19.148193686772135	28.256910777016135	22.505590852899022	18.723099751796227	23.498929291070603	26.423413075089215	22.965239714013244	20.760794987798306
4.284732170459251	13.53862963418767	5.505461063747949	11.623963987157433	8.756362432843869	11.761932207040617	16.05898822057944	16.710085019114626	10.851308180838577	20.58434030337748	14.458796454651685	9.839510550833655	11.865051507680251	19.792485190846108	18.96830656180958	15.266935387898386	14.70441340730323	14.223358096417446	12.129632568695609	8.990313020267608	5.294601581631852	6.827024528058185	6.38348950681965	5.937689058219268	7.0989075930149035	0.0	5.033327738110469	8.376784619076668	9.489488783203967	5.054765257075607	4.095395190017629	13.617307986585082	12.291910209268854	10.654752178952297	10.243552479363979	6.6959594914932845	11.645753538294763	8.084011877213094	9.948193946899623	11.175882454569672	16.57898431307457	16.604022681049617	12.197630385187656	14.48499390031794	22.488693328711385	17.694546733620836	15.588697852228373	19.96572766110218	22.43342174911005	19.290384452057506	18.300623837979785
4.16300254938821	16.601903305094286	9.90250157034154	14.796337023881476	13.6604679415017	15.001670297955291	19.050545961990323	21.227864079570203	15.133337885478417	24.490821463547956	18.78904856852341	13.542801483042084	16.80204500990506	24.742786460099943	22.771481411644064	19.766391382354808	19.717339138896186	18.187140841840012	17.11209042677358	12.417179233921058	9.918635469492537	9.194274471233092	6.42609411410065	5.1886228632691935	10.553082352010819	5.033327738110469	0.0	6.142626287562247	11.898728359337285	9.169150865966802	5.632866423057938	11.627709213265032	13.06322473775417	12.464987470029445	13.222629119119429	10.778511221402635	14.04947999130887	8.220485371702605	13.121720573272968	11.964027970002466	17.886884995562394	17.153501253793223	13.435631145511008	17.303437937613065	23.606742408698306	19.11264670832151	18.62016627856532	23.119272607879033	24.409813629554424	20.956335808455137	21.947249028621517
9.789365478609296	21.71074316531475	13.64542238370193	19.230137428334707	15.318149626304482	17.374075956578864	19.411256200116718	21.40743474089981	14.672315897569355	22.22571807935385	17.743152941063034	12.825218021863959	17.676705115069915	25.324988802320306	24.27025134875427	22.37691297552411	21.65293042981717	22.426917005000885	18.66674510084248	16.009250045802833	12.056132258832097	9.936800615401621	10.449699566014322	5.074989031213026	9.313146576183735	8.376784619076668	6.142626287562247	0.0	9.383124836044656	9.83034433555229	9.749550184436888	9.157672765909977	10.357537242361195	13.169316044807674	12.699265509509592	13.175739189735202	18.040670019995478	14.106632901555255	18.104894937754054	17.789896656256357	23.760980066684994	22.64181264784478	18.370200210735582	22.267751975406767	29.173363333694834	23.558054635717394	22.299855202549054	27.57497094462029	28.55989825665387	24.447779110455677	25.666791581038808
13.561021859445297	21.171464700128208	11.686239316130157	16.866026083401366	9.690597894471047	12.509890974708268	12.24843458701332	12.843896481414296	6.474710729117589	13.85909660456468	10.712874414529123	9.609902810636687	10.98276530886031	17.552919593095954	17.067436446573232	16.406647994060105	15.594038842059216	19.20084605397418	13.45696537119382	16.188427633658947	10.47215977376297	11.437565945951741	14.83227255677068	10.588716370044796	5.076862295133835	9.489488783203967	11.898728359337285	9.383124836044656	0.0	5.536794454615795	10.635740753381743	11.485588132697956	5.861997500575992	8.95540584292869	5.293697652643577	9.161049940155566	15.74476987481684	16.512759848411783	17.114577593043606	19.26051873862709	24.51963584448931	23.386470207167317	18.133855539169048	20.502467856133485	29.105754829253122	22.059662782413888	18.482199879375898	24.2381285557972	25.773679109663682	21.604194213046107	21.14031173775893
9.303920170020133	15.65801918732911	6.181253055324155	11.926293776964945	5.607817990713584	9.426435535960561	12.111779900373568	12.185911257628728	6.010525159829646	16.12356124121792	10.779959010101793	8.349049995129253	8.361448194013457	16.101185638837393	15.4166178194929	12.77863254434931	12.168997701945784	14.147867520794751	10.006697662670641	11.404067571166582	5.938177530024045	8.76505273303607	11.019470190284117	8.89356336371156	4.404967973205907	5.054765257075607	9.169150865966802	9.83034433555229	5.536794454615795	0.0	6.483319274387801	13.266865663532235	9.322786863533773	8.100512839217734	5.800893551336284	4.517720368918533	11.55878293142595	11.79638778324068	11.652704358768563	14.25366886227758	19.237320885718265	18.780132543972815	13.685416466778062	15.400323117508574	24.28895988485027	18.14659948578813	14.56900019129521	19.704683373054536	22.11240423931238	18.590214017204726	17.05877118398867
5.501104050338336	13.831681655441642	5.73326356502204	9.678518433670341	9.802515874803543	9.492809387666375	14.300258665574917	17.093016885764733	12.110490901711154	22.563852209461324	17.03654271059863	13.467045312193783	13.492203925657972	21.127045601271984	17.438678555707984	14.683400585772098	15.884855895152795	13.608665229234905	14.29985489484025	11.83611662586848	8.687320821333465	10.915705319879875	9.212106159935049	9.047194900275285	10.006804694794324	4.095395190017629	5.632866423057938	9.749550184436888	10.635740753381743	6.483319274387801	0.0	12.045284367616386	11.558663332455962	8.210807434013338	9.669446145775156	5.850746045148157	8.586002384891334	5.981803453120549	9.159414003785828	8.98492015320055	14.821959405695562	13.549884380440995	8.87173034728137	12.663488886389706	19.794193913999663	14.240151469911565	13.063155055334702	17.99073734556712	19.22996551125119	15.760295124656977	16.534567944261635
15.280591447783213	25.873567795531333	17.029440217129725	20.280162218289806	18.336354545841964	16.297528998377555	16.483317285848468	22.236240492545264	17.024281829119303	24.82179827017199	22.137734257194747	19.47330203340202	21.096736296473985	28.015923257719137	22.57811105032693	23.418872919888667	24.917435781382938	24.697593562934316	23.247934086498013	22.59027736275403	18.05857598707733	17.994230251099662	17.820430354674897	13.65891856257281	14.750299897229336	13.617307986585082	11.627709213265032	9.157672765909977	11.485588132697956	13.266865663532235	12.045284367616386	0.0	7.168833559924098	10.335316094945545	12.134402481594845	14.795158707110224	17.428089362968525	16.61622081089762	21.006431747397922	19.676460137214914	25.6652621121509	22.38790876792461	18.08488677076638	23.515425042785584	28.947073108178976	21.587812751781044	21.36873994470325	27.67243727761702	26.134064293085537	21.12369947530342	25.59079415206333
15.662374999884591	24.13863095703988	14.475215136893604	18.156155546254226	13.586815209143817	12.689549440796318	11.200369904746323	15.722139648280248	10.908177270499603	18.019341351098333	16.178597617482033	15.34835110849706	15.569920257092386	21.69386002781475	17.433945917799974	18.725662567650517	19.717381178717158	21.661987201341773	18.35979969532479	20.48957433743443	15.047773560239891	16.061688403587812	17.91704812262776	13.558327312913418	10.57060462199765	12.291910209268854	13.06322473775417	10.357537242361195	5.861997500575992	9.322786863533773	11.558663332455962	7.168833559924098	0.0	6.994920885872514	6.186733504833047	11.254249888181755	15.776953242628164	17.370324900695984	19.310793651263165	20.07779428405128	25.638089557179867	23.101497630156338	17.960331179619164	21.821975807525366	29.09805244369811	21.11661093950132	18.71965076572923	25.198841469592907	24.839694030924417	19.96343512105693	22.23954553061828
13.601283684319274	19.340871684263792	10.391562419113422	11.953099850857477	10.533283008328285	6.203168101219663	7.163736423875217	13.525359133603912	10.317502625012374	19.93895900314521	16.8246800000016	16.245333290775744	13.51771530768918	19.648384703601582	12.429180384414908	13.52611825926903	16.365948725695468	15.999581025768018	16.113806201029565	18.15546469536997	13.526796887454717	16.425115925314472	16.88102555774099	14.714003196084429	11.809640214762991	10.654752178952297	12.464987470029445	13.169316044807674	8.95540584292869	8.100512839217734	8.210807434013338	10.335316094945545	6.994920885872514	0.0	4.845177922428769	6.776961642800299	9.089346735782856	13.102009646979477	14.085638523579917	14.862375237240053	19.824389236180597	16.94539793902568	11.743625326964663	15.52826298154369	22.51045072013028	14.27493981566668	11.889847330675062	18.490800250993914	17.88066380506401	13.15071704668562	15.765853845522436
14.177325868269707	19.607786409091762	10.165486438806543	13.466603170302944	8.001959520963268	7.754279541764441	7.157995532931445	10.126144055190784	5.890094472478746	15.152849807307343	12.29661652842176	12.656137339161482	10.033422475114879	16.09446009284701	12.174334250795818	12.63846104846946	13.778399770520643	16.20564311588929	13.071570344271283	16.85793826398818	11.50378617487837	14.339577800893633	16.533586091903842	13.70194428467328	8.445395518792443	10.243552479363979	13.222629119119429	12.699265509509592	5.293697652643577	5.800893551336284	9.669446145775156	12.134402481594845	6.186733504833047	4.845177922428769	0.0	6.3993545689278095	11.818848191379141	15.22544116519068	14.941240698168835	17.21972344230803	22.01901611855398	20.269084381950762	14.91021605091501	17.195717347308545	25.5559845238227	17.838684331360096	13.92879200600285	20.081659255555437	21.02366089688896	16.7976912519034	16.779625769180065
9.912429562859694	13.282795167857289	4.021428349472408	7.712650897982077	4.7420027304053995	5.421281738496551	10.10084216927465	11.396887757070868	7.584488686012281	18.295304589138134	13.133205340722805	11.845923868413871	8.509647052229822	15.63794238933662	12.284947312696428	9.38543288315675	10.810701168994775	10.526307767549833	10.12242922498339	11.839124827839429	7.729546028802142	11.945465376945679	12.61709058900116	12.19267081558126	8.75952319534164	6.6959594914932845	10.778511221402635	13.175739189735202	9.161049940155566	4.517720368918533	5.850746045148157	14.795158707110224	11.254249888181755	6.776961642800299	6.3993545689278095	0.0	7.282159429830934	10.005236787727966	8.554228584946602	11.49188300718045	15.944666762988398	15.179849400708372	9.997466548215442	11.3586145041687	20.29028797428182	13.932332350330924	10.06412617888823	15.330949252556815	17.6652839188845	14.428946205715693	12.748418355398092
12.652411406915451	12.682690244894065	7.999885746216059	4.0045989563683	10.86458692747964	5.195375551836331	11.658720252581858	15.727022983900863	14.30885538208326	24.710057823299	19.938182126950558	18.813770617912674	14.364557494037735	19.952194912318838	12.137959060901613	10.12342267770348	14.608541149212428	9.131504668936115	15.439277213772108	15.633572298687067	13.656740751864579	17.846333670896588	16.284666383740536	17.39471583971413	15.901212589384954	11.645753538294763	14.04947999130887	18.040670019995478	15.74476987481684	11.55878293142595	8.586002384891334	17.428089362968525	15.776953242628164	9.089346735782856	11.818848191379141	7.282159429830934	0.0	8.913505162867612	7.518063861208335	8.228759604742386	11.466889186501351	9.010921277945155	4.140507242038674	6.826761506978016	13.753723057245347	6.655958891710422	4.826524394574274	10.292717958550073	10.842496630099607	8.00648714681809	9.028416686632816
5.806201140336929	10.903986993167077	7.827430072909971	8.917634457495065	13.401950937482694	12.469983098633369	18.563665971066587	21.157501018938213	17.061075391025167	27.558876495896847	21.39592347261971	17.36381759256032	17.0694092757886	24.265628530923006	20.290089736721427	16.420663403276574	18.068170170107535	12.721722709594108	16.862546907147788	11.756304777804212	11.516616359681011	13.665384963736763	9.454319678032325	12.34178850010459	15.022564990863575	8.084011877213094	8.220485371702605	14.106632901555255	16.512759848411783	11.79638778324068	5.981803453120549	16.61622081089762	17.370324900695984	13.102009646979477	15.22544116519068	10.005236787727966	8.913505162867612	0.0	7.166626167812933	3.756262603854373	9.79374970314576	9.30346779521086	6.604048546752431	10.234360367493503	15.485217642544228	12.518313349527824	13.27011879754867	16.357584897406934	17.861272743422486	15.66955287951134	16.370078353751648
9.777387446487033	5.419856764291173	5.4940129242339975	4.343774703700456	9.940582365323175	10.439168023258658	16.99287757495604	17.16839396921766	14.877028861544925	24.817942014193957	18.501356898069005	16.06050190182037	13.008004384038191	18.954141045706542	16.46879739218959	10.772874125786078	12.329859062026207	5.7416930845041145	12.183106185394124	9.391542003254985	10.052073416836672	14.229267134522438	12.121909196383763	15.404076132596007	14.925403908230749	9.948193946899623	13.121720573272968	18.104894937754054	17.114577593043606	11.652704358768563	9.159414003785828	21.006431747397922	19.310793651263165	14.085638523579917	14.941240698168835	8.554228584946602	7.518063861208335	7.166626167812933	0.0	6.041653562121836	8.219903889250356	10.25180118374894	7.4461540310528385	5.198922307343982	14.141658027376035	11.808038067946287	9.661500687335767	11.171736966510931	15.623198873133386	14.746831996593727	10.949418252946813
9.198783125079645	9.282895138803987	9.16094884423734	7.498480296849161	14.570837902979223	12.78132333207359	19.34474035857285	21.864732051421356	18.823411185927736	29.33662043918393	23.166491058955593	19.753841330219544	18.12675022121809	24.613821886019547	19.952980497726173	15.777829809904928	18.15995128922444	11.034263456651823	17.694106873938686	12.98105004411665	13.632225863512375	16.491198441594964	12.39450132496471	15.863304831524724	17.754807000152017	11.175882454569672	11.964027970002466	17.789896656256357	19.26051873862709	14.25366886227758	8.98492015320055	19.676460137214914	20.07779428405128	14.862375237240053	17.21972344230803	11.49188300718045	8.228759604742386	3.756262603854373	6.041653562121836	0.0	6.1468527843149126	6.193666819167429	5.06390110386247	7.519654276481672	11.865248144705774	10.306261396877938	11.75544351319403	13.582992688217374	15.356192880259044	14.177741631094385	14.409556272826473
14.629357885293636	8.44809695466087	13.353823375251155	9.442773164912277	18.06511507924421	16.247114089250267	22.937735848683005	24.61603554637554	22.89764453234377	32.970446989289	26.70934427753683	23.89886548695819	21.107882064927402	26.311804744934303	21.84188424546561	17.01496668100114	19.721620775292486	10.779756442544137	20.098150251800135	15.63255779152431	17.734277963545793	21.02188410974833	17.036327092132613	21.338171408417917	22.66062795488399	16.57898431307457	17.886884995562394	23.760980066684994	24.51963584448931	19.237320885718265	14.821959405695562	25.6652621121509	25.638089557179867	19.824389236180597	22.01901611855398	15.944666762988398	11.466889186501351	9.79374970314576	8.219903889250356	6.1468527843149126	0.0	6.1104282284757625	8.65497679013205	6.756569663277622	7.660718666557654	10.944144070476627	12.867510106188574	11.403409353989643	14.397619295593964	15.439993215861344	13.898300873556927
15.083116239548389	13.124452946373474	13.93215686919409	9.322182471995385	18.557822815511486	14.191511930153114	20.378705064756105	24.393833359013016	22.66507592747054	33.21161657646832	27.667799178852245	25.174702581643267	22.065948793506784	27.61604959103432	20.223164452126298	17.418827536440535	21.47863706866592	13.020489202945747	22.057263610508574	18.76415831888873	19.154230223808124	22.44092110594782	18.519721409667326	21.516519987745617	22.775423788651068	16.604022681049617	17.153501253793223	22.64181264784478	23.386470207167317	18.780132543972815	13.549884380440995	22.38790876792461	23.101497630156338	16.94539793902568	20.269084381950762	15.179849400708372	9.010921277945155	9.30346779521086	10.25180118374894	6.193666819167429	6.1104282284757625	0.0	5.360450298962087	7.998348662131342	6.793404070768115	6.397766399442879	11.01183765265724	11.748505765457836	11.009852178483847	10.990294947017833	13.725742296624324
11.758280618671687	12.116510977890306	9.438385627916727	5.651032501753726	13.771177165647096	9.211295529527163	15.513909847927044	19.6361603961834	17.509968944145548	28.13483462022852	22.842151574347163	20.643590839193802	17.43897565510234	23.443566137365025	16.190922042733458	13.643705637011891	17.582608167786688	10.677612685009098	17.939301865931043	15.857630597812827	14.928728524939878	18.48862197435723	15.540276982195088	17.53247955789022	17.852375895094244	12.197630385187656	13.435631145511008	18.370200210735582	18.133855539169048	13.685416466778062	8.87173034728137	18.08488677076638	17.960331179619164	11.743625326964663	14.91021605091501	9.997466548215442	4.140507242038674	6.604048546752431	7.4461540310528385	5.06390110386247	8.65497679013205	5.360450298962087	0.0	6.731014344901321	11.284624689757988	5.964111288791656	7.8576707551385425	11.377216720297705	11.331890104284753	9.251812436182739	11.593626490370777
