0.0 3.784272 6.375588 9.386329 12.037384 14.414984 17.012031 20.234113 23.262701 26.580403 29.965264 31.495847 32.996091 33.057197 30.613146 26.823006 25.416064 21.697879 19.808876 16.669177 15.48695 13.362358 9.586945 8.73342 12.308054 15.303611 18.820219 21.770965 25.47617 27.631504 31.35332 33.765245 31.523472 31.879807 28.702554 25.296475 21.627252 18.924744 15.18046 11.672909 9.468427 9.730201 12.95132 13.59818 13.353691 13.517304 15.769946 13.701277 10.356653 9.875956 8.984302 8.915909 10.936693 13.76642 16.627267 18.54006 21.267624 22.37492 25.920137 27.242168 31.017941 31.603027 29.821257 26.032218 23.127481 19.731973 18.252011 15.668765 17.282982 17.555953 20.157765 21.542057 24.637928 27.488348 28.115977 26.852656 25.107124 23.347592 21.508948 20.568373 19.388844 21.078429 20.428755 22.796784 25.388957 28.251536 31.843758 31.425991 29.788142 29.161856 31.1583 32.638013 34.245752 33.436802 32.249115 31.325706 28.692331 25.562476 24.437197 20.727553 18.655677 21.915026 23.306787 25.769238 25.257932 28.084458 27.607099 29.323865 30.063387 31.468946 32.57709 32.477849 35.569979 35.85169 32.571013 30.114427 27.434837 24.466 27.070324 29.124387 32.697 33.508082 33.643091 33.770061 30.719268 29.564735 26.913536 25.36377 24.585237 23.463516 24.719874 24.557991 28.176343 27.804417 25.379954 22.349923 22.750577 20.402898 19.333038 17.560969 14.127724 14.300596 12.919082 13.886241 14.339454 15.097814 16.962833 19.594256 20.370671 20.620528 22.942515 25.02627 25.422111 26.56465 29.145472 30.699272 30.936853 28.009622 26.515964 23.759835 24.411806 23.663405 22.078692 18.630491 17.987397 15.203709 13.37813 12.652091 13.130429 16.463419 19.638314 22.651902 26.176588 29.677566 32.734596 31.532565 30.382855 27.785096 24.751258 21.110578 18.293752 14.849624 11.407009 8.475455 4.905833 
3.784272 0.0 3.769698 6.352755 9.376638 11.646973 14.737101 17.792895 21.039914 24.432357 27.899826 29.162584 30.902359 30.948389 28.380417 24.606369 22.995526 19.244011 17.144888 13.718635 12.765479 10.61091 6.916213 6.779955 10.544263 13.290465 17.017608 19.945755 23.680996 25.878738 29.622182 32.115676 29.809342 30.235345 27.229472 23.636731 20.123142 17.137081 13.583043 9.84779 8.22315 8.512263 11.305003 12.926384 13.532218 14.643213 17.456261 16.034937 12.652955 12.691736 11.107223 11.052981 12.072783 14.589172 16.839332 18.499086 20.907426 22.186482 25.480917 26.686575 30.352019 31.031056 29.3247 25.530434 22.995894 19.81582 18.580659 16.160746 17.172951 17.267855 19.763741 21.370652 24.200008 27.321973 28.067802 26.484469 25.052708 23.150119 21.839276 21.09963 20.470361 21.938445 21.573251 23.524311 25.676725 28.246898 31.866309 31.565846 30.314218 29.590159 31.850018 33.311575 35.17084 34.741564 33.801167 33.218003 30.777495 27.896238 27.038003 23.416926 21.44728 24.636996 25.666503 28.014252 27.14571 29.737414 29.108323 30.4045 30.821149 31.80113 32.552539 32.019787 34.883259 34.778718 31.415496 28.651487 26.131308 22.981951 25.389126 27.204527 30.876111 32.051045 32.566585 33.102074 30.337643 29.620674 27.104854 26.066267 25.483361 24.825881 25.94645 26.106895 29.79693 29.31863 26.609651 23.840185 24.101694 21.35171 20.175003 19.061498 16.029307 16.382824 15.447615 16.173231 17.068615 17.274763 19.424211 22.180408 22.433552 22.497885 25.200901 27.215885 27.151576 28.367973 31.210829 32.455635 32.42368 29.25745 27.667923 24.579964 24.787693 24.036541 21.904162 18.464206 17.160351 14.148574 13.020822 12.025512 12.958985 15.748339 18.781091 21.735485 25.148161 28.626334 31.502676 30.401421 29.11401 26.678879 23.590306 20.16492 17.280619 14.219347 10.914036 8.444199 6.10404 
6.375588 3.769698 0.0 3.793938 5.858858 8.119703 11.025851 14.222479 17.353868 20.799553 24.20861 25.596952 27.402915 27.658246 25.283834 21.495372 20.225337 16.424684 14.834134 11.473428 11.474842 10.415994 7.251933 5.828383 9.38129 11.223965 14.866268 17.349527 21.142196 22.993515 26.683317 28.966737 26.471382 26.705054 23.6481 20.063413 16.548167 13.685249 10.217359 6.440945 4.788971 5.51701 8.404663 10.608032 11.275556 13.207219 16.162446 15.563197 12.13613 12.554132 10.382593 10.92612 11.405499 14.096829 15.665558 17.709839 19.533459 20.371296 23.463933 24.239534 27.829103 28.256137 26.363698 22.613468 20.188614 17.319284 15.962808 13.549167 14.036371 14.05809 16.583766 18.508229 21.308462 24.642756 25.253972 23.370403 21.974259 19.902572 18.893416 18.30635 18.170512 19.587167 19.698595 21.47171 23.252611 25.759232 29.284387 28.825223 27.727817 26.780938 29.117752 30.484055 32.48549 32.365006 31.637249 31.387497 29.196296 26.627351 26.170865 22.7501 21.142739 24.333227 24.807363 26.830777 25.51278 27.784722 26.960196 27.880938 28.047484 28.736306 29.292162 28.552412 31.328693 31.121322 27.727043 24.920691 22.480916 19.37329 21.880851 23.561425 27.204889 28.367979 28.989474 29.626559 26.996869 26.471943 24.007477 23.313949 22.879982 22.643138 23.742627 24.324019 28.074797 27.743089 24.991969 22.61702 23.181834 20.410896 19.738382 19.091695 16.376579 16.167527 15.242592 15.307669 16.564143 16.101415 18.605367 21.33496 20.961393 20.941972 24.019757 25.816343 25.300285 26.698527 29.708763 30.574399 30.386719 27.017359 25.522955 22.26424 22.348147 21.937688 19.561713 16.010959 14.192365 10.885725 9.939561 8.752218 10.204451 12.648149 15.769625 18.454554 21.896001 25.263941 28.182926 27.325994 26.269616 24.130209 21.302206 18.031151 15.598649 12.626817 10.031554 7.344793 6.516515 
9.386329 6.352755 3.793938 0.0 3.764612 6.92528 10.116937 13.327559 16.306135 19.960559 23.199544 24.560205 26.818513 27.398355 25.167505 21.4739 20.329066 16.585568 15.179129 11.617309 12.483645 11.720483 9.244241 8.658099 11.742049 12.808387 16.336228 18.382115 22.101194 23.655458 27.22845 29.316831 26.561715 26.513937 23.518235 19.919677 16.630831 13.975155 11.105118 7.667267 6.223732 5.252376 6.307161 9.286317 11.159627 13.673028 17.102099 17.006333 14.041498 15.276131 13.435437 14.499299 14.925253 17.560568 18.717118 20.714717 22.150589 22.842883 25.632305 26.041104 29.446578 29.679197 27.630232 24.009109 21.840384 19.431809 17.909369 15.379563 14.940317 14.169581 16.012151 17.66144 19.93118 23.312234 24.226795 22.322195 21.523913 19.760466 19.451339 19.513361 20.058296 21.64856 22.285237 23.937635 25.319718 27.682713 31.064609 30.427502 29.505007 28.200301 30.478338 31.516776 33.481803 33.730003 32.989403 33.127424 31.275305 28.888126 28.823136 25.549779 24.295195 27.578505 27.807614 29.527457 27.86593 29.790531 28.574715 29.107958 28.78859 29.172241 29.239864 28.207074 30.64338 30.034427 26.76168 23.653987 21.140985 17.729421 19.728672 21.464622 25.22312 26.792304 27.610156 28.656878 26.29455 26.270258 24.237097 24.021408 24.122442 24.427788 25.755207 26.788719 30.572602 30.463836 27.756473 25.672083 26.412254 23.6213 23.097543 22.697493 20.097618 19.726609 18.642014 18.243692 19.247202 18.192907 20.443408 23.458221 22.794894 22.244089 25.471709 27.445703 26.502073 27.622423 30.906497 31.638353 31.006552 27.581675 25.759901 22.247577 21.688776 20.995847 18.149917 14.91921 12.736427 9.81081 10.269991 9.887277 12.292853 14.110038 17.156694 19.317005 22.664958 25.763437 28.614435 28.161651 27.280358 25.548314 22.940153 20.016594 17.871567 15.321766 13.188127 10.812031 10.297553 
12.037384 9.376638 5.858858 3.764612 0.0 3.807212 6.477204 9.848995 12.61923 16.316408 19.483853 20.987874 23.276579 24.074208 22.094067 18.44511 17.760462 14.102936 13.453676 10.341422 12.222849 12.62168 10.854473 9.412829 11.658696 11.615755 14.685849 16.077042 19.708782 20.821553 24.264184 26.094841 23.171449 22.922583 19.905814 16.353003 13.151765 10.767644 8.383418 5.737174 5.152999 4.894831 5.191861 8.780091 10.43875 13.653802 16.883392 17.563914 14.69715 15.974726 13.722521 15.03029 14.917854 17.442423 17.905034 20.131828 20.949768 21.180004 23.659423 23.615625 26.860483 26.836931 24.646034 21.157265 19.214667 17.272453 15.76196 13.496536 12.394824 11.61253 13.443546 15.568313 17.773622 21.389739 22.051323 19.733372 18.934249 16.9096 16.995909 17.177785 18.249236 19.634036 20.70578 22.061994 22.993061 25.199219 28.41825 27.659009 26.949758 25.474331 27.837951 28.811943 30.952494 31.515181 31.063894 31.513634 29.909504 27.89544 28.167198 25.165155 24.21462 27.357359 27.076952 28.485242 26.450893 28.028721 26.701244 26.823975 26.279143 26.304163 26.176812 24.883639 27.219969 26.504914 23.166228 20.019016 17.68027 14.375771 16.576756 18.042434 21.755396 23.281027 24.265145 25.419494 23.25139 23.444211 21.454281 21.663755 21.862579 22.596651 23.786474 25.186401 28.920925 28.90704 26.196541 24.556003 25.516759 22.786223 22.723331 22.755801 20.544975 19.779142 18.843206 17.975171 19.342221 17.808639 20.360934 23.14543 21.885093 21.374674 24.879108 26.503807 25.149557 26.517656 29.860247 30.155937 29.442192 25.845657 24.25393 20.667091 20.055167 19.889487 16.875117 13.613227 10.736155 7.47353 8.363905 7.746829 10.535264 11.5705 14.462718 16.181882 19.450182 22.370145 25.218985 25.024627 24.402849 23.024831 20.778257 18.149097 16.610433 14.374182 13.14488 11.011495 11.638535 
14.414984 11.646973 8.119703 6.92528 3.807212 0.0 3.805672 6.453753 9.726354 13.224641 16.645829 17.767822 19.939535 20.495244 18.36766 14.724051 13.981864 10.373659 10.048283 7.402947 10.09317 11.576158 10.868229 9.28193 10.268886 9.106919 11.687792 12.681596 16.189576 17.262774 20.683282 22.625724 19.81304 19.864305 17.145128 13.433852 10.552369 7.74266 6.133413 4.844074 6.691111 8.064161 8.46102 11.977618 13.163808 16.528921 19.399343 20.317923 17.291805 18.049432 15.217004 15.976655 14.950531 16.827323 16.520322 18.459298 18.734403 18.952312 21.035469 20.879055 23.926208 24.063112 22.130996 18.745579 17.362621 15.738932 14.926368 13.518918 12.30815 12.276216 14.383897 17.114679 19.257922 23.034113 23.36061 20.566944 19.613258 17.065378 17.349517 17.136657 18.35497 19.041535 20.062802 20.777151 21.225779 22.979926 26.158135 25.699313 25.471114 24.224382 26.945604 28.183803 30.699786 31.466819 31.476562 32.027092 30.442186 28.733407 28.992607 26.148382 25.090609 27.900325 27.327545 28.738971 26.604641 28.054383 26.976571 26.80656 26.298344 25.905472 25.731641 24.047263 26.280831 25.401175 21.865815 18.674226 16.972538 14.07154 16.475768 17.151418 20.69962 22.266216 23.699678 25.021103 23.190315 23.554442 21.414297 21.997437 21.8964 22.778381 23.419872 24.824455 28.409105 28.094404 25.137851 23.813667 24.525164 21.594898 21.570544 22.23216 20.59657 20.000961 19.69514 18.979356 20.960881 19.510983 22.462511 24.838166 23.229181 23.124548 26.760183 27.927849 26.431266 28.205449 31.430686 31.340005 30.785063 27.055256 25.884514 22.373482 21.916815 22.279038 19.249303 16.038253 12.739146 9.344769 9.94474 8.168651 10.140999 9.997944 12.138937 13.815207 16.723201 19.659653 22.208028 21.909298 21.096848 19.848413 17.686161 15.44017 14.221403 12.69936 12.315774 11.174001 12.911056 
17.012031 14.737101 11.025851 10.116937 6.477204 3.805672 0.0 3.794961 6.348083 9.938729 13.229209 14.797871 16.886504 17.836353 16.219058 12.686571 12.913251 9.707008 10.777671 9.347067 12.458069 14.605094 14.101113 11.907164 12.280759 10.263741 11.841266 11.753083 14.967377 15.258877 18.427044 19.896062 16.809129 16.458146 13.551376 9.951794 7.085469 5.145628 5.042457 6.068215 8.015555 9.504032 9.50751 12.508994 13.151712 16.699769 19.14274 20.687354 17.947795 18.754013 15.871671 16.951009 15.711121 17.514104 16.614167 18.874161 18.492354 17.988841 19.695562 18.899665 21.734974 21.416313 19.201583 16.034345 14.864514 13.954454 13.072887 12.081146 10.140343 10.232882 12.216314 15.348815 17.402561 21.225208 21.19486 18.065527 17.015611 14.211211 14.884217 14.797382 16.569798 17.049492 18.599922 19.051891 18.996203 20.633842 23.539227 22.822449 22.742634 21.256085 23.97168 25.090854 27.726862 28.790013 29.070768 29.926104 28.641031 27.346907 27.97272 25.495723 24.843465 27.474508 26.395618 27.396315 24.90998 25.937921 24.736897 24.148438 23.424428 22.68799 22.361285 20.477759 22.659006 21.79667 18.195073 15.098755 13.647002 11.158283 13.928009 14.253162 17.599685 18.886651 20.373827 21.657908 20.0011 20.499884 18.408788 19.410195 19.408942 20.733674 21.258085 23.063505 26.516061 26.40619 23.605382 22.812153 23.873837 21.235734 21.828642 22.748874 21.451762 20.352026 20.046623 18.817694 20.952614 19.090688 22.145467 24.212795 22.085304 22.021484 25.778738 26.570876 24.71893 26.69466 29.879783 29.369125 28.770519 24.969623 24.104638 20.691051 20.308237 21.241778 18.325882 15.272952 11.743482 8.600041 9.260473 7.532124 9.475354 8.216448 9.97479 10.789026 13.621617 16.278369 18.95334 19.045957 18.740137 17.992244 16.460334 14.621139 14.352332 13.145933 13.718865 12.663454 14.917896 
20.234113 17.792895 14.222479 13.327559 9.848995 6.453753 3.794961 0.0 3.777369 6.852614 10.433658 11.387535 13.500081 14.30329 12.64928 9.272163 9.809085 7.217132 9.278261 9.096882 12.664426 15.535369 15.912083 13.996344 13.406584 10.497643 10.983382 9.908524 12.535932 12.426928 15.360893 16.801122 13.751864 13.674687 11.352189 7.69 6.107454 4.490165 6.690014 8.849424 11.514488 13.274874 13.133387 16.165335 16.799381 20.352726 22.614205 24.282483 21.526546 22.080109 18.973619 19.655412 17.844389 19.000832 17.409099 19.215638 18.180531 17.619205 18.638188 17.559977 19.936599 19.723668 17.849495 15.063968 14.82842 14.573039 14.49507 14.403161 12.437542 12.969994 14.741954 18.015681 19.7337 23.52108 23.284703 19.863395 18.917188 15.914748 16.93061 16.64428 18.565918 18.381714 19.898253 19.63522 18.916137 19.877125 22.556804 22.157297 22.709277 21.431034 24.417177 25.684506 28.626115 29.970523 30.692303 31.710937 30.546698 29.585961 30.24572 27.972567 27.281867 29.592974 28.266577 29.197251 26.633234 27.434267 26.422405 25.473478 24.68036 23.437629 22.911398 20.548381 22.390112 21.203431 17.540343 14.433172 13.939784 12.133217 14.64406 13.958281 16.911116 18.338948 20.396106 21.971495 20.870177 21.696168 19.700267 21.161596 21.008758 22.534814 22.557335 24.390083 27.579532 27.221931 24.279487 23.894961 24.701156 21.971334 22.591677 24.087419 23.326133 22.426089 22.604887 21.524281 23.984607 22.198787 25.394365 27.174115 24.818277 24.975528 28.749907 29.20417 27.209042 29.403767 32.476237 31.621675 31.074976 27.251639 26.693808 23.405437 23.004654 24.228821 21.291525 18.49528 14.856499 12.072772 12.755202 10.747427 11.863598 9.549989 9.877864 10.114411 12.035136 14.395541 16.518493 16.690429 16.266707 15.975047 14.819559 13.807176 14.132841 13.936383 15.253987 15.050756 17.773401 
23.262701 21.039914 17.353868 16.306135 12.61923 9.726354 6.348083 3.777369 0.0 3.793035 6.927614 8.629648 10.961062 12.625604 11.968368 9.283508 11.124159 9.605547 12.422182 12.767872 16.335356 19.295606 19.61264 17.497351 16.89297 13.851818 13.750534 11.837039 13.719403 12.527122 14.765394 15.345313 11.875943 10.947791 8.571127 5.49804 5.330374 6.245329 9.247636 11.877485 14.085453 15.482494 14.848221 17.41807 17.868814 21.447916 23.40729 25.574893 23.198634 23.965693 21.042857 22.076271 20.347666 21.545051 19.680947 21.683192 20.19672 19.01955 19.563663 17.772149 19.684974 18.858938 16.675611 14.463242 14.640823 15.310151 15.077301 15.256172 12.660304 12.940797 14.054988 17.297492 18.575502 22.216403 21.727131 18.094917 17.374087 14.461739 16.124251 16.243779 18.746158 18.488808 20.552954 20.096988 18.823373 19.562078 21.739252 20.97866 21.736348 20.096141 22.910612 23.854379 26.815831 28.57532 29.529164 30.948155 30.206134 29.677239 30.750485 28.860554 28.607941 30.794373 29.054287 29.520056 26.625792 26.902124 25.658158 24.192776 23.00631 21.284543 20.353269 17.628881 19.124847 17.712969 14.088365 10.996052 11.122911 10.079619 12.467208 11.11882 13.650257 14.924156 17.217976 18.96196 18.316061 19.534647 17.910196 19.958315 20.129115 22.191685 22.211459 24.487808 27.461101 27.4083 24.756988 24.903834 26.060199 23.694188 24.802882 26.389428 25.797859 24.50215 24.539135 23.011739 25.374892 23.206296 26.27552 27.863023 25.110816 25.123451 28.907937 29.103028 26.729527 28.932459 31.975633 30.725425 29.995987 26.207696 25.845295 22.707338 22.178651 23.790234 20.96252 18.597526 14.981983 12.914793 13.908216 12.481137 13.697293 10.915244 10.733184 9.540604 10.844426 12.337455 14.423244 15.395889 15.757846 16.297054 16.012278 15.57429 16.659486 16.639496 18.346146 18.001283 20.755151 
26.580403 24.432357 20.799553 19.960559 16.316408 13.224641 9.938729 6.852614 3.793035 0.0 3.79126 5.184882 7.189192 9.178756 9.285364 7.549255 10.42309 10.22857 13.676528 14.950546 18.426979 21.732828 22.4487 20.316288 19.160726 15.752835 14.750567 11.993989 12.824357 10.720062 12.150102 12.13877 8.572931 7.505689 6.04234 4.095119 6.48744 8.280645 11.881762 14.985345 17.455424 19.109309 18.594872 21.026002 21.232433 24.707949 26.363379 28.659773 26.330723 26.862943 23.827078 24.639993 22.568842 23.313546 20.941361 22.678422 20.604946 19.130972 18.935484 16.676444 17.910138 16.911607 15.010275 13.54465 14.673016 16.110884 16.467835 17.384087 14.922815 15.625344 16.637184 19.90964 20.998166 24.44417 23.645129 19.887362 19.108927 16.114915 17.880488 17.768157 20.307091 19.472321 21.537819 20.472379 18.540637 18.593466 20.292664 19.723018 21.08403 19.639112 22.569959 23.609499 26.803522 28.815211 30.223536 31.793904 31.228761 31.095717 32.248493 30.660786 30.485434 32.3237 30.289457 30.571312 27.61131 27.582359 26.542194 24.730811 23.534291 21.3529 20.323802 17.260354 18.39296 16.857823 13.334721 10.780162 12.131025 12.193897 14.308193 12.111645 13.702763 14.644933 17.290143 19.045727 18.959254 20.316978 18.79495 21.166958 21.146963 23.351334 22.89677 25.20316 27.80432 27.620307 25.021796 25.666517 26.723574 24.513954 25.833028 27.816731 27.695943 26.410308 26.772448 25.272712 27.857592 25.742767 28.892373 30.120822 27.155696 27.413822 31.133772 30.931604 28.462623 30.885023 33.718007 32.108307 31.502433 27.785695 27.829343 24.961716 24.591017 26.552276 23.916033 21.745484 18.25144 16.394545 17.136827 15.528026 16.149115 12.855093 11.592271 9.600921 9.497171 10.098872 11.463787 12.846645 13.535065 14.864185 15.375992 15.821759 17.607966 18.25839 20.528297 20.651527 23.707685 
29.965264 27.899826 24.20861 23.199544 19.483853 16.645829 13.229209 10.433658 6.927614 3.79126 0.0 3.814516 5.836972 9.100263 10.610612 10.11775 13.407494 13.799605 17.322958 18.69186 22.195363 25.50689 26.192859 24.014784 22.917265 19.507062 18.337277 15.339308 15.610139 12.876926 13.308624 12.191589 8.60107 6.235529 5.774882 6.260697 9.304751 11.808057 15.360923 18.478024 20.66677 22.026907 21.166337 23.282528 23.444385 26.867601 28.308431 30.929948 28.913721 29.625734 26.771876 27.816241 25.850761 26.634012 24.161227 25.966703 23.660478 21.846652 21.269158 18.546566 19.189911 17.656368 15.654471 15.018928 16.49745 18.556372 18.77789 19.79438 17.036385 17.449587 17.828612 20.815744 21.383735 24.515425 23.529808 19.757645 19.325339 16.688411 18.949236 19.218999 22.102349 21.25583 23.664059 22.478038 20.148662 19.92767 20.992281 20.121835 21.708106 19.988716 22.602594 23.244816 26.364207 28.789363 30.416697 32.358573 32.215396 32.475747 33.964253 32.713328 32.880654 34.605483 32.281944 32.169996 28.993281 28.479564 27.250004 24.9715 23.393509 20.726817 19.216062 15.779208 16.223934 14.299412 11.137375 9.02294 11.443734 12.503142 14.020954 11.126154 11.677204 12.366326 15.344578 17.319641 17.950937 19.756904 18.786595 21.654985 21.962957 24.572533 24.129188 26.744497 29.066068 29.1479 26.8693 27.931155 29.218477 27.313672 28.923044 30.939529 30.916142 29.396961 29.640531 27.85704 30.301816 27.935703 30.906088 31.990249 28.776306 28.878381 32.522916 32.121344 29.363781 31.710916 34.468847 32.517077 31.724684 28.146808 28.353381 25.706716 25.181503 27.382654 24.892648 23.192103 19.863099 18.617945 19.604167 18.441707 19.182514 15.855289 14.462795 11.746369 10.90218 10.131985 10.952324 13.321111 14.800029 16.876603 18.061911 18.902105 21.030289 21.74733 24.134161 24.14413 27.152325 
31.495847 29.162584 25.596952 24.560205 20.987874 17.767822 14.797871 11.387535 8.629648 5.184882 3.814516 0.0 3.778508 6.598528 8.130256 8.626749 11.762024 13.043293 16.546345 18.435691 21.892686 25.396314 26.617666 24.80825 23.293603 19.674634 18.113232 14.917532 14.534859 11.798075 11.752854 10.844372 7.858193 6.854935 8.035167 8.213987 11.438792 13.123238 16.807302 19.885105 22.51193 24.105483 23.346279 25.846648 26.241302 29.752159 31.386678 33.787001 31.509339 32.026026 28.945496 29.601576 27.316869 27.701477 25.009988 26.301262 23.809689 22.369191 21.398913 18.896973 19.149369 18.16823 16.912334 16.454029 18.443663 20.354556 21.122367 22.369443 19.926316 20.57275 21.220123 24.271081 24.869652 28.080057 27.219066 23.455008 23.051817 20.325496 22.392504 22.357535 24.96256 23.811095 25.828003 24.290404 21.836906 21.113831 22.173689 21.902026 23.914107 22.656305 25.518081 26.451974 29.717712 32.068807 33.836041 35.637091 35.318679 35.514494 36.76448 35.388239 35.252811 36.863715 34.656123 34.794395 31.792898 31.461299 30.500917 28.328603 26.949523 24.282162 22.878518 19.422505 19.69649 17.619116 14.708881 12.669797 15.098963 15.831204 17.090119 14.023722 14.528043 15.634492 18.849183 20.980537 21.74957 23.550533 22.473619 25.21974 25.269461 27.650045 26.911226 29.236415 31.476864 31.174069 28.640783 29.662953 30.517311 28.357398 29.648633 31.989632 32.208954 31.080933 31.679322 30.252228 32.917846 30.79849 33.924553 35.025872 31.932313 32.20004 35.873944 35.478262 32.859151 35.29175 38.03138 36.127557 35.441527 31.838233 32.040359 29.321634 28.771119 30.816823 28.153826 26.331455 22.84005 21.296605 22.26577 20.706964 21.19271 17.766187 15.97336 13.740125 12.382922 11.702938 11.443035 13.374374 14.205997 16.466566 17.677152 19.054756 21.159212 22.446024 24.943725 25.451089 28.609616 
32.996091 30.902359 27.402915 26.818513 23.276579 19.939535 16.886504 13.500081 10.961062 7.189192 5.836972 3.778508 0.0 3.77797 6.721641 8.324865 11.886435 13.818744 17.515365 19.918794 23.056512 26.715218 28.046489 26.028079 24.125198 20.406098 18.244225 14.674414 13.500084 10.163503 9.122924 7.412689 4.82003 4.450654 7.244771 8.528752 12.216449 14.133394 17.914826 21.329225 24.127264 26.109891 25.771416 28.137811 28.109748 31.44415 32.742704 35.111974 32.793834 32.952987 29.761129 30.161322 27.610257 27.603091 24.570529 25.68369 22.793565 21.073916 19.55125 16.77476 16.412424 15.356028 14.553797 14.777842 17.401669 19.72873 20.995887 22.835143 20.757614 21.955226 22.900204 26.12689 26.982797 30.110127 28.9459 25.166395 24.337876 21.382179 23.100683 22.605905 24.960466 23.289232 25.108939 23.098322 20.251181 18.966086 19.613512 19.655148 22.115026 21.271225 24.25211 25.483666 28.940478 31.244792 33.369012 35.076145 34.742415 35.193237 36.360123 35.221507 35.072453 36.315172 33.926481 33.995713 31.091578 30.654015 30.056231 27.834951 26.754229 23.997626 22.934349 19.602465 19.992704 18.38814 15.570901 14.332668 17.035514 18.227651 19.856112 16.867253 17.002923 17.396898 20.32993 21.971003 22.746132 24.194279 22.874561 25.511275 25.137774 27.357602 26.134562 28.277521 30.152984 29.644547 27.178073 28.561534 29.289091 27.351904 28.843029 31.439599 32.080126 30.954968 31.862157 30.541823 33.432333 31.508554 34.753965 35.463529 32.305048 32.951931 36.513865 35.743827 33.246034 35.957999 38.415248 36.321738 35.958842 32.43724 33.063047 30.619196 30.476183 32.820533 30.430462 28.478488 25.132904 23.428805 23.878582 22.00785 21.88804 18.225597 15.775215 13.323831 11.005914 9.682529 8.410405 10.40485 11.514959 14.348862 16.251924 18.210746 20.837764 22.506548 25.426372 26.267643 29.670503 
33.057197 30.948389 27.658246 27.398355 24.074208 20.495244 17.836353 14.30329 12.625604 9.178756 9.100263 6.598528 3.77797 0.0 3.776078 6.698371 9.901173 12.62491 16.175478 19.116437 21.880562 25.653408 27.358832 25.506265 23.136031 19.352338 16.685175 12.999475 11.014229 7.705488 5.985549 5.016779 4.123145 6.456385 9.264505 9.897796 13.275841 14.463193 18.127414 21.54456 24.699112 27.082709 27.160102 29.739008 29.637392 32.909429 34.224251 36.289495 33.69482 33.47556 30.065931 29.987829 27.098386 26.595886 23.335503 23.934723 20.843 19.431617 17.5166 15.080773 14.401437 14.127518 14.21921 14.452845 17.444073 19.518103 21.397284 23.571425 22.01952 23.672683 25.107588 28.531773 29.731652 33.000883 31.847352 28.063747 26.926885 23.704308 24.962391 23.955382 25.842874 23.787162 25.068324 22.696682 19.843991 18.108566 18.889919 19.660936 22.403426 22.185696 25.465059 27.171952 30.790574 32.795829 35.02119 36.403308 35.748907 36.080896 36.89052 35.642659 35.142866 36.167597 33.928727 34.311904 31.702483 31.57082 31.391863 29.463577 28.812081 26.282784 25.643115 22.534551 23.24493 21.917895 18.985224 17.742747 20.170103 21.049306 22.951411 20.161899 20.604817 21.036621 23.85885 25.309079 25.80316 26.912049 25.200376 27.485068 26.648988 28.449244 26.846984 28.541787 30.305851 29.324846 26.601817 27.912128 28.161011 26.058847 27.283588 30.184167 31.163144 30.412893 31.745491 30.845188 34.001828 32.456515 35.891984 36.477913 33.503949 34.488081 38.020453 37.177899 34.969136 37.875052 40.217119 38.244354 38.17747 34.623358 35.354065 32.903578 33.000017 35.29077 32.88576 30.624537 27.232426 25.09914 25.184068 22.823897 22.195741 18.51133 15.633165 13.821634 11.196171 10.459534 8.510508 9.18244 9.215249 12.029897 13.995915 16.49766 19.197075 21.412829 24.524533 25.899693 29.474692 
30.613146 28.380417 25.283834 25.167505 22.094067 18.36766 16.219058 12.64928 11.968368 9.285364 10.610612 8.130256 6.721641 3.776078 0.0 3.802951 6.30314 9.441377 12.768973 15.960205 18.516588 22.31476 24.274694 22.674262 20.083912 16.298299 13.526767 9.981951 7.910955 5.394681 5.072316 6.635164 6.058745 8.968318 10.670665 9.949058 12.577419 12.763208 16.16814 19.359416 22.76957 25.366736 25.716624 28.558159 28.581713 31.856293 33.387744 35.117211 32.252691 31.857314 28.302614 27.901189 24.86393 24.167424 20.963627 21.230219 18.311659 17.476203 15.816348 14.076859 13.980682 14.540375 14.870204 14.303018 16.994239 18.389221 20.493271 22.56402 21.361509 23.173737 25.004726 28.540884 30.033933 33.513743 32.556788 28.799014 27.525092 24.136228 25.067276 23.807151 25.352043 23.318084 24.184657 21.892137 19.459994 17.922284 19.358004 20.476933 22.988431 23.018875 26.52407 28.504385 32.145844 33.825786 35.830834 36.904812 35.884591 35.84546 36.323465 34.748517 33.880022 34.991735 33.082081 33.873387 31.505475 31.824691 31.796288 30.265615 29.873445 27.708776 27.327756 24.404311 25.50901 24.25918 21.023407 19.313914 21.18757 21.435224 23.551298 21.107597 22.177697 22.933172 25.699536 27.164458 27.23131 28.132087 26.100491 28.031304 26.989739 28.435504 26.843408 28.209078 30.213354 28.937 25.879102 26.741512 26.628626 24.146846 24.928617 27.892289 28.847958 28.47065 29.995066 29.461668 32.727873 31.463075 35.014798 35.752577 33.048731 34.133088 37.705171 37.075785 35.118666 38.034459 40.457147 38.795561 38.834286 35.177513 35.718567 33.076531 33.215616 35.250107 32.700291 30.141452 26.660415 24.125881 24.059019 21.355401 20.560391 17.050708 14.237702 13.338869 11.311645 11.813278 10.562396 10.053066 8.710724 10.484803 11.594836 14.011919 16.322271 18.77257 21.770531 23.451545 27.036769 
26.823006 24.606369 21.495372 21.4739 18.44511 14.724051 12.686571 9.272163 9.283508 7.549255 10.11775 8.626749 8.324865 6.698371 3.802951 0.0 3.801926 5.955019 9.571548 12.525344 15.207402 18.973186 20.695057 18.969591 16.536064 12.740845 10.274739 6.822488 6.053205 4.47887 6.657744 8.853082 7.219934 9.546315 9.800976 7.805602 9.574766 9.142149 12.431466 15.564266 19.00587 21.669953 22.189066 25.069924 25.090643 28.345483 29.986191 31.572583 28.624393 28.249316 24.687563 24.325805 21.38567 20.92959 17.949431 18.502414 15.94632 15.255508 14.350251 12.934139 13.876724 14.463272 14.220525 12.712586 14.738857 15.60104 17.502603 19.297533 18.189904 20.020603 22.092247 25.67726 27.414587 31.014154 30.188325 26.497752 25.09843 21.633462 22.348921 21.041868 22.476262 20.698279 21.523851 19.605799 17.641992 16.757065 18.817838 19.694376 21.691524 21.56465 25.115961 27.125799 30.680581 32.138509 33.834925 34.751778 33.539935 33.197605 33.576242 31.76512 30.797834 32.146008 30.433816 31.400985 29.077723 29.671289 29.554155 28.303814 27.999699 26.17282 25.957638 23.252058 24.766969 23.682152 20.163638 18.0994 19.357753 19.114571 21.52821 19.559955 21.197633 22.04095 24.575655 25.944935 25.554796 26.254029 24.007963 25.669118 24.617426 25.907903 24.561897 25.887695 28.232021 27.024927 23.834865 24.300363 24.280267 21.599705 22.276378 24.997954 25.642343 25.246537 26.626875 26.12208 29.337729 28.113704 31.677618 32.587695 30.033481 31.066446 34.673745 34.264345 32.424423 35.269068 37.798174 36.393014 36.428472 32.703888 33.048285 30.270814 30.443683 32.308275 29.725754 26.973228 23.501196 20.74265 20.557338 17.738979 16.997446 13.615208 11.108533 10.767378 9.692318 11.281561 11.275049 10.510598 9.018661 9.683264 9.805627 11.372823 13.325408 15.418703 18.247489 19.762812 23.300812 
25.416064 22.995526 20.225337 20.329066 17.760462 13.981864 12.913251 9.809085 11.124159 10.42309 13.407494 11.762024 11.886435 9.901173 6.30314 3.801926 0.0 3.803506 6.551237 10.000098 12.295938 16.095354 18.293435 17.082611 14.338061 10.630681 8.136988 5.491097 5.12194 6.086146 8.803301 11.831664 10.846192 13.344017 13.350737 10.818163 11.570954 9.849693 12.329595 14.844111 18.51456 21.330281 22.114025 25.276381 25.520891 28.727023 30.621211 31.796626 28.580337 28.022591 24.356695 23.575219 20.506838 19.779165 16.988655 16.97198 14.798329 15.039818 14.495228 14.068071 15.376034 16.707731 16.820207 14.869613 16.477273 16.519975 18.571611 20.131838 19.45524 21.317275 23.672806 27.22761 29.147496 32.868248 32.272167 28.684319 27.26456 23.791013 24.216611 22.740152 23.773829 22.087591 22.412503 20.638633 19.19816 18.474409 20.943432 22.15365 23.952575 24.083603 27.716842 29.90504 33.416899 34.59354 36.086891 36.716379 35.182488 34.484458 34.507485 32.373435 30.995328 32.411138 31.104206 32.494155 30.476747 31.493046 31.528709 30.651804 30.56367 29.04707 28.99811 26.449333 28.130704 27.035551 23.442088 21.096832 21.934932 21.13802 23.539703 21.873324 23.908094 25.06096 27.575409 29.004684 28.362022 28.935815 26.521425 27.852231 26.660054 27.580731 26.272408 27.216038 29.713361 28.208771 24.757992 24.723272 24.236469 21.155366 21.179395 23.943719 24.553189 24.693929 26.298022 26.271314 29.540428 28.663148 32.279294 33.360614 31.148261 32.246116 35.836232 35.66307 34.095056 36.887604 39.469695 38.375167 38.489174 34.727921 34.866479 31.93854 32.097265 33.640639 30.918797 27.948993 24.452357 21.364805 21.086812 17.99299 17.12587 14.228751 12.106516 12.892767 12.47212 14.636548 14.743039 13.377293 11.042008 10.581199 9.452123 10.652278 11.700304 14.101449 16.605273 18.559502 22.011284 
21.697879 19.244011 16.424684 16.585568 14.102936 10.373659 9.707008 7.217132 9.605547 10.22857 13.799605 13.043293 13.818744 12.62491 9.441377 5.955019 3.803506 0.0 3.792161 6.627885 9.297986 13.041724 14.856983 13.495426 11.075042 7.355385 5.841437 4.394494 6.614358 8.192793 11.585644 14.425791 12.780094 14.623127 13.603327 10.312236 9.806047 7.115957 8.952963 11.136591 14.821181 17.649373 18.59506 21.795003 22.095192 25.269157 27.316667 28.337217 25.060485 24.601803 20.979681 20.318628 17.472172 17.17957 14.845491 15.282411 13.778651 14.189527 14.619187 14.486785 16.620153 17.736542 17.248138 14.594377 15.311097 14.69493 16.287403 17.336538 16.745234 18.476177 20.999766 24.494083 26.604837 30.385414 29.960542 26.519206 25.054821 21.638497 21.869782 20.465085 21.39694 20.139183 20.473461 19.263829 18.412496 18.443372 21.339688 22.179049 23.400189 23.282222 26.813395 28.908758 32.241824 33.223349 34.360091 34.867981 33.198911 32.189307 32.154223 29.778696 28.34423 30.069183 28.991067 30.514939 28.533594 29.787342 29.660182 29.055175 28.993963 27.823644 27.876045 25.576689 27.55095 26.593202 22.874963 20.271759 20.45996 19.147858 21.73261 20.619785 23.12793 24.349395 26.586722 27.924281 26.879898 27.287491 24.76893 25.821082 24.720935 25.505581 24.566376 25.509293 28.343644 27.017394 23.546353 23.069486 22.77241 19.550749 19.458381 21.800356 21.924595 22.005379 23.334973 23.298081 26.422585 25.551436 29.117592 30.435509 28.405703 29.366999 32.969738 33.074754 31.612845 34.255175 36.95521 36.137465 36.194269 32.409252 32.297606 29.243614 29.384419 30.697112 27.950073 24.828435 21.390273 18.110776 17.762581 14.626195 13.970992 11.473605 10.156381 11.643401 12.369245 15.161278 16.181276 14.923337 12.905516 11.787894 9.843224 9.610993 9.819863 11.433469 13.500864 15.121312 18.447189 
19.808876 17.144888 14.834134 15.179129 13.453676 10.048283 10.777671 9.278261 12.422182 13.676528 17.322958 16.546345 17.515365 16.175478 12.768973 9.571548 6.551237 3.792161 0.0 3.800964 5.804305 9.580979 11.909318 11.280656 8.688866 5.512507 5.185044 6.218317 8.745803 11.311229 14.733996 17.878601 16.49429 18.410596 17.253123 13.809404 12.664072 9.310079 9.728504 10.689478 14.331506 17.174186 18.425855 21.797308 22.32828 25.339675 27.626883 28.170217 24.680201 24.073964 20.470073 19.413967 16.626015 16.20817 14.41328 14.361393 13.665763 15.00519 15.974849 16.655446 19.065568 20.590537 20.263563 17.342036 17.585654 16.216276 17.720159 18.361604 18.225805 19.858096 22.561002 25.892755 28.153228 31.968583 31.788249 28.540299 27.083742 23.774685 23.714049 22.232881 22.754945 21.727924 21.612271 20.719602 20.458682 20.750732 23.92327 24.91791 25.865551 25.899973 29.402374 31.583645 34.801455 35.503002 36.379262 36.609012 34.6557 33.272163 32.900193 30.204798 28.391809 30.236308 29.62544 31.536606 29.876107 31.523573 31.491651 31.26682 31.387909 30.548906 30.74765 28.644829 30.761179 29.831791 26.095814 23.318199 23.096116 21.311081 23.8271 23.095023 25.912263 27.342944 29.478736 30.821639 29.527408 29.795071 27.17653 27.877661 26.70753 27.128339 26.329528 26.921054 29.898316 28.391333 24.786239 23.764391 23.098822 19.576341 18.780323 20.923579 20.825526 21.459401 22.887591 23.337546 26.381363 25.877962 29.392288 30.912131 29.295146 30.25986 33.778993 34.168933 33.002756 35.517166 38.252783 37.785914 37.897575 34.133352 33.786881 30.630523 30.753737 31.6925 28.873422 25.591579 22.267431 18.768578 18.322622 15.098616 14.430383 12.799692 12.187228 14.451862 15.632599 18.683958 19.803746 18.257034 15.889296 14.134289 11.395053 10.444027 9.245727 10.654191 11.894688 13.838309 16.854341 
16.669177 13.718635 11.473428 11.617309 10.341422 7.402947 9.347067 9.096882 12.767872 14.950546 18.69186 18.435691 19.918794 19.116437 15.960205 12.525344 10.000098 6.627885 3.800964 0.0 3.813316 6.985695 8.811052 8.52515 6.974908 4.974792 7.065705 9.040782 12.173768 14.547548 18.090588 21.007479 19.197233 20.598759 18.883308 15.168911 13.241007 9.566888 8.773095 8.414275 11.698503 14.220443 15.489831 18.957007 19.801413 22.763129 25.350131 25.674378 22.169075 21.832846 18.437714 17.616383 15.368523 15.629402 14.682823 15.083731 15.237528 16.658474 18.313691 19.076545 21.87065 23.127926 22.341345 19.089238 18.614357 16.762694 17.562374 17.420373 17.275838 18.450367 21.092425 24.153089 26.443868 30.245848 30.348614 27.341217 26.035218 22.988925 22.862846 21.670943 22.155352 21.735743 21.706794 21.475364 21.738976 22.633891 25.984044 26.601979 27.062307 26.784947 30.071343 32.032399 34.999542 35.573985 36.055314 36.223813 34.212277 32.510757 32.1236 29.179622 27.349153 29.574222 29.256797 31.253624 29.629602 31.448488 31.163572 31.162272 31.200252 30.656361 30.819939 28.916532 31.138739 30.216962 26.505428 23.495526 22.687581 20.373142 22.795166 22.608318 25.790158 27.393487 29.3091 30.668326 29.104453 29.334882 26.793568 27.27845 26.363487 26.714746 26.406147 27.049131 30.310528 29.064562 25.562991 24.128223 23.696038 20.165369 19.208397 20.720581 19.944528 20.552549 21.519998 21.948336 24.647716 24.117547 27.441898 29.331783 27.971807 28.640625 32.136218 32.920967 31.836396 34.063166 36.957575 36.804713 36.755275 33.016278 32.303262 28.999303 28.950624 29.49993 26.596074 23.271422 20.063922 16.517317 16.243916 13.301581 13.24294 12.477977 12.990572 15.506467 17.440524 20.649739 22.284223 20.998289 18.966948 17.108455 14.214964 12.422126 10.471972 10.574859 10.639641 11.857436 14.327083 
15.48695 12.765479 11.474842 12.483645 12.222849 10.09317 12.458069 12.664426 16.335356 18.426979 22.195363 21.892686 23.056512 21.880562 18.516588 15.207402 12.295938 9.297986 5.804305 3.813316 0.0 3.804627 6.530006 7.100897 4.953976 4.807544 7.323071 10.4317 13.42006 16.423854 20.010742 23.243861 21.832468 23.546994 21.851621 18.198406 16.082374 12.303999 10.790095 9.758711 12.693777 15.417268 17.314151 20.56783 21.194952 23.732774 26.211034 25.996502 22.307979 21.484585 18.104087 16.59424 14.24888 14.023246 13.53337 13.291128 14.177614 16.35326 18.337215 19.824195 22.770806 24.455603 23.985301 20.628886 19.947494 17.562667 18.604095 18.493308 19.071496 20.53349 23.470774 26.462493 29.026031 32.771322 32.891751 30.05549 28.500714 25.426801 24.816205 23.259866 23.143418 22.633326 21.979993 21.825155 22.547227 23.501936 27.031558 27.946659 28.256223 28.35619 31.664481 33.875806 36.801942 37.02051 37.401036 37.193604 34.854068 32.893968 32.069853 28.940643 26.681045 28.775829 28.883944 31.273109 30.086828 32.286538 32.326193 32.726575 33.138344 32.914413 33.417416 31.777463 34.224814 33.541394 29.795229 26.919022 25.971431 23.611446 26.175176 26.203622 29.428348 30.897127 32.635867 33.771039 31.965451 31.86813 29.0901 29.15153 27.908377 27.760366 27.315385 27.446543 30.652762 29.09573 25.495576 23.643817 22.73273 19.037233 17.421338 18.805662 18.055311 19.314354 20.624934 21.698254 24.441555 24.489608 27.798939 29.586225 28.64913 29.590575 32.879082 33.706468 33.03589 35.300095 38.024184 38.135525 38.355135 34.707666 34.036104 30.845595 31.066995 31.478496 28.760609 25.267275 22.370405 18.683037 17.885095 14.765563 14.117297 14.00898 14.590254 17.667309 19.645107 23.07894 24.682206 22.930808 20.530001 18.096241 14.713927 12.539914 9.659169 9.676367 8.988507 10.909297 13.096488 
13.362358 10.61091 10.415994 11.720483 12.62168 11.576158 14.605094 15.535369 19.295606 21.732828 25.50689 25.396314 26.715218 25.653408 22.31476 18.973186 16.095354 13.041724 9.580979 6.985695 3.804627 0.0 3.782839 6.24243 5.646162 7.6311 10.632033 14.013981 17.057988 20.12743 23.743803 26.977616 25.514164 27.095071 25.175359 21.461478 18.995237 15.208139 12.998431 10.941102 12.981757 15.278411 17.406234 20.469312 21.239783 23.405153 26.014325 25.292793 21.583749 20.722215 17.689381 16.004564 14.246125 14.283765 14.75982 14.465464 16.198334 18.651103 21.04453 22.820692 25.949002 27.652167 27.083193 23.579902 22.465778 19.67481 20.349451 19.735401 20.617609 21.829456 24.747688 27.423059 30.063968 33.704449 34.048089 31.506748 29.989069 27.151251 26.306149 24.825549 24.403233 24.27367 23.393526 23.703725 24.921164 26.208642 29.851344 30.674984 30.640772 30.71705 33.857961 36.013525 38.728212 38.697231 38.755005 38.321205 35.802934 33.502684 32.438804 29.07124 26.591775 28.859604 29.438429 32.062703 31.157921 33.632862 33.657298 34.394427 34.913395 35.021855 35.632749 34.233973 36.799664 36.201414 32.495094 29.554248 28.229375 25.565805 28.04026 28.479872 31.894489 33.427277 34.961348 36.023354 33.977947 33.730518 30.950662 30.683044 29.48817 29.058801 28.88913 28.798825 32.105919 30.590106 27.083076 24.789015 23.798666 20.146423 18.102849 18.85331 17.592456 19.22044 20.312239 21.734256 24.125719 24.496781 27.551565 29.547048 29.070744 29.907031 33.002961 34.150124 33.768407 35.79701 38.518724 39.000527 39.230204 35.693971 34.776502 31.581704 31.790485 31.814015 29.16665 25.65151 23.088565 19.462628 18.594089 15.808206 15.360219 16.112852 17.287336 20.559383 22.862004 26.394545 28.206454 26.435557 24.070487 21.443707 17.919653 15.374061 12.037131 11.250455 9.254036 10.701259 11.831654 
