0.0 3.765006 6.532505 8.250134 6.169973 6.296798 9.905896 10.887044 10.244273 12.017534 14.780624 15.495328 16.459555 18.080125 20.187871 21.815873 24.338564 25.429227 23.751102 21.00119 19.434947 19.36133 18.227397 20.993969 20.639159 21.403385 18.881504 16.238221 17.814819 17.651086 14.010695 13.176342 15.821004 14.589557 10.780693 10.337697 13.984656 13.812609 13.167864 16.477991 18.528435 21.56616 22.947162 20.695495 20.153343 18.786415 22.101922 22.621262 19.324869 19.906973 23.515203 22.744373 20.164065 22.201206 24.578641 26.861424 27.250804 26.883994 24.795471 21.789649 18.792666 17.478019 13.962925 13.966066 15.358578 12.683318 9.988834 12.487948 13.151781 9.787763 9.931983 13.581865 13.937611 11.911208 14.60521 
3.765006 0.0 3.855688 5.454017 5.158821 6.085796 8.65105 10.185624 10.846429 12.213335 14.387225 15.776775 17.256558 18.284611 20.163952 22.377998 24.684513 25.438522 23.292372 20.373733 18.520798 19.074838 18.682851 21.860522 22.069529 23.121068 20.328008 17.925876 20.09158 19.924435 16.144263 15.922045 18.816382 17.459217 13.684876 13.712288 17.464486 17.461877 16.490569 19.713214 21.961509 24.893325 25.970103 23.467665 22.474908 20.967175 23.990637 24.2766 20.715815 21.129958 24.53565 23.432519 20.498848 22.440781 24.422902 26.561827 27.462824 27.058978 25.437334 22.137502 18.88161 16.862379 13.111486 12.875842 15.139013 13.078536 10.020452 12.757259 14.338017 11.647486 11.378688 15.160369 16.236271 14.575136 16.927546 
6.532505 3.855688 0.0 3.804899 5.252289 4.662568 5.900137 8.587586 9.719539 9.998947 11.953673 14.111359 15.485889 15.795137 17.789711 20.344086 22.231048 22.564943 20.110656 17.310682 15.117377 15.890901 16.031104 19.424666 20.108394 21.491614 18.609545 16.403412 19.145334 19.199697 15.441782 15.7741 19.024754 17.927295 14.362744 14.676902 18.490478 18.878777 17.265058 20.130203 22.818778 25.655439 26.243381 23.326912 21.908944 20.028882 22.62599 22.891632 19.197628 19.181466 22.390012 21.249608 17.992462 19.625529 21.424026 23.324965 24.49769 23.998331 22.724378 19.254834 15.897246 13.466738 9.674856 9.51845 12.266145 10.632108 7.790644 10.92132 12.872979 11.04767 11.16591 14.769607 16.124107 15.348661 17.764227 
8.250134 5.454017 3.804899 0.0 3.784104 5.431661 5.168401 6.56901 8.998927 10.009054 10.846768 12.76344 15.004685 15.448191 16.659797 19.478003 21.629357 22.246432 19.817351 16.553051 14.942564 16.442209 16.845202 20.486167 21.601738 22.511125 19.226221 17.668278 20.456935 19.8291 16.082623 17.12739 20.031699 18.293935 14.905606 16.087643 19.851689 20.759118 19.573989 22.227964 25.073238 28.184557 28.998384 26.076474 24.912359 22.711675 25.238549 25.880802 22.266833 21.804626 25.057431 24.229133 20.797008 21.931076 23.817817 25.260982 26.475897 25.494534 24.292648 20.664029 17.634774 14.907068 11.118361 11.932525 14.897629 13.087627 10.946139 14.377133 16.013575 14.110079 14.729263 18.335345 19.343573 18.535323 21.19359 
6.169973 5.158821 5.252289 3.784104 0.0 3.783771 5.431042 5.369429 6.589772 8.79943 10.2129 11.126345 13.235255 14.564614 15.834101 18.085626 20.70145 21.874428 20.000286 16.715921 15.636643 16.569422 16.145792 19.53065 20.221721 20.651912 17.383918 15.787725 18.103264 17.132032 13.373747 14.292125 16.8758 14.866066 11.438835 12.868572 16.547711 17.669012 16.91102 19.486708 22.279421 25.600609 26.759767 24.033553 23.357188 21.113382 23.915684 24.932415 21.535115 21.067577 24.607731 24.193698 20.989712 22.121741 24.500912 26.016351 26.698993 25.59815 23.869751 20.432099 17.700034 15.620154 11.909963 13.194666 15.400099 12.768123 10.970017 14.512456 15.311963 12.768062 13.952105 17.550062 17.867707 16.830841 19.855932 
6.296798 6.085796 4.662568 5.431661 3.783771 0.0 3.852447 5.532052 5.27116 6.143232 8.669274 10.115103 11.252693 12.242458 14.291629 16.382232 18.633661 19.50599 17.631827 14.75624 13.272744 13.57876 12.929693 16.214903 16.780076 17.591247 14.530673 12.565245 15.148654 14.762207 10.976539 11.759581 14.837876 13.541445 10.175444 11.15444 14.887098 16.013051 14.562573 16.956835 19.995082 23.143368 23.910325 20.938543 20.011701 17.631325 20.287748 21.276245 17.86968 17.30083 20.825606 20.470696 17.285961 18.422138 20.909409 22.522256 23.066311 22.112156 20.31246 16.94017 14.117051 12.330497 8.717193 10.064309 11.823636 9.008221 7.523977 11.183216 11.730688 9.525634 11.17372 14.540302 14.822826 14.399732 17.524992 
9.905896 8.65105 5.900137 5.168401 5.431042 3.852447 0.0 3.799214 5.494155 5.081561 6.100623 8.598969 10.293474 10.360482 11.963627 14.730222 16.652763 17.20761 14.934117 11.794329 10.288758 11.486821 11.777277 15.480219 16.896467 17.770868 14.411152 13.208944 16.344318 15.784086 12.241012 13.960769 16.984725 15.606048 12.743818 14.290708 17.840228 19.366157 17.715228 19.695373 23.009972 26.108058 26.571081 23.338415 22.148558 19.40753 21.537822 22.613505 19.193219 18.027031 21.254545 20.975794 17.447237 17.953282 20.204387 21.270043 22.168809 20.830225 19.514622 15.871253 13.192483 10.69027 7.131221 9.339893 11.701186 9.527312 8.834185 12.574637 13.42189 12.150366 13.906066 17.024343 17.526529 17.656802 20.694073 
10.887044 10.185624 8.587586 6.56901 5.369429 5.532052 3.799214 0.0 3.854541 5.560751 5.278609 6.285211 9.057905 10.068565 10.697432 13.259918 15.842606 17.146143 15.422939 11.893733 11.598674 12.97855 12.850931 16.404989 17.850783 17.909684 14.260377 13.740624 16.462081 15.011849 11.620143 13.917733 16.304277 14.202001 11.690788 14.119837 17.41937 19.46884 18.438083 20.157746 23.491611 26.878922 27.726417 24.667544 23.988709 21.069423 23.297336 24.849663 21.673796 20.269554 23.640393 23.816425 20.403828 20.594471 23.143423 23.918529 24.487864 22.725865 21.139573 17.625831 15.54967 13.427091 10.28578 12.966185 14.942617 12.314275 12.043764 15.81176 16.074732 14.349573 16.507844 19.646639 19.580616 19.480637 22.801452 
10.244273 10.846429 9.719539 8.998927 6.589772 5.27116 5.494155 3.854541 0.0 3.84879 5.512371 5.267063 6.740508 8.775984 10.186844 11.80011 14.624799 16.284915 15.176758 12.112791 11.996292 12.232832 11.002169 14.115829 14.98112 14.752159 11.233773 10.461581 12.829605 11.323937 7.827164 10.139881 12.464005 10.534985 8.165702 10.715869 13.818202 16.124782 15.104545 16.524117 19.933027 23.365156 24.281102 21.298243 20.940877 17.949241 20.309633 22.166194 19.255524 17.828353 21.389129 21.945641 18.847293 19.077271 22.053183 22.999385 23.005192 21.306045 19.174438 15.9676 14.177864 12.964103 10.181174 12.952848 13.968571 10.70323 11.019454 14.587521 13.986215 12.046862 14.803792 17.623913 16.939409 17.012499 20.555855 
12.017534 12.213335 9.998947 10.009054 8.79943 6.143232 5.081561 5.560751 3.84879 0.0 3.840109 5.572907 5.644707 6.117385 8.566285 10.527167 12.52127 13.472206 11.998549 9.303101 8.587603 8.476711 7.537261 10.999963 12.358694 12.813245 9.35204 8.56219 11.771437 11.112591 7.925542 10.389029 13.23629 12.278284 10.2979 12.16688 15.147089 17.319748 15.499108 16.61606 20.262954 23.365373 23.671723 20.331559 19.459565 16.227469 18.080039 19.831087 16.878317 15.041875 18.364822 18.936352 15.670947 15.553265 18.456637 19.221547 19.344493 17.619513 15.732777 12.345277 10.490651 9.23073 6.876769 10.135715 10.879592 7.948593 9.204336 12.606359 12.025715 11.131798 14.045729 16.450818 16.036692 16.904959 20.276391 
14.780624 14.387225 11.953673 10.846768 10.2129 8.669274 6.100623 5.278609 5.512371 3.840109 0.0 3.756662 5.475457 5.054247 5.87535 8.824417 10.821912 11.874162 10.254202 6.817475 7.182524 8.464735 8.612126 12.172552 14.359659 14.412098 10.712199 11.168938 14.33562 13.075278 10.442529 13.561692 15.913059 14.498035 12.980226 15.443022 18.238299 20.726827 19.142874 20.035115 23.734701 26.897026 27.201455 23.8382 22.98505 19.59238 21.078866 22.969914 20.125352 17.905246 20.914401 21.624542 18.211383 17.497231 20.153339 20.27244 20.632358 18.375956 16.948418 13.495289 12.195269 10.427082 8.558348 12.201643 13.427587 11.134492 12.444699 15.87009 15.577807 14.930064 17.705647 20.151876 19.841326 20.731697 24.087115 
15.495328 15.776775 14.111359 12.76344 11.126345 10.115103 8.598969 6.285211 5.267063 5.572907 3.756662 0.0 3.825693 5.748387 5.466855 7.176919 10.279741 12.46588 11.942231 8.76529 10.254733 10.914565 10.02204 12.912098 14.674636 13.742267 9.944421 11.02906 13.437031 11.244864 9.016347 12.571984 14.14233 12.20093 11.359163 14.455041 16.788293 19.744479 18.725268 19.262222 22.90682 26.275861 26.949091 23.836734 23.563216 20.107791 21.755198 24.100813 21.577625 19.312531 22.492583 23.644553 20.518757 19.748044 22.752539 22.833917 22.674723 20.218499 18.300533 15.256412 14.542799 13.502011 11.810509 15.388347 16.15787 13.335168 14.751315 18.15187 17.254418 16.114269 19.224585 21.618536 20.704252 21.394931 24.978798 
16.459555 17.256558 15.485889 15.004685 13.235255 11.252693 10.293474 9.057905 6.740508 5.644707 5.475457 3.825693 0.0 3.802104 5.266878 5.434186 8.24717 10.494988 10.627082 8.454843 9.869466 9.17981 7.227569 9.494802 11.057502 9.930618 6.138664 7.719856 10.097385 8.190917 6.63791 10.413112 11.939405 10.876722 10.714408 13.386768 15.241142 18.311975 16.940986 16.892543 20.663272 23.820802 24.195492 21.009678 20.794158 17.16902 18.50949 21.129088 18.96788 16.413241 19.497383 21.07735 18.261623 17.232258 20.510239 20.551538 19.886046 17.409489 15.103594 12.427583 12.296053 12.228457 11.356417 14.922125 14.766851 11.887028 14.126341 17.055557 15.494254 14.818807 18.296847 20.119719 18.832933 20.068567 23.63145 
18.080125 18.284611 15.795137 15.448191 14.564614 12.242458 10.360482 10.068565 8.775984 6.117385 5.054247 5.748387 3.802104 0.0 3.802327 5.400844 6.471638 7.529148 6.946625 4.981832 6.39896 5.820702 5.043943 7.880163 10.5632 10.368787 6.932126 8.625502 11.742971 10.827658 9.485806 12.890962 14.892683 14.358711 13.920034 16.128461 18.173924 20.944654 19.031605 19.011724 22.857116 25.719525 25.583914 22.119187 21.329116 17.618484 18.377518 20.724573 18.483612 15.569064 18.202217 19.66592 16.62986 15.082363 18.041999 17.638072 17.324201 14.614397 12.927812 9.941463 10.006921 9.643965 9.593663 13.349538 13.249826 11.188871 13.834099 16.558231 15.391654 15.565568 18.830856 20.460033 19.659766 21.345608 24.67121 
20.187871 20.163952 17.789711 16.659797 15.834101 14.291629 11.963627 10.697432 10.186844 8.566285 5.87535 5.466855 5.266878 3.802327 0.0 3.81808 5.482286 7.423807 7.356441 4.797415 7.913206 8.680682 8.675921 11.026069 13.833387 12.975457 9.603184 11.952887 14.60691 12.906678 11.873242 15.614426 17.091109 15.940646 15.799417 18.567232 20.504636 23.558402 22.051137 21.975599 25.784933 28.810249 28.894734 25.545802 24.969944 21.236842 21.965676 24.444775 22.278576 19.31117 21.821778 23.356994 20.289308 18.544031 21.306088 20.498101 20.303149 17.25004 15.891839 13.139762 13.518049 12.765726 12.552096 16.390706 16.755573 14.775678 17.097313 20.059086 19.075368 18.981005 22.19903 24.057618 23.227797 24.676828 28.10211 
21.815873 22.377998 20.344086 19.478003 18.085626 16.382232 14.730222 13.259918 11.80011 10.527167 8.824417 7.176919 5.434186 5.400844 3.81808 0.0 3.839158 7.300657 8.957395 7.798648 10.842106 10.445981 9.273184 10.383312 12.722722 10.925202 8.003054 11.221019 13.054914 10.991402 11.081829 14.879572 15.633963 14.744352 15.512459 18.303744 19.560992 22.901763 21.599277 20.905781 24.643867 27.594454 27.716865 24.559136 24.413607 20.618512 21.159706 24.076106 22.413308 19.284132 21.725985 23.806024 21.166987 19.23905 22.31165 21.43273 20.557469 17.374721 15.499341 13.468443 14.624261 14.822478 14.991303 18.7412 18.425948 16.180766 18.87293 21.565991 19.931943 19.816717 23.34094 24.841822 23.468591 25.081568 28.577062 
24.338564 24.684513 22.231048 21.629357 20.70145 18.633661 16.652763 15.842606 14.624799 12.52127 10.821912 10.279741 8.24717 6.471638 5.482286 3.839158 0.0 3.794892 6.55431 7.091747 10.186162 9.488295 8.994488 9.380369 12.339084 11.069 8.980323 12.332046 14.365972 13.137784 13.572329 17.101686 18.077309 17.786851 18.539378 20.938058 22.140378 25.30835 23.583405 22.674657 26.438271 29.058283 28.69677 25.386364 24.902289 21.065984 20.94021 23.758736 22.339049 18.87249 20.722096 22.954328 20.446497 17.937613 20.716183 19.266337 18.360559 14.873135 13.520656 11.901739 13.802005 14.291579 15.394586 19.020462 18.412638 16.840727 19.928624 22.235734 20.653308 21.236192 24.678811 25.812877 24.62498 26.701956 29.994308 
25.429227 25.438522 22.564943 22.246432 21.874428 19.50599 17.20761 17.146143 16.284915 13.472206 11.874162 12.46588 10.494988 7.529148 7.423807 7.300657 3.794892 0.0 3.787788 6.30166 8.707482 7.910752 8.57602 8.827224 12.345296 12.148726 10.539789 13.346725 15.840472 15.442306 15.622063 18.836388 20.308718 20.402866 20.769274 22.775782 24.206018 27.061756 24.888181 24.095298 27.875333 30.224671 29.431266 25.928427 24.940571 21.171347 20.581551 23.027243 21.598793 17.992374 19.309026 21.366336 18.836101 15.927967 18.247484 16.335689 15.747484 12.109522 11.601804 10.035955 12.228907 12.680996 14.562562 17.921782 17.232802 16.437618 19.677615 21.637161 20.364791 21.574413 24.765511 25.671 24.885707 27.282502 30.321048 
23.751102 23.292372 20.110656 19.817351 20.000286 17.631827 14.934117 15.422939 15.176758 11.998549 10.254202 11.942231 10.627082 6.946625 7.356441 8.957395 6.55431 3.787788 0.0 3.833696 5.344532 5.543569 7.796483 9.320514 13.060884 13.732749 11.650963 13.611725 16.749093 16.632942 15.965834 19.034492 21.10355 21.060929 20.733798 22.594744 24.553982 27.112896 24.725547 24.471569 28.288647 30.676181 29.838924 26.175166 24.76903 21.111528 20.736929 22.690898 20.76237 17.377132 18.757736 20.188267 17.23037 14.536319 16.485604 14.70369 14.963768 11.634501 11.728689 9.250391 10.480306 9.972652 11.847001 15.113832 14.958658 14.610154 17.547953 19.58549 18.933419 20.269739 23.118986 24.256326 24.000984 26.28586 29.195683 
21.00119 20.373733 17.310682 16.553051 16.715921 14.75624 11.794329 11.893733 12.112791 9.303101 6.817475 8.76529 8.454843 4.981832 4.797415 7.798648 7.091747 6.30166 3.833696 0.0 3.812378 5.745741 7.81051 10.541084 13.98267 14.359843 11.427148 13.109893 16.420558 15.751589 14.412844 17.694499 19.860509 19.229217 18.531404 20.71973 23.014357 25.620932 23.520779 23.690629 27.532673 30.256834 29.843013 26.230317 24.983687 21.341534 21.644439 23.588625 21.228992 18.186076 20.202147 21.314621 18.024036 15.997452 18.159314 17.018032 17.505785 14.519578 14.110798 11.020197 11.153511 9.747847 10.331415 13.965416 14.55377 13.61873 16.023615 18.656623 18.272938 18.960051 21.774121 23.461586 23.268912 25.061872 28.157175 
19.434947 18.520798 15.117377 14.942564 15.636643 13.272744 10.288758 11.598674 11.996292 8.587603 7.182524 10.254733 9.869466 6.39896 7.913206 10.842106 10.186162 8.707482 5.344532 3.812378 0.0 3.830292 7.07976 10.298525 13.558923 14.893449 12.169427 12.796598 16.479636 16.53849 14.701802 17.408186 20.140294 19.833491 18.564205 20.194844 22.811835 24.944978 22.476628 23.02078 26.785733 29.324229 28.688482 24.967402 23.272337 19.853848 20.190175 21.603014 18.928252 16.164589 18.10063 18.65265 15.137058 13.424915 15.266963 14.500525 15.545364 13.131193 13.056245 9.522964 8.619971 6.364298 7.146457 10.49871 11.336645 11.042126 13.265591 15.666923 15.7929 16.859668 19.273535 20.913494 21.219946 23.08512 25.909819 
19.36133 19.074838 15.890901 16.442209 16.569422 13.57876 11.486821 12.97855 12.232832 8.476711 8.464735 10.914565 9.17981 5.820702 8.680682 10.445981 9.488295 7.910752 5.543569 5.745741 3.830292 0.0 3.795179 6.675348 9.905925 11.662872 9.491008 9.915753 13.545695 14.235364 12.850962 15.225922 17.947746 18.29351 17.351751 18.554284 20.809822 22.875483 20.155466 20.310392 24.057606 26.355251 25.462878 21.712481 20.009568 16.50972 16.553894 18.137043 15.752345 12.69685 14.591324 15.570224 12.318318 10.313813 12.72266 12.119927 12.472792 10.073615 9.419251 5.818647 5.420686 4.852914 6.88708 10.033943 9.517566 9.124934 12.193969 14.060533 13.460575 14.974324 17.679023 18.765659 18.730636 21.035938 23.809861 
18.227397 18.682851 16.031104 16.845202 16.145792 12.929693 11.777277 12.850931 11.002169 7.537261 8.612126 10.02204 7.227569 5.043943 8.675921 9.273184 8.994488 8.57602 7.796483 7.81051 7.07976 3.795179 0.0 3.859875 6.591341 8.086412 5.904464 6.224808 9.76934 10.626532 9.592792 11.876445 14.40623 15.094159 14.550321 15.629253 17.502282 19.72328 17.085095 16.8705 20.654462 23.004189 22.248527 18.578678 17.294105 13.602525 13.878704 16.008382 13.893695 10.73502 13.178902 14.743553 11.910901 10.220982 13.442131 13.375121 12.725409 10.490459 8.434624 5.282465 5.460158 6.690909 7.998191 11.043672 9.666969 8.137753 11.630638 13.42139 11.851928 13.057775 16.263732 17.132347 16.414521 18.795115 21.773102 
20.993969 21.860522 19.424666 20.486167 19.53065 16.214903 15.480219 16.404989 14.115829 10.999963 12.172552 12.912098 9.494802 7.880163 11.026069 10.383312 9.380369 8.827224 9.320514 10.541084 10.298525 6.675348 3.859875 0.0 3.75837 5.587888 5.380655 6.269344 8.764028 10.333031 10.61239 12.435986 14.402398 15.840222 16.040785 16.761122 17.887084 20.11956 17.391294 16.387888 20.032301 21.979454 20.844943 17.253998 16.14088 12.392228 11.831209 14.425302 13.189825 9.583287 11.459589 13.899592 11.904999 9.650223 13.086731 12.746762 11.043008 8.687553 5.730039 4.296844 6.614326 9.34048 11.354452 13.841156 11.575446 10.377992 14.142387 15.187184 12.922905 14.558392 17.858927 17.982295 16.786809 19.638782 22.439827 
20.639159 22.069529 20.108394 21.601738 20.221721 16.780076 16.896467 17.850783 14.98112 12.358694 14.359659 14.674636 11.057502 10.5632 13.833387 12.722722 12.339084 12.345296 13.060884 13.98267 13.558923 9.905925 6.591341 3.75837 0.0 3.862253 5.554213 5.016814 6.23395 8.939898 9.782716 10.552517 12.277083 14.48595 14.96408 15.018841 15.591232 17.573311 14.765922 13.302986 16.773616 18.474772 17.229307 13.722455 12.915053 9.161274 8.620406 11.70293 10.997355 7.631948 9.842268 12.696432 11.471518 9.962266 13.670208 14.08348 11.766835 10.368515 6.676533 6.551932 8.186894 11.433811 13.02266 14.930258 12.078197 10.514181 14.144654 14.654406 11.653482 13.206966 16.571865 16.173418 14.406762 17.435135 20.131905 
21.403385 23.121068 21.491614 22.511125 20.651912 17.591247 17.770868 17.909684 14.752159 12.813245 14.412098 13.742267 9.930618 10.368787 12.975457 10.925202 11.069 12.148726 13.732749 14.359843 14.893449 11.662872 8.086412 5.587888 3.862253 0.0 3.807465 5.249952 4.913701 6.404937 8.526848 9.902206 10.55455 12.556699 13.919561 14.575413 14.584897 17.208644 15.0913 13.12845 16.61265 18.653433 17.969152 14.867104 14.978451 11.292697 11.199048 14.700404 14.261819 11.222896 13.48473 16.45502 15.265359 13.768844 17.448762 17.565544 15.16553 13.258161 9.661719 9.585424 11.404989 14.150168 15.249072 17.670421 15.248008 13.064543 16.469517 17.505829 14.385944 15.099869 18.748562 18.671503 16.412478 18.996719 22.003674 
18.881504 20.328008 18.609545 19.226221 17.383918 14.530673 14.411152 14.260377 11.233773 9.35204 10.712199 9.944421 6.138664 6.932126 9.603184 8.003054 8.980323 10.539789 11.650963 11.427148 12.169427 9.491008 5.904464 5.380655 5.554213 3.807465 0.0 3.825716 5.440177 5.306748 6.123823 8.75091 9.972266 10.925579 11.771419 13.163502 13.957241 16.852426 14.912984 13.746431 17.509137 20.097596 19.865636 16.63545 16.55415 12.766965 13.424839 16.550753 15.247175 12.316316 15.099509 17.478241 15.502093 14.177037 17.826999 17.950754 16.267918 14.05661 10.895231 9.444412 10.487686 12.332993 12.801837 15.713536 14.010475 11.405877 14.596946 16.382809 13.747103 13.951097 17.690552 18.370791 16.463107 18.586376 21.894469 
16.238221 17.925876 16.403412 17.668278 15.787725 12.565245 13.208944 13.740624 10.461581 8.56219 11.168938 11.02906 7.719856 8.625502 11.952887 11.221019 12.332046 13.346725 13.611725 13.109893 12.796598 9.915753 6.224808 6.269344 5.016814 5.249952 3.825716 0.0 3.81571 5.548312 4.962781 6.170472 8.498858 10.055298 10.07277 10.540519 11.684121 14.025045 11.610669 10.877053 14.699895 17.265137 16.992106 13.598965 13.279696 9.560944 10.925663 13.739319 12.06025 9.664189 12.999229 14.958546 13.031322 12.568002 16.302014 17.223718 15.685381 14.281135 10.987538 9.303647 9.211453 11.198709 11.233989 13.503642 11.489352 8.554456 11.581913 13.061895 10.156607 10.271966 14.017553 14.588049 12.652996 14.822966 18.087226 
17.814819 20.09158 19.145334 20.456935 18.103264 15.148654 16.344318 16.462081 12.829605 11.771437 14.33562 13.437031 10.097385 11.742971 14.60691 13.054914 14.365972 15.840472 16.749093 16.420558 16.479636 13.545695 9.76934 8.764028 6.23395 4.913701 5.440177 3.81571 0.0 3.873708 5.442028 5.294469 6.095634 8.713658 9.873202 9.91091 9.754606 12.300624 10.343986 8.510557 12.174656 14.704425 14.68901 11.732341 12.407653 8.967899 10.479785 13.788559 12.946707 10.987966 14.131411 16.502619 15.331317 15.044899 18.823989 19.847836 17.761577 16.553365 12.904402 12.161229 12.55618 14.895157 14.925521 16.923602 14.650385 11.702831 14.379916 15.458139 12.059635 11.76387 15.460964 15.575009 12.84504 14.892236 18.105973 
17.651086 19.924435 19.199697 19.8291 17.132032 14.762207 15.784086 15.011849 11.323937 11.112591 13.075278 11.244864 8.190917 10.827658 12.906678 10.991402 13.137784 15.442306 16.632942 15.751589 16.53849 14.235364 10.626532 10.333031 8.939898 6.404937 5.306748 5.548312 3.873708 0.0 3.809595 5.560965 5.090504 6.24367 8.268804 9.675031 9.508314 12.881059 11.895583 10.380307 13.914093 16.937768 17.592621 14.99912 15.999768 12.692837 14.351661 17.628616 16.548762 14.531692 17.733702 20.011844 18.436629 17.959295 21.726151 22.438001 20.575228 18.83831 15.368709 14.202078 14.622992 16.316765 15.864885 18.415928 16.810853 13.51757 15.893074 17.702938 14.689049 13.696253 17.461644 18.242592 15.597404 16.977773 20.475661 
14.010695 16.144263 15.441782 16.082623 13.373747 10.976539 12.241012 11.620143 7.827164 7.925542 10.442529 9.016347 6.63791 9.485806 11.873242 11.081829 13.572329 15.622063 15.965834 14.412844 14.701802 12.850962 9.592792 10.61239 9.782716 8.526848 6.123823 4.962781 5.442028 3.809595 0.0 3.89872 5.568578 5.519758 5.649273 7.441083 8.762593 11.860255 10.661756 10.419779 14.11128 17.416315 18.214411 15.387937 15.877775 12.63794 14.873535 17.610005 15.753905 14.069722 17.645764 19.275856 17.193559 17.175495 20.814998 21.834309 20.55638 18.990127 15.818497 13.835704 13.294598 14.272313 13.081479 15.575825 14.512824 10.915771 12.779197 15.051523 12.512127 11.002 14.713035 16.125608 13.948248 14.912051 18.574356 
13.176342 15.922045 15.7741 17.12739 14.292125 11.759581 13.960769 13.917733 10.139881 10.389029 13.561692 12.571984 10.413112 12.890962 15.614426 14.879572 17.101686 18.836388 19.034492 17.694499 17.408186 15.225922 11.876445 12.435986 10.552517 9.902206 8.75091 6.170472 5.294469 5.560965 3.89872 0.0 3.744711 5.456604 5.130225 4.674377 5.626505 8.243449 6.810792 6.697823 10.355883 13.719281 14.739213 12.138015 12.976946 10.270998 13.165817 15.65374 13.956828 13.11164 16.804241 18.222361 16.649548 17.341453 20.947424 22.547623 21.108409 20.190627 16.834185 15.221016 14.32596 15.656398 14.380606 16.04634 14.565149 10.973815 12.338764 13.927608 10.97634 9.011582 12.562518 13.57964 10.896027 11.651054 15.269147 
15.821004 18.816382 19.024754 20.031699 16.8758 14.837876 16.984725 16.304277 12.464005 13.23629 15.913059 14.14233 11.939405 14.892683 17.091109 15.633963 18.077309 20.308718 21.10355 19.860509 20.140294 17.947746 14.40623 14.402398 12.277083 10.55455 9.972266 8.498858 6.095634 5.090504 5.568578 3.744711 0.0 3.770018 5.927797 6.00143 4.558809 8.109679 8.090086 6.73181 9.813688 13.286433 14.845329 12.935936 14.676165 12.249089 14.89116 17.760962 16.695524 15.789873 19.247423 21.076455 19.846025 20.288909 23.989315 25.385272 23.579083 22.470506 18.905692 17.745119 17.424094 18.978483 17.871284 19.735647 18.184751 14.643937 16.074033 17.588961 14.490199 12.519858 15.889862 16.66081 13.57105 14.076279 17.541817 
14.589557 17.459217 17.927295 18.293935 14.866066 13.541445 15.606048 14.202001 10.534985 12.278284 14.498035 12.20093 10.876722 14.358711 15.940646 14.744352 17.786851 20.402866 21.060929 19.229217 19.833491 18.29351 15.094159 15.840222 14.48595 12.556699 10.925579 10.055298 8.713658 6.24367 5.519758 5.456604 3.770018 0.0 3.811156 6.041513 5.795821 9.53263 10.248922 9.93716 12.736336 16.425078 18.303072 16.43093 17.948199 15.441712 18.166002 20.913486 19.400506 18.383342 21.994814 23.601167 21.886278 22.266703 25.919203 27.162586 25.707121 24.273337 20.918098 19.241655 18.686138 19.577464 17.942659 20.134675 19.273338 15.531 16.553992 18.734424 16.170385 13.71109 16.981571 18.4883 15.812845 15.722888 19.364028 
10.780693 13.684876 14.362744 14.905606 11.438835 10.175444 12.743818 11.690788 8.165702 10.2979 12.980226 11.359163 10.714408 13.920034 15.799417 15.512459 18.539378 20.769274 20.733798 18.531404 18.564205 17.351751 14.550321 16.040785 14.96408 13.919561 11.771419 10.07277 9.873202 8.268804 5.649273 5.130225 5.927797 3.811156 0.0 3.805001 5.998642 8.817421 9.125013 10.208817 13.066349 16.810043 18.616496 16.493623 17.446599 15.09567 18.182688 20.402737 18.296388 17.652422 21.450996 22.473725 20.444824 21.266665 24.720176 26.26325 25.274829 24.086858 20.990081 18.81777 17.522976 17.871482 15.668502 17.538229 17.133583 13.342064 13.66134 16.080705 14.041938 11.092961 14.083478 16.143787 13.985628 13.425829 17.142476 
10.337697 13.712288 14.676902 16.087643 12.868572 11.15444 14.290708 14.119837 10.715869 12.16688 15.443022 14.455041 13.386768 16.128461 18.567232 18.303744 20.938058 22.775782 22.594744 20.71973 20.194844 18.554284 15.629253 16.761122 15.018841 14.575413 13.163502 10.540519 9.91091 9.675031 7.441083 4.674377 6.00143 6.041513 3.805001 0.0 3.820477 5.422694 5.502962 7.368623 9.892339 13.56544 15.462899 13.554238 14.605544 12.866749 16.332481 18.171068 16.17437 16.24253 20.016908 20.787636 19.191537 20.566913 23.925439 25.931882 24.845026 24.211022 21.027312 19.135041 17.586165 18.284009 16.195617 17.32089 16.479033 12.856482 12.833769 14.507291 12.220425 9.008267 11.66793 13.322751 10.866721 9.98797 13.630875 
13.984656 17.464486 18.490478 19.851689 16.547711 14.887098 17.840228 17.41937 13.818202 15.147089 18.238299 16.788293 15.241142 18.173924 20.504636 19.560992 22.140378 24.206018 24.553982 23.014357 22.811835 20.809822 17.502282 17.887084 15.591232 14.584897 13.957241 11.684121 9.754606 9.508314 8.762593 5.626505 4.558809 5.795821 5.998642 3.820477 0.0 3.836156 5.413848 5.55581 7.478649 11.289127 13.674348 12.432299 14.406407 12.97357 16.285446 18.469892 17.215559 17.297678 20.856307 22.079581 21.015846 22.22523 25.722671 27.657581 26.090209 25.471853 22.000488 20.679131 19.685502 20.942763 19.300162 20.496906 19.170184 15.647671 16.086353 17.313599 14.508616 11.741537 14.366689 15.252395 12.135978 11.499626 14.801784 
13.812609 17.461877 18.878777 20.759118 17.669012 16.013051 19.366157 19.46884 16.124782 17.319748 20.726827 19.744479 18.311975 20.944654 23.558402 22.901763 25.30835 27.061756 27.112896 25.620932 24.944978 22.875483 19.72328 20.11956 17.573311 17.208644 16.852426 14.025045 12.300624 12.881059 11.860255 8.243449 8.109679 9.53263 8.817421 5.422694 3.836156 0.0 3.809637 5.413909 5.665139 9.214516 11.962146 11.302377 13.302704 12.870131 16.462884 17.979957 16.763604 17.685987 21.113224 21.867215 21.150843 22.943557 26.193768 28.563952 27.104467 26.996751 23.622805 22.383677 21.007931 22.255398 20.510278 21.020705 19.624008 16.406555 16.243954 16.84686 14.23614 11.313421 13.065811 13.605573 10.511952 9.090794 11.922927 
13.167864 16.490569 17.265058 19.573989 16.91102 14.562573 17.715228 18.438083 15.104545 15.499108 19.142874 18.725268 16.940986 19.031605 22.051137 21.599277 23.583405 24.888181 24.725547 23.520779 22.476628 20.155466 17.085095 17.391294 14.765922 15.0913 14.912984 11.610669 10.343986 11.895583 10.661756 6.810792 8.090086 10.248922 9.125013 5.502962 5.413848 3.809637 0.0 3.788516 5.554856 8.690223 10.309464 8.652732 9.963041 9.356109 13.072472 14.3895 12.975846 14.010349 17.436065 18.068075 17.398346 19.307065 22.481483 24.964078 23.559668 23.684868 20.422397 19.225007 17.722497 19.16612 17.720541 17.976885 16.225394 13.239033 13.326291 13.518306 10.641474 8.143194 10.149704 10.267836 6.958575 6.491637 9.653394 
16.477991 19.713214 20.130203 22.227964 19.486708 16.956835 19.695373 20.157746 16.524117 16.61606 20.035115 19.262222 16.892543 19.011724 21.975599 20.905781 22.674657 24.095298 24.471569 23.690629 23.02078 20.310392 16.8705 16.387888 13.302986 13.12845 13.746431 10.877053 8.510557 10.380307 10.419779 6.697823 6.73181 9.93716 10.208817 7.368623 5.55581 5.413909 3.788516 0.0 3.850985 7.024412 8.471706 6.907 9.222417 8.306199 11.550282 13.599678 13.065703 13.572648 16.726539 18.09875 17.844444 19.223427 22.602263 24.778826 22.843325 22.822327 19.28889 18.685557 17.926625 19.975508 19.128796 19.776032 17.531203 14.614474 15.584808 15.671276 12.245055 10.633353 13.11921 12.605807 8.925958 9.64705 12.377394 
18.528435 21.961509 22.818778 25.073238 22.279421 19.995082 23.009972 23.491611 19.933027 20.262954 23.734701 22.90682 20.663272 22.857116 25.784933 24.643867 26.438271 27.875333 28.288647 27.532673 26.785733 24.057606 20.654462 20.032301 16.773616 16.61265 17.509137 14.699895 12.174656 13.914093 14.11128 10.355883 9.813688 12.736336 13.066349 9.892339 7.478649 5.665139 5.554856 3.850985 0.0 3.812924 6.6709 7.002611 10.071469 10.537712 13.587398 15.115076 15.093125 16.259999 19.052283 20.221001 20.467827 22.159827 25.338934 27.742538 25.720104 26.022835 22.513637 22.172326 21.374478 23.463571 22.566495 22.855685 20.579893 17.886373 18.454521 18.116926 14.876236 13.200854 14.908554 13.960427 10.304168 10.329979 12.186989 
21.56616 24.893325 25.655439 28.184557 25.600609 23.143368 26.108058 26.878922 23.365156 23.365373 26.897026 26.275861 23.820802 25.719525 28.810249 27.594454 29.058283 30.224671 30.676181 30.256834 29.324229 26.355251 23.004189 21.979454 18.474772 18.653433 20.097596 17.265137 14.704425 16.937768 17.416315 13.719281 13.286433 16.425078 16.810043 13.56544 11.289127 9.214516 8.690223 7.024412 3.812924 0.0 3.816553 6.152668 9.50766 11.147716 13.606055 14.611968 15.365743 16.997196 19.187023 20.293754 21.227585 23.059251 25.972865 28.523467 26.314756 27.050219 23.634157 23.772807 23.117324 25.505968 24.955563 24.885715 22.274544 20.05006 20.671991 19.698872 16.466235 15.413607 16.622046 14.874549 11.398796 11.803876 12.607354 
22.947162 25.970103 26.243381 28.998384 26.759767 23.910325 26.571081 27.726417 24.281102 23.671723 27.201455 26.949091 24.195492 25.583914 28.894734 27.716865 28.69677 29.431266 29.838924 29.843013 28.688482 25.462878 22.248527 20.844943 17.229307 17.969152 19.865636 16.992106 14.68901 17.592621 18.214411 14.739213 14.845329 18.303072 18.616496 15.462899 13.674348 11.962146 10.309464 8.471706 6.6709 3.816553 0.0 3.817458 6.918069 9.254366 10.979199 11.600397 13.045352 14.835751 16.447128 17.608549 19.08143 20.865524 23.545555 26.120198 23.771732 24.865797 21.617137 22.178035 21.708659 24.422619 24.380948 24.084009 21.075349 19.377834 20.346853 18.853562 15.537915 15.402241 16.5281 14.090893 10.850036 12.329097 12.699812 
20.695495 23.467665 23.326912 26.076474 24.033553 20.938543 23.338415 24.667544 21.298243 20.331559 23.8382 23.836734 21.009678 22.119187 25.545802 24.559136 25.386364 25.928427 26.175166 26.230317 24.967402 21.712481 18.578678 17.253998 13.722455 14.867104 16.63545 13.598965 11.732341 14.99912 15.387937 12.138015 12.935936 16.43093 16.493623 13.554238 12.432299 11.302377 8.652732 6.907 7.002611 6.152668 3.817458 0.0 3.720661 5.443511 7.569162 8.532311 9.580065 11.118114 13.053275 14.318951 15.490425 17.181902 20.003896 22.531331 20.283585 21.280656 18.04664 18.429912 17.891309 20.637783 20.733878 20.52484 17.416307 15.761159 17.031686 15.601902 12.099531 12.367201 13.902906 11.526387 8.212698 10.585385 11.601634 
20.153343 22.474908 21.908944 24.912359 23.357188 20.011701 22.148558 23.988709 20.940877 19.459565 22.98505 23.563216 20.794158 21.329116 24.969944 24.413607 24.902289 24.940571 24.76903 24.983687 23.272337 20.009568 17.294105 16.14088 12.915053 14.978451 16.55415 13.279696 12.407653 15.999768 15.877775 12.976946 14.676165 17.948199 17.446599 14.605544 14.406407 13.302704 9.963041 9.222417 10.071469 9.50766 6.918069 3.720661 0.0 3.83733 5.673282 5.33007 6.137144 8.39742 10.101076 10.824927 12.211378 14.266261 16.777952 19.580048 17.620061 19.048131 16.186661 16.482714 15.606436 18.328479 18.677049 18.010056 14.710038 13.70563 14.975652 12.973437 9.690565 10.930016 12.077532 9.184157 6.664423 9.944905 10.599692 
18.786415 20.967175 20.028882 22.711675 21.113382 17.631325 19.40753 21.069423 17.949241 16.227469 19.59238 20.107791 17.16902 17.618484 21.236842 20.618512 21.065984 21.171347 21.111528 21.341534 19.853848 16.50972 13.602525 12.392228 9.161274 11.292697 12.766965 9.560944 8.967899 12.692837 12.63794 10.270998 12.249089 15.441712 15.09567 12.866749 12.97357 12.870131 9.356109 8.306199 10.537712 11.147716 9.254366 5.443511 3.83733 0.0 3.793376 5.56656 5.357089 5.875553 8.543031 10.054087 10.545222 11.938872 15.021332 17.410044 15.357638 16.187121 13.047492 13.111752 12.474986 15.360403 15.858228 15.821071 12.469421 11.054217 13.053587 11.762916 8.041861 9.459414 11.676786 9.66245 7.066153 10.584283 12.34403 
22.101922 23.990637 22.62599 25.238549 23.915684 20.287748 21.537822 23.297336 20.309633 18.080039 21.078866 21.755198 18.50949 18.377518 21.965676 21.159706 20.94021 20.581551 20.736929 21.644439 20.190175 16.553894 13.878704 11.831209 8.620406 11.199048 13.424839 10.925663 10.479785 14.351661 14.873535 13.165817 14.89116 18.166002 18.182688 16.332481 16.285446 16.462884 13.072472 11.550282 13.587398 13.606055 10.979199 7.569162 5.673282 3.793376 0.0 3.805983 5.544433 4.93636 6.00141 8.547859 9.898432 10.503844 13.370851 15.420455 12.836213 13.9754 10.976434 12.0516 12.249107 15.6735 17.037138 17.04173 13.333219 12.715311 15.266686 13.723473 10.315687 12.590817 14.67455 12.37852 10.420115 14.127446 15.473957 
22.621262 24.2766 22.891632 25.880802 24.932415 21.276245 22.613505 24.849663 22.166194 19.831087 22.969914 24.100813 21.129088 20.724573 24.444775 24.076106 23.758736 23.027243 22.690898 23.588625 21.603014 18.137043 16.008382 14.425302 11.70293 14.700404 16.550753 13.739319 13.788559 17.628616 17.610005 15.65374 17.760962 20.913486 20.402737 18.171068 18.469892 17.979957 14.3895 13.599678 15.115076 14.611968 11.600397 8.532311 5.33007 5.56656 3.805983 0.0 3.825689 5.445715 5.289386 6.30597 8.716179 10.311217 12.337587 15.047714 12.964232 14.999619 12.726055 13.644969 13.169388 16.288952 17.644632 16.812926 13.061575 13.267417 15.237911 12.843847 10.047992 12.839333 13.972941 11.02572 9.956815 13.740089 14.237501 
19.324869 20.715815 19.197628 22.266833 21.535115 17.86968 19.193219 21.673796 19.255524 16.878317 20.125352 21.577625 18.96788 18.483612 22.278576 22.413308 22.339049 21.598793 20.76237 21.228992 18.928252 15.752345 13.893695 13.189825 10.997355 14.261819 15.247175 12.06025 12.946707 16.548762 15.753905 13.956828 16.695524 19.400506 18.296388 16.17437 17.215559 16.763604 12.975846 13.065703 15.093125 15.365743 13.045352 9.580065 6.137144 5.357089 5.544433 3.825689 0.0 3.812533 5.549047 5.19979 6.10408 8.604233 10.850587 13.929611 12.628989 14.406198 12.276959 12.114784 10.677893 13.300747 14.249208 13.161738 9.52248 9.782277 11.494632 9.032786 6.397015 9.582902 10.630461 8.067179 7.708251 11.502216 12.370021 
19.906973 21.129958 19.181466 21.804626 21.067577 17.30083 18.027031 20.269554 17.828353 15.041875 17.905246 19.312531 16.413241 15.569064 19.31117 19.284132 18.87249 17.992374 17.377132 18.186076 16.164589 12.69685 10.73502 9.583287 7.631948 11.222896 12.316316 9.664189 10.987966 14.531692 14.069722 13.11164 15.789873 18.383342 17.652422 16.24253 17.297678 17.685987 14.010349 13.572648 16.259999 16.997196 14.835751 11.118114 8.39742 5.875553 4.93636 5.445715 3.812533 0.0 3.850675 5.520049 5.302167 6.079007 9.228638 11.559534 9.827137 10.993323 8.550564 8.512497 7.787778 11.050128 12.666938 12.46032 8.651877 8.767101 11.589258 10.088746 7.306697 10.515395 12.528365 10.855381 10.1471 13.862733 15.442019 
23.515203 24.53565 22.390012 25.057431 24.607731 20.825606 21.254545 23.640393 21.389129 18.364822 20.914401 22.492583 19.497383 18.202217 21.821778 21.725985 20.722096 19.309026 18.757736 20.202147 18.10063 14.591324 13.178902 11.459589 9.842268 13.48473 15.099509 12.999229 14.131411 17.733702 17.645764 16.804241 19.247423 21.994814 21.450996 20.016908 20.856307 21.113224 17.436065 16.726539 19.052283 19.187023 16.447128 13.053275 10.101076 8.543031 6.00141 5.289386 5.549047 3.850675 0.0 3.811327 5.644799 5.613026 7.655923 9.881428 7.691902 9.936672 8.31999 9.518856 9.560016 12.93077 15.246432 14.724637 10.891446 11.987929 14.711273 12.74354 10.57849 14.070954 15.586607 13.432594 13.105238 16.919902 17.913874 
22.744373 23.432519 21.249608 24.229133 24.193698 20.470696 20.975794 23.816425 21.945641 18.936352 21.624542 23.644553 21.07735 19.66592 23.356994 23.806024 22.954328 21.366336 20.188267 21.314621 18.65265 15.570224 14.743553 13.899592 12.696432 16.45502 17.478241 14.958546 16.502619 20.011844 19.275856 18.222361 21.076455 23.601167 22.473725 20.787636 22.079581 21.867215 18.068075 18.09875 20.221001 20.293754 17.608549 14.318951 10.824927 10.054087 8.547859 6.30597 5.19979 5.520049 3.811327 0.0 3.82327 5.860315 6.539265 9.880243 9.068344 11.841946 11.028571 11.33074 10.177729 12.74785 14.751721 13.292131 9.652169 11.606047 13.55396 10.896031 9.704025 13.492804 14.124239 11.825128 12.541683 16.144389 16.611393 
20.164065 20.498848 17.992462 20.797008 20.989712 17.285961 17.447237 20.403828 18.847293 15.670947 18.211383 20.518757 18.261623 16.62986 20.289308 21.166987 20.446497 18.836101 17.23037 18.024036 15.137058 12.318318 11.910901 11.904999 11.471518 15.265359 15.502093 13.031322 15.331317 18.436629 17.193559 16.649548 19.846025 21.886278 20.444824 19.191537 21.015846 21.150843 17.398346 17.844444 20.467827 21.227585 19.08143 15.490425 12.211378 10.545222 9.898432 8.716179 6.10408 5.302167 5.644799 3.82327 0.0 3.81815 5.334273 8.664735 8.740371 10.673122 9.968833 9.032636 6.939033 9.040905 11.002741 9.615678 5.982663 8.375047 10.492498 8.385821 7.747069 11.580937 12.492252 11.167848 12.205456 15.523248 16.586896 
22.201206 22.440781 19.625529 21.931076 22.121741 18.422138 17.953282 20.594471 19.077271 15.553265 17.497231 19.748044 17.232258 15.082363 18.544031 19.23905 17.937613 15.927967 14.536319 15.997452 13.424915 10.313813 10.220982 9.650223 9.962266 13.768844 14.177037 12.568002 15.044899 17.959295 17.175495 17.341453 20.288909 22.266703 21.266665 20.566913 22.22523 22.943557 19.307065 19.223427 22.159827 23.059251 20.865524 17.181902 14.266261 11.938872 10.503844 10.311217 8.604233 6.079007 5.613026 5.860315 3.81815 0.0 3.786863 5.687935 5.313015 6.862336 6.634116 6.076859 5.312172 8.16076 11.184552 10.86598 7.520897 9.621142 12.562113 11.36179 10.406586 13.9819 15.564696 14.552901 15.05004 18.464225 19.909759 
24.578641 24.422902 21.424026 23.817817 24.500912 20.909409 20.204387 23.143423 22.053183 18.456637 20.153339 22.752539 20.510239 18.041999 21.306088 22.31165 20.716183 18.247484 16.485604 18.159314 15.266963 12.72266 13.442131 13.086731 13.670208 17.448762 17.826999 16.302014 18.823989 21.726151 20.814998 20.947424 23.989315 25.919203 24.720176 23.925439 25.722671 26.193768 22.481483 22.602263 25.338934 25.972865 23.545555 20.003896 16.777952 15.021332 13.370851 12.337587 10.850587 9.228638 7.655923 6.539265 5.334273 3.786863 0.0 3.818528 5.387027 8.043284 9.327107 9.097658 8.252885 10.017738 13.134358 12.087514 9.316482 12.304443 14.633898 12.993579 12.906351 16.641874 17.565455 16.394104 17.523104 20.85285 21.813364 
