0.0 3.803821 6.584915 8.922113 9.446905 13.083021 14.443918 12.499233 11.522811 8.089964 8.739995 8.003122 10.805103 12.691497 12.989144 14.436495 16.695674 18.04523 18.887986 20.429785 22.545748 23.919208 24.750822 26.322596 28.496794 29.861296 30.692557 32.636285 34.386309 35.393102 33.945175 31.997859 30.695279 30.476573 32.927308 31.527355 31.764281 28.547256 27.843471 29.986555 30.383401 28.091222 30.046714 28.228681 30.237041 27.38972 27.381321 23.713902 23.811977 23.154404 24.196214 25.580606 28.88338 29.901173 31.024763 27.645559 26.885005 24.442461 23.193205 21.135695 17.645423 17.404534 14.769362 16.210019 15.458252 19.246009 21.012403 23.163364 26.7403 28.471574 28.29477 26.136273 23.811819 21.608154 20.74017 18.075986 19.324647 18.786729 21.651737 23.235703 26.670226 29.857635 28.861079 25.654547 23.486467 20.327905 21.075002 18.025149 16.105363 18.018633 18.833995 21.869503 19.904409 21.219075 23.974091 27.581394 29.3272 28.405052 26.651166 23.067805 20.416023 17.610889 14.009055 12.02175 
3.803821 0.0 3.776338 5.260027 6.120665 9.709579 11.693614 10.310886 8.758229 5.203064 5.439047 5.562547 8.468089 10.778895 10.369093 11.306215 14.050586 15.478749 15.780111 17.245382 19.703345 20.962066 21.439326 23.121561 25.488635 26.63502 27.325028 29.467757 31.230721 32.02263 30.591858 28.555807 27.353467 27.111553 29.488654 27.925739 28.166699 24.941823 24.220499 26.257065 26.627221 24.32263 26.33171 24.63698 26.702709 23.9852 24.106109 20.469736 20.840649 20.050557 21.401917 22.588613 25.714861 26.481583 27.496119 24.037083 23.19831 20.687401 19.538809 17.551757 14.181924 14.318388 12.029354 14.041886 13.194631 16.872162 18.240456 20.093666 23.772663 25.370898 25.27604 23.023474 20.461345 18.335554 17.270301 14.420409 15.553774 15.079874 17.980499 19.775333 23.286943 26.546356 25.832661 22.611969 20.512207 17.162218 17.748183 14.535252 12.37641 14.286229 15.197297 18.374087 16.729769 18.318203 20.805939 24.399081 25.952159 24.825326 23.121133 19.521894 17.058238 14.198004 10.544259 9.132663 
6.584915 3.776338 0.0 3.848966 6.883055 10.191902 13.042438 12.61521 10.694776 7.427961 5.848572 4.801505 5.937803 9.245923 9.414703 9.239759 11.66308 13.883883 14.231006 14.947312 17.485121 19.257772 19.516624 20.70436 23.321012 24.727291 25.034837 27.013533 29.116976 29.935509 28.89561 27.14598 26.427412 26.570887 29.036145 27.163513 27.036649 23.609066 22.480469 24.377194 24.437219 22.153817 24.099003 22.310754 24.683306 22.166605 21.823082 18.066111 18.010841 16.890704 17.921404 19.067964 22.328007 23.360567 24.544832 21.269237 20.79843 18.726189 17.95762 16.66219 13.524878 14.658161 13.255268 15.438603 13.867896 17.217068 17.826954 19.697833 23.412095 25.203013 25.578705 23.462921 20.474943 18.796239 17.421121 14.06788 14.299769 13.013892 15.47086 16.861815 20.187957 23.44462 22.51285 19.450904 17.087666 13.832407 14.511598 11.61923 10.208643 12.831524 14.637127 18.171235 17.247435 18.871927 20.767026 24.410145 25.793982 24.2241 22.297977 18.576524 16.144822 12.775957 9.551102 8.156959 
8.922113 5.260027 3.848966 0.0 3.818452 6.560597 9.755272 10.088808 8.265537 6.073125 5.170559 6.480363 7.746004 10.824317 9.657683 8.826183 12.098044 14.020935 13.302328 14.093141 17.19427 18.491137 18.117562 19.694175 22.555309 23.409635 23.5667 25.989201 27.971568 28.341093 27.162941 25.075312 24.280583 24.068574 26.216179 24.170566 24.381183 21.11134 20.177111 21.780145 21.785189 19.272537 21.125648 19.379884 21.519083 18.93469 19.03511 15.423309 16.052762 15.200079 16.990664 18.09413 20.97815 21.536539 22.569728 19.097465 18.474395 16.058293 15.531075 14.060532 11.28566 12.593714 11.387635 14.289497 13.276705 16.38185 16.756867 17.941509 21.716059 23.031858 23.149347 20.711365 17.636011 15.71213 13.926609 10.672003 11.236018 10.616854 13.16089 15.290444 18.743834 22.198451 21.889036 18.887924 16.641906 13.026109 12.987519 9.509684 7.264635 9.272844 10.848719 14.350776 13.49742 15.183418 16.963338 20.579283 21.950622 20.44912 18.529554 14.83148 12.481708 9.312093 5.871177 5.450202 
9.446905 6.120665 6.883055 3.818452 0.0 3.817683 6.17328 6.463051 5.594775 4.739216 6.284949 8.931765 11.119801 13.656046 11.789474 11.511369 15.130379 16.421425 15.228328 16.537446 19.763561 20.474411 19.919102 21.997443 24.782628 25.148894 25.463408 28.212132 29.891023 29.966006 28.449654 25.955048 24.748925 23.957248 25.743269 23.823323 24.617035 21.682952 21.215218 22.649918 22.79256 20.098785 21.783537 20.062835 21.64964 18.790881 19.540753 16.238292 17.527713 17.272951 19.585095 20.826158 23.403075 23.584354 24.456874 20.850048 19.961691 17.082808 16.494723 14.378241 11.801404 12.262706 10.37639 13.649545 13.679793 16.820089 17.653597 18.358606 22.081164 22.875899 22.37083 19.538997 16.827067 14.218826 12.286705 9.817069 11.606332 12.216611 14.929765 17.67026 21.170903 24.682793 24.81522 21.831994 19.780289 16.066323 15.554684 11.789984 8.82985 9.318702 9.586751 12.536962 10.807614 12.291744 14.685498 18.291413 19.965219 19.045806 17.23639 13.723223 11.272548 8.999191 5.251501 5.216751 
13.083021 9.709579 10.191902 6.560597 3.817683 0.0 3.815966 5.771846 5.106896 6.623004 8.113961 11.40272 13.303668 15.440453 12.832743 12.188046 16.012676 16.865145 14.842142 16.226334 19.670281 19.830933 18.75962 21.188779 24.003193 23.799992 24.057324 27.145061 28.586016 28.250607 26.56463 23.771741 22.451924 21.275958 22.691089 20.688856 21.858169 19.222488 19.074213 20.226845 20.46616 17.741758 19.410737 18.009149 19.30515 16.598712 17.991376 15.122283 17.166496 17.024766 19.874706 20.807327 22.861692 22.458698 23.023821 19.327828 18.137758 14.942169 14.485443 12.162043 10.318696 10.770298 9.420555 13.121871 13.706652 16.258498 16.788788 16.711374 20.296252 20.545173 19.761669 16.653641 13.969134 11.121228 8.745997 6.812291 9.300028 10.976345 13.619446 16.888491 20.346507 23.819537 24.539018 21.659504 19.961214 16.24098 15.312341 11.518408 8.035595 7.083754 6.175486 8.814124 7.11317 9.122616 11.353323 14.793758 16.264911 15.414226 13.883907 10.599168 8.740112 7.475299 4.464264 6.697735 
14.443918 11.693614 13.042438 9.755272 6.17328 3.815966 0.0 3.731333 5.648128 8.282841 10.916191 14.338046 16.708846 18.681781 15.980072 15.786467 19.633787 20.1922 18.128573 19.787474 23.171219 23.019853 21.941626 24.605188 27.298796 26.808717 27.186458 30.419227 31.633218 31.108758 29.192853 26.143957 24.491961 22.8098 23.80355 22.015405 23.727146 21.505257 21.748594 22.70907 23.012663 20.214063 21.582183 20.166335 20.845496 17.93183 19.792924 17.319025 19.652209 20.030749 23.058806 24.202996 26.10437 25.555418 26.061598 22.405133 21.143352 17.798758 17.338942 14.672851 13.113426 12.706744 10.774153 14.315828 15.760495 18.273656 19.251049 18.876957 22.248203 22.024127 20.608101 17.208656 15.166046 11.730269 9.45755 9.029716 12.20527 14.454969 16.987685 20.43014 23.803142 27.262305 28.181081 25.357377 23.703339 19.990104 18.841081 15.057125 11.66216 9.977537 7.935593 9.100632 5.944668 7.170621 10.39442 13.627187 15.567074 15.618523 14.25694 11.537342 9.719506 9.691599 7.384278 8.842379 
12.499233 10.310886 12.61521 10.088808 6.463051 5.771846 3.731333 0.0 3.817769 6.44831 9.890024 13.27108 16.298596 17.833349 15.217357 15.91487 19.677159 19.87907 18.327659 20.503631 23.560433 23.332426 22.860087 25.667336 28.031996 27.74401 28.57158 31.62749 32.661521 32.484927 30.339989 27.337743 25.353081 23.721048 25.028671 23.704678 25.298063 23.022294 23.381985 24.83721 25.527742 23.003368 24.722509 23.458195 24.378549 21.535343 23.236358 20.534344 22.574015 22.664193 25.403762 26.456711 28.61221 28.187827 28.637294 24.890497 23.370545 19.938049 18.845434 15.777166 13.561956 12.293335 9.439475 12.47631 14.249444 17.1056 18.778917 18.891551 22.236502 22.291016 20.763327 17.601615 15.961308 12.524498 11.287315 10.752884 14.023565 16.061093 19.080007 22.270371 25.855599 29.219367 29.853236 26.743127 25.215467 21.517622 20.942927 17.150382 13.636651 12.726757 10.90092 12.225 9.061379 10.540497 13.932904 16.925686 18.668426 18.754565 17.75448 15.070988 13.339278 12.822045 9.845973 10.611266 
11.522811 8.758229 10.694776 8.265537 5.594775 5.106896 5.648128 3.817769 0.0 3.787185 6.649791 10.27327 13.278496 14.399423 11.546979 12.475942 16.187523 16.140318 14.690731 17.085232 19.968147 19.707249 19.512682 22.348439 24.539543 24.414371 25.452415 28.357797 29.343114 29.4185 27.256299 24.421037 22.465035 21.193951 22.957017 21.736867 22.894712 20.370946 20.618897 22.484133 23.463383 21.280241 23.477117 22.534849 23.986728 21.501917 22.978361 20.064528 21.933961 21.397583 23.929491 24.539466 26.736048 26.263495 26.557133 22.751756 20.973307 17.557751 16.003956 12.866401 10.190822 8.892653 6.008357 9.228678 10.567708 13.507382 15.129466 15.564981 19.031949 19.516736 18.43192 15.610798 13.656058 10.700799 10.007875 8.62831 11.563617 13.308634 16.678661 19.612925 23.332134 26.535285 27.029741 23.732499 22.477944 18.880593 18.837605 15.204039 11.57129 11.393218 10.046598 12.09553 9.866423 12.346505 15.125969 18.112271 19.250226 18.633005 17.897344 15.008915 13.669107 12.521699 9.249418 10.580897 
8.089964 5.203064 7.427961 6.073125 4.739216 6.623004 8.282841 6.44831 3.787185 0.0 3.792283 6.91576 10.257497 11.586021 9.435758 10.707165 14.160777 14.548247 13.917985 16.136072 18.799385 19.136693 19.394595 21.816387 24.005624 24.47578 25.496828 28.048909 29.316504 29.797999 27.892515 25.430635 23.754556 23.029385 25.209027 23.919032 24.562581 21.660175 21.477094 23.587673 24.429962 22.289569 24.5675 23.394942 25.240668 22.714868 23.60546 20.308397 21.561043 20.750935 22.787834 23.496606 26.102666 26.108303 26.644169 22.92213 21.417735 18.34346 16.756029 14.041209 10.760519 10.031339 7.269808 9.809495 9.984012 13.496066 15.149514 16.419718 20.035192 21.174694 20.634884 18.205866 15.954593 13.545418 12.886101 10.581033 12.595774 13.270063 16.667211 19.086029 22.829943 26.030101 25.985531 22.597004 21.09795 17.572653 17.986345 14.483188 11.289469 12.271671 12.054365 14.796547 12.956444 15.190457 17.815843 21.082608 22.296597 21.334307 20.247565 16.983813 15.201631 13.145863 9.457097 9.813534 
8.739995 5.439047 5.848572 5.170559 6.284949 8.113961 10.916191 9.890024 6.649791 3.792283 0.0 3.746332 6.728416 7.970316 5.893126 7.093528 10.402824 11.027171 10.76543 12.79545 15.300574 16.005158 16.499035 18.617574 20.779098 21.624191 22.620868 24.910029 26.347378 27.100681 25.426076 23.3156 21.984197 21.829492 24.385979 23.007556 23.0779 19.873539 19.323109 21.682679 22.5554 20.707994 23.263111 22.266802 24.599374 22.425916 22.919971 19.480228 20.376373 18.965884 20.633513 20.952712 23.64577 23.770573 24.279707 20.645129 19.160732 16.413851 14.679582 12.470584 8.915943 9.121888 7.501694 9.636809 8.384391 11.814716 12.903209 14.660384 18.348381 20.020203 20.161039 18.171019 15.51108 13.898284 13.388993 10.311273 11.208588 10.93736 14.368831 16.264709 20.011489 23.05232 22.72705 19.238578 17.856604 14.507245 15.509615 12.394252 9.60408 11.624965 12.319297 15.556445 14.609736 17.166264 19.190384 22.445579 23.272906 21.710812 20.649009 17.266757 15.742554 13.131492 9.681576 10.313815 
8.003122 5.562547 4.801505 6.480363 8.931765 11.40272 14.338046 13.27108 10.27327 6.91576 3.746332 0.0 3.839825 5.272155 5.201757 6.665882 8.863368 10.10538 11.065915 12.614826 14.564172 15.976712 16.990659 18.494141 20.514124 22.004041 22.965325 24.7618 26.450346 27.63455 26.274841 24.630944 23.626865 23.994651 26.841065 25.461949 25.058359 21.642615 20.712096 23.232177 23.985102 22.321268 24.904099 23.807485 26.457677 24.388123 24.348537 20.721706 20.969082 19.219752 20.212892 20.488857 23.507501 24.10299 24.798321 21.404307 20.223808 17.998241 16.312345 14.712372 11.152346 11.805327 10.613169 11.903743 9.699055 13.038371 13.926904 16.352365 19.90949 22.104738 22.718415 21.118958 18.377771 17.219017 16.790885 13.4487 13.562149 12.286566 15.367282 16.463796 20.021184 22.87637 21.931021 18.436722 16.911685 13.930213 15.568981 13.010322 11.149943 13.967257 15.364396 18.819043 18.117495 20.519178 22.390955 25.741192 26.560703 24.761502 23.523771 20.018955 18.330537 15.249622 11.978392 11.875365 
10.805103 8.468089 5.937803 7.746004 11.119801 13.303668 16.708846 16.298596 13.278496 10.257497 6.728416 3.839825 0.0 3.901871 5.46588 5.155557 6.157774 8.642707 10.009424 10.493558 12.261538 14.442645 15.383895 16.164848 18.352686 20.289486 20.876673 22.339944 24.4125 25.752121 24.865466 23.659658 23.232357 24.113018 27.078845 25.447023 24.560452 20.950984 19.541162 21.97915 22.461958 20.983854 23.553466 22.477026 25.471678 23.721441 23.194194 19.554798 19.315404 17.086572 17.549882 17.538166 20.665896 21.553008 22.3701 19.258018 18.442725 16.841777 15.500749 14.807786 11.678492 13.364277 13.143305 14.42337 11.601356 14.269004 14.213475 16.69912 20.143464 22.602261 23.769733 22.42417 19.347167 18.7439 18.103792 14.423951 13.504613 11.214078 13.680866 14.005405 17.289115 19.987894 18.645988 15.254441 13.582329 10.949845 13.111672 11.304188 10.50543 13.972739 16.156777 19.811699 19.776802 22.154893 23.485055 26.808845 27.429353 25.208121 23.829032 20.312634 18.767961 15.372717 12.723826 12.705208 
12.691497 10.778895 9.245923 10.824317 13.656046 15.440453 18.681781 17.833349 14.399423 11.586021 7.970316 5.272155 3.901871 0.0 3.821171 5.466324 5.148367 6.116527 8.657042 9.905062 10.656914 12.504136 14.360262 15.317637 16.752467 18.853534 20.084532 21.246903 22.899603 24.648027 23.50958 22.499605 21.852113 22.992133 26.26891 25.114468 23.962608 20.445545 19.228401 22.167445 23.227303 22.310151 25.293448 24.737623 27.848768 26.404272 26.098904 22.610823 22.571693 20.057885 20.466067 19.863613 22.708034 23.258078 23.66837 20.585258 19.22631 17.606008 15.528783 14.672558 11.447217 12.612131 12.692357 12.962106 9.578974 11.840333 11.942029 15.022846 18.146979 21.018342 22.439719 21.638639 18.890393 18.778801 18.912624 15.454509 14.509227 12.390856 15.131734 15.124289 18.392416 20.593407 19.212521 15.575061 14.800866 12.704191 15.45951 14.009356 12.948192 16.242434 18.009465 21.463505 21.512311 24.303845 25.659989 28.749199 28.996527 26.678714 25.809266 22.513498 21.432143 18.312524 15.632482 16.089889 
12.989144 10.369093 9.414703 9.657683 11.789474 12.832743 15.980072 15.217357 11.546979 9.435758 5.893126 5.201757 5.46588 3.821171 0.0 3.841226 5.671534 5.310532 6.327371 8.671371 10.174922 11.032271 12.497799 14.331813 15.882043 17.263607 18.696434 20.433805 21.744692 23.093232 21.527903 20.024322 18.988536 19.734246 22.898192 21.822723 20.992889 17.597141 16.757496 19.751138 21.102596 20.15431 23.286438 22.978437 25.892216 24.473261 24.676337 21.363713 21.953241 19.61553 20.69945 20.011346 22.504752 22.48697 22.613137 19.21913 17.369844 15.184367 12.750793 11.290809 7.849235 8.796075 9.108925 9.656646 6.419269 8.806014 9.013612 11.765292 15.141459 17.710986 18.862637 17.884623 15.172638 14.995798 15.340204 12.06477 11.466551 10.076086 13.378293 14.128953 17.729357 20.104196 19.436368 15.680854 15.190787 12.62217 14.909406 12.952659 11.038791 13.824939 15.050127 18.292786 18.361331 21.415683 22.765646 25.668965 25.745479 23.516256 22.959193 19.838755 19.103167 16.397125 13.696686 14.895519 
14.436495 11.306215 9.239759 8.826183 11.511369 12.188046 15.786467 15.91487 12.475942 10.707165 7.093528 6.665882 5.155557 5.466324 3.841226 0.0 3.856582 5.450102 5.170522 6.000013 8.518078 10.033899 10.514326 11.902395 14.211457 15.611355 16.324302 18.221574 20.026319 21.077906 19.963346 18.565456 18.148433 19.084257 22.068721 20.437 19.423367 15.816275 14.491718 17.120146 18.009571 16.917256 19.931149 19.5346 22.62645 21.388516 21.325611 18.060167 18.527727 15.978748 17.062171 16.231609 18.672073 18.699959 18.955727 15.604779 14.097341 12.245709 10.471936 9.950833 7.190282 9.703975 10.797493 12.238518 9.362338 11.07612 10.060835 12.042757 15.496519 17.839761 19.258893 18.093731 14.854288 14.879948 14.51372 10.858742 9.268499 6.925416 9.838153 10.442668 14.059581 16.654972 16.073982 12.418227 11.624772 8.847532 11.104175 9.42747 8.108948 11.327736 13.296711 16.743413 17.431668 20.326456 21.135673 24.05002 24.065233 21.515651 20.682767 17.522435 16.882079 13.998281 11.923325 13.421049 
16.695674 14.050586 11.66308 12.098044 15.130379 16.012676 19.633787 19.677159 16.187523 14.160777 10.402824 8.863368 6.157774 5.148367 5.671534 3.856582 0.0 3.880038 5.626918 5.193181 6.13793 8.745114 10.031703 10.399722 12.271476 14.515483 15.265139 16.403395 18.405127 20.029872 19.322304 18.638665 18.690727 20.311733 23.562553 22.070377 20.432627 16.789112 15.099833 17.915356 18.83926 18.312389 21.417474 21.249333 24.638787 23.781178 23.310679 20.128799 20.090226 17.071796 17.401437 16.030176 18.46196 18.741523 18.936283 16.057761 14.739535 13.734348 11.973343 12.294608 10.073432 12.561611 13.986499 14.707844 11.293044 12.340027 10.813529 13.276594 16.213386 19.070813 21.077052 20.492587 17.361446 17.988988 17.897854 14.328812 12.201705 9.261684 11.259884 10.500771 13.566051 15.527354 14.263821 10.541284 10.257459 8.603286 11.853507 11.359224 11.113572 14.531044 16.786683 20.176894 21.146525 24.042649 24.629561 27.443856 27.242794 24.435626 23.685757 20.650724 20.16012 17.163624 15.399497 16.626301 
18.04523 15.478749 13.883883 14.020935 16.421425 16.865145 20.1922 19.87907 16.140318 14.548247 11.027171 10.10538 8.642707 6.116527 5.310532 5.450102 3.880038 0.0 3.878428 5.563011 5.334558 6.439527 8.849349 10.125514 11.007304 12.928505 14.630852 15.796447 17.029709 18.861524 17.564799 16.78438 16.331678 18.012556 21.512434 20.585663 18.888531 15.468351 14.278781 17.616852 19.28637 19.239014 22.701292 23.052331 26.326099 25.645588 25.642934 22.656658 23.08298 20.121417 20.78257 19.143481 21.156491 20.864932 20.560982 17.588663 15.505865 14.125771 11.440566 11.222279 9.015558 10.770907 12.587318 12.480364 8.893783 9.094261 7.451883 10.423749 13.067887 16.242772 18.386251 18.292911 15.587493 16.653256 17.372534 14.241541 12.448576 10.337367 12.823448 12.382011 15.474367 17.014623 16.211409 12.416806 13.096308 11.650427 14.726958 14.027606 13.038936 15.920372 17.463396 20.500965 21.431986 24.69703 25.382974 27.912404 27.3696 24.618368 24.453765 21.708607 21.660462 19.088722 17.166747 18.8278 
18.887986 15.780111 14.231006 13.302328 15.228328 14.842142 18.128573 18.327659 14.690731 13.917985 10.76543 11.065915 10.009424 8.657042 6.327371 5.170522 5.626918 3.878428 0.0 3.780186 5.498542 5.299759 6.205536 8.563295 10.1317 11.033883 12.525932 14.53683 15.669624 16.801104 15.257393 13.904822 13.385909 14.772753 18.088785 16.897843 15.394854 11.901536 10.838583 14.133651 15.938554 15.850462 19.420721 20.024753 23.156957 22.630953 22.98842 20.271194 21.208673 18.394366 19.646988 17.926054 19.520361 18.673505 18.124091 14.879903 12.378322 10.555275 7.633346 7.444667 5.843803 8.409765 11.019925 11.623293 8.728172 8.489292 5.975676 7.750496 10.79106 13.468408 15.532485 15.165913 12.16473 13.440075 14.036735 11.05296 8.961577 7.266814 9.943946 10.211188 13.557805 15.359266 15.411322 11.692982 12.48404 10.607156 13.032087 12.120801 10.751794 13.082425 14.373123 17.166998 18.482467 21.848478 22.214037 24.509391 23.740073 20.901561 20.950226 18.444977 18.843055 16.693017 15.188481 17.513312 
20.429785 17.245382 14.947312 14.093141 16.537446 16.226334 19.787474 20.503631 17.085232 16.136072 12.79545 12.614826 10.493558 9.905062 8.671371 6.000013 5.193181 5.563011 3.780186 0.0 3.786037 5.472766 5.125065 5.903925 8.492668 9.982006 10.429571 12.231663 14.175267 15.264693 14.566797 13.792674 14.301159 16.144909 19.252693 17.538676 15.592684 11.928411 10.003457 12.850867 14.041164 14.072751 17.504997 18.077068 21.508219 21.301369 21.16168 18.54969 19.083866 15.910478 16.77468 14.648529 16.134958 15.456878 15.019 12.06975 10.100669 9.316485 7.510771 8.999088 8.368016 11.65942 14.254138 15.273848 12.389113 12.236347 9.408587 10.572618 13.186562 15.680111 18.053153 17.663881 14.375351 15.781966 15.71618 12.524443 9.520202 6.598882 7.920856 7.018885 10.092537 11.815966 11.65233 7.926566 8.870213 7.544253 10.348004 10.459756 10.306843 12.98386 15.063502 17.983805 19.788777 22.865433 22.753343 25.060317 24.265832 21.105353 20.822834 18.32747 18.746227 16.389727 15.522324 17.740422 
22.545748 19.703345 17.485121 17.19427 19.763561 19.670281 23.171219 23.560433 19.968147 18.799385 15.300574 14.564172 12.261538 10.656914 10.174922 8.518078 6.13793 5.334558 5.498542 3.786037 0.0 3.780595 5.55176 5.189638 6.166444 8.773288 9.91142 10.636355 12.352094 14.312965 13.776269 13.82426 14.538378 17.0231 20.422917 19.195078 16.726202 13.329514 11.469366 14.609346 16.153223 16.87218 20.370737 21.250536 24.765074 24.822685 24.550553 22.0335 22.314321 18.936123 19.287956 16.788563 18.108063 17.496028 16.819134 14.439603 12.462497 12.274696 10.195557 11.711802 11.126276 13.811789 16.471644 16.703921 13.468433 12.683791 9.665896 11.386731 13.216147 16.264596 19.120788 19.424163 16.538488 18.401961 18.867174 15.889688 13.038897 10.355806 11.360879 9.654219 11.847826 12.519564 11.817898 8.235454 10.216727 10.090738 13.359654 13.981084 14.044425 16.761526 18.712887 21.510865 23.294359 26.488671 26.407723 28.591597 27.591137 24.370815 24.346443 22.005938 22.526244 20.157413 19.173601 21.207363 
23.919208 20.962066 19.257772 18.491137 20.474411 19.830933 23.019853 23.332426 19.707249 19.136693 16.005158 15.976712 14.442645 12.504136 11.032271 10.033899 8.745114 6.439527 5.299759 5.472766 3.780595 0.0 3.90016 5.62138 5.356256 6.586858 8.970825 10.252191 10.84374 12.619223 11.203073 10.889755 11.114494 13.68772 17.248154 16.491002 13.98026 10.870305 9.653495 13.256684 15.592533 16.723622 20.478295 21.858099 25.134802 25.361035 25.621616 23.362347 24.192605 21.012409 21.874871 19.335868 20.225948 18.959353 17.79634 15.264139 12.493354 11.792583 8.917202 10.06651 10.089773 12.259103 15.384361 15.249535 12.43127 10.68395 7.142906 8.312604 9.596006 12.73369 15.802138 16.552768 14.055882 16.44054 17.518042 15.114931 12.558016 10.861151 12.23389 11.29061 13.55011 14.032626 14.213622 10.895842 13.200667 12.750947 15.491879 15.704869 15.076861 17.14836 18.409159 20.74174 22.605317 26.050498 25.927734 27.751281 26.385622 23.230787 23.791446 21.831376 22.834487 20.967393 19.995098 22.482989 
24.750822 21.439326 19.516624 18.117562 19.919102 18.75962 21.941626 22.860087 19.512682 19.394595 16.499035 16.990659 15.383895 14.360262 12.497799 10.514326 10.031703 8.849349 6.205536 5.125065 5.55176 3.90016 0.0 3.852126 5.544073 5.292182 6.424339 8.943122 9.99793 10.673922 9.513796 8.739865 9.671178 12.092305 15.232386 13.79251 11.217609 7.817894 6.023449 9.458563 11.693751 12.941305 16.71415 18.341306 21.56845 22.086516 22.446153 20.533053 21.620876 18.532798 19.735994 17.071736 17.483545 15.745011 14.36334 11.747195 8.721526 8.234457 5.857569 8.23913 9.464201 12.362879 15.765604 16.428252 14.115035 12.60654 8.933396 8.616195 10.063327 12.267202 15.219926 15.547086 12.657148 15.150708 15.6888 13.440069 10.357071 8.761512 9.342379 8.600308 10.704481 11.355784 12.42503 9.441557 11.750096 11.213471 13.260868 13.715762 13.325165 14.914772 16.250542 18.34016 20.709971 24.001443 23.392772 25.003791 23.46651 20.109438 20.681332 18.993213 20.368127 18.829419 18.497023 21.332485 
26.322596 23.121561 20.70436 19.694175 21.997443 21.188779 24.605188 25.667336 22.348439 21.816387 18.617574 18.494141 16.164848 15.317637 14.331813 11.902395 10.399722 10.125514 8.563295 5.903925 5.189638 5.62138 3.852126 0.0 3.857168 5.44786 4.970613 6.349588 8.679895 9.857865 10.099056 10.595849 12.515711 15.324104 18.25512 16.596442 13.648056 10.494356 8.04744 10.593132 12.007644 13.538896 16.9956 18.54473 22.041921 22.843107 22.610686 20.775266 21.289241 17.866749 18.402324 15.282788 15.52111 14.094899 12.785298 10.936329 8.838276 9.838437 8.754236 11.691258 12.686076 15.841873 19.036081 19.741832 17.066718 15.810025 12.213808 12.377283 13.548557 15.833337 18.941055 19.334566 16.385231 18.760846 18.914899 16.39474 12.959702 10.511015 9.996645 7.749904 8.74852 8.527129 9.088183 6.409437 9.526972 10.216336 12.645833 14.116001 14.727939 16.73815 18.696922 20.985585 23.511905 26.563826 25.737683 27.437826 25.978118 22.444702 22.66512 20.921342 22.121481 20.286667 20.238177 22.752912 
28.496794 25.488635 23.321012 22.555309 24.782628 24.003193 27.298796 28.031996 24.539543 24.005624 20.779098 20.514124 18.352686 16.752467 15.882043 14.211457 12.271476 11.007304 10.1317 8.492668 6.166444 5.356256 5.544073 3.857168 0.0 3.841411 5.39521 5.134988 6.212222 8.64669 8.659371 10.074387 11.950852 15.292224 18.464205 17.521783 14.220039 11.630068 9.810866 12.668667 14.700871 16.750435 20.273063 22.127479 25.529085 26.464839 26.372553 24.600835 25.143968 21.701865 22.091375 18.877692 18.994816 17.500724 15.933176 14.457853 12.146418 12.986166 11.262058 13.707157 14.650087 17.200402 20.498867 20.527406 17.787073 15.876654 12.22391 12.569206 12.796686 15.444391 18.933594 20.044552 17.624901 20.414799 21.193977 18.957905 15.830618 13.776337 13.701409 11.605912 12.331098 11.355691 11.670217 9.42559 12.843592 13.800572 16.453236 17.806361 18.124056 20.090967 21.709196 23.820406 26.248486 29.505793 28.792914 30.317896 28.618572 25.140644 25.761669 24.195989 25.544488 23.8001 23.504597 26.031269 
29.861296 26.63502 24.727291 23.409635 25.148894 23.799992 26.808717 27.74401 24.414371 24.47578 21.624191 22.004041 20.289486 18.853534 17.263607 15.611355 14.515483 12.928505 11.033883 9.982006 8.773288 6.586858 5.292182 5.44786 3.841411 0.0 3.890633 5.466604 4.945825 6.060561 5.056766 6.269749 8.538024 12.006754 14.958757 14.140309 10.656538 8.556394 7.232105 10.081241 12.758362 15.253681 18.857424 21.211652 24.311934 25.509722 25.88814 24.495736 25.560624 22.376597 23.306352 20.127397 19.768114 17.588528 15.566924 14.009214 11.09149 11.692886 9.905537 12.416971 14.231521 16.586699 20.178715 20.316921 18.151482 15.827812 12.031179 11.21694 10.81794 12.793938 16.343613 17.648752 15.509898 18.680087 19.646249 18.01414 15.034742 13.798362 13.654435 12.30345 13.023108 12.116231 13.541894 11.607821 14.876045 15.388016 17.380863 18.461671 18.390354 19.666718 20.77116 22.34528 25.015256 28.319279 27.352721 28.451872 26.385982 22.926557 24.032852 22.952493 24.806542 23.608059 23.586912 26.524378 
30.692557 27.325028 25.034837 23.5667 25.463408 24.057324 27.186458 28.57158 25.452415 25.496828 22.620868 22.965325 20.876673 20.084532 18.696434 16.324302 15.265139 14.630852 12.525932 10.429571 9.91142 8.970825 6.424339 4.970613 5.39521 3.890633 0.0 3.826187 5.442574 5.160165 6.285216 7.656803 10.779718 13.870623 16.224583 14.602319 11.125355 8.981611 6.749988 8.354842 10.154111 12.911163 16.201081 18.637319 21.815173 23.360519 23.431087 22.35213 23.244125 20.033585 20.82615 17.423782 16.565312 14.200105 12.022934 11.042432 8.69422 10.462065 10.009084 13.350944 15.463883 18.403688 21.9357 22.646593 20.473087 18.626886 14.831611 13.862801 13.980685 15.452529 18.732751 19.528443 16.996169 19.915048 20.189361 18.427465 15.026949 13.426655 12.218036 10.368083 10.120428 8.689339 10.721243 9.610188 12.93314 13.931203 15.478285 17.185936 17.788068 18.973564 20.494142 22.060496 25.071687 28.064981 26.688128 27.749346 25.718047 22.063027 22.850707 21.89039 23.801963 22.641506 23.171846 26.074078 
32.636285 29.467757 27.013533 25.989201 28.212132 27.145061 30.419227 31.62749 28.357797 28.048909 24.910029 24.7618 22.339944 21.246903 20.433805 18.221574 16.403395 15.796447 14.53683 12.231663 10.636355 10.252191 8.943122 6.349588 5.134988 5.466604 3.826187 0.0 3.838992 5.521908 7.801136 10.381561 13.502985 16.92716 19.403788 18.123191 14.494092 12.625649 10.545785 12.047849 13.480115 16.26218 19.306099 21.60848 24.907164 26.526912 26.235864 25.094613 25.546386 22.11941 22.314368 18.680869 17.829395 15.92114 13.906258 13.630786 11.956445 14.02859 13.501723 16.6935 18.381374 21.234295 24.682502 25.062462 22.545065 20.615528 16.852478 16.461897 16.27683 18.172945 21.679404 22.807004 20.413349 23.373131 23.777473 21.81447 18.380858 16.366173 15.136541 12.604274 11.788965 9.439184 10.523175 9.992001 13.735553 15.525325 17.548788 19.661706 20.608942 22.198964 23.963662 25.72816 28.647971 31.648726 30.346842 31.507246 29.52319 25.852351 26.528073 25.450522 27.165619 25.729029 26.13065 28.774921 
34.386309 31.230721 29.116976 27.971568 29.891023 28.586016 31.633218 32.661521 29.343114 29.316504 26.347378 26.450346 24.4125 22.899603 21.744692 20.026319 18.405127 17.029709 15.669624 14.175267 12.352094 10.84374 9.99793 8.679895 6.212222 4.945825 5.442574 3.838992 0.0 3.790728 5.328653 8.693653 11.698073 15.341727 17.795864 17.203975 13.428997 12.306088 11.032132 12.799551 15.01254 18.104448 21.303872 23.950985 27.01884 28.708794 28.829626 27.789448 28.590325 25.287367 25.780993 22.232717 21.32569 19.103145 16.83473 16.361971 14.092577 15.608345 14.49121 17.251454 19.16626 21.502415 25.093092 25.069555 22.818522 20.335884 16.607332 15.867823 14.814062 16.540378 20.196734 21.886663 20.04866 23.369178 24.306617 22.791511 19.681997 18.252499 17.494508 15.516462 15.121714 13.0018 14.339468 13.528656 17.222875 18.618984 20.610299 22.316086 22.746363 24.043965 25.30911 26.739365 29.621262 32.814058 31.560336 32.430555 30.145687 26.592558 27.782292 26.990455 28.993437 27.842363 28.096178 30.96194 
35.393102 32.02263 29.935509 28.341093 29.966006 28.250607 31.108758 32.484927 29.4185 29.797999 27.100681 27.63455 25.752121 24.648027 23.093232 21.077906 20.029872 18.861524 16.801104 15.264693 14.312965 12.619223 10.673922 9.857865 8.64669 6.060561 5.160165 5.521908 3.790728 0.0 3.836436 7.035306 10.679118 13.966829 15.764493 14.852085 11.076987 10.600612 9.52245 10.353518 12.538745 15.987407 18.95898 21.975009 24.749042 26.76597 27.128505 26.530692 27.651376 24.604519 25.461124 21.955037 20.550404 17.79303 15.196465 14.938562 12.618793 14.320327 13.791086 16.781993 19.316865 21.753053 25.447169 25.807574 23.952935 21.509891 17.746868 16.248038 15.170985 16.06663 19.47457 20.958165 19.165529 22.530409 23.237754 22.127251 19.033384 18.05087 16.884925 15.337338 14.662759 12.600398 14.869658 14.440526 17.887779 19.055828 20.387524 22.073651 22.481367 23.228863 24.275324 25.27502 28.438968 31.469986 29.853039 30.364532 27.845285 24.280405 25.681069 25.339553 27.706656 26.995882 27.675127 30.781811 
33.945175 30.591858 28.89561 27.162941 28.449654 26.56463 29.192853 30.339989 27.256299 27.892515 25.426076 26.274841 24.865466 23.50958 21.527903 19.963346 19.322304 17.564799 15.257393 14.566797 13.776269 11.203073 9.513796 10.099056 8.659371 5.056766 6.285216 7.801136 5.328653 3.836436 0.0 3.750474 7.041553 10.488405 12.597848 12.27004 8.503423 8.311415 8.160572 9.850373 12.934163 16.112 19.429464 22.434506 25.059313 26.761697 27.565349 26.778374 28.260835 25.357825 26.612135 23.378007 22.345715 19.528613 17.009405 15.943594 12.912143 13.594629 12.240723 14.597631 17.206778 19.151067 22.886377 23.003241 21.46518 18.722132 15.089472 13.214162 11.678545 12.395318 15.857664 17.634924 16.214519 19.774317 20.961441 20.180591 17.502981 17.102302 16.662411 15.812069 16.027426 14.741364 16.979937 15.756927 19.000663 19.496857 20.869837 21.913348 21.665284 22.197353 22.74511 23.559285 26.514422 29.754368 28.392138 28.827477 26.224055 22.849291 24.608178 24.291904 26.745722 26.203059 26.570408 29.834189 
31.997859 28.555807 27.14598 25.075312 25.955048 23.771741 26.143957 27.337743 24.421037 25.430635 23.3156 24.630944 23.659658 22.499605 20.024322 18.565456 18.638665 16.78438 13.904822 13.792674 13.82426 10.889755 8.739865 10.595849 10.074387 6.269749 7.656803 10.381561 8.693653 7.035306 3.750474 0.0 3.822049 6.94326 9.146513 8.718643 5.051225 5.037171 5.976247 7.959162 11.574189 14.343004 17.794902 20.757933 23.140208 24.598786 25.818998 25.015861 26.89389 24.280865 26.013937 23.133169 22.283478 19.330084 16.914029 15.194971 11.716119 11.48237 9.826009 11.715451 14.673121 16.386273 20.126032 20.458272 19.378756 16.704138 13.254695 10.679297 9.31132 9.316384 12.52489 14.054249 12.683568 16.284449 17.567133 17.169605 14.849583 15.147277 15.104239 15.117272 15.977516 15.524812 18.014427 16.356419 19.112057 18.894515 19.902267 20.365766 19.60334 19.692188 19.784055 20.313544 23.211103 26.491299 25.193401 25.518939 22.872912 19.636716 21.628771 21.429625 24.02318 23.780494 24.11191 27.5543 
30.695279 27.353467 26.427412 24.280583 24.748925 22.451924 24.491961 25.353081 22.465035 23.754556 21.984197 23.626865 23.232357 21.852113 18.988536 18.148433 18.690727 16.331678 13.385909 14.301159 14.538378 11.114494 9.671178 12.515711 11.950852 8.538024 10.779718 13.502985 11.698073 10.679118 7.041553 3.822049 0.0 3.742067 6.918641 7.624962 5.155723 5.436187 7.557569 10.024793 13.790281 15.914127 19.456446 22.172052 24.346692 25.368926 26.956183 25.929509 28.065713 25.653531 27.662491 25.118492 24.664537 21.843842 19.646607 17.386485 13.667478 12.374746 9.877097 10.454453 13.234608 14.116356 17.768645 17.786755 17.197748 14.268626 11.268123 8.170037 6.192209 5.543231 8.830092 10.784033 10.04825 13.812848 15.772177 15.815724 14.235112 15.227964 16.048184 16.719515 18.291607 18.410085 20.676452 18.498905 20.934281 20.135137 21.171214 20.957948 19.511371 19.387834 18.882102 19.210524 21.698563 25.172785 24.273358 24.569121 21.961047 19.093599 21.371657 21.129235 23.664261 23.570089 23.486986 26.980364 
30.476573 27.111553 26.570887 24.068574 23.957248 21.275958 22.8098 23.721048 21.193951 23.029385 21.829492 23.994651 24.113018 22.992133 19.734246 19.084257 20.311733 18.012556 14.772753 16.144909 17.0231 13.68772 12.092305 15.324104 15.292224 12.006754 13.870623 16.92716 15.341727 13.966829 10.488405 6.94326 3.742067 0.0 3.804511 5.356105 5.04244 6.280786 9.127524 10.951225 14.5592 16.134453 19.439592 22.062775 23.773051 24.585063 26.643063 25.755651 28.285653 26.282709 28.703036 26.526073 26.117329 23.199716 21.115656 18.583301 14.86038 12.869387 10.511393 10.109875 13.072429 13.335893 16.737982 16.984562 17.187253 14.474785 12.158493 8.484691 6.895116 4.137303 6.050603 7.760315 7.799575 11.498529 13.710361 14.603584 13.809228 15.700288 16.815616 18.252844 20.118958 20.728156 23.187992 20.928839 22.922468 21.615544 22.187845 21.441763 19.508852 18.743665 17.536097 17.254182 19.577312 23.001001 22.150728 22.116304 19.386028 16.911176 19.592281 19.693332 22.413344 22.818104 22.755351 26.385611 
32.927308 29.488654 29.036145 26.216179 25.743269 22.691089 23.80355 25.028671 22.957017 25.209027 24.385979 26.841065 27.078845 26.26891 22.898192 22.068721 23.562553 21.512434 18.088785 19.252693 20.422917 17.248154 15.232386 18.25512 18.464205 14.958757 16.224583 19.403788 17.795864 15.764493 12.597848 9.146513 6.918641 3.804511 0.0 3.79127 5.483118 8.186633 11.126264 11.766626 15.034896 16.56171 19.369873 22.207074 23.369095 24.41289 26.829853 26.426244 29.259853 27.604421 30.283107 28.223571 27.47152 24.276277 22.091765 19.788812 16.27732 14.381111 12.819004 12.489857 15.724836 15.915902 19.056735 19.627751 20.278662 17.7924 15.736167 11.975832 10.567486 7.281773 7.558414 8.628057 9.33661 12.534343 14.405178 16.063075 15.588834 17.909766 18.65738 20.392662 21.979259 22.589383 25.432515 23.504828 25.360482 24.004854 24.0678 23.285372 21.353769 19.972859 18.362317 17.315672 19.797548 22.903889 21.674561 20.989074 17.868739 15.694826 18.877953 19.700186 22.806835 23.809394 24.155677 27.911142 
31.527355 27.925739 27.163513 24.170566 23.823323 20.688856 22.015405 23.704678 21.736867 23.919032 23.007556 25.461949 25.447023 25.114468 21.822723 20.437 22.070377 20.585663 16.897843 17.538676 19.195078 16.491002 13.79251 16.596442 17.521783 14.140309 14.602319 18.123191 17.203975 14.852085 12.27004 8.718643 7.624962 5.356105 3.79127 0.0 3.801966 6.104157 8.781007 8.64905 11.587729 12.898892 15.597859 18.457111 19.610617 20.772303 23.141316 22.894562 25.762091 24.212541 26.983058 25.010386 24.129572 20.878508 18.774 16.450802 13.116508 11.276764 10.487699 10.761708 14.365631 15.323524 18.515674 19.744507 20.133664 18.142 15.795851 12.129807 11.729135 9.105573 9.619215 9.456974 8.769863 11.671111 12.593963 14.012887 13.127447 15.409926 15.682422 17.590578 19.033934 19.876192 22.909148 21.18248 22.759814 21.354413 21.020652 20.356305 18.689298 17.115501 15.762783 14.743995 17.696365 20.624354 19.004333 18.420556 15.310983 12.66552 15.651718 16.530783 19.777142 20.847863 21.60897 25.409001 
31.764281 28.166699 27.036649 24.381183 24.617035 21.858169 23.727146 25.298063 22.894712 24.562581 23.0779 25.058359 24.560452 23.962608 20.992889 19.423367 20.432627 18.888531 15.394854 15.592684 16.726202 13.98026 11.217609 13.648056 14.220039 10.656538 11.125355 14.494092 13.428997 11.076987 8.503423 5.051225 5.155723 5.04244 5.483118 3.801966 0.0 3.717796 6.228715 6.645592 10.185462 12.377288 15.486192 18.554993 20.295354 21.726496 23.565843 23.15379 25.611563 23.581294 25.940073 23.526736 22.539543 19.288187 16.955891 14.91083 11.416916 10.338453 9.347229 10.632888 14.212666 15.695925 19.237118 20.178018 19.887891 17.612436 14.674639 11.30333 10.549204 8.880767 10.797316 11.440574 10.231549 13.588317 14.558602 15.066897 13.333964 14.738443 14.690442 15.827041 16.939131 17.245151 20.218959 18.612106 20.670696 19.781487 19.912997 19.821601 18.632723 17.753758 17.145057 16.864158 19.936273 23.003721 21.412725 21.24369 18.32204 15.266535 17.745322 18.16455 21.195608 21.691018 22.387824 26.084177 
28.547256 24.941823 23.609066 21.11134 21.682952 19.222488 21.505257 23.022294 20.370946 21.660175 19.873539 21.642615 20.950984 20.445545 17.597141 15.816275 16.789112 15.468351 11.901536 11.928411 13.329514 10.870305 7.817894 10.494356 11.630068 8.556394 8.981611 12.625649 12.306088 10.600612 8.311415 5.037171 5.436187 6.280786 8.186633 6.104157 3.717796 0.0 2.970985 5.066707 8.701639 10.498614 14.085852 16.736478 18.984795 20.065578 21.56094 20.678379 22.890361 20.628523 22.860238 20.475451 19.883525 16.951888 14.887824 12.364423 8.638881 7.235547 5.764828 7.625938 11.11875 13.185421 16.806309 17.932668 17.190719 15.242359 12.075362 9.113774 9.391459 8.863567 11.135135 11.299601 9.027368 12.221073 12.892958 12.546779 10.285397 11.22848 11.336052 12.422135 13.953049 14.644328 17.315677 15.346182 17.250221 16.21197 16.578034 16.468211 15.356218 14.955642 14.855312 15.317235 18.322797 21.520801 20.188749 20.673413 18.238893 14.940423 16.748058 16.429986 19.055352 19.019373 19.507188 23.0865 
27.843471 24.220499 22.480469 20.177111 21.215218 19.074213 21.748594 23.381985 20.618897 21.477094 19.323109 20.712096 19.541162 19.228401 16.757496 14.491718 15.099833 14.278781 10.838583 10.003457 11.469366 9.653495 6.023449 8.04744 9.810866 7.232105 6.749988 10.545785 11.032132 9.52245 8.160572 5.976247 7.557569 9.127524 11.126264 8.781007 6.228715 2.970985 0.0 3.809157 7.031449 8.988551 12.736164 15.253023 17.930774 19.088724 20.101993 19.092112 20.953227 18.414051 20.374177 17.782132 17.178538 14.359889 12.338386 9.838245 6.113482 5.5501 4.760104 7.914699 11.059276 13.824717 17.393993 18.695843 17.43335 15.810533 12.392188 10.153848 10.958372 11.24923 13.720274 13.699687 10.938891 13.74642 13.880442 12.775903 9.798056 9.766612 9.244633 9.74856 11.062535 11.706715 14.353917 12.481804 14.455858 13.711821 14.201092 14.588431 14.064956 14.16184 14.812545 15.822462 18.926167 21.989677 20.587674 21.422858 19.275002 15.743902 16.940992 16.245556 18.593333 18.12811 18.753468 22.158551 
