0.0 3.804699 6.373101 9.722372 12.027346 14.937108 16.008309 18.719834 21.276919 20.572966 21.021804 24.326659 25.392815 24.647486 26.475781 29.233115 29.955159 29.31912 26.651604 23.43942 20.17138 20.299815 23.28969 21.723884 19.489363 16.557368 16.830061 14.46436 11.54809 9.962712 12.921206 12.812105 16.323932 18.550794 22.040088 23.39857 22.262927 23.685053 26.906873 27.296229 26.98305 29.809236 31.886636 32.454714 32.539635 
3.804699 0.0 3.803708 6.642838 8.395846 11.575824 13.098784 16.175394 18.521717 17.370544 17.877482 21.338503 22.152124 21.186178 23.178148 25.940766 26.437455 25.79321 22.999561 19.775006 16.441207 16.565666 19.499894 17.932357 15.782871 12.953785 13.643437 11.583538 9.321683 7.299066 9.61887 9.292284 12.774501 15.323107 18.875844 20.178161 18.755315 20.121389 23.448527 23.763063 23.279495 26.134114 28.275846 28.75183 28.769849 
6.373101 3.803708 0.0 3.804344 6.331908 8.767345 9.645707 12.518745 14.985671 14.230353 14.733492 18.002535 19.03895 18.453865 20.327978 22.943307 23.79074 23.365039 20.83543 17.898156 14.646284 15.567711 18.508118 16.683777 15.052533 11.951745 12.938732 10.361623 8.689316 7.966956 9.640123 7.863115 10.762403 12.94175 16.195489 18.040279 16.963154 17.865115 21.11286 21.955752 21.607167 24.099478 26.380838 27.260365 27.130838 
9.722372 6.642838 3.804344 0.0 3.80286 5.384061 7.099651 9.994861 12.604605 11.443122 11.385592 14.849977 16.017766 15.088417 16.755451 19.577089 20.431497 19.76032 17.36274 14.38536 11.391843 12.494004 15.625414 14.130273 13.240376 10.633365 12.638063 10.658157 10.331097 9.556241 9.754061 7.037436 8.899346 11.508431 14.441824 16.622852 15.163686 15.423034 18.882648 19.958344 19.163804 21.4161 24.043959 24.868784 24.335088 
12.027346 8.395846 6.331908 3.80286 0.0 3.802804 6.469445 10.088334 11.687781 9.55787 10.185434 13.807051 14.11571 12.882532 15.2001 17.8144 18.074832 17.621524 14.771557 11.837626 8.387885 9.614606 12.330738 10.485492 9.466827 6.957793 9.442192 8.249024 9.112895 8.24857 7.062027 3.994415 5.427702 8.630645 11.778543 13.50485 11.6285 12.160748 15.715656 16.431251 15.578871 18.081033 20.578744 21.244138 20.892316 
14.937108 11.575824 8.767345 5.384061 3.802804 0.0 3.803752 6.895046 8.596235 6.493726 6.450619 10.105545 10.828625 9.731982 11.707801 14.366132 15.074856 14.64468 12.270016 9.736344 6.908287 9.262011 11.894293 10.247104 10.550852 8.65063 11.487152 10.353823 11.850038 11.750331 10.25432 6.703406 5.866594 8.283102 10.400982 12.935195 11.305678 10.645095 14.151382 15.627224 14.603912 16.420734 19.29168 20.311764 19.504113 
16.008309 13.098784 9.645707 7.099651 6.469445 3.803752 0.0 3.841161 5.528418 4.982316 5.889779 8.63525 9.638402 9.95575 11.845027 13.809062 15.16299 15.480668 13.61246 11.970184 9.516476 12.543666 14.633444 12.452522 12.77823 10.386646 12.390461 10.480354 11.927038 12.962744 11.960457 8.161068 6.936681 7.545399 8.927488 12.143067 11.65391 10.757198 13.64007 15.781498 15.506858 16.824545 19.456015 21.143372 20.549153 
18.719834 16.175394 12.518745 9.994861 10.088334 6.895046 3.841161 0.0 3.803468 5.537434 5.209069 6.490461 8.685395 9.878612 10.746351 12.376512 14.61628 15.066747 14.125258 13.176828 11.688388 14.956384 16.928909 15.07396 16.031103 13.971636 15.950472 13.999433 15.380742 16.679932 15.792188 11.995066 10.432203 10.312835 10.437746 14.114108 14.126381 12.406966 14.737563 17.537469 17.288235 17.823558 20.597607 22.643874 21.703255 
21.276919 18.521717 14.985671 12.604605 11.687781 8.596235 5.528418 3.803468 0.0 3.802486 5.369001 5.254717 6.085188 8.427698 9.923774 10.479397 12.539207 13.895171 13.001567 12.931651 11.633251 15.31766 16.462538 14.214844 15.428126 13.645936 15.313615 13.761566 15.847335 17.576194 16.211472 12.582001 10.122348 8.833791 7.688628 11.488887 12.122515 10.070535 11.688336 14.850117 15.074786 15.180519 17.660318 20.106362 19.402232 
20.572966 17.370544 14.230353 11.443122 9.55787 6.493726 4.982316 5.537434 3.802486 0.0 3.800962 5.514654 4.935214 5.78762 8.381182 9.527967 10.577853 11.631326 9.939897 9.541688 7.973549 11.722157 12.682219 10.442137 11.906854 10.61984 12.837019 12.05852 14.663866 15.820977 13.801617 10.336982 7.28051 6.731442 6.080854 9.518669 9.132835 6.915557 9.398919 12.117994 11.793829 12.374771 15.127274 17.116732 16.343051 
21.021804 17.877482 14.733492 11.385592 10.185434 6.450619 5.889779 5.209069 5.369001 3.800962 0.0 3.798587 5.388181 5.003079 5.991601 8.323526 10.017409 9.99655 9.00549 8.324455 7.805038 11.222141 12.797123 11.609291 13.621143 12.773739 15.580553 14.845587 17.077828 17.686018 15.751865 12.202838 9.615625 10.156081 9.825246 13.09381 12.122101 9.506484 12.164979 14.824713 13.676244 13.943298 17.212233 18.833408 17.331282 
24.326659 21.338503 18.002535 14.849977 13.807051 10.105545 8.63525 6.490461 5.254717 5.514654 3.798587 0.0 3.79776 5.457588 5.160697 5.986039 8.807412 9.590013 9.843515 10.528226 10.857179 14.353042 15.331326 14.165444 16.498877 15.800939 18.290694 17.519472 19.895674 20.94083 19.020952 15.469299 12.589261 12.180784 10.67779 14.082128 13.834152 10.677671 12.294587 15.557451 14.744835 14.042024 17.174415 19.28528 17.637253 
25.392815 22.152124 19.03895 16.017766 14.11571 10.828625 9.638402 8.685395 6.085188 4.935214 5.388181 3.79776 0.0 3.801653 5.539974 4.974951 6.503177 8.479479 8.14089 9.619513 9.89405 13.54539 13.62586 12.090219 14.602147 14.333204 16.614407 16.431467 19.349562 20.497917 18.121878 14.915904 11.474168 10.521959 8.286529 11.213412 11.060603 7.582531 8.663404 12.032517 11.432969 10.455632 13.432672 15.734583 14.347421 
24.647486 21.186178 18.453865 15.088417 12.882532 9.731982 9.95575 9.878612 8.427698 5.78762 5.003079 5.457588 3.801653 0.0 3.800393 5.272651 5.366923 5.861219 4.657089 5.883057 6.903615 10.241804 10.363753 9.59605 12.62912 13.064612 15.979951 16.346791 19.308869 19.754132 17.032583 14.067745 10.68411 10.925581 9.661595 12.019772 10.610193 7.115541 9.26021 11.778746 10.028059 9.558878 13.115168 14.54825 12.637117 
26.475781 23.178148 20.327978 16.755451 15.2001 11.707801 11.845027 10.746351 9.923774 8.381182 5.991601 5.160697 5.539974 3.800393 0.0 3.799569 5.534338 4.709354 5.936664 7.422874 9.507917 12.293415 12.806568 12.845992 16.016076 16.473808 19.542231 19.667567 22.359962 22.700846 20.187685 17.05419 13.972715 14.387679 13.070385 15.682165 14.410485 10.882749 12.654554 15.309766 13.370992 12.334321 15.95594 17.289288 14.811951 
29.233115 25.940766 22.943307 19.577089 17.8144 14.366132 13.809062 12.376512 10.479397 9.527967 8.323526 5.986039 4.974951 5.272651 3.799569 0.0 3.802513 5.441731 7.410409 10.092828 12.043503 15.054586 14.808018 14.43676 17.653317 18.162312 20.814793 21.021442 23.979222 24.761414 22.160428 19.08239 15.652983 15.196449 12.966698 15.382275 14.787578 11.009605 11.602752 14.647188 13.248275 11.253911 14.494737 16.374619 14.020268 
29.955159 26.437455 23.79074 20.431497 18.074832 15.074856 15.16299 14.61628 12.539207 10.577853 10.017409 8.807412 6.503177 5.366923 5.534338 3.802513 0.0 3.812366 5.198803 8.749739 11.056704 13.645605 12.532904 12.452402 15.95176 17.175466 19.8522 20.740457 24.008179 24.525776 21.513026 18.899603 15.297093 15.011974 12.855074 14.423238 13.320545 9.599098 9.958987 12.346985 10.442853 8.135903 11.527594 12.954567 10.324435 
29.31912 25.79321 23.365039 19.76032 17.621524 14.64468 15.480668 15.066747 13.895171 11.631326 9.99655 9.590013 8.479479 5.861219 4.709354 5.441731 3.812366 0.0 3.805464 6.903596 10.152903 12.033627 11.4008 12.350442 16.032905 17.517612 20.676496 21.622008 24.660574 24.651958 21.641604 19.068618 15.807016 16.405169 15.00197 16.689499 14.886292 11.389454 12.713794 14.605776 11.944882 10.426214 14.092558 14.685 11.558969 
26.651604 22.999561 20.83543 17.36274 14.771557 12.270016 13.61246 14.125258 13.001567 9.939897 9.00549 9.843515 8.14089 4.657089 5.936664 7.410409 5.198803 3.805464 0.0 3.799426 6.776712 8.664811 7.761569 8.557922 12.26585 13.970187 17.19112 18.436707 21.550472 21.343848 18.162305 15.873477 12.642315 13.597495 12.737184 14.039278 11.695936 8.571287 10.600755 11.929297 8.945459 8.490375 12.284598 12.554985 9.849551 
23.43942 19.775006 17.898156 14.38536 11.837626 9.736344 11.970184 13.176828 12.931651 9.541688 8.324455 10.528226 9.619513 5.883057 7.422874 10.092828 8.749739 6.903596 3.799426 0.0 3.806042 5.192708 5.681467 6.902945 10.250083 11.818237 15.405818 16.562015 19.334457 18.643913 15.571505 13.373738 10.704228 12.646532 12.87309 14.262239 11.388433 9.062952 12.104103 13.002508 9.966088 10.854842 14.484156 14.401779 12.162408 
20.17138 16.441207 14.646284 11.391843 8.387885 6.908287 9.516476 11.688388 11.633251 7.973549 7.805038 10.857179 9.89405 6.903615 9.507917 12.043503 11.056704 10.152903 6.776712 3.806042 0.0 3.807624 5.302807 4.736651 7.207864 8.165197 11.830049 12.866079 15.567232 14.858445 11.802301 9.592026 7.092234 9.579092 10.702718 12.002067 8.962743 7.601403 11.257669 11.891128 9.47 11.40334 14.618569 14.750885 13.423667 
20.299815 16.565666 15.567711 12.494004 9.614606 9.262011 12.543666 14.956384 15.31766 11.722157 11.222141 14.353042 13.54539 10.241804 12.293415 15.054586 13.645605 12.033627 8.664811 5.192708 3.807624 0.0 3.802351 5.409743 7.302128 9.17982 12.904942 14.466213 16.834693 15.284327 12.149757 10.886831 9.394033 12.469015 14.068396 14.779272 11.288982 10.653119 14.165174 13.982008 11.089435 13.427702 16.460765 15.724751 14.304285 
23.28969 19.499894 18.508118 15.625414 12.330738 11.894293 14.633444 16.928909 16.462538 12.682219 12.797123 15.331326 13.62586 10.363753 12.806568 14.808018 12.532904 11.4008 7.761569 5.681467 5.302807 3.802351 0.0 3.805184 6.691205 9.731814 13.059969 15.353262 18.252886 16.987999 13.43139 12.610481 10.467625 12.813396 13.802793 13.744988 10.078282 9.470962 12.404251 11.569072 8.247221 10.685953 13.457574 12.22916 10.875083 
21.723884 17.932357 16.683777 14.130273 10.485492 10.247104 12.452522 15.07396 14.214844 10.442137 11.609291 14.165444 12.090219 9.59605 12.845992 14.43676 12.452402 12.350442 8.557922 6.902945 4.736651 5.409743 3.805184 0.0 3.803411 6.560263 9.67901 11.995506 15.199803 14.467476 10.816586 9.873234 7.306068 9.262162 10.423378 10.113919 6.386444 6.501959 9.658764 8.788756 6.295969 9.417061 11.834139 11.376255 10.96543 
19.489363 15.782871 15.052533 13.240376 9.466827 10.550852 12.77823 16.031103 15.428126 11.906854 13.621143 16.498877 14.602147 12.62912 16.016076 17.653317 15.95176 16.032905 12.26585 10.250083 7.207864 7.302128 6.691205 3.803411 0.0 3.78886 6.507039 9.348722 12.365534 11.354354 7.575878 7.722104 6.295167 8.592451 10.844107 9.944555 6.372734 8.343819 11.319676 9.889527 8.56814 12.162306 13.815655 13.36854 13.829816 
16.557368 12.953785 11.951745 10.633365 6.957793 8.65063 10.386646 13.971636 13.645936 10.61984 12.773739 15.800939 14.333204 13.064612 16.473808 18.162312 17.175466 17.517612 13.970187 11.818237 8.165197 9.17982 9.731814 6.560263 3.78886 0.0 3.795145 5.715316 8.71666 8.173332 4.606564 4.201758 3.584273 6.153601 9.380451 9.043377 6.424964 8.773295 11.836385 11.154723 10.802495 14.099538 15.697674 16.013839 16.637073 
16.830061 13.643437 12.938732 12.638063 9.442192 11.487152 12.390461 15.950472 15.313615 12.837019 15.580553 18.290694 16.614407 15.979951 19.542231 20.814793 19.8522 20.676496 17.19112 15.405818 11.830049 12.904942 13.059969 9.67901 6.507039 3.795145 0.0 3.794749 6.916913 7.224752 4.423988 5.607843 6.033502 6.748961 9.984629 8.758695 7.341695 10.622802 12.841583 11.781206 12.511977 15.824386 16.634473 17.181752 18.54023 
14.46436 11.583538 10.361623 10.658157 8.249024 10.353823 10.480354 13.999433 13.761566 12.05852 14.845587 17.519472 16.431467 16.346791 19.667567 21.021442 20.740457 21.622008 18.436707 16.562015 12.866079 14.466213 15.353262 11.995506 9.348722 5.715316 3.794749 0.0 3.797176 5.701256 4.745997 4.448105 5.944449 6.157802 9.72792 9.625945 9.214601 11.851119 14.123807 13.982003 14.939155 17.836496 18.894749 19.973552 21.095824 
11.54809 9.321683 8.689316 10.331097 9.112895 11.850038 11.927038 15.380742 15.847335 14.663866 17.077828 19.895674 19.349562 19.308869 22.359962 23.979222 24.008179 24.660574 21.550472 19.334457 15.567232 16.834693 18.252886 15.199803 12.365534 8.71666 6.916913 3.797176 0.0 3.791753 5.680386 6.067513 8.918714 9.521102 13.044987 13.265816 12.996135 15.47445 17.827919 17.777012 18.658085 21.574088 22.691896 23.71511 24.784894 
9.962712 7.299066 7.966956 9.556241 8.24857 11.750331 12.962744 16.679932 17.576194 15.820977 17.686018 20.94083 20.497917 19.754132 22.700846 24.761414 24.525776 24.651958 21.343848 18.643913 14.858445 15.284327 16.987999 14.467476 11.354354 8.173332 7.224752 5.701256 3.791753 0.0 3.789903 5.689011 9.295515 11.191388 14.972901 15.064858 13.839979 16.31468 19.125895 18.684516 18.90166 22.130137 23.490734 23.947777 24.795013 
12.921206 9.61887 9.640123 9.754061 7.062027 10.25432 11.960457 15.792188 16.211472 13.801617 15.751865 19.020952 18.121878 17.032583 20.187685 22.160428 21.513026 21.641604 18.162305 15.571505 11.802301 12.149757 13.43139 10.816586 7.575878 4.606564 4.423988 4.745997 5.680386 3.789903 0.0 3.8002 6.652929 9.026409 12.751643 12.508216 10.644583 13.201629 16.118425 15.390765 15.323019 18.679634 20.080864 20.316577 21.117761 
12.812105 9.292284 7.863115 7.037436 3.994415 6.703406 8.161068 11.995066 12.582001 10.336982 12.202838 15.469299 14.915904 14.067745 17.05419 19.08239 18.899603 19.068618 15.873477 13.373738 9.592026 10.886831 12.610481 9.873234 7.722104 4.201758 5.607843 4.448105 6.067513 5.689011 3.8002 0.0 3.804402 6.564689 10.287154 11.102616 9.469279 11.166915 14.342269 14.491684 14.33065 17.227996 19.09212 19.809422 20.169677 
16.323932 12.774501 10.762403 8.899346 5.427702 5.866594 6.936681 10.432203 10.122348 7.28051 9.615625 12.589261 11.474168 10.68411 13.972715 15.652983 15.297093 15.807016 12.642315 10.704228 7.092234 9.394033 10.467625 7.306068 6.295167 3.584273 6.033502 5.944449 8.918714 9.295515 6.652929 3.804402 0.0 3.804104 7.064235 8.165567 6.295512 7.414353 10.704165 11.222695 11.002215 13.612902 15.646869 16.634445 16.839384 
18.550794 15.323107 12.94175 11.508431 8.630645 8.283102 7.545399 10.312835 8.833791 6.731442 10.156081 12.180784 10.521959 10.925581 14.387679 15.196449 15.011974 16.405169 13.597495 12.646532 9.579092 12.469015 12.813396 9.262162 8.592451 6.153601 6.748961 6.157802 9.521102 11.191388 9.026409 6.564689 3.804104 0.0 3.80623 5.182486 5.20464 6.422981 8.677866 9.750014 10.723849 12.805425 14.301879 16.054804 16.707494 
22.040088 18.875844 16.195489 14.441824 11.778543 10.400982 8.927488 10.437746 7.688628 6.080854 9.825246 10.67779 8.286529 9.661595 13.070385 12.966698 12.855074 15.00197 12.737184 12.87309 10.702718 14.068396 13.802793 10.423378 10.844107 9.380451 9.984629 9.72792 13.044987 14.972901 12.751643 10.287154 7.064235 3.80623 0.0 3.804597 5.480075 5.080593 5.981311 8.239134 9.775709 10.80837 12.152058 14.627108 15.225464 
23.39857 20.178161 18.040279 16.622852 13.50485 12.935195 12.143067 14.114108 11.488887 9.518669 13.09381 14.082128 11.213412 12.019772 15.682165 15.382275 14.423238 16.689499 14.039278 14.262239 12.002067 14.779272 13.744988 10.113919 9.944555 9.043377 8.758695 9.625945 13.265816 15.064858 12.508216 11.102616 8.165567 5.182486 3.804597 0.0 3.803613 5.471477 5.270517 5.816545 8.39032 10.010745 10.322363 12.595218 14.071781 
22.262927 18.755315 16.963154 15.163686 11.6285 11.305678 11.65391 14.126381 12.122515 9.132835 12.122101 13.834152 11.060603 10.610193 14.410485 14.787578 13.320545 14.886292 11.695936 11.388433 8.962743 11.288982 10.078282 6.386444 6.372734 6.424964 7.341695 9.214601 12.996135 13.839979 10.644583 9.469279 6.295512 5.20464 5.480075 3.803613 0.0 3.800864 5.643338 5.042503 5.969421 8.702023 9.792393 11.058082 12.131243 
23.685053 20.121389 17.865115 15.423034 12.160748 10.645095 10.757198 12.406966 10.070535 6.915557 9.506484 10.677671 7.582531 7.115541 10.882749 11.009605 9.599098 11.389454 8.571287 9.062952 7.601403 10.653119 9.470962 6.501959 8.343819 8.773295 10.622802 11.851119 15.47445 16.31468 13.201629 11.166915 7.414353 6.422981 5.080593 5.471477 3.800864 0.0 3.80331 5.370417 5.145268 6.522476 8.779922 10.512953 10.545574 
26.906873 23.448527 21.11286 18.882648 15.715656 14.151382 13.64007 14.737563 11.688336 9.398919 12.164979 12.294587 8.663404 9.26021 12.654554 11.602752 9.958987 12.713794 10.600755 12.104103 11.257669 14.165174 12.404251 9.658764 11.319676 11.836385 12.841583 14.123807 17.827919 19.125895 16.118425 14.342269 10.704165 8.677866 5.981311 5.270517 5.643338 3.80331 0.0 3.80442 5.510562 5.289323 6.282038 9.139263 9.841944 
27.296229 23.763063 21.955752 19.958344 16.431251 15.627224 15.781498 17.537469 14.850117 12.117994 14.824713 15.557451 12.032517 11.778746 15.309766 14.647188 12.346985 14.605776 11.929297 13.002508 11.891128 13.982008 11.569072 8.788756 9.889527 11.154723 11.781206 13.982003 17.777012 18.684516 15.390765 14.491684 11.222695 9.750014 8.239134 5.816545 5.042503 5.370417 3.80442 0.0 3.804373 5.325844 4.943848 6.781173 8.643864 
26.98305 23.279495 21.607167 19.163804 15.578871 14.603912 15.506858 17.288235 15.074786 11.793829 13.676244 14.744835 11.432969 10.028059 13.370992 13.248275 10.442853 11.944882 8.945459 9.966088 9.47 11.089435 8.247221 6.295969 8.56814 10.802495 12.511977 14.939155 18.658085 18.90166 15.323019 14.33065 11.002215 10.723849 9.775709 8.39032 5.969421 5.145268 5.510562 3.804373 0.0 3.803572 5.538734 5.743471 6.183406 
29.809236 26.134114 24.099478 21.4161 18.081033 16.420734 16.824545 17.823558 15.180519 12.374771 13.943298 14.042024 10.455632 9.558878 12.334321 11.253911 8.135903 10.426214 8.490375 10.854842 11.40334 13.427702 10.685953 9.417061 12.162306 14.099538 15.824386 17.836496 21.574088 22.130137 18.679634 17.227996 13.612902 12.805425 10.80837 10.010745 8.702023 6.522476 5.289323 5.325844 3.803572 0.0 3.804893 5.323831 4.685042 
31.886636 28.275846 26.380838 24.043959 20.578744 19.29168 19.456015 20.597607 17.660318 15.127274 17.212233 17.174415 13.432672 13.115168 15.95594 14.494737 11.527594 14.092558 12.284598 14.484156 14.618569 16.460765 13.457574 11.834139 13.815655 15.697674 16.634473 18.894749 22.691896 23.490734 20.080864 19.09212 15.646869 14.301879 12.152058 10.322363 9.792393 8.779922 6.282038 4.943848 5.538734 3.804893 0.0 3.804431 5.684806 
32.454714 28.75183 27.260365 24.868784 21.244138 20.311764 21.143372 22.643874 20.106362 17.116732 18.833408 19.28528 15.734583 14.54825 17.289288 16.374619 12.954567 14.685 12.554985 14.401779 14.750885 15.724751 12.22916 11.376255 13.36854 16.013839 17.181752 19.973552 23.71511 23.947777 20.316577 19.809422 16.634445 16.054804 14.627108 12.595218 11.058082 10.512953 9.139263 6.781173 5.743471 5.323831 3.804431 0.0 3.803256 
32.539635 28.769849 27.130838 24.335088 20.892316 19.504113 20.549153 21.703255 19.402232 16.343051 17.331282 17.637253 14.347421 12.637117 14.811951 14.020268 10.324435 11.558969 9.849551 12.162408 13.423667 14.304285 10.875083 10.96543 13.829816 16.637073 18.54023 21.095824 24.784894 24.795013 21.117761 20.169677 16.839384 16.707494 15.225464 14.071781 12.131243 10.545574 9.841944 8.643864 6.183406 4.685042 5.684806 3.803256 0.0 

