0.0 3.819601 6.288105 8.832399 11.553746 14.189999 17.82809 19.239112 22.201291 20.244616 19.217441 21.781391 24.591895 23.783112 20.55726 22.999702 25.246724 22.646112 21.800021 25.520102 25.926169 23.333341 25.335403 28.598633 27.385051 28.443202 30.286482 27.725192 28.603546 26.946591 27.09674 23.443212 22.833069 21.880144 21.283092 18.898363 15.385584 15.223413 11.461164 12.66217 9.751761 7.709127 4.731217 5.887864 7.773423 10.759775 14.071399 17.5278 18.635381 18.901764 16.459869 14.867714 17.002123 16.893326 19.336836 20.712227 20.603813 23.802795 24.131247 27.801366 30.241743 27.953601 29.701211 26.632229 23.890084 21.900113 18.137861 17.291498 16.151711 15.257681 13.680873 15.297035 14.466467 17.450884 17.239514 19.441407 17.985429 14.532441 13.881989 11.235176 12.514116 11.934793 14.73688 14.027312 14.186458 10.862107 9.476696 7.468524 7.32944 9.022075 10.451323 14.149983 16.833828 20.106681 22.212063 22.076741 
3.819601 0.0 3.841556 5.392074 7.783313 10.417876 14.030513 15.576051 18.523187 16.717596 15.922297 18.77971 21.470633 21.002833 17.636608 19.816963 22.365922 20.072599 18.967612 22.657955 23.479691 21.043827 22.767333 26.183078 25.394424 26.450026 28.391044 25.996943 26.99583 25.805148 26.353389 22.868944 21.711583 20.868369 20.935363 18.938159 15.647086 16.365336 12.864575 14.870594 12.477708 10.514646 7.124298 6.861489 9.009589 12.502799 15.176693 18.641096 19.611761 19.132784 16.382896 14.49711 16.269936 15.928929 17.831385 19.11883 18.493843 21.804415 22.221425 25.713144 28.470232 26.574795 28.69679 25.810986 22.869857 20.909909 17.213166 15.651916 14.486784 13.154734 12.161225 13.555016 13.111962 16.208499 15.520001 17.106409 15.16564 12.069023 11.227434 8.524654 9.819792 10.086861 13.002171 13.273007 13.938387 10.933327 10.115242 6.970715 5.248624 5.555105 6.890132 10.560588 13.131679 16.480513 18.50421 18.262772 
6.288105 3.841556 0.0 3.775526 7.250982 9.170778 12.988705 14.954518 17.273774 14.863271 14.523147 17.443282 20.522259 20.531619 17.485041 19.787352 22.567448 20.749649 19.92678 23.578107 24.676534 22.712242 24.41331 27.809389 27.343663 28.033212 29.824204 27.28595 27.91206 26.953374 27.952212 24.527081 23.388965 23.081236 23.338112 21.762669 18.387224 19.324744 15.804286 17.478013 14.756371 13.470364 9.828366 10.43213 12.805364 16.219941 18.963333 22.360043 23.10842 22.528461 19.913754 17.698505 18.965309 17.987196 19.293973 19.893062 18.649963 21.603315 21.419526 24.732174 27.449533 25.737363 28.163585 25.645181 22.996736 20.549695 16.870205 15.409147 15.13873 14.368426 14.33429 16.115331 16.265238 19.475554 18.592943 19.654286 17.219941 14.625561 13.30046 10.202796 10.234358 10.039735 11.990573 12.367482 14.04977 11.83312 10.224647 6.62542 5.922779 5.441417 8.082628 11.087696 13.407242 16.815511 18.554953 17.528079 
8.832399 5.392074 3.775526 0.0 3.787345 6.386917 10.094779 12.61386 14.91471 12.974999 13.297415 16.702348 19.402893 19.891515 16.630146 18.295373 21.454501 19.999107 18.621005 22.088532 23.699116 21.745891 22.906218 26.48016 26.458579 27.39137 29.369791 27.196455 28.146501 27.632351 28.79674 25.589276 23.914765 23.41121 24.207796 22.731275 19.717379 21.06053 17.786486 20.004421 17.654971 15.900223 12.414244 11.943974 13.773739 17.455941 19.753114 23.206214 24.158653 23.120449 20.153037 18.161105 19.430527 18.692285 19.669501 20.458698 18.868164 21.968237 22.065316 25.103229 28.164549 26.89381 29.587281 27.194965 24.31973 22.126908 18.648649 16.495158 15.927555 14.452644 14.644468 15.701685 15.74801 18.616099 17.095655 17.575608 14.996222 13.009435 12.120224 9.733144 10.221062 11.306342 13.378719 14.68809 16.417716 14.291419 13.377748 9.620265 7.609099 5.021027 6.250531 8.834673 10.349143 13.967204 15.242378 14.243448 
11.553746 7.783313 7.250982 3.787345 0.0 3.811168 6.977236 9.607116 12.153495 11.025057 11.589841 15.234822 17.362112 18.099403 14.658846 15.673195 19.045851 17.87817 16.018159 19.261307 21.262781 19.372298 20.067273 23.723771 24.09108 25.187396 27.299263 25.491192 26.749057 26.66053 27.966623 25.045426 22.871368 22.24128 23.586168 22.360714 19.806404 21.653996 18.797692 21.542666 19.734864 17.808081 14.484782 13.158184 14.752273 18.391694 20.039944 23.311967 24.20083 22.6208 19.517627 17.602154 18.627051 18.032706 18.599313 19.57063 17.771621 20.990084 21.511646 24.283623 27.633753 26.75251 29.589624 27.276337 24.167869 22.377696 19.199065 16.418172 15.462344 13.352663 13.834276 14.219976 14.43928 17.000566 15.104461 14.885982 12.020443 10.786891 10.084953 8.60645 9.460942 11.725542 13.939281 16.055469 17.591684 15.624462 15.542452 11.842503 8.915835 5.280825 4.442281 5.850986 6.629173 10.319673 11.477195 10.753761 
14.189999 10.417876 9.170778 6.386917 3.811168 0.0 3.819467 6.445808 8.570774 7.219537 8.035484 11.785787 13.902378 15.069573 11.934302 12.860228 16.386867 15.78064 14.242855 17.303912 19.536876 18.272351 18.967384 22.434884 23.154174 23.794466 25.717431 23.891052 24.879876 25.189614 26.957494 24.291655 21.964011 21.870896 23.583172 22.964404 20.579145 22.897247 20.303263 23.095257 21.486159 20.070896 16.568504 15.488195 17.601417 21.04731 22.456813 25.446617 25.856638 23.946256 21.153296 18.784304 19.059151 17.848003 17.625126 18.000205 15.620454 18.509945 18.83784 21.277699 24.730735 24.228214 27.319317 25.354206 22.369315 20.554326 17.732839 14.673863 14.230036 12.465009 13.989165 14.682463 15.801921 18.509479 16.880889 16.081927 12.666039 12.109672 10.512117 8.949741 8.493798 10.905818 12.338897 15.11237 17.028709 15.82925 16.001676 12.445383 9.687802 5.981068 5.979826 5.128022 5.822991 8.731175 10.118366 8.524579 
17.82809 14.030513 12.988705 10.094779 6.977236 3.819467 0.0 3.797934 5.358306 5.548419 7.188665 10.829013 12.053375 13.865752 11.008225 10.872379 14.639551 14.809581 12.984931 15.455772 18.233288 17.433703 17.54058 20.888304 22.203225 22.782773 24.700476 23.286036 24.406721 25.28635 27.328263 25.078118 22.354742 22.367859 24.60256 24.386948 22.464172 25.153224 22.940837 25.969638 24.700519 23.2947 19.913575 18.508056 20.47098 23.786346 24.738099 27.487631 27.754479 25.428298 22.701278 20.391405 20.260775 19.026584 18.173066 18.415287 15.695908 18.327661 18.886391 20.768233 24.423791 24.485064 27.746185 26.076649 23.075595 21.61469 19.296115 15.877478 15.408078 13.442184 15.436301 15.62455 17.058103 19.361647 17.554345 15.942045 12.344318 12.926117 11.43455 10.862855 10.302496 13.178382 14.23666 17.505436 19.352704 18.5243 19.138301 15.780754 12.902542 9.335189 8.512714 5.90538 4.761936 6.26699 7.179754 5.008095 
19.239112 15.576051 14.954518 12.61386 9.607116 6.445808 3.797934 0.0 3.852438 5.39717 5.391911 8.391218 8.847842 10.460168 7.634866 7.080037 10.860099 11.287136 9.628893 11.925282 14.722402 14.355053 14.548196 17.649799 19.093238 19.36809 21.170679 19.845109 20.961348 22.135988 24.361076 22.431479 19.514844 19.793646 22.348665 22.63233 21.10115 24.167982 22.432307 25.601267 24.820595 23.713204 20.486875 18.962908 21.162782 24.118872 24.639687 26.977575 26.788904 24.151736 21.803284 19.248476 18.478311 16.973651 15.525064 15.589155 12.762526 15.287251 16.267714 17.944875 21.699819 21.961754 25.160174 23.559573 20.485047 19.473446 17.622368 13.941353 13.318517 11.374849 13.916016 14.097689 16.218101 18.520165 17.240152 15.417499 11.649851 12.561956 10.436797 10.280105 9.280584 12.384094 13.266009 16.871742 18.340301 17.91132 19.18098 16.27369 13.326514 10.339322 9.467029 5.966627 5.727235 5.141956 7.456315 6.17174 
22.201291 18.523187 17.273774 14.91471 12.153495 8.570774 5.358306 3.852438 0.0 3.832863 5.58601 7.923683 8.016949 10.86001 9.258575 8.257993 11.837253 13.299673 12.182229 13.739829 16.751834 17.101952 17.063567 19.779599 21.634883 21.509404 23.040092 21.813707 22.5524 24.116136 26.718495 25.035234 22.175576 22.869811 25.523866 26.093066 24.565835 27.677498 25.90704 28.92556 27.989399 27.076133 23.69434 22.466612 24.776162 27.813227 28.450794 30.800163 30.531009 27.876438 25.62006 22.986171 22.006822 20.206902 18.342669 17.784241 14.50155 16.254475 16.675067 17.655477 21.376002 22.202188 25.680198 24.624548 21.923393 20.73825 19.268419 15.75895 15.888027 14.546217 17.44407 17.822111 20.057574 22.30308 20.933892 18.865788 15.163543 16.355517 14.278439 13.912925 12.366015 14.920798 14.933149 18.626443 20.565162 20.640107 21.620142 18.74266 16.231859 13.24769 12.910873 9.653956 8.81415 7.827525 8.751171 6.148749 
20.244616 16.717596 14.863271 12.974999 11.025057 7.219537 5.548419 5.39717 3.832863 0.0 3.789948 6.751193 8.614461 11.180992 9.647694 10.124366 13.493861 14.424362 13.918987 16.08936 18.590128 18.773636 19.395906 22.168881 23.538924 23.204381 24.597958 22.82551 23.129004 24.260935 26.877703 24.84802 22.425864 23.366697 25.583487 26.011886 24.00814 26.883531 24.772165 27.454381 26.149489 25.507688 21.921776 21.259585 23.894512 27.027409 28.134633 30.673004 30.384423 28.082595 25.869562 22.987356 22.122216 19.988968 18.373008 17.45038 14.056792 15.712964 15.403735 16.748044 20.276047 20.752499 24.314982 23.27215 20.802946 19.012216 17.246047 14.095655 14.891196 14.190396 17.160885 18.260539 20.501427 23.219193 22.033309 20.53476 16.772101 17.138829 14.705147 13.339104 11.148835 12.946789 12.444164 15.944388 18.377535 18.646923 19.103335 16.214565 14.253399 11.48795 12.22641 9.786523 9.943934 10.260918 11.471319 8.544923 
19.217441 15.922297 14.523147 13.297415 11.589841 8.035484 7.188665 5.391911 5.58601 3.789948 0.0 3.793263 6.342423 7.962517 6.283208 7.817707 10.785897 11.267528 11.40263 13.863513 15.818352 16.090643 17.293646 19.873079 20.863309 20.240998 21.494216 19.433635 19.570925 20.552545 23.192164 21.171856 18.860943 20.062773 22.216362 22.904436 20.993874 24.019773 22.184394 24.851054 23.879776 23.562407 20.113336 19.518409 22.444496 25.253568 26.183228 28.437159 27.775999 25.444969 23.590823 20.436237 19.168663 16.710253 14.867185 13.710263 10.289048 12.053463 11.984092 13.718397 17.308454 17.502516 20.930249 19.682153 17.080456 15.465118 13.826737 10.506247 11.334179 11.006557 14.32716 15.824694 18.521795 21.463414 20.869791 19.676006 15.908657 15.899934 12.875267 11.290088 8.512278 10.126914 9.494506 13.225928 15.296431 15.852358 16.808777 14.370722 12.458948 10.415697 11.433767 9.018795 10.389528 10.44381 12.762317 10.725914 
21.781391 18.77971 17.443282 16.702348 15.234822 11.785787 10.829013 8.391218 7.923683 6.751193 3.793263 0.0 3.854179 5.319094 5.647335 7.544396 9.363617 10.380266 11.661476 13.582645 15.053238 16.110027 17.618415 19.578157 20.541072 19.236117 20.030956 17.822937 17.37376 18.645341 21.677012 20.050815 17.925518 19.782756 21.991737 23.270143 21.625764 24.823297 23.378304 25.874772 25.211939 25.371949 22.071132 21.703156 24.855979 27.341017 28.085619 29.98694 28.870097 26.462141 25.091497 21.707591 19.832513 16.907231 14.401555 12.393106 8.660253 9.324311 8.900453 10.089279 13.725663 14.32567 17.875464 17.074492 14.813817 13.408151 12.653012 9.590355 11.11987 11.708584 15.440464 17.239116 20.398718 23.35929 23.237486 22.04746 18.353528 18.396813 15.064904 13.543941 10.351542 11.224374 9.652728 13.32046 15.214366 16.580168 17.836589 16.078739 14.654745 13.356293 14.585849 12.17735 13.729126 13.13305 15.61478 13.743019 
24.591895 21.470633 20.522259 19.402893 17.362112 13.902378 12.053375 8.847842 8.016949 8.614461 6.342423 3.854179 0.0 3.793369 5.41709 5.463195 6.701165 8.982199 10.271949 11.194089 12.952692 14.698834 15.7175 17.247291 18.724762 17.240932 17.939055 16.290629 16.069947 18.059874 21.256457 20.218076 17.672563 19.533901 22.237106 23.880334 22.8135 26.277057 25.266209 28.019874 27.757549 27.774679 24.673013 23.866876 26.791059 29.124051 29.403732 31.024809 29.780367 27.011028 25.76956 22.550898 20.362318 17.637651 14.630035 12.757394 9.175455 9.432357 9.969343 10.153805 13.923865 15.220703 18.613362 18.04388 15.723452 15.187707 15.06658 11.854363 12.700839 12.804667 16.538095 17.725446 21.032728 23.570206 23.468096 21.812987 18.231408 18.953595 15.825717 15.179724 12.51658 14.001902 12.889035 16.560378 17.92969 19.224783 20.956663 19.271498 17.444496 15.96062 16.426027 13.412718 14.37929 12.747327 15.130023 13.71029 
23.783112 21.002833 20.531619 19.891515 18.099403 15.069573 13.865752 10.460168 10.86001 11.180992 7.962517 5.319094 3.793369 0.0 3.859866 5.372667 4.910772 6.220029 8.681318 9.838836 10.550145 12.385044 14.148614 15.368564 16.243183 14.41252 14.927332 12.858091 12.453975 14.28214 17.495814 16.527118 14.090133 16.259403 18.875473 20.813426 19.963785 23.502732 22.86967 25.557183 25.688618 25.966564 23.155556 22.378592 25.403925 27.34293 27.409508 28.694665 27.106092 24.354272 23.532238 20.171247 17.59249 14.634286 11.338418 9.170471 5.753306 5.973493 7.549067 8.361162 12.10616 12.877056 15.906444 14.941635 12.347732 12.364736 12.57458 9.410067 9.963031 10.504548 14.269386 15.725492 19.320332 21.940993 22.431542 21.171902 17.806302 18.114015 14.708859 14.057826 11.37034 12.518698 11.572141 14.996026 15.671032 17.130583 19.359821 18.216342 16.506977 15.748667 16.275997 13.618172 15.338138 13.823325 16.841 16.038032 
20.55726 17.636608 17.485041 16.630146 14.658846 11.934302 11.008225 7.634866 9.258575 9.647694 6.283208 5.647335 5.41709 3.859866 0.0 3.798743 5.341947 5.036638 6.225144 8.648404 9.812999 10.488932 12.25896 14.328182 15.026202 14.05167 15.228525 13.196186 13.647799 14.891637 17.543297 15.987205 13.253515 14.6524 17.266456 18.619823 17.53725 21.037394 20.142684 23.09138 23.105131 22.969293 20.125266 19.027736 21.886168 23.98866 24.096631 25.623441 24.372848 21.621871 20.393571 17.137527 14.993656 12.40195 9.697247 8.65846 5.516104 7.877937 9.732254 11.599171 15.271854 15.337658 18.20014 16.538663 13.398798 13.151634 12.290232 8.559504 8.05757 7.485102 11.164477 12.404364 15.828374 18.523807 18.802642 17.646011 14.199251 14.338703 10.937217 10.388096 8.063336 10.05223 10.167472 13.759867 14.330701 14.989816 17.268489 15.692462 13.443142 12.402495 12.547252 9.875164 11.85451 10.686196 14.039026 13.580499 
22.999702 19.816963 19.787352 18.295373 15.673195 12.860228 10.872379 7.080037 8.257993 10.124366 7.817707 7.544396 5.463195 5.372667 3.798743 0.0 3.802809 5.409202 5.120649 6.285404 8.716715 9.854811 10.462025 12.495463 14.106862 13.41907 14.800815 13.685168 14.718655 16.634613 19.253605 18.189604 14.989823 15.976639 19.089728 20.484572 19.873054 23.470021 22.760054 25.966568 26.107235 25.605102 22.84566 21.283317 23.732668 25.897899 25.661328 27.116261 26.039873 22.961258 21.559072 18.708195 16.653321 14.65759 11.892378 11.424347 8.727471 10.584157 12.686318 13.719371 17.453421 18.126575 20.979272 19.57999 16.497083 16.65999 16.046633 12.335892 11.462901 10.086841 13.294731 13.513418 16.699569 18.785114 18.670151 16.79888 13.414849 14.568448 11.790312 12.30047 10.825317 13.446152 13.83473 17.48244 18.034333 18.418844 20.730816 18.872139 16.221003 14.558645 13.856661 10.499731 11.326898 9.023249 12.038877 11.993921 
25.246724 22.365922 22.567448 21.454501 19.045851 16.386867 14.639551 10.860099 11.837253 13.493861 10.785897 9.363617 6.701165 4.910772 5.341947 3.802809 0.0 3.796156 5.478273 5.179858 6.352286 8.761597 9.810543 10.73629 12.208632 10.67082 11.585216 10.565537 11.439096 13.863779 16.700938 16.268543 13.067864 14.558685 17.83413 19.864472 19.785315 23.518213 23.372838 26.472838 27.075691 26.910669 24.450604 22.95591 25.473885 27.19896 26.625224 27.58929 26.044157 22.852992 22.047951 19.134846 16.46546 14.272937 10.898834 10.047982 7.921419 8.947155 11.726969 12.291761 15.752745 16.59022 19.059029 17.796398 14.834416 15.785491 15.956939 12.59399 11.674586 10.889487 14.049322 14.352188 17.849547 19.770558 20.276969 18.57093 15.578205 16.628819 13.761189 14.407273 12.866092 14.963957 15.102265 18.476763 18.499892 19.286333 22.00289 20.722739 18.342863 17.30157 16.742077 13.67389 14.821343 12.401488 15.447637 15.683936 
22.646112 20.072599 20.749649 19.999107 17.87817 15.78064 14.809581 11.287136 13.299673 14.424362 11.267528 10.380266 8.982199 6.220029 5.036638 5.409202 3.796156 0.0 3.788301 5.34536 4.999477 6.211861 8.540496 9.887104 10.244967 9.01722 10.298888 8.586728 9.919508 11.508966 13.906994 13.014302 9.691902 10.968216 14.158851 16.083503 16.018884 19.765204 19.776331 22.904312 23.73291 23.59448 21.388047 19.830265 22.342382 23.804281 23.138168 23.973785 22.315331 19.188705 18.53644 15.510314 12.713742 10.504497 7.204618 7.081077 5.910824 8.162836 11.463851 13.055558 16.317674 16.278288 18.356796 16.387163 12.980996 14.111389 13.894268 10.55501 8.739923 7.675381 10.566294 11.023602 14.688533 16.804524 17.785205 16.655589 13.865571 14.250742 11.180945 11.82396 10.62249 12.645107 13.419845 16.457355 15.890083 16.342899 19.378169 18.364553 15.955416 15.453681 14.870306 12.363617 14.259709 12.454689 15.998665 16.605796 
21.800021 18.967612 19.92678 18.621005 16.018159 14.242855 12.984931 9.628893 12.182229 13.918987 11.40263 11.661476 10.271949 8.681318 6.225144 5.120649 5.478273 3.788301 0.0 3.759717 5.345606 4.957429 6.084801 8.677678 9.62211 9.800736 11.834569 10.983208 13.117929 14.533854 16.360653 15.257048 11.66816 11.73654 15.093381 16.331696 16.296065 19.951945 19.761285 23.220879 23.927236 23.183088 20.987815 18.886008 20.931679 22.617557 21.797854 22.860869 21.713102 18.403036 17.155076 14.590731 12.458335 11.220049 8.888121 10.005866 8.953419 11.71747 14.737057 16.418068 19.852887 19.83661 22.026087 19.917812 16.383478 17.216898 16.377387 12.780439 10.435394 7.987048 10.157367 9.458688 12.678431 14.379487 14.819207 13.233607 10.412872 11.428172 8.932133 10.57481 10.408846 13.344483 14.86439 18.025266 17.590684 17.288201 20.185575 18.624043 15.627359 14.488872 13.026961 10.203341 11.518215 9.396664 12.929534 14.176015 
25.520102 22.657955 23.578107 22.088532 19.261307 17.303912 15.455772 11.925282 13.739829 16.08936 13.863513 13.582645 11.194089 9.838836 8.648404 6.285404 5.179858 5.34536 3.759717 0.0 3.80874 5.358027 4.853465 6.248292 8.440813 8.335837 10.242831 10.501737 12.904007 15.107159 17.050684 16.759689 13.042281 13.225627 16.898108 18.568854 19.124409 22.824722 23.018257 26.476647 27.424984 26.705061 24.653294 22.44995 24.304734 25.814648 24.646124 25.371391 24.085473 20.56354 19.601396 17.367447 15.012288 13.997605 11.318329 12.153627 11.230419 13.139166 16.344 17.269232 20.587259 21.100754 23.169227 21.426678 18.116715 19.4373 19.179054 15.715261 13.623674 11.545867 13.569957 12.487905 15.489091 16.534522 16.968801 14.897186 12.535173 14.273921 12.319834 14.288718 14.11379 16.933341 18.123308 21.338122 20.856833 20.804381 23.794911 22.333276 19.379914 18.1371 16.52332 13.460061 14.069412 11.193296 14.155068 15.638165 
25.926169 23.479691 24.676534 23.699116 21.262781 19.536876 18.233288 14.722402 16.751834 18.590128 15.818352 15.053238 12.952692 10.550145 9.812999 8.716715 6.352286 4.999477 5.345606 3.80874 0.0 3.811219 5.302014 5.13719 5.88126 4.777246 6.666692 6.825411 9.648624 11.751635 13.483648 13.596318 9.898693 10.331858 14.056077 16.249429 17.288496 21.015859 21.751626 25.039194 26.435275 26.057258 24.367692 22.306857 24.251812 25.259032 23.840778 24.075105 22.299163 18.792131 18.512635 16.17538 13.255627 12.139496 9.233182 10.219812 10.384671 12.04258 15.66861 16.72971 19.635059 19.795307 21.313746 19.361348 16.064448 18.001843 18.129301 15.09731 12.760241 11.178913 12.882371 12.085154 15.329047 16.404363 17.674436 16.251402 14.315658 15.363138 13.191635 14.960819 14.733354 16.999953 18.183254 20.981394 19.900191 20.021742 23.35697 22.478463 19.828785 19.304128 17.990203 15.453748 16.756139 14.344714 17.582835 19.041663 
23.333341 21.043827 22.712242 21.745891 19.372298 18.272351 17.433703 14.355053 17.101952 18.773636 16.090643 16.110027 14.698834 12.385044 10.488932 9.854811 8.761597 6.211861 4.957429 5.358027 3.811219 0.0 3.807468 5.519667 4.952859 6.08768 8.660551 8.486956 11.671213 12.712877 13.621864 13.016586 9.223871 8.337777 12.038617 13.544196 14.606511 18.231912 18.946226 22.425526 23.885375 23.160575 21.705423 19.311477 20.929646 21.835064 20.251527 20.53008 19.007192 15.424127 14.872461 12.778873 10.229694 9.94461 8.076895 10.388354 11.079907 13.655046 17.209144 18.960997 21.932792 21.55544 23.000852 20.537418 16.943089 18.61326 18.058474 14.991597 11.938608 9.516966 10.243031 8.713852 11.69781 12.607486 14.05501 12.974999 11.389116 12.120912 10.328601 12.607641 13.24532 15.77891 17.716228 20.281954 18.938634 18.367667 21.749334 20.769534 17.871714 17.441107 15.719659 13.642917 15.136601 13.220764 16.610552 18.496954 
25.335403 22.767333 24.41331 22.906218 20.067273 18.967384 17.54058 14.548196 17.063567 19.395906 17.293646 17.618415 15.7175 14.148614 12.25896 10.462025 9.810543 8.540496 6.084801 4.853465 5.302014 3.807468 0.0 3.814088 5.523819 7.646468 10.306988 11.273468 14.582068 16.115378 17.030917 16.717937 12.932226 11.750892 15.414329 16.595913 17.766735 21.246005 21.842763 25.470597 26.803852 25.688014 24.187417 21.467523 22.668047 23.763491 22.001524 22.366698 21.274301 17.566802 16.611322 15.150284 13.209921 13.461793 11.820354 13.962812 14.10626 16.540776 19.987218 21.366844 24.518119 24.556489 26.212022 23.984397 20.455759 22.024156 21.424013 18.123629 15.220148 12.45059 13.093186 10.832283 13.087975 13.167778 13.879338 11.90965 10.657836 12.528017 11.608653 14.507353 15.500388 18.506419 20.492551 23.328548 22.292176 21.544044 24.740594 23.355999 20.149212 19.103878 16.822778 14.32953 14.869965 12.335073 15.169525 17.56049 
28.598633 26.183078 27.809389 26.48016 23.723771 22.434884 20.888304 17.649799 19.779599 22.168881 19.873079 19.578157 17.247291 15.368564 14.328182 12.495463 10.73629 9.887104 8.677678 6.248292 5.13719 5.519667 3.814088 0.0 3.809938 5.379141 7.736081 9.852096 13.317469 15.282624 16.131421 16.67416 13.022622 12.204955 15.927927 17.737714 19.479597 22.969922 24.064274 27.529247 29.207445 28.379411 27.080977 24.494347 25.749677 26.495244 24.467947 24.33379 22.825644 19.084952 18.797747 17.414719 15.001014 15.121685 13.085292 14.878217 15.401321 17.161692 20.802835 21.727981 24.556612 24.802278 26.106325 24.098752 20.817437 22.934191 22.921631 19.891198 17.161651 14.955428 15.703644 13.736741 16.095075 15.957445 17.113748 15.308993 14.403971 16.157646 15.11966 17.795869 18.456269 21.115724 22.775195 25.511035 24.235094 23.850087 27.246728 26.216698 23.235705 22.467606 20.425556 17.926765 18.536818 15.812146 18.505662 20.771271 
27.385051 25.394424 27.343663 26.458579 24.09108 23.154174 22.203225 19.093238 21.634883 23.538924 20.863309 20.541072 18.724762 16.243183 15.026202 14.106862 12.208632 10.244967 9.62211 8.440813 5.88126 4.952859 5.523819 3.809938 0.0 3.83408 6.455599 8.135946 11.903496 13.067221 13.198984 13.736406 10.280968 8.969529 12.543374 14.471059 16.635622 20.002412 21.523274 24.841267 26.873041 26.224606 25.316491 22.807567 24.031772 24.314071 22.08281 21.546113 19.698375 16.012896 16.28527 14.941604 12.289179 12.724037 11.152858 13.462918 14.885542 16.799607 20.565516 21.91932 24.472194 24.176824 25.045951 22.663256 19.334779 21.696431 21.656076 19.008159 15.959278 13.942268 14.062689 12.215649 14.542674 14.443439 16.39501 15.420074 14.853211 15.779493 14.651284 17.153541 17.991516 20.254825 22.133851 24.420731 22.635843 22.125121 25.716759 25.115559 22.354767 22.182074 20.332167 18.415464 19.663081 17.511926 20.573758 22.801283 
28.443202 26.450026 28.033212 27.39137 25.187396 23.794466 22.782773 19.36809 21.509404 23.204381 20.240998 19.236117 17.240932 14.41252 14.05167 13.41907 10.67082 9.01722 9.800736 8.335837 4.777246 6.08768 7.646468 5.379141 3.83408 0.0 2.802559 4.784619 8.435345 10.246391 11.064378 12.225427 8.924391 9.111301 12.641001 15.357975 17.342104 20.859944 22.405175 25.471044 27.483546 27.324728 26.220848 24.154412 25.874485 26.204484 24.275138 23.748947 21.501715 18.014315 18.62289 16.679694 13.451849 12.850465 10.374774 11.706964 13.147073 14.311428 18.10727 19.083018 21.362214 21.244585 21.958197 19.87592 16.82109 19.507235 20.071004 17.66187 15.122952 13.939608 14.821888 13.903299 16.834438 17.393237 19.411795 18.476658 17.329654 18.052255 16.210321 18.072091 18.122739 19.936293 21.209334 23.487714 21.744312 21.88068 25.506648 25.192677 22.785849 22.824783 21.529935 19.451692 20.972871 18.732693 21.9504 23.664751 
30.286482 28.391044 29.824204 29.369791 27.299263 25.717431 24.700476 21.170679 23.040092 24.597958 21.494216 20.030956 17.939055 14.927332 15.228525 14.800815 11.585216 10.298888 11.834569 10.242831 6.666692 8.660551 10.306988 7.736081 6.455599 2.802559 0.0 3.797125 6.844581 9.101153 10.15038 12.066759 9.3131 10.323967 13.478611 16.626243 18.677903 22.133905 23.851211 26.675046 28.789803 28.951922 27.8768 26.069484 27.974902 28.183602 26.308327 25.613429 23.089068 19.772529 20.732013 18.649702 15.197614 14.206123 11.464507 12.099081 13.6755 14.117858 17.838337 18.443907 20.32667 20.323201 20.712053 18.899363 16.214706 19.243029 20.324733 18.260682 16.111623 15.53272 16.653124 16.17749 19.239906 19.95264 22.104127 21.253719 20.013049 20.61826 18.54849 20.082506 19.753035 21.196359 22.078609 24.218775 22.408279 22.949158 26.590827 26.558571 24.43086 24.672414 23.683868 21.605412 23.249095 20.984748 24.213025 25.690709 
27.725192 25.996943 27.28595 27.196455 25.491192 23.891052 23.286036 19.845109 21.813707 22.82551 19.433635 17.822937 16.290629 12.858091 13.196186 13.685168 10.565537 8.586728 10.983208 10.501737 6.825411 8.486956 11.273468 9.852096 8.135946 4.784619 3.797125 0.0 3.782988 5.655526 7.406669 8.86966 6.224492 8.369844 11.245369 14.607432 16.187828 19.687425 21.234338 23.858991 25.855975 26.338655 25.159612 23.729046 25.991653 26.243773 24.747491 24.249725 21.570603 18.515195 19.522626 16.921285 13.238033 11.500425 8.454568 8.583436 10.573095 10.962645 14.671766 15.706081 17.505476 17.05149 17.396215 15.307249 12.488211 15.540961 16.674992 14.875414 12.905541 12.949483 14.307983 14.633324 18.009867 19.387859 21.680056 21.226825 19.614039 19.625027 17.057126 17.955405 17.219067 18.1727 18.851891 20.760354 18.857806 19.659102 23.279886 23.507037 21.712044 22.324309 21.826548 20.041608 22.189327 20.377422 23.880756 24.973851 
28.603546 26.99583 27.91206 28.146501 26.749057 24.879876 24.406721 20.961348 22.5524 23.129004 19.570925 17.37376 16.069947 12.453975 13.647799 14.718655 11.439096 9.919508 13.117929 12.904007 9.648624 11.671213 14.582068 13.317469 11.903496 8.435345 6.844581 3.782988 0.0 3.819605 7.023729 8.756284 7.390026 10.636775 12.741623 16.304625 17.440638 20.803013 22.22073 24.440417 26.299362 27.2689 25.951408 25.040489 27.678795 27.967909 26.833263 26.418594 23.546664 20.84087 21.995618 19.052131 15.287181 12.816664 9.539482 8.155419 10.02516 9.179813 12.515581 13.209025 14.422255 13.926242 13.936423 12.18573 9.919469 13.300253 15.190601 14.003146 12.923475 14.010086 15.848499 16.958859 20.516187 22.331357 24.616836 24.281983 22.345397 22.101389 19.13679 19.361992 17.948041 18.229956 18.189011 19.847236 18.042203 19.543648 22.991063 23.578122 22.30179 23.191899 23.289737 21.588553 23.97065 22.328239 25.862976 26.462961 
26.946591 25.805148 26.953374 27.632351 26.66053 25.189614 25.28635 22.135988 24.116136 24.260935 20.552545 18.645341 18.059874 14.28214 14.891637 16.634613 13.863779 11.508966 14.533854 15.107159 11.751635 12.712877 16.115378 15.282624 13.067221 10.246391 9.101153 5.655526 3.819605 0.0 3.76962 5.301876 5.397396 8.976908 10.064864 13.719369 14.826352 17.898235 19.571238 21.449498 23.545782 24.807024 23.833945 23.181311 25.840903 25.771451 24.703632 24.09297 20.984703 18.677823 20.230554 17.236933 13.480156 10.949054 8.436253 7.383775 10.364792 10.013412 13.044175 14.54298 15.418198 13.955918 13.373933 10.826529 8.446368 12.014513 13.713989 13.207637 11.922142 13.407466 14.627079 16.158362 19.52187 21.520071 24.177667 24.437351 22.699405 21.82982 18.863168 18.749429 17.485477 17.225683 17.406352 18.402084 16.023255 17.442481 20.970752 22.056106 21.135191 22.611983 22.952427 21.853124 24.658126 23.53538 27.243462 27.867714 
27.09674 26.353389 27.952212 28.79674 27.966623 26.957494 27.328263 24.361076 26.718495 26.877703 23.192164 21.677012 21.256457 17.495814 17.543297 19.253605 16.700938 13.906994 16.360653 17.050684 13.483648 13.621864 17.030917 16.131421 13.198984 11.064378 10.15038 7.406669 7.023729 3.76962 0.0 3.772435 5.281858 7.783604 7.864619 11.635619 13.419322 16.096787 18.397215 20.08864 22.681681 23.943452 23.548177 22.787598 25.111133 24.504847 23.100663 21.98052 18.613347 16.536743 18.677208 16.086131 12.457238 10.72486 9.404869 9.632049 13.120976 13.393925 16.353031 18.156795 18.918016 17.098921 16.09556 13.211898 10.968762 14.363412 15.603771 15.374298 13.528753 14.63854 14.887762 16.131381 19.035549 20.707109 23.779534 24.478855 23.255457 22.099356 19.514992 19.621168 18.948373 18.657323 19.376971 19.933084 17.027743 17.916333 21.567484 22.930894 22.035275 23.823236 23.959529 23.269602 26.171514 25.250807 28.999677 29.956275 
23.443212 22.868944 24.527081 25.589276 25.045426 24.291655 25.078118 22.431479 25.035234 24.84802 21.171856 20.050815 20.218076 16.527118 15.987205 18.189604 16.268543 13.014302 15.257048 16.759689 13.596318 13.016586 16.717937 16.67416 13.736406 12.225427 12.066759 8.86966 8.756284 5.301876 3.772435 0.0 3.809105 6.236159 5.50865 8.953038 10.030038 12.786726 14.804317 16.516407 18.97037 20.270466 19.824885 19.226656 21.700639 21.182202 20.116575 19.340739 16.09649 14.240848 16.128384 13.196705 9.690228 7.556535 7.004274 7.658535 11.406884 12.417488 15.155549 17.660654 18.730331 16.462812 15.844974 12.422385 9.636077 12.394132 12.881656 12.738165 10.636589 11.884845 11.815871 13.575859 16.42166 18.536737 21.573482 22.611034 21.267079 19.630951 16.935204 16.63246 16.01579 15.455366 16.463516 16.754155 13.648796 14.259726 17.934086 19.373383 18.606056 20.666401 21.010623 20.741106 23.913446 23.474533 27.284515 28.120265 
22.833069 21.711583 23.388965 23.914765 22.871368 21.964011 22.354742 19.514844 22.175576 22.425864 18.860943 17.925518 17.672563 14.090133 13.253515 14.989823 13.067864 9.691902 11.66816 13.042281 9.898693 9.223871 12.932226 13.022622 10.280968 8.924391 9.3131 6.224492 7.390026 5.397396 5.281858 3.809105 0.0 3.831303 5.639883 8.970527 10.194466 13.602841 15.247115 17.696454 19.868853 20.545002 19.717587 18.543112 20.8947 20.810703 19.554403 19.081651 16.230332 13.637508 14.903915 11.935936 8.149863 6.069695 4.372226 6.038469 9.509807 11.135281 14.443926 16.825328 18.570452 16.891171 17.025343 13.865677 10.529264 13.100011 13.277811 12.009243 9.320924 9.63266 9.896388 11.042348 14.225405 16.193355 18.975406 19.55886 18.105795 16.925504 14.253998 14.523167 14.127828 14.434714 15.754354 16.863368 14.244279 14.519859 18.29643 18.992926 17.535747 18.972508 18.819978 18.072708 20.962443 20.182246 23.957085 24.998853 
21.880144 20.868369 23.081236 23.41121 22.24128 21.870896 22.367859 19.793646 22.869811 23.366697 20.062773 19.782756 19.533901 16.259403 14.6524 15.976639 14.558685 10.968216 11.73654 13.225627 10.331858 8.337777 11.750892 12.204955 8.969529 9.111301 10.323967 8.369844 10.636775 8.976908 7.783604 6.236159 3.831303 0.0 3.791416 6.388473 8.484051 11.846145 13.800488 16.629469 19.049035 19.153187 18.725406 16.971181 18.74699 18.394723 16.635242 15.927443 13.220773 10.244516 11.563877 9.096804 5.441737 5.363898 5.65148 8.852074 11.951592 14.280909 17.608165 20.15289 22.167054 20.498638 20.753872 17.471947 14.049201 16.218132 15.714839 14.152814 10.796238 9.876624 8.825515 8.885145 11.484433 12.936815 16.029965 16.925074 16.084674 14.792563 12.798891 13.765629 14.391125 15.246898 17.357902 18.447988 15.729546 15.064331 18.857061 19.278594 17.396844 18.708816 17.941485 17.47519 20.201716 19.561808 23.24394 24.778312 
21.283092 20.935363 23.338112 24.207796 23.586168 23.583172 24.60256 22.348665 25.523866 25.583487 22.216362 21.991737 22.237106 18.875473 17.266456 19.089728 17.83413 14.158851 15.093381 16.898108 14.056077 12.038617 15.414329 15.927927 12.543374 12.641001 13.478611 11.245369 12.741623 10.064864 7.864619 5.50865 5.639883 3.791416 0.0 3.810288 6.358912 9.084779 11.702097 13.982695 16.854804 17.366968 17.530406 16.195683 17.9287 16.962939 15.283332 14.162258 10.948713 8.801241 10.998867 8.662018 5.560432 5.835938 7.643239 10.431031 13.891934 16.068007 18.98365 21.824029 23.440882 21.23183 21.01791 17.447769 14.327982 16.355064 15.69352 14.948144 11.796436 11.515304 9.75746 10.481625 12.4182 14.014869 17.432329 19.022424 18.428633 16.481482 14.613452 14.996084 15.667573 15.782369 17.940091 18.243783 15.016589 14.171776 17.893633 18.94561 17.62324 19.604901 19.230608 19.445313 22.487121 22.349584 26.048882 27.453925 
18.898363 18.938159 21.762669 22.731275 22.360714 22.964404 24.386948 22.63233 26.093066 26.011886 22.904436 23.270143 23.880334 20.813426 18.619823 20.484572 19.864472 16.083503 16.331696 18.568854 16.249429 13.544196 16.595913 17.737714 14.471059 15.357975 16.626243 14.607432 16.304625 13.719369 11.635619 8.953038 8.970527 6.388473 3.810288 0.0 3.818776 5.962826 8.805939 11.313737 14.314973 14.366181 15.022113 13.436811 14.703351 13.371125 11.558492 10.422143 7.309229 5.452653 7.755313 5.813444 4.29321 6.370363 9.561022 12.734757 15.824189 18.499993 21.174456 24.327555 26.137127 23.768251 23.760831 20.052339 16.874801 18.267091 16.870271 16.098484 12.742498 11.898527 9.048455 9.449298 10.314737 11.847329 15.383685 17.616213 17.433121 14.954476 13.66392 14.045027 15.438239 15.620707 18.352326 18.376625 15.155361 13.402244 16.861794 17.791889 16.406334 18.52955 17.97093 18.825593 21.88214 22.263993 25.819894 27.363272 
15.385584 15.647086 18.387224 19.717379 19.806404 20.579145 22.464172 21.10115 24.565835 24.00814 20.993874 21.625764 22.8135 19.963785 17.53725 19.873054 19.785315 16.018884 16.296065 19.124409 17.288496 14.606511 17.766735 19.479597 16.635622 17.342104 18.677903 16.187828 17.440638 14.826352 13.419322 10.030038 10.194466 8.484051 6.358912 3.818776 0.0 3.773765 5.406265 8.249237 10.814614 11.014298 11.375844 10.215063 12.084469 11.169402 10.427641 10.421825 8.036767 7.135293 8.030319 5.106426 4.649143 5.569872 9.342456 12.129798 14.7909 17.684448 19.857448 23.334423 25.213516 22.633109 22.916093 19.145256 15.970233 16.5857 14.55447 13.965786 10.829546 10.261451 7.207881 8.759217 9.607961 12.114544 15.154454 17.569389 16.915861 13.903245 12.275084 11.750206 13.000338 12.696932 15.577759 15.251598 12.098368 9.882477 13.176987 14.181327 13.098246 15.623606 15.574375 16.951283 20.304938 21.238992 24.775137 25.934325 
15.223413 16.365336 19.324744 21.06053 21.653996 22.897247 25.153224 24.167982 27.677498 26.883531 24.019773 24.823297 26.277057 23.502732 21.037394 23.470021 23.518213 19.765204 19.951945 22.824722 21.015859 18.231912 21.246005 22.969922 20.002412 20.859944 22.133905 19.687425 20.803013 17.898235 16.096787 12.786726 13.602841 11.846145 9.084779 5.962826 3.773765 0.0 3.82577 5.509473 8.822134 9.20137 10.770787 10.115632 11.387359 9.497361 9.026623 8.699804 6.407115 7.440953 8.672049 7.097836 8.050384 9.317568 13.05193 15.597069 18.237852 21.013577 22.890642 26.47293 28.131725 25.281079 25.307472 21.478716 18.643156 19.007898 16.813405 16.781835 14.009625 13.649758 10.450473 11.805333 11.675763 13.797891 16.806542 19.729357 19.474362 16.157062 15.040899 14.300152 15.740397 15.029587 17.895972 16.904392 13.668422 11.107012 13.713576 15.156059 14.644389 17.51618 17.639926 19.590048 22.925868 24.236092 27.620996 28.771295 
11.461164 12.864575 15.804286 17.786486 18.797692 20.303263 22.940837 22.432307 25.90704 24.772165 22.184394 23.378304 25.266209 22.86967 20.142684 22.760054 23.372838 19.776331 19.761285 23.018257 21.751626 18.946226 21.842763 24.064274 21.523274 22.405175 23.851211 21.234338 22.22073 19.571238 18.397215 14.804317 15.247115 13.800488 11.702097 8.805939 5.406265 3.82577 0.0 3.825457 5.741042 5.731138 6.948308 6.738589 8.617434 7.553284 8.592665 9.831493 8.895559 9.782432 9.536607 7.60969 9.246357 9.94815 13.604548 15.857448 17.848968 20.83949 22.294951 26.04762 27.900246 25.061255 25.527558 21.790143 18.927147 18.547096 15.743537 15.623545 13.157897 12.747185 9.646599 11.467234 11.134993 13.848336 16.172535 19.11003 18.498246 14.875067 13.702315 12.280775 13.736205 12.812858 15.860072 14.70749 11.955279 8.730007 10.732221 11.895032 11.577766 14.629896 15.112031 17.561299 20.966814 22.779247 26.001069 26.84953 
12.66217 14.870594 17.478013 20.004421 21.542666 23.095257 25.969638 25.601267 28.92556 27.454381 24.851054 25.874772 28.019874 25.557183 23.09138 25.966568 26.472838 22.904312 23.220879 26.476647 25.039194 22.425526 25.470597 27.529247 24.841267 25.471044 26.675046 23.858991 24.440417 21.449498 20.08864 16.516407 17.696454 16.629469 13.982695 11.313737 8.249237 5.509473 3.825457 0.0 3.830371 5.764357 7.977626 9.21264 10.833953 9.247643 10.806433 11.637089 10.633834 12.473528 12.793572 11.261323 12.631509 12.964952 16.444889 18.223374 20.315202 22.942147 24.00821 27.798861 29.255968 26.100984 26.21362 22.495982 20.120568 19.528301 16.814422 17.502164 15.622794 15.88777 13.149572 15.244828 14.925579 17.491809 19.807014 22.852689 22.261589 18.590276 17.370726 15.595182 16.600629 14.97956 17.520181 15.577114 12.722195 9.894756 11.051893 13.092868 13.789998 17.206812 18.209146 20.85281 24.330523 26.300189 29.49314 30.116479 
9.751761 12.477708 14.756371 17.654971 19.734864 21.486159 24.700519 24.820595 27.989399 26.149489 23.879776 25.211939 27.757549 25.688618 23.105131 26.107235 27.075691 23.73291 23.927236 27.424984 26.435275 23.885375 26.803852 29.207445 26.873041 27.483546 28.789803 25.855975 26.299362 23.545782 22.681681 18.97037 19.868853 19.049035 16.854804 14.314973 10.814614 8.822134 5.741042 3.830371 0.0 3.802196 5.418655 8.008948 10.003057 9.465385 12.15667 13.951268 13.696562 15.294518 14.803288 13.124723 14.734643 14.67019 17.894184 19.323545 20.797237 23.475915 24.074546 27.936404 29.49922 26.385486 26.876655 23.340112 21.058009 19.782031 16.624 17.32738 15.948776 16.276153 13.913506 16.253992 15.859521 18.730874 20.418703 23.353774 22.451731 18.683419 17.438837 15.095553 15.90162 14.001703 16.42247 14.22131 12.114305 9.022304 8.877673 10.737384 12.027632 15.513259 16.997938 20.017978 23.451052 25.84912 28.815225 29.083007 
7.709127 10.514646 13.470364 15.900223 17.808081 20.070896 23.2947 23.713204 27.076133 25.507688 23.562407 25.371949 27.774679 25.966564 22.969293 25.605102 26.910669 23.59448 23.183088 26.705061 26.057258 23.160575 25.688014 28.379411 26.224606 27.324728 28.951922 26.338655 27.2689 24.807024 23.943452 20.270466 20.545002 19.153187 17.366968 14.366181 11.014298 9.20137 5.731138 5.764357 3.802196 0.0 3.812137 5.242311 6.372088 6.15537 9.428237 11.985958 12.670688 14.134461 12.847192 11.765579 14.198859 14.848458 18.253576 20.197364 21.461442 24.546792 25.434152 29.279918 31.239426 28.399471 29.212529 25.658689 22.997575 21.819049 18.481266 18.434253 16.578247 16.037062 13.244572 14.869752 13.712212 16.310733 17.616561 20.721485 20.135619 16.29686 15.717388 13.787855 15.404696 14.335332 17.335732 15.808572 14.076722 10.467882 10.473926 11.052723 11.359553 14.281748 15.107644 18.399109 21.531638 24.121015 26.844688 27.389519 
