0.0 3.822252 6.519507 10.072897 13.33473 16.769061 19.797896 23.124426 25.46704 29.207343 29.479895 25.907138 23.864907 20.679805 16.914997 14.135074 10.379847 8.503946 5.73116 5.776339 6.071913 6.823097 8.657424 11.680729 10.716388 9.883348 13.416889 15.014961 13.603709 14.3185 17.443954 18.774245 18.02763 19.798378 22.544623 23.100206 23.672027 26.042013 24.081154 24.833262 24.678802 23.330451 19.603759 18.058107 14.623251 13.870494 11.783937 12.685284 11.332929 8.759877 11.247417 13.316331 16.941787 19.788447 23.420211 26.407818 
3.822252 0.0 3.83251 6.709509 10.168996 13.459123 16.516961 19.899039 22.285669 25.982193 26.062426 22.47597 20.288468 16.996975 13.217189 10.469538 6.750647 5.783347 4.737448 6.544551 8.663333 8.924292 9.362115 12.57757 11.292387 9.235211 12.725495 14.453979 12.388442 12.320522 15.809915 17.166813 15.765317 17.323503 20.413182 20.785483 20.897442 23.439485 21.439792 22.555407 22.464958 21.438611 17.8942 16.525591 13.446438 12.874896 11.807127 12.467139 10.051008 7.661538 8.994372 11.138696 14.418302 17.273898 20.769995 23.726486 
6.519507 3.83251 0.0 3.833138 6.851035 10.304733 13.335923 16.609589 19.018595 22.731913 23.153122 19.688176 17.608154 14.67894 10.9909 8.819063 5.786703 5.730606 6.392224 7.16264 9.76605 8.704929 7.526745 10.777777 9.980479 6.974465 9.87815 12.197211 10.440986 9.500252 12.810458 14.746771 13.446299 14.382566 17.593179 18.457149 18.344897 20.523834 18.192267 19.042842 18.731999 17.618079 14.096619 12.793695 9.942354 9.928681 9.699516 10.960715 8.327986 5.356851 5.664367 7.327017 10.681661 13.520516 17.06528 20.071548 
10.072897 6.709509 3.833138 0.0 3.835799 6.768744 10.04374 13.248976 15.87381 19.484397 19.807243 16.41779 14.026285 11.093245 7.411905 6.067912 4.493022 6.764224 9.068704 10.518479 13.482322 12.321579 10.464943 13.427025 12.668629 9.083304 11.129386 13.506118 11.423335 9.291887 12.592478 14.653546 12.64559 12.891353 16.496331 17.28252 16.415354 18.617276 16.093986 17.286939 16.866836 16.089835 13.009969 11.877683 9.839335 9.972696 11.068674 11.810724 8.432601 6.671296 4.621655 6.084299 8.361338 11.251522 14.444683 17.480211 
13.33473 10.168996 6.851035 3.835799 0.0 3.832759 6.487047 9.845032 12.203642 15.894576 16.383978 13.055259 11.032019 8.663528 5.611671 5.516661 6.145525 8.456899 11.42514 12.45663 15.65486 14.180313 11.61178 13.815027 13.117486 9.297844 10.152993 12.404921 10.489806 7.347769 10.12741 12.408531 10.271607 9.661308 13.378754 14.45679 13.215588 15.098668 12.374156 13.617137 13.292635 12.962196 10.283225 9.998411 9.194492 10.497029 12.557274 13.802521 10.686586 8.974744 5.74682 4.732487 5.662415 7.797839 10.971103 13.774145 
16.769061 13.459123 10.304733 6.768744 3.832759 0.0 3.836448 6.526969 9.501611 12.908646 13.553636 10.598886 8.023138 6.326842 4.501194 6.878265 8.943913 11.899416 15.070344 16.280738 19.436635 17.796039 14.993229 17.125721 16.722371 12.914514 13.151062 15.426316 13.694127 10.151336 12.183715 14.514944 12.121912 10.500923 14.214184 15.346783 13.203468 14.713905 11.687121 13.046205 12.284702 12.237794 10.510512 10.295661 10.539384 11.643138 14.469367 15.184459 12.00221 11.362307 7.625062 6.586074 5.011325 6.681915 8.730998 11.606496 
19.797896 16.516961 13.335923 10.04374 6.487047 3.836448 0.0 3.842652 5.864219 9.469804 10.017888 7.049658 5.322596 5.134047 5.611586 8.340025 11.226738 13.870091 17.31903 18.424251 21.761483 20.198953 17.259157 18.738492 18.125015 14.483062 14.036587 15.702634 14.04395 10.309021 11.488328 13.424981 10.927112 8.4923 11.911561 13.001863 10.296474 11.443403 8.47412 10.318592 10.092557 11.157329 10.411558 11.436208 12.713687 14.556595 17.569125 18.645152 15.672046 14.773775 11.052636 9.023629 6.578121 5.857405 6.932812 8.789175 
23.124426 19.899039 16.609589 13.248976 9.845032 6.526969 3.842652 0.0 3.83023 6.581303 8.125856 6.563074 5.050096 7.048477 8.705858 11.945847 14.884966 17.649023 21.02731 21.984748 25.175964 23.309421 20.113112 21.506827 21.316762 17.733697 16.805904 18.643093 17.427912 13.627831 14.108798 16.222272 14.070837 11.03812 13.86587 15.27235 12.174443 12.360952 9.209841 10.440604 9.441062 10.644544 11.104696 12.13669 14.207743 15.942055 19.376502 20.221742 17.513812 17.186699 13.380724 11.343842 7.950702 6.476029 5.203114 6.655138 
25.46704 22.285669 19.018595 15.87381 12.203642 9.501611 5.864219 3.83023 0.0 3.824346 5.329971 4.36761 5.488088 8.416771 10.80219 13.641825 16.821941 19.21614 22.708595 23.572251 26.885782 25.184841 22.012144 22.860102 22.395552 19.066819 17.76074 18.934758 17.790155 14.170206 13.956685 15.46375 13.448054 10.095576 12.115297 13.349781 9.980146 9.499502 6.882472 8.594924 8.624443 11.090513 12.261548 14.26254 16.702407 18.963033 22.305294 23.52994 20.892076 20.137147 16.400895 13.863051 10.686309 8.067798 6.337583 5.381797 
29.207343 25.982193 22.731913 19.484397 15.894576 12.908646 9.469804 6.581303 3.824346 0.0 3.822542 5.847418 7.51024 11.127897 14.04016 17.115007 20.445794 22.959097 26.494025 27.396468 30.698257 28.932277 25.684998 26.463145 26.112983 22.83603 21.360348 22.472943 21.464175 17.902668 17.399667 18.746097 16.86586 13.467799 14.889921 15.988984 12.498867 11.390751 9.480557 10.741508 10.587628 13.201991 15.133908 17.124086 19.879944 22.027518 25.535436 26.588452 24.041744 23.59152 19.820784 17.377245 13.953419 11.271888 8.56284 6.51056 
29.479895 26.062426 23.153122 19.807243 16.383978 13.553636 10.017888 8.125856 5.329971 3.822542 0.0 3.82286 6.393614 9.963769 13.417261 16.333364 19.963976 22.538668 26.25401 27.583147 31.106992 29.775636 26.824256 27.687927 26.825643 23.531908 22.494669 23.207937 21.645172 18.286605 18.205924 18.901125 16.488452 13.607634 15.045005 15.203761 11.437724 11.123161 10.208191 12.567158 13.301615 16.145818 17.556577 19.568966 21.902042 23.954451 27.270916 28.225251 25.320988 24.753372 20.985523 18.790626 15.736533 13.376236 11.443972 9.719934 
25.907138 22.47597 19.688176 16.41779 13.055259 10.598886 7.049658 6.563074 4.36761 5.847418 3.82286 0.0 3.824765 6.715816 9.983175 12.632435 16.260445 18.768549 22.505937 23.948127 27.535904 26.399982 23.634779 24.605113 23.49577 20.165259 19.467194 20.11885 18.23853 14.92774 15.316188 15.92744 13.163675 10.605004 12.631214 12.563057 8.770328 9.490612 8.338716 11.340385 12.395918 15.049999 15.675093 17.602039 19.475286 21.529324 24.602407 25.648842 22.587547 21.740056 18.056951 15.946197 13.336096 11.32502 10.457361 9.615243 
23.864907 20.288468 17.608154 14.026285 11.032019 8.023138 5.322596 5.050096 5.488088 7.51024 6.393614 3.824765 0.0 3.794768 7.269939 10.595964 14.242892 17.275232 20.998861 22.702044 26.238909 25.048456 22.339066 23.870387 22.919342 19.316159 19.08467 20.300848 18.229893 14.742331 15.868888 16.996772 13.987468 11.726076 14.577386 14.690121 11.148266 12.419796 10.509053 13.137226 13.377165 15.203962 15.293709 16.418202 17.853086 19.332318 22.409222 22.998677 19.764534 19.364289 15.64603 14.17687 11.586741 10.606617 10.072245 10.579734 
20.679805 16.996975 14.67894 11.093245 8.663528 6.326842 5.134047 7.048477 8.416771 11.127897 9.963769 6.715816 3.794768 0.0 3.799615 7.061251 10.775407 13.999531 17.7398 19.797479 23.388997 22.521949 20.174324 22.020212 20.774029 17.127295 17.584626 18.80925 16.282919 13.039539 15.010419 16.022704 12.672159 11.300168 14.653444 14.421531 11.382109 13.576538 11.746631 14.527759 14.907767 16.270209 15.446372 16.14175 16.767948 17.931838 20.595614 21.065464 17.57312 17.021422 13.529508 12.638792 10.937655 10.970347 11.674685 12.984521 
16.914997 13.217189 10.9909 7.411905 5.611671 4.501194 5.611586 8.705858 10.80219 14.04016 13.417261 9.983175 7.269939 3.799615 0.0 3.808823 7.192693 10.626622 14.24704 16.374596 19.892891 19.090677 16.958876 19.129669 17.866433 14.169941 15.185874 16.682525 14.029841 10.987785 13.662045 14.944695 11.712595 11.035132 14.751366 14.730765 12.455048 14.93319 12.831143 15.230135 15.408183 16.086274 14.404116 14.555779 14.386679 15.258367 17.518896 17.983399 14.395661 13.620996 10.384774 10.051073 9.374332 10.495106 12.300425 14.396609 
14.135074 10.469538 8.819063 6.067912 5.516661 6.878265 8.340025 11.945847 13.641825 17.115007 16.333364 12.632435 10.595964 7.061251 3.808823 0.0 3.832786 7.064632 10.786657 13.243836 16.88791 16.633615 15.071583 17.210544 15.397837 11.945465 13.701149 14.77302 11.651133 9.380477 12.713366 13.505456 10.259602 10.840946 14.444297 14.034324 12.644253 15.622293 13.975825 16.407013 17.033119 17.596557 15.303648 15.471832 14.597794 15.50125 17.028859 17.780602 14.235824 12.729705 10.228456 10.174311 10.840851 12.207523 14.778243 16.850335 
10.379847 6.750647 5.786703 4.493022 6.145525 8.943913 11.226738 14.884966 16.821941 20.445794 19.963976 16.260445 14.242892 10.775407 7.192693 3.832786 0.0 3.814514 7.19371 9.893111 13.413037 13.46103 12.488712 14.946137 13.022838 9.838586 12.466721 13.662146 10.572959 9.218586 12.969859 13.863283 11.242183 12.551285 15.980094 15.775604 15.180457 18.098689 16.397121 18.361619 18.826829 18.816798 15.911277 15.577655 13.819481 14.338758 15.041076 15.860219 12.504953 10.518712 9.072091 9.807996 11.750837 13.778695 16.897524 19.325986 
8.503946 5.783347 5.730606 6.764224 8.456899 11.899416 13.870091 17.649023 19.21614 22.959097 22.538668 18.768549 17.275232 13.999531 10.626622 7.064632 3.814514 0.0 3.832286 6.602843 10.286564 11.006069 10.795159 12.811067 10.268922 7.833577 11.076739 11.624911 8.448627 8.535567 12.282571 12.695855 10.755622 12.961084 15.856278 15.583825 15.921496 18.825144 17.482554 19.210587 20.000162 19.91442 16.711751 16.586823 14.504379 15.315179 15.286527 16.677252 13.873051 11.082363 10.623024 11.041815 13.693582 15.485889 18.958399 21.215285 
5.73116 4.737448 6.392224 9.068704 11.42514 15.070344 17.31903 21.02731 22.708595 26.494025 26.25401 22.505937 20.998861 17.7398 14.24704 10.786657 7.19371 3.832286 0.0 3.823914 7.002002 8.642519 9.722201 11.739527 9.14699 7.934421 11.685677 12.136585 9.606685 10.785106 14.211485 14.615998 13.466612 15.912839 18.457086 18.354731 19.189964 21.930528 20.599607 21.946523 22.603017 22.111644 18.619441 18.143973 15.492071 15.943206 14.976384 16.451358 14.250912 11.210589 12.016608 12.890884 16.123132 18.179211 21.836649 24.249472 
5.776339 6.544551 7.16264 10.518479 12.45663 16.280738 18.424251 21.984748 23.572251 27.396468 27.583147 23.948127 22.702044 19.797479 16.374596 13.243836 9.893111 6.602843 3.823914 0.0 3.818614 5.279034 6.915246 8.368397 5.871464 5.890765 9.552832 10.012192 8.582486 10.425184 13.206202 13.905531 13.767105 16.079705 18.204815 18.68211 19.967246 22.221816 20.766136 21.504097 22.023195 21.182976 17.536454 17.069072 14.290444 15.057592 13.645943 15.811786 14.380214 10.8422 12.210587 12.611717 16.170943 18.077621 21.889707 24.289834 
6.071913 8.663333 9.76605 13.482322 15.65486 19.436635 21.761483 25.175964 26.885782 30.698257 31.106992 27.535904 26.238909 23.388997 19.892891 16.88791 13.413037 10.286564 7.002002 3.818614 0.0 3.822186 7.258189 8.31181 6.828698 8.310682 11.437554 11.979273 11.523872 13.624645 15.916859 16.757124 17.158623 19.37411 21.248372 21.968338 23.467087 25.495059 23.95856 24.307546 24.592993 23.352855 19.611042 18.797845 15.698464 16.088745 13.853591 16.061457 15.463055 12.054829 14.310032 14.991732 18.743528 20.80789 24.635853 27.157945 
6.823097 8.924292 8.704929 12.321579 14.180313 17.796039 20.198953 23.309421 25.184841 28.932277 29.775636 26.399982 25.048456 22.521949 19.090677 16.633615 13.46103 11.006069 8.642519 5.279034 3.822186 0.0 3.821609 5.467519 5.723605 6.752926 9.236392 10.800095 11.150398 12.540502 14.445213 16.089286 16.753404 18.291259 20.25718 21.60416 22.850033 24.447042 22.465492 22.332737 22.151171 20.489147 16.709144 15.590954 12.39983 12.855584 10.562171 13.252514 13.116157 9.581363 11.994482 12.476583 16.264249 18.414132 22.186867 24.871868 
8.657424 9.362115 7.526745 10.464943 11.61178 14.993229 17.259157 20.113112 22.012144 25.684998 26.824256 23.634779 22.339066 20.174324 16.958876 15.071583 12.488712 10.795159 9.722201 6.915246 7.258189 3.821609 0.0 3.825085 5.392184 4.830767 6.389336 9.054637 9.817242 10.24148 11.821978 14.174098 14.875182 15.728817 17.825501 19.644924 20.562094 21.807367 19.479046 19.05509 18.568561 16.733286 12.945849 11.799721 8.757774 9.823293 8.300079 11.547746 11.287167 7.582851 9.317383 9.135986 12.821985 14.875037 18.593322 21.325328 
11.680729 12.57757 10.777777 13.427025 13.815027 17.125721 18.738492 21.506827 22.860102 26.463145 27.687927 24.605113 23.870387 22.020212 19.129669 17.210544 14.946137 12.811067 11.739527 8.368397 8.31181 5.467519 3.825085 0.0 3.832579 5.433828 5.379299 7.065992 9.140074 10.371755 10.884568 12.92692 14.580436 15.548085 16.862369 18.897447 20.398674 21.263691 19.273017 18.479611 18.341991 16.687472 13.136101 12.839096 10.610629 12.536954 11.314759 14.877017 14.884463 11.234646 12.453546 11.300801 14.573025 15.790942 19.435437 21.673158 
10.716388 11.292387 9.980479 12.668629 13.117486 16.722371 18.125015 21.316762 22.395552 26.112983 26.825643 23.49577 22.919342 20.774029 17.866433 15.397837 13.022838 10.268922 9.14699 5.871464 6.828698 5.723605 5.392184 3.832579 0.0 3.822608 5.362425 5.345569 6.32503 8.640355 9.800988 10.879248 12.277362 14.083181 15.362533 16.727087 18.533711 19.912466 18.435954 18.329672 18.888404 17.939654 14.449875 14.692064 12.623914 14.599177 13.622207 16.827666 16.061377 12.230999 13.063193 11.930781 15.195391 16.225302 19.99031 21.978295 
9.883348 9.235211 6.974465 9.083304 9.297844 12.914514 14.483062 17.733697 19.066819 22.83603 23.531908 20.165259 19.316159 17.127295 14.169941 11.945465 9.838586 7.833577 7.934421 5.890765 8.310682 6.752926 4.830767 5.433828 3.822608 0.0 3.800582 5.464659 5.086811 5.808184 7.923389 9.718945 10.1813 11.543581 13.606694 15.028632 16.149452 17.703143 15.831306 16.013988 16.363215 15.481419 11.90051 12.016181 9.997336 12.047806 11.805605 14.76109 13.365446 9.618664 9.689045 8.415993 11.674409 12.954545 16.779564 19.006135 
13.416889 12.725495 9.87815 11.129386 10.152993 13.151062 14.036587 16.805904 17.76074 21.360348 22.494669 19.467194 19.08467 17.584626 15.185874 13.701149 12.466721 11.076739 11.685677 9.552832 11.437554 9.236392 6.389336 5.379299 5.362425 3.800582 0.0 3.843887 5.659036 5.544422 5.663961 8.347448 9.806841 10.24983 11.743066 14.000397 15.200286 15.958557 13.905065 13.340569 13.578331 12.603706 9.208979 10.074983 9.040454 12.043369 12.44928 15.813371 14.800961 11.29281 10.754229 8.276371 10.819187 11.233772 14.887821 16.787898 
15.014961 14.453979 12.197211 13.506118 12.404921 15.426316 15.702634 18.643093 18.934758 22.472943 23.207937 20.11885 20.300848 18.80925 16.682525 14.77302 13.662146 11.624911 12.136585 10.012192 11.979273 10.800095 9.054637 7.065992 5.345569 5.464659 3.843887 0.0 3.831997 5.785597 5.165611 6.032308 8.447929 9.865506 10.383187 12.167239 14.254194 15.12314 13.969474 13.755316 14.954091 14.77951 11.908148 13.512545 12.844581 15.853572 16.103148 19.428238 18.254758 14.63234 14.078691 11.611133 13.813446 13.573118 17.034181 18.270591 
13.603709 12.388442 10.440986 11.423335 10.489806 13.694127 14.04395 17.427912 17.790155 21.464175 21.645172 18.23853 18.229893 16.282919 14.029841 11.651133 10.572959 8.448627 9.606685 8.582486 11.523872 11.150398 9.817242 9.140074 6.32503 5.086811 5.659036 3.831997 0.0 3.826772 5.491666 5.323904 6.0384 8.50147 9.821168 10.582626 12.434155 14.219595 13.312699 14.131078 15.647698 15.935356 13.046568 14.488841 13.597483 16.220828 16.61003 19.45892 17.610656 14.082866 13.203452 11.154268 13.353604 13.391824 16.916897 18.235589 
14.3185 12.320522 9.500252 9.291887 7.347769 10.151336 10.309021 13.627831 14.170206 17.902668 18.286605 14.92774 14.742331 13.039539 10.987785 9.380477 9.218586 8.535567 10.785106 10.425184 13.624645 12.540502 10.24148 10.371755 8.640355 5.808184 5.544422 5.785597 3.826772 0.0 3.809699 5.44847 4.825629 5.796049 8.287579 9.623144 10.36641 12.02584 10.374468 11.310855 12.503197 12.879027 10.11713 11.689215 11.333387 14.12843 15.327772 17.944672 15.782684 12.663298 10.859582 8.284511 9.851926 9.717637 13.223379 14.713733 
17.443954 15.809915 12.810458 12.592478 10.12741 12.183715 11.488328 14.108798 13.956685 17.399667 18.205924 15.316188 15.868888 15.010419 13.662045 12.713366 12.969859 12.282571 14.211485 13.206202 15.916859 14.445213 11.821978 10.884568 9.800988 7.923389 5.663961 5.165611 5.491666 3.809699 0.0 3.819143 5.463679 5.119034 6.087238 8.662094 9.900443 10.389423 8.832749 8.839585 10.398312 11.06529 8.886161 11.458604 12.043744 15.452151 16.888982 19.876692 18.167857 15.096547 13.242155 9.973708 10.805765 9.500721 12.596698 13.398974 
18.774245 17.166813 14.746771 14.653546 12.408531 14.514944 13.424981 16.222272 15.46375 18.746097 18.901125 15.92744 16.996772 16.022704 14.944695 13.505456 13.863283 12.695855 14.615998 13.905531 16.757124 16.089286 14.174098 12.92692 10.879248 9.718945 8.347448 6.032308 5.323904 5.44847 3.819143 0.0 3.825277 5.439088 4.913992 6.166862 8.685778 9.689046 9.598874 10.477119 12.992403 14.363543 12.586608 15.251385 15.690652 18.93649 20.12283 23.046651 21.127042 17.921976 16.194536 13.251042 14.102312 12.656752 15.438174 15.643968 
18.02763 15.765317 13.446299 12.64559 10.271607 12.121912 10.927112 14.070837 13.448054 16.86586 16.488452 13.163675 13.987468 12.672159 11.712595 10.259602 11.242183 10.755622 13.466612 13.767105 17.158623 16.753404 14.875182 14.580436 12.277362 10.1813 9.806841 8.447929 6.0384 4.825629 5.463679 3.825277 0.0 3.813703 5.357245 5.099488 6.45506 8.79251 8.641886 10.743674 13.206686 14.849774 13.085385 15.42865 15.753232 18.619668 20.06853 22.508769 20.045307 17.155274 14.995867 12.41009 12.969205 11.788828 14.486735 14.874081 
19.798378 17.323503 14.382566 12.891353 9.661308 10.500923 8.4923 11.03812 10.095576 13.467799 13.607634 10.605004 11.726076 11.300168 11.035132 10.840946 12.551285 12.961084 15.912839 16.079705 19.37411 18.291259 15.728817 15.548085 14.083181 11.543581 10.24983 9.865506 8.50147 5.796049 5.119034 5.439088 3.813703 0.0 3.816471 5.461942 5.086974 6.285499 5.008693 7.144456 9.596056 11.640362 10.539009 13.317267 14.484975 17.590041 19.671403 22.052148 19.656085 17.162711 14.441181 11.32778 10.843077 8.800701 11.021826 11.095861 
22.544623 20.413182 17.593179 16.496331 13.378754 14.214184 11.911561 13.86587 12.115297 14.889921 15.045005 12.631214 14.577386 14.653444 14.751366 14.444297 15.980094 15.856278 18.457086 18.204815 21.248372 20.25718 17.825501 16.862369 15.362533 13.606694 11.743066 10.383187 9.821168 8.287579 6.087238 4.913992 5.357245 3.816471 0.0 3.824413 5.269475 4.910568 5.500101 6.919619 10.293518 12.808949 12.311625 15.611566 17.091619 20.495241 22.446478 25.134807 23.016434 20.324445 17.835689 14.515896 14.030123 11.476717 13.181742 12.330186 
23.100206 20.785483 18.457149 17.28252 14.45679 15.346783 13.001863 15.27235 13.349781 15.988984 15.203761 12.563057 14.690121 14.421531 14.730765 14.034324 15.775604 15.583825 18.354731 18.68211 21.968338 21.60416 19.644924 18.897447 16.727087 15.028632 14.000397 12.167239 10.582626 9.623144 8.662094 6.166862 5.099488 5.461942 3.824413 0.0 3.831882 5.515626 7.610204 10.160631 13.595259 16.261504 15.61008 18.632006 19.737395 22.863128 24.657554 27.126311 24.657723 21.959112 19.490533 16.592897 16.279985 14.090241 15.752373 14.857799 
23.672027 20.897442 18.344897 16.415354 13.215588 13.203468 10.296474 12.174443 9.980146 12.498867 11.437724 8.770328 11.148266 11.382109 12.455048 12.644253 15.180457 15.921496 19.189964 19.967246 23.467087 22.850033 20.562094 20.398674 18.533711 16.149452 15.200286 14.254194 12.434155 10.36641 9.900443 8.685778 6.45506 5.086974 5.269475 3.831882 0.0 3.8268 5.53294 9.055278 12.208797 15.167772 14.936108 17.821487 19.241017 22.15844 24.407375 26.496557 23.772685 21.557018 18.604291 15.795108 14.743999 12.387363 13.451691 12.402281 
26.042013 23.439485 20.523834 18.617276 15.098668 14.713905 11.443403 12.360952 9.499502 11.390751 11.123161 9.490612 12.419796 13.576538 14.93319 15.622293 18.098689 18.825144 21.930528 22.221816 25.495059 24.447042 21.807367 21.263691 19.912466 17.703143 15.958557 15.12314 14.219595 12.02584 10.389423 9.689046 8.79251 6.285499 4.910568 5.515626 3.8268 0.0 3.843832 6.603504 10.156772 13.58169 14.19226 17.538817 19.606684 22.832102 25.325258 27.614773 25.213471 23.064684 20.027473 16.785197 15.250927 12.156849 12.511147 10.564607 
24.081154 21.439792 18.192267 16.093986 12.374156 11.687121 8.47412 9.209841 6.882472 9.480557 10.208191 8.338716 10.509053 11.746631 12.831143 13.975825 16.397121 17.482554 20.599607 20.766136 23.95856 22.465492 19.479046 19.273017 18.435954 15.831306 13.905065 13.969474 13.312699 10.374468 8.832749 9.598874 8.641886 5.008693 5.500101 7.610204 5.53294 3.843832 0.0 3.822895 6.771978 10.043875 10.679745 13.922078 16.203274 19.386206 22.110532 24.305406 22.013574 20.094774 16.908925 13.558445 11.65966 8.381495 8.751655 7.267197 
24.833262 22.555407 19.042842 17.286939 13.617137 13.046205 10.318592 10.440604 8.594924 10.741508 12.567158 11.340385 13.137226 14.527759 15.230135 16.407013 18.361619 19.210587 21.946523 21.504097 24.307546 22.332737 19.05509 18.479611 18.329672 16.013988 13.340569 13.755316 14.131078 11.310855 8.839585 10.477119 10.743674 7.144456 6.919619 10.160631 9.055278 6.603504 3.822895 0.0 3.805008 7.226821 8.632804 12.273377 15.088737 18.550842 21.329265 23.795283 22.031747 20.110604 17.128702 13.461023 11.477365 7.817177 7.896601 6.198697 
24.678802 22.464958 18.731999 16.866836 13.292635 12.284702 10.092557 9.441062 8.624443 10.587628 13.301615 12.395918 13.377165 14.907767 15.408183 17.033119 18.826829 20.000162 22.603017 22.023195 24.592993 22.151171 18.568561 18.341991 18.888404 16.363215 13.578331 14.954091 15.647698 12.503197 10.398312 12.992403 13.206686 9.596056 10.293518 13.595259 12.208797 10.156772 6.771978 3.805008 0.0 3.799512 6.351644 9.698284 13.054044 16.35514 19.440329 21.729165 20.268992 18.792537 15.777464 12.182795 9.668595 5.98821 5.286254 4.379816 
23.330451 21.438611 17.618079 16.089835 12.962196 12.237794 11.157329 10.644544 11.090513 13.201991 16.145818 15.049999 15.203962 16.270209 16.086274 17.596557 18.816798 19.91442 22.111644 21.182976 23.352855 20.489147 16.733286 16.687472 17.939654 15.481419 12.603706 14.77951 15.935356 12.879027 11.06529 14.363543 14.849774 11.640362 12.808949 16.261504 15.167772 13.58169 10.043875 7.226821 3.799512 0.0 3.812266 6.607078 10.2798 13.513912 16.609739 18.944039 17.990383 16.699245 14.022384 10.572777 8.308085 5.609242 5.656054 6.815043 
19.603759 17.8942 14.096619 13.009969 10.283225 10.510512 10.411558 11.104696 12.261548 15.133908 17.556577 15.675093 15.293709 15.446372 14.404116 15.303648 15.911277 16.711751 18.619441 17.536454 19.611042 16.709144 12.945849 13.136101 14.449875 11.90051 9.208979 11.908148 13.046568 10.11713 8.886161 12.586608 13.085385 10.539009 12.311625 15.61008 14.936108 14.19226 10.679745 8.632804 6.351644 3.812266 0.0 3.822462 6.912822 10.477079 13.277837 15.887591 14.917611 13.205074 10.809516 7.245805 6.083221 4.725561 7.088087 9.341059 
18.058107 16.525591 12.793695 11.877683 9.998411 10.295661 11.436208 12.13669 14.26254 17.124086 19.568966 17.602039 16.418202 16.14175 14.555779 15.471832 15.577655 16.586823 18.143973 17.069072 18.797845 15.590954 11.799721 12.839096 14.692064 12.016181 10.074983 13.512545 14.488841 11.689215 11.458604 15.251385 15.42865 13.317267 15.611566 18.632006 17.821487 17.538817 13.922078 12.273377 9.698284 6.607078 3.822462 0.0 3.834474 6.949877 10.04057 12.387311 11.781371 10.596466 8.536171 5.839632 5.304376 6.337178 8.65751 11.803244 
14.623251 13.446438 9.942354 9.839335 9.194492 10.539384 12.713687 14.207743 16.702407 19.879944 21.902042 19.475286 17.853086 16.767948 14.386679 14.597794 13.819481 14.504379 15.492071 14.290444 15.698464 12.39983 8.757774 10.610629 12.623914 9.997336 9.040454 12.844581 13.597483 11.333387 12.043744 15.690652 15.753232 14.484975 17.091619 19.737395 19.241017 19.606684 16.203274 15.088737 13.054044 10.2798 6.912822 3.834474 0.0 3.828071 6.392765 9.080874 8.642855 7.035299 5.937148 4.470928 6.327576 8.815911 11.756957 15.097353 
13.870494 12.874896 9.928681 9.972696 10.497029 11.643138 14.556595 15.942055 18.963033 22.027518 23.954451 21.529324 19.332318 17.931838 15.258367 15.50125 14.338758 15.315179 15.943206 15.057592 16.088745 12.855584 9.823293 12.536954 14.599177 12.047806 12.043369 15.853572 16.220828 14.12843 15.452151 18.93649 18.619668 17.590041 20.495241 22.863128 22.15844 22.832102 19.386206 18.550842 16.35514 13.513912 10.477079 6.949877 3.828071 0.0 3.822173 5.441033 5.52431 5.334686 5.391732 6.44304 8.332319 11.591378 14.173256 17.811875 
11.783937 11.807127 9.699516 11.068674 12.557274 14.469367 17.569125 19.376502 22.305294 25.535436 27.270916 24.602407 22.409222 20.595614 17.518896 17.028859 15.041076 15.286527 14.976384 13.645943 13.853591 10.562171 8.300079 11.314759 13.622207 11.805605 12.44928 16.103148 16.61003 15.327772 16.888982 20.12283 20.06853 19.671403 22.446478 24.657554 24.407375 25.325258 22.110532 21.329265 19.440329 16.609739 13.277837 10.04057 6.392765 3.822173 0.0 3.822778 5.547029 4.680267 7.138358 8.861618 11.626159 14.835072 17.727258 21.26703 
12.685284 12.467139 10.960715 11.810724 13.802521 15.184459 18.645152 20.221742 23.52994 26.588452 28.225251 25.648842 22.998677 21.065464 17.983399 17.780602 15.860219 16.677252 16.451358 15.811786 16.061457 13.252514 11.547746 14.877017 16.827666 14.76109 15.813371 19.428238 19.45892 17.944672 19.876692 23.046651 22.508769 22.052148 25.134807 27.126311 26.496557 27.614773 24.305406 23.795283 21.729165 18.944039 15.887591 12.387311 9.080874 5.441033 3.822778 0.0 3.843754 5.71591 8.06062 10.832597 13.09001 16.666954 19.1948 22.932619 
11.332929 10.051008 8.327986 8.432601 10.686586 12.00221 15.672046 17.513812 20.892076 24.041744 25.320988 22.587547 19.764534 17.57312 14.395661 14.235824 12.504953 13.873051 14.250912 14.380214 15.463055 13.116157 11.287167 14.884463 16.061377 13.365446 14.800961 18.254758 17.610656 15.782684 18.167857 21.127042 20.045307 19.656085 23.016434 24.657723 23.772685 25.213471 22.013574 22.031747 20.268992 17.990383 14.917611 11.781371 8.642855 5.52431 5.547029 3.843754 0.0 3.833249 5.218719 8.722337 10.92101 14.699273 17.314454 21.048281 
8.759877 7.661538 5.356851 6.671296 8.974744 11.362307 14.773775 17.186699 20.137147 23.59152 24.753372 21.740056 19.364289 17.021422 13.620996 12.729705 10.518712 11.082363 11.210589 10.8422 12.054829 9.581363 7.582851 11.234646 12.230999 9.618664 11.29281 14.63234 14.082866 12.663298 15.096547 17.921976 17.155274 17.162711 20.324445 21.959112 21.557018 23.064684 20.094774 20.110604 18.792537 16.699245 13.205074 10.596466 7.035299 5.334686 4.680267 5.71591 3.833249 0.0 3.818681 6.745614 9.9902 13.47509 16.680852 20.184734 
11.247417 8.994372 5.664367 4.621655 5.74682 7.625062 11.052636 13.380724 16.400895 19.820784 20.985523 18.056951 15.64603 13.529508 10.384774 10.228456 9.072091 10.623024 12.016608 12.210587 14.310032 11.994482 9.317383 12.453546 13.063193 9.689045 10.754229 14.078691 13.203452 10.859582 13.242155 16.194536 14.995867 14.441181 17.835689 19.490533 18.604291 20.027473 16.908925 17.128702 15.777464 14.022384 10.809516 8.536171 5.937148 5.391732 7.138358 8.06062 5.218719 3.818681 0.0 3.806215 6.49225 10.114099 13.200463 16.719132 
13.316331 11.138696 7.327017 6.084299 4.732487 6.586074 9.023629 11.343842 13.863051 17.377245 18.790626 15.946197 14.17687 12.638792 10.051073 10.174311 9.807996 11.041815 12.890884 12.611717 14.991732 12.476583 9.135986 11.300801 11.930781 8.415993 8.276371 11.611133 11.154268 8.284511 9.973708 13.251042 12.41009 11.32778 14.515896 16.592897 15.795108 16.785197 13.558445 13.461023 12.182795 10.572777 7.245805 5.839632 4.470928 6.44304 8.861618 10.832597 8.722337 6.745614 3.806215 0.0 3.835566 6.830793 10.318896 13.600854 
16.941787 14.418302 10.681661 8.361338 5.662415 5.011325 6.578121 7.950702 10.686309 13.953419 15.736533 13.336096 11.586741 10.937655 9.374332 10.840851 11.750837 13.693582 16.123132 16.170943 18.743528 16.264249 12.821985 14.573025 15.195391 11.674409 10.819187 13.813446 13.353604 9.851926 10.805765 14.102312 12.969205 10.843077 14.030123 16.279985 14.743999 15.250927 11.65966 11.477365 9.668595 8.308085 6.083221 5.304376 6.327576 8.332319 11.626159 13.09001 10.92101 9.9902 6.49225 3.835566 0.0 3.817319 6.726857 10.258838 
19.788447 17.273898 13.520516 11.251522 7.797839 6.681915 5.857405 6.476029 8.067798 11.271888 13.376236 11.32502 10.606617 10.970347 10.495106 12.207523 13.778695 15.485889 18.179211 18.077621 20.80789 18.414132 14.875037 15.790942 16.225302 12.954545 11.233772 13.573118 13.391824 9.717637 9.500721 12.656752 11.788828 8.800701 11.476717 14.090241 12.387363 12.156849 8.381495 7.817177 5.98821 5.609242 4.725561 6.337178 8.815911 11.591378 14.835072 16.666954 14.699273 13.47509 10.114099 6.830793 3.817319 0.0 3.837517 6.775839 
23.420211 20.769995 17.06528 14.444683 10.971103 8.730998 6.932812 5.203114 6.337583 8.56284 11.443972 10.457361 10.072245 11.674685 12.300425 14.778243 16.897524 18.958399 21.836649 21.889707 24.635853 22.186867 18.593322 19.435437 19.99031 16.779564 14.887821 17.034181 16.916897 13.223379 12.596698 15.438174 14.486735 11.021826 13.181742 15.752373 13.451691 12.511147 8.751655 7.896601 5.286254 5.656054 7.088087 8.65751 11.756957 14.173256 17.727258 19.1948 17.314454 16.680852 13.200463 10.318896 6.726857 3.837517 0.0 3.829015 
26.407818 23.726486 20.071548 17.480211 13.774145 11.606496 8.789175 6.655138 5.381797 6.51056 9.719934 9.615243 10.579734 12.984521 14.396609 16.850335 19.325986 21.215285 24.249472 24.289834 27.157945 24.871868 21.325328 21.673158 21.978295 19.006135 16.787898 18.270591 18.235589 14.713733 13.398974 15.643968 14.874081 11.095861 12.330186 14.857799 12.402281 10.564607 7.267197 6.198697 4.379816 6.815043 9.341059 11.803244 15.097353 17.811875 21.26703 22.932619 21.048281 20.184734 16.719132 13.600854 10.258838 6.775839 3.829015 0.0 

