0.0 3.809436 5.573403 5.532143 8.712186 9.752522 13.22291 16.381547 19.792427 21.26887 18.775556 18.80311 21.843743 20.899744 17.361184 18.058791 21.817924 22.550873 19.71009 20.876436 20.114873 18.515248 15.582482 14.220412 13.709954 12.553632 14.865801 13.975685 15.148865 14.715005 18.092995 17.285429 17.352598 16.878623 13.850962 12.156031 13.666222 12.044261 8.363114 8.244629 10.515043 8.502029 6.053163 9.578676 11.087321 8.93612 10.213126 13.544685 14.348451 13.245193 16.269368 17.497302 14.931433 12.40025 9.975816 9.872637 10.012991 13.137873 13.903999 17.60361 18.843322 17.925305 18.922671 21.758053 23.416536 21.518797 21.573876 25.38013 25.888173 24.536987 26.427303 23.452037 25.063145 22.529987 18.818037 16.674453 17.967021 16.481545 18.293373 18.63347 20.131998 22.310794 24.761075 24.270004 24.929226 23.517263 24.192285 23.164515 21.646205 20.753773 21.129153 20.06464 17.981191 18.459475 17.898104 16.095082 19.627436 20.473421 17.419667 18.400291 21.949017 21.177943 19.395976 22.168944 24.767786 23.570113 22.457889 25.940131 
3.809436 0.0 3.807714 5.77215 8.302496 9.99032 13.660761 16.929771 20.49019 21.304783 18.440896 18.932557 21.609588 20.026281 16.578934 17.869722 21.594513 21.684731 18.744745 19.579556 19.247199 18.351391 15.751791 15.302092 15.207541 14.914268 17.398559 17.000416 18.248647 17.982148 21.516829 20.867692 21.119928 20.59645 17.472196 15.948759 17.403587 15.550487 12.003434 11.524034 13.341205 11.059332 8.177468 11.09674 12.313703 9.280361 9.83472 13.546543 14.103999 12.045304 14.669042 16.639173 14.556982 11.91761 10.578649 10.762629 11.824882 14.936734 16.184044 19.928977 21.205078 19.706159 20.461452 23.610412 24.876044 22.956137 23.544164 27.317506 27.405747 26.241213 28.524612 25.850737 27.817822 25.575251 21.972385 19.854945 20.701649 18.795261 20.005062 19.798984 20.719888 22.388048 24.457985 24.230158 25.419713 24.515027 25.161595 24.667103 23.635105 23.211221 23.984011 23.28479 21.332007 21.545598 20.805628 18.542755 21.798508 22.848493 19.608154 20.003601 23.617215 22.944021 20.623454 23.094085 25.905638 24.436647 22.787607 26.13897 
5.573403 3.807714 0.0 3.800522 6.554326 9.490873 12.61556 16.246095 19.511466 20.283348 17.101863 17.060929 19.391199 17.843223 14.20351 15.089344 18.730517 18.736398 15.534594 16.107717 15.524768 14.647806 12.282311 12.203286 12.751605 13.202702 16.199389 16.600353 18.577365 19.021926 22.431751 21.244201 21.63917 20.498555 17.318799 16.519911 17.625347 15.050673 11.977578 11.682375 12.413404 9.516502 7.229844 9.793785 9.900575 6.336438 7.577103 11.028927 10.834062 8.709477 11.1827 12.929917 10.783734 8.204714 7.386327 8.437076 10.591497 14.055265 16.103323 19.62087 21.535228 20.130397 20.186552 23.134139 23.933964 21.552618 22.126591 25.869781 25.557036 24.127756 26.644542 24.209872 26.505572 24.528531 21.083944 18.821526 19.024955 16.578937 17.351016 16.643295 17.427018 18.836548 20.967633 21.034913 22.233859 21.419466 21.835852 21.586298 20.957252 20.896458 22.171049 21.948887 20.233375 20.121064 19.486683 16.95034 19.880754 20.730956 17.264092 17.364034 20.862309 20.066016 17.431433 19.82445 22.607858 20.953507 19.144384 22.487185 
5.532143 5.77215 3.800522 0.0 3.815184 6.44315 9.315794 12.971125 16.130487 17.318526 14.395982 14.043085 16.751958 15.76487 12.090398 12.649582 16.399046 17.046778 14.199361 15.562815 15.028297 13.573315 10.483741 9.830072 9.505001 9.763259 12.528654 13.086187 15.207076 16.088549 19.475879 18.254023 19.109046 18.006091 14.553097 14.284802 15.846656 13.222481 10.193808 11.116647 11.78515 8.343069 7.460699 10.707878 10.235787 7.206561 9.870409 12.76953 12.037638 10.709307 12.911084 13.744782 10.733037 7.515047 5.329048 5.014892 6.797427 10.271062 12.455303 15.886352 17.978048 16.697377 16.577563 19.405216 20.25442 17.8792 18.37842 22.136756 21.975101 20.634146 23.067894 20.601934 22.906804 21.046582 17.692175 15.615318 15.760214 13.582063 14.390294 14.296675 15.159055 17.173581 19.380556 18.875373 19.813297 18.814577 19.683025 19.266885 18.263853 18.265065 19.244628 19.194228 17.910587 18.348408 18.405281 16.428299 19.522835 19.705292 16.124457 16.955875 20.193228 18.788093 16.511976 19.442186 21.729832 19.858795 18.626185 22.243809 
8.712186 8.302496 6.554326 3.815184 0.0 3.805101 6.184981 9.870829 13.031793 13.773262 10.685777 10.690799 13.366648 12.192578 8.670705 9.876052 13.622553 14.172566 11.81381 13.824281 14.118115 13.092666 9.805738 9.977341 8.981537 10.094797 12.225152 13.361042 15.39983 16.784363 20.237335 19.309644 20.823134 19.899029 16.213907 16.461118 18.482046 15.909852 13.05574 14.595691 15.144462 11.503761 11.203615 14.350248 13.355303 10.253371 13.041876 15.726112 14.272498 12.642197 13.905888 14.653637 11.532279 7.765457 6.377919 4.321644 6.230249 8.81124 11.510272 14.690824 16.861157 15.006201 14.370173 17.41263 17.790296 15.536163 16.740182 20.334888 19.832944 18.998559 21.76819 19.740116 22.392976 21.083876 18.103925 16.456974 16.119134 14.047776 14.034836 14.054433 14.03474 16.010398 17.61547 16.660978 18.048069 17.621381 19.079498 19.209236 18.391613 19.036027 19.997595 20.495969 19.857103 20.662035 21.229011 19.471573 22.394407 22.122556 18.422369 19.363954 22.268698 20.372691 18.002041 21.027654 22.914957 20.514077 19.331365 22.979405 
9.752522 9.99032 9.490873 6.44315 3.805101 0.0 3.826519 6.951714 10.513734 11.542517 9.162907 9.778859 13.068712 12.347105 9.476977 10.955138 14.491121 15.509219 13.942102 16.560255 17.172958 15.98364 12.432806 12.096447 9.916863 10.231671 11.168591 11.796031 13.126868 14.481984 18.010919 17.665417 19.658334 19.331755 15.522542 15.780361 18.4523 16.452204 13.49305 15.681757 16.767206 13.3449 13.307859 16.826743 16.179633 13.435913 16.281792 19.054303 17.81188 16.372705 17.706139 18.318292 15.031478 11.289072 9.341469 6.106896 5.600685 6.732529 8.760633 12.002403 13.685838 11.464155 11.175131 14.520621 15.264633 13.647387 15.100478 18.613744 18.544153 18.27827 20.796837 18.710193 21.127173 19.889411 17.04155 15.887187 15.947524 14.710833 14.908072 15.800383 15.766409 18.190631 19.57918 17.938023 19.185899 18.721049 20.745643 20.680819 19.358301 19.869837 20.172436 20.535214 20.197641 21.65719 22.642388 21.41618 24.567001 24.012772 20.455027 21.939449 24.716616 22.55339 20.623507 23.910328 25.490341 23.080415 22.3295 26.05331 
13.22291 13.660761 12.61556 9.315794 6.184981 3.826519 0.0 3.775585 6.91512 8.211653 6.11452 6.234118 9.806453 9.860195 7.567218 8.672303 11.79342 13.357478 12.576012 15.780001 16.645296 15.383463 11.835192 11.671416 8.906387 9.816387 9.966174 11.458601 13.020723 15.192567 18.344194 17.894709 20.402868 19.935657 16.170442 17.230361 19.933811 17.827788 15.449286 18.113985 18.715769 15.189412 15.939255 19.264047 18.026944 15.584995 18.809781 21.137424 19.37294 18.258801 19.102323 19.140887 15.70544 12.110957 10.393019 6.733524 5.897532 5.209827 7.954438 10.236931 12.410798 10.127048 8.655871 11.789565 11.888125 10.159327 12.129998 15.409565 15.0482 15.157128 17.860939 16.239454 18.954028 18.348667 16.071987 15.370797 14.806956 13.795877 13.302692 14.531057 13.986005 16.585454 17.619355 15.402234 16.594329 16.380893 18.925334 19.124574 17.857482 18.880125 19.136713 20.087421 20.455087 22.167154 23.692637 22.776815 25.676292 24.578397 21.044699 22.747724 25.077554 22.447904 20.70617 24.10119 25.145675 22.437737 22.058605 25.754471 
16.381547 16.929771 16.246095 12.971125 9.870829 6.951714 3.775585 0.0 3.764402 5.371464 5.118543 6.02705 9.53957 10.245646 9.294353 10.464322 12.741403 14.560526 14.709768 18.227515 19.441737 18.269849 14.851355 14.662432 11.511299 12.121019 11.094031 12.396786 13.244768 15.572431 18.426733 18.486182 21.466502 21.411144 17.765145 19.027776 22.043961 20.323874 18.121768 21.096769 21.849007 18.478058 19.401458 22.801093 21.607775 19.310713 22.561995 24.869823 23.062527 21.994917 22.682206 22.616685 19.188481 15.687927 14.018199 10.308464 8.760958 6.411384 8.004526 9.200015 10.836913 8.037796 5.989726 9.28369 9.150826 8.457215 11.14989 13.87057 13.687213 14.714395 17.203179 15.975885 18.538512 18.419924 16.700171 16.644002 16.114098 15.805916 15.140061 16.855158 16.028511 18.694261 19.279488 16.498855 17.633573 17.660409 20.688482 20.959088 19.517124 20.667374 20.479832 21.563298 22.388325 24.521728 26.407522 25.853403 28.749822 27.368359 23.976737 25.943789 28.043798 25.175765 23.714652 27.182023 27.883937 25.083428 25.002019 28.644245 
19.792427 20.49019 19.511466 16.130487 13.031793 10.513734 6.91512 3.764402 0.0 3.812552 5.645034 5.534979 8.367334 10.255561 10.358251 10.807563 12.048526 14.363327 15.339529 19.065387 20.358823 19.139713 15.992908 15.858863 12.612582 13.463498 11.796653 13.603775 14.503275 17.311175 19.623566 19.58713 22.860538 22.699335 19.28949 21.1001 24.018282 22.292774 20.580939 23.785212 24.198392 20.872822 22.268242 25.494045 23.953234 21.93677 25.377646 27.352793 25.255792 24.474964 24.871745 24.372136 20.950297 17.754572 16.25914 12.693964 11.169736 8.198028 9.619476 9.300825 11.134516 8.843919 5.498851 7.563766 6.117027 5.863984 9.309826 11.247336 10.762237 12.532928 14.990263 14.473509 17.152893 17.793169 16.84142 17.274671 16.256623 16.301395 15.119799 17.098458 15.923879 18.595373 18.806063 15.539656 16.421437 16.680449 20.101645 20.555657 19.17936 20.707414 20.406554 21.959166 23.380098 25.673832 27.955746 27.685933 30.334577 28.536452 25.28834 27.405443 29.082417 25.90653 24.708863 28.169256 28.37584 25.439548 25.736287 29.243823 
21.26887 21.304783 20.283348 17.318526 13.773262 11.542517 8.211653 5.371464 3.812552 0.0 3.774694 5.637495 7.231924 8.258936 9.465566 10.907478 11.708633 13.171451 14.66482 18.352407 20.321096 19.803638 16.994909 17.659775 14.89851 16.338502 15.211036 17.080289 17.967446 20.515579 23.0586 23.158921 26.342865 26.171169 22.644459 24.215703 27.133317 25.240665 23.246367 26.175443 26.621709 23.100522 24.100494 27.308162 25.709656 23.277573 26.497473 28.60567 26.312699 25.077802 25.03145 24.862509 21.749 18.485581 17.674557 14.318153 13.558744 11.21206 12.893248 13.001116 14.487745 11.67309 8.844337 11.028891 9.141797 9.109591 12.796545 14.355249 13.20138 15.201929 17.990871 17.889242 20.74777 21.527776 20.537223 20.792554 19.61071 19.197731 17.605235 18.968119 17.149354 19.205875 18.747013 15.582408 17.236613 18.258864 21.64678 22.676555 21.806859 23.666299 23.733023 25.415607 26.704738 28.76125 30.826911 30.212877 32.80897 31.189134 27.771791 29.527504 31.291858 28.190361 26.590507 29.847421 30.178898 26.994312 26.89105 30.272779 
18.775556 18.440896 17.101863 14.395982 10.685777 9.162907 6.11452 5.118543 5.645034 3.774694 0.0 3.806241 5.737404 5.491288 5.922387 8.075223 9.60111 10.547868 11.453707 15.037107 17.073873 16.795813 14.037519 15.140187 12.86719 14.803044 14.572839 16.660062 18.06671 20.504412 23.389976 23.135736 25.973938 25.476915 21.812729 23.190887 25.870017 23.633328 21.460363 24.04874 24.357943 20.686591 21.431431 24.510401 22.829059 20.16078 23.244567 25.370641 23.003564 21.558491 21.391625 21.416317 18.436847 15.112602 14.689815 11.613982 11.695618 10.335666 12.822808 13.825344 15.779865 12.994945 10.476778 13.114219 11.58378 10.412414 13.720019 15.939801 14.519137 15.68341 18.853169 18.43324 21.549263 21.941957 20.464913 20.193569 18.898958 17.809478 16.135539 16.902936 14.983673 16.780738 16.452203 13.759697 15.827528 16.919156 19.944186 21.142 20.589105 22.49274 23.037361 24.68317 25.597871 27.25079 28.971123 27.961475 30.51036 29.167743 25.588073 26.993176 28.948917 26.054661 24.078925 27.195593 27.842535 24.618713 24.116679 27.508211 
18.80311 18.932557 17.060929 14.043085 10.690799 9.778859 6.234118 6.02705 5.534979 5.637495 3.806241 0.0 3.789524 5.579288 5.313781 5.452267 6.828839 8.96044 9.837049 13.586019 15.056529 14.252203 11.515266 12.418088 10.127669 12.462856 12.293811 15.041568 17.060709 19.960708 22.5493 21.745858 24.543527 23.607984 20.109297 21.989607 24.341278 21.860594 20.202483 22.932605 22.733079 19.093077 20.437516 23.246674 21.151783 18.929313 22.310309 23.968765 21.381764 20.499554 20.32594 19.696192 16.54824 13.593131 13.049501 10.16929 10.399756 9.034957 12.094284 12.66633 15.381223 13.371126 10.284837 12.182921 10.302603 8.050359 11.038691 13.332586 11.560162 12.237089 15.612515 15.339256 18.704602 19.302626 18.057221 17.769485 15.964251 14.751663 12.688885 13.541102 11.584129 13.692862 13.651495 10.692515 12.294801 13.180843 16.323445 17.500218 17.019579 19.163913 19.890954 21.888668 23.090596 24.650763 26.593715 25.743793 28.035286 26.383194 22.900649 24.409066 26.037099 22.942012 21.175163 24.332575 24.647983 21.406209 21.263709 24.64083 
21.843743 21.609588 19.391199 16.751958 13.366648 13.068712 9.806453 9.53957 8.367334 7.231924 5.737404 3.789524 0.0 3.803436 5.663686 5.533141 4.706599 6.40072 8.628046 12.300296 14.315973 14.184971 12.317024 14.039038 12.503209 15.391296 15.454205 18.501378 20.685082 23.686734 26.172591 25.223694 27.99373 26.824425 23.432728 25.463698 27.600875 24.897422 23.414184 25.965546 25.438251 21.75135 23.108808 25.616567 23.180027 20.935097 24.181432 25.546899 22.578011 21.639785 20.812228 20.02421 17.322496 14.839646 15.143923 12.903315 13.78856 12.700634 15.816892 16.093131 18.84603 16.862826 13.567967 15.00819 12.416986 10.234785 13.285753 14.880259 12.26925 13.105551 16.734115 17.215076 20.79053 21.853709 20.967834 20.696219 18.424789 16.916118 14.178251 14.363036 11.530227 12.746117 11.689328 8.596264 10.922674 12.855379 15.984214 17.918574 18.151051 20.838706 21.977233 24.384478 25.774215 27.065354 28.993748 27.98569 29.932573 28.192445 24.732327 25.898982 27.229265 24.083561 22.131179 24.949615 25.010325 21.499348 21.230589 24.274383 
20.899744 20.026281 17.843223 15.76487 12.192578 12.347105 9.860195 10.245646 10.255561 8.258936 5.491288 5.579288 3.803436 0.0 3.799884 5.930742 6.118931 5.514843 7.288142 10.697495 13.407832 14.067343 12.385191 14.723996 13.687677 16.690575 17.329915 20.088229 22.193741 24.820753 27.680874 26.869562 29.430811 28.32706 24.761281 26.335144 28.486716 25.698224 23.786653 25.948335 25.613274 21.81862 22.577154 25.084075 22.822471 20.099007 22.975607 24.611703 21.676072 20.148004 19.063136 18.904682 16.550075 13.871228 14.777379 12.827273 14.329845 13.930581 17.123997 18.121323 20.629896 18.195433 15.395421 17.513423 15.341926 13.360647 16.404733 18.365252 15.970322 16.609588 20.255857 20.38936 23.927333 24.597213 23.250915 22.647075 20.641129 18.734917 16.220622 15.828622 12.957884 13.573037 12.338256 10.170699 13.182442 15.253486 17.882892 19.968288 20.417963 22.955305 24.319485 26.458668 27.391011 28.427266 29.933316 28.499859 30.542319 29.237149 25.599723 26.367396 28.051393 25.232452 22.808571 25.423751 25.974067 22.441208 21.528657 24.5341 
17.361184 16.578934 14.20351 12.090398 8.670705 9.476977 7.567218 9.294353 10.358251 9.465566 5.922387 5.313781 5.663686 3.799884 0.0 3.797756 6.25966 6.187583 5.762083 9.213237 11.272174 11.47047 9.266328 11.502523 10.666844 13.696343 14.919941 17.581874 19.931884 22.402562 25.399252 24.370986 26.6388 25.396485 21.806997 23.200435 25.187092 22.293434 20.302042 22.289543 21.934746 18.128316 18.801571 21.290708 19.093408 16.32501 19.251712 20.961461 18.165951 16.671257 15.969184 15.872527 13.237874 10.267831 11.041379 9.234337 11.212566 11.59097 15.053366 16.627116 19.330255 17.111595 14.681869 17.074577 15.557554 13.096933 15.571917 18.179143 16.203587 16.129096 19.706825 19.207892 22.670314 22.814885 21.016774 20.050505 18.23831 16.028606 13.895331 13.36094 11.037941 12.057886 11.843206 10.17016 12.77745 14.101494 16.361809 18.030391 18.294213 20.492607 21.960902 23.819662 24.388962 25.248518 26.524403 24.945539 27.097355 26.00645 22.297508 23.022568 24.968722 22.333438 19.800377 22.525696 23.424253 20.075324 19.018636 22.27164 
18.058791 17.869722 15.089344 12.649582 9.876052 10.955138 8.672303 10.464322 10.807563 10.907478 8.075223 5.452267 5.533141 5.930742 3.797756 0.0 3.771691 5.544446 4.95212 8.539055 9.62925 8.993561 6.837069 8.979294 8.391107 11.892306 13.230604 16.433462 19.269737 22.115498 24.760854 23.25029 25.45926 23.805152 20.45451 22.344485 23.980415 20.883251 19.492161 21.630414 20.727341 17.02106 18.394439 20.552329 17.895778 15.739249 18.993051 20.116236 17.079587 16.356422 15.690245 14.684296 11.820657 9.467406 10.064666 8.669897 10.717076 11.103887 14.820706 15.933594 19.147633 17.593232 14.806796 16.525225 14.829155 11.717086 13.60134 16.131401 13.920022 13.224223 16.877718 16.538594 20.147702 20.484342 18.960963 17.984553 15.65005 13.252146 10.612727 9.939497 7.373161 8.784514 9.043139 7.102132 9.197302 10.309232 12.626161 14.355539 14.81125 17.311918 19.03123 21.258838 22.132141 22.874807 24.400804 23.027221 24.869735 23.408555 19.823356 20.668514 22.207934 19.317025 17.015896 19.803211 20.284614 16.866062 16.257968 19.528124 
21.817924 21.594513 18.730517 16.399046 13.622553 14.491121 11.79342 12.741403 12.048526 11.708633 9.60111 6.828839 4.706599 6.118931 6.25966 3.771691 0.0 3.796139 5.555921 8.865362 10.324872 10.186593 9.192836 11.519028 11.162859 14.706256 15.63084 19.100813 21.939952 25.038276 27.427227 25.855296 28.221948 26.453773 23.282351 25.491931 27.035683 23.910723 22.846065 25.058596 23.895167 20.289074 21.892037 23.818087 20.901119 18.991199 22.180482 22.93955 19.635623 19.107874 17.922166 16.544189 14.140434 12.487475 13.453826 12.307306 14.111474 13.968683 17.540496 18.006008 21.272573 19.81427 16.589147 17.746228 15.33836 12.311317 14.368395 16.122094 13.208039 12.794001 16.589243 17.097378 20.856578 21.825992 20.893997 20.211446 17.433498 15.197421 11.931161 11.07484 7.646416 8.160095 7.041937 4.225432 7.087189 9.437942 12.023976 14.485716 15.505169 18.557504 20.418267 23.114182 24.424366 25.136339 26.885728 25.649544 27.128889 25.367191 21.971357 22.722503 23.752236 20.672723 18.526903 21.015154 20.936974 17.296855 16.936451 19.784218 
22.550873 21.684731 18.736398 17.046778 14.172566 15.509219 13.357478 14.560526 14.363327 13.171451 10.547868 8.96044 6.40072 5.514843 6.187583 5.544446 3.796139 0.0 3.807323 6.604408 9.295032 10.541398 10.290798 13.42079 13.676227 17.330005 18.667332 21.944637 24.712011 27.55975 30.225169 28.76356 30.987414 29.239391 25.951114 27.821918 29.33534 26.09874 24.721226 26.544793 25.450259 21.767216 22.838268 24.628896 21.761584 19.441186 22.19918 23.047783 19.627866 18.543093 16.764139 15.896403 14.146397 12.621018 14.473897 13.782372 16.157674 16.475788 20.097431 20.995333 24.069118 22.213671 19.210896 20.799332 18.434694 15.674294 17.972827 19.791706 16.865416 16.587541 20.383195 20.837965 24.584141 25.390875 24.205899 23.304648 20.680026 18.128339 14.999271 13.492419 9.965422 9.233744 7.221949 6.079256 9.712917 12.431672 14.345248 17.144137 18.55437 21.558916 23.668108 26.22069 27.200931 27.622864 28.986504 27.328236 28.748917 27.368109 23.863407 24.099063 25.322375 22.584096 19.951654 22.033439 22.322238 18.617158 17.529079 20.099335 
19.71009 18.744745 15.534594 14.199361 11.81381 13.942102 12.576012 14.709768 15.339529 14.66482 11.453707 9.837049 8.628046 7.288142 5.762083 4.95212 5.555921 3.807323 0.0 3.769129 6.143531 7.50979 7.318796 10.853075 11.825932 15.533343 17.565769 20.684184 23.648796 26.256292 29.061502 27.404358 29.260075 27.348195 24.080576 25.69071 26.944958 23.561365 22.114269 23.571346 22.377912 18.729541 19.58666 21.164312 18.290981 15.888414 18.50193 19.313413 15.900894 14.740204 13.013648 12.239746 10.487462 9.034316 11.362276 11.389412 14.384679 15.545312 19.297857 20.742698 23.901184 22.176903 19.569955 21.446201 19.647411 16.590774 18.413697 20.796515 18.272278 17.363527 21.064517 20.911586 24.559206 24.828858 23.181592 21.867429 19.437448 16.457103 13.699613 11.675048 8.651365 7.883271 7.208377 7.310805 10.364704 12.242649 13.473404 15.93958 17.348663 20.018447 22.364963 24.618612 25.143494 25.231334 26.220799 24.260866 25.696985 24.65348 21.057757 21.00923 22.530718 20.101923 17.145929 19.172055 19.963518 16.403052 14.855995 17.645686 
20.876436 19.579556 16.107717 15.562815 13.824281 16.560255 15.780001 18.227515 19.065387 18.352407 15.037107 13.586019 12.300296 10.697495 9.213237 8.539055 8.865362 6.604408 3.769129 0.0 3.839296 6.936988 8.354069 12.178003 14.097983 17.783122 20.292413 23.345876 26.4676 28.916971 31.751191 29.884711 31.400819 29.239203 26.130526 27.57362 28.435004 24.869811 23.531141 24.45948 22.970094 19.528293 20.112259 21.102745 18.09472 15.782973 17.824473 18.200018 14.610387 13.366072 10.859325 10.102674 9.52131 9.242953 12.449248 13.504121 16.925874 18.613908 22.377697 24.028539 27.235987 25.59193 23.140069 25.038606 23.326563 20.159182 21.709514 24.118678 21.55334 20.297229 23.919788 23.728691 27.332541 27.447246 25.681653 24.094084 21.634542 18.297243 15.643316 12.870683 10.114822 8.124506 7.440728 9.242504 12.06674 13.898588 14.161356 16.823967 18.770327 21.388497 24.146641 26.34672 26.581807 26.143792 26.708418 24.367079 25.423217 24.713174 21.225786 20.50056 21.955476 19.983204 16.657054 18.005733 19.066694 15.612485 13.363837 15.671357 
20.114873 19.247199 15.524768 15.028297 14.118115 17.172958 16.645296 19.441737 20.358823 20.321096 17.073873 15.056529 14.315973 13.407832 11.272174 9.62925 10.324872 9.295032 6.143531 3.839296 0.0 3.780856 6.539433 10.117283 12.868955 16.433266 19.334791 22.396261 25.789259 28.224655 30.856347 28.614473 29.793236 27.295905 24.480748 26.010267 26.407154 22.696062 21.790546 22.49613 20.544386 17.375793 18.278349 18.753885 15.43515 13.728752 15.790994 15.524927 11.7694 11.361883 9.062966 7.138681 6.700454 7.752032 10.9837 12.896741 16.434158 18.531599 22.27163 23.931947 27.335936 26.158653 23.823075 25.483289 24.05369 20.588189 21.475314 24.017888 21.675406 19.780927 23.154151 22.70839 26.157389 26.03388 24.208668 22.386544 19.856814 16.257143 13.803472 10.500441 8.469613 6.279381 7.255594 9.717021 11.470866 12.453142 11.840071 14.20717 16.373302 18.810398 21.873058 24.020646 24.100147 23.270911 23.675468 21.271452 22.00431 21.310213 17.960727 16.975869 18.27028 16.465703 13.041059 14.189567 15.346597 12.014716 9.566961 12.02556 
18.515248 18.351391 14.647806 13.573315 13.092666 15.98364 15.383463 18.269849 19.139713 19.803638 16.795813 14.252203 14.184971 14.067343 11.47047 8.993561 10.186593 10.541398 7.50979 6.936988 3.780856 0.0 3.795665 6.756639 9.879546 13.308296 16.312234 19.413459 22.970944 25.494462 27.89085 25.418553 26.508381 23.850166 21.20455 22.965587 23.19703 19.459812 18.930555 19.862165 17.669358 14.586128 16.108974 16.589235 13.058067 11.947313 14.585931 14.120002 10.467871 11.019737 9.87865 7.142499 5.210636 6.450152 8.737334 10.819104 14.104666 16.266905 19.911992 21.433232 24.970152 24.232697 21.966793 23.351907 22.207005 18.572976 18.896843 21.564317 19.551689 17.223583 20.345884 19.606611 22.907318 22.615311 20.78897 18.904295 16.313589 12.641705 10.338689 6.899279 5.749758 4.84606 7.668863 9.398052 10.034426 9.922171 9.12059 10.863351 12.775054 15.057935 18.150765 20.290895 20.436535 19.643175 20.275298 18.145928 18.931594 17.912924 14.534381 13.98055 15.212898 13.060271 9.843008 11.662566 12.657452 9.320615 7.589183 10.853513 
15.582482 15.751791 12.282311 10.483741 9.805738 12.432806 11.835192 14.851355 15.992908 16.994909 14.037519 11.515266 12.317024 12.385191 9.266328 6.837069 9.192836 10.290798 7.318796 8.354069 6.539433 3.795665 0.0 3.824388 6.3819 9.894304 12.882861 15.886585 19.347392 21.854305 24.364806 22.087586 23.37984 21.001719 18.070966 19.795375 20.441682 16.846438 15.983546 17.3607 15.617835 12.18044 13.830779 15.067057 11.865115 10.386711 13.643866 13.963546 10.779331 11.036641 10.891285 8.971486 5.639568 4.625955 5.685907 7.123273 10.3269 12.524457 16.161479 17.849374 21.306037 20.536932 18.440675 20.004884 19.18142 15.635114 15.990979 19.001967 17.383624 15.23464 18.337692 17.1756 20.427879 19.90932 17.821817 15.976247 13.68052 10.175663 8.23665 5.850417 5.333813 6.732363 9.455848 9.719047 10.29878 9.683636 9.996974 10.934385 11.736145 13.667802 16.221236 18.108971 18.243148 18.013001 18.919087 17.058796 18.549288 17.437543 13.789968 14.072945 15.805502 13.359037 10.5631 13.297904 14.399151 11.347357 10.344686 13.965948 
14.220412 15.302092 12.203286 9.830072 9.977341 12.096447 11.671416 14.662432 15.858863 17.659775 15.140187 12.418088 14.039038 14.723996 11.502523 8.979294 11.519028 13.42079 10.853075 12.178003 10.117283 6.756639 3.824388 0.0 3.824327 6.652087 9.964906 12.823803 16.459952 18.966327 21.211721 18.668089 19.800078 17.270239 14.493836 16.437813 16.920639 13.335969 12.896238 14.608067 12.722883 9.446524 11.900782 13.24251 10.16303 9.545192 13.20381 13.456525 10.942058 11.996632 12.920305 10.876489 7.225749 6.263899 4.818722 6.094546 8.410102 10.769098 14.048328 15.667476 19.168392 18.983067 17.195904 18.468559 18.212761 14.665904 14.206996 17.445973 16.496718 13.941934 16.513165 14.735039 17.636709 16.67814 14.37948 12.344393 10.218295 6.620452 5.723882 4.49811 6.370049 9.050043 12.278818 11.999755 11.542461 9.679191 9.981605 9.517331 9.236307 10.438337 12.748273 14.368364 14.435569 14.393323 15.582909 14.152453 15.927162 14.529798 10.876598 12.00032 13.819406 11.150515 9.099035 12.521887 13.520962 11.083311 11.014037 14.801836 
13.709954 15.207541 12.751605 9.505001 8.981537 9.916863 8.906387 11.511299 12.612582 14.89851 12.86719 10.127669 12.503209 13.687677 10.666844 8.391107 11.162859 13.676227 11.825932 14.097983 12.868955 9.879546 6.3819 3.824327 0.0 3.839073 6.503701 9.62406 13.167981 15.962409 18.224448 15.981594 17.683564 15.624329 12.487149 14.688065 15.906499 12.777654 12.055632 14.616292 13.468359 10.126833 12.664404 14.832714 12.425161 11.566746 15.378151 16.259864 14.174772 14.810743 15.946097 14.379969 10.619995 8.583089 6.094372 4.787523 5.515896 7.127927 10.424193 11.874542 15.409494 15.272822 13.453047 14.696642 14.682266 11.292678 10.841495 14.333445 13.813617 11.658525 14.142208 12.084099 14.988047 14.062576 11.732994 10.106115 8.201874 5.584034 5.132418 6.377854 7.767708 11.165511 13.852194 12.495971 11.998405 10.109914 11.610476 10.873581 9.521663 10.50256 11.764983 13.297517 13.806047 14.765585 16.536963 15.75446 18.013787 16.350102 12.88251 14.799221 16.585384 13.673351 12.357798 15.975822 16.635187 14.271903 14.657974 18.405374 
12.553632 14.914268 13.202702 9.763259 10.094797 10.231671 9.816387 12.121019 13.463498 16.338502 14.803044 12.462856 15.391296 16.690575 13.696343 11.892306 14.706256 17.330005 15.533343 17.783122 16.433266 13.308296 9.894304 6.652087 3.839073 0.0 3.855275 6.178159 9.86321 12.530455 14.615453 12.220417 13.849111 11.926236 8.678882 11.028621 12.443625 9.692393 9.144074 12.272558 11.554027 8.716614 11.591869 14.027839 12.35275 12.063439 15.780617 16.842707 15.549752 16.436401 18.267617 16.900435 13.153806 11.147072 7.753485 6.166253 4.673676 6.170992 8.327248 9.925931 13.215237 13.750678 12.690314 13.749672 14.691293 11.790426 10.512866 14.191171 14.684058 12.549784 14.157779 11.252932 13.377488 11.620503 8.653078 6.772585 6.088909 4.81777 6.770819 9.078527 11.264606 14.770348 17.599911 16.12155 15.262607 12.882396 14.258362 12.603454 10.208034 9.851549 10.027691 10.651224 10.89909 12.511543 14.518369 14.341116 17.055715 15.39318 12.252048 14.878948 16.819049 14.124228 13.570003 17.32958 18.059875 16.351011 17.089606 20.804114 
14.865801 17.398559 16.199389 12.528654 12.225152 11.168591 9.966174 11.094031 11.796653 15.211036 14.572839 12.293811 15.454205 17.329915 14.919941 13.230604 15.63084 18.667332 17.565769 20.292413 19.334791 16.312234 12.882861 9.964906 6.503701 3.855275 0.0 3.83388 7.31803 10.680439 12.333525 10.267211 12.775302 11.503122 8.356616 11.202673 13.25468 11.413232 11.070343 14.677763 14.445518 12.043961 14.799451 17.445994 16.070605 15.784396 19.451523 20.644024 19.402011 20.184464 21.906863 20.551045 16.777958 14.572771 11.31032 8.898087 6.097793 5.059134 6.037209 6.474443 9.936219 11.064286 9.945003 10.36913 11.749668 9.333827 7.522805 11.183769 12.437659 10.810713 11.840471 8.666337 10.476664 8.872615 6.242392 5.64001 5.4383 6.497589 8.198525 11.435056 13.216886 16.942127 19.392251 17.256635 16.179111 13.83558 15.881382 14.144972 11.241143 10.846411 9.828168 10.476209 11.59323 14.121293 16.703255 17.2144 19.919035 17.901181 15.188298 18.17917 19.761707 16.836029 16.796688 20.576927 20.845592 19.118147 20.264557 23.90337 
13.975685 17.000416 16.600353 13.086187 13.361042 11.796031 11.458601 12.396786 13.603775 17.080289 16.660062 15.041568 18.501378 20.088229 17.581874 16.433462 19.100813 21.944637 20.684184 23.345876 22.396261 19.413459 15.886585 12.823803 9.62406 6.178159 3.83388 0.0 3.805927 6.930187 8.654953 6.84247 9.536309 9.132957 5.798718 8.219514 10.928949 10.086682 9.50259 13.321432 13.904823 12.126857 14.509188 17.37646 16.816733 16.664237 20.028876 21.534537 20.929199 21.631179 23.822304 22.827724 19.09678 16.754778 13.147078 10.741251 7.280346 6.380532 5.071886 6.077621 8.345971 10.089287 10.350313 10.936857 13.359151 11.846373 10.020777 13.398937 15.353627 14.090656 14.492909 10.99191 11.664297 9.14204 5.83456 5.421057 7.489602 9.240259 11.721424 14.823423 16.850835 20.521054 23.047941 20.978223 20.005493 17.614458 19.469192 17.433988 14.27929 13.051181 11.290165 10.636684 11.086824 14.091148 16.477271 17.324782 20.417462 18.745415 16.348338 19.52892 21.392484 18.879284 19.065061 22.811006 23.369115 22.032702 23.098381 26.747763 
15.148865 18.248647 18.577365 15.207076 15.39983 13.126868 13.020723 13.244768 14.503275 17.967446 18.06671 17.060709 20.685082 22.193741 19.931884 19.269737 21.939952 24.712011 23.648796 26.4676 25.789259 22.970944 19.347392 16.459952 13.167981 9.86321 7.31803 3.805927 0.0 3.754552 5.530103 5.404285 8.710055 9.850213 7.107819 8.429666 11.794688 12.094902 11.190669 14.887861 16.223041 14.831937 16.678486 19.750134 19.744499 19.446644 22.562258 24.389448 24.087157 24.540403 26.868854 26.182732 22.469639 19.886006 16.267689 13.59415 9.855778 8.357548 5.264568 5.884046 6.187082 8.540788 10.0784 10.626688 13.837698 13.348988 11.783065 14.708278 17.197751 16.573825 16.569085 13.163338 13.103168 10.54715 7.80764 8.255941 10.866822 13.004195 15.425184 18.581248 20.428506 24.09052 26.428267 24.148691 23.327231 21.10027 23.148413 21.131301 17.885126 16.505789 14.276685 13.118366 13.420215 16.708088 18.96492 20.045149 23.310367 21.825368 19.661367 22.88364 24.841023 22.481613 22.752075 26.472237 27.095196 25.831261 26.857655 30.520101 
14.715005 17.982148 19.021926 16.088549 16.784363 14.481984 15.192567 15.572431 17.311175 20.515579 20.504412 19.960708 23.686734 24.820753 22.402562 22.115498 25.038276 27.55975 26.256292 28.916971 28.224655 25.494462 21.854305 18.966327 15.962409 12.530455 10.680439 6.930187 3.754552 0.0 3.791889 5.389793 7.704693 10.00337 7.812109 7.419962 11.089096 12.343566 11.061503 14.321036 16.397523 15.558658 16.785555 19.87993 20.579965 20.303177 22.989979 25.071048 25.294866 25.604062 28.254703 27.925774 24.341811 21.719996 18.035577 15.59815 11.99534 11.144738 7.918773 9.200688 8.273833 10.230513 12.71551 13.639891 17.064811 16.865865 15.506032 18.352134 20.902203 20.324053 20.256377 16.794563 16.405187 13.534311 10.699157 10.817369 13.935266 15.883084 18.604911 21.525953 23.517327 27.087625 29.516523 27.407274 26.744937 24.510984 26.355961 24.23456 20.987949 19.248641 16.977872 15.144508 14.687263 17.842776 19.596271 20.682069 24.170736 23.156687 21.186205 24.310165 26.547381 24.59692 24.847451 28.461321 29.416648 28.398751 29.222127 32.882107 
18.092995 21.516829 22.431751 19.475879 20.237335 18.010919 18.344194 18.426733 19.623566 23.0586 23.389976 22.5493 26.172591 27.680874 25.399252 24.760854 27.427227 30.225169 29.061502 31.751191 30.856347 27.89085 24.364806 21.211721 18.224448 14.615453 12.333525 8.654953 5.530103 3.791889 0.0 3.828083 6.24727 9.273661 8.460517 8.588881 11.582251 13.507326 13.204098 16.388599 18.167873 17.850368 19.467988 22.210311 22.870058 23.081144 25.78517 27.537878 27.833099 28.512671 31.206639 30.575101 26.982121 24.628113 20.881187 18.6054 14.995345 13.862744 10.604152 10.68551 9.49052 12.373019 14.6838 14.686858 18.251395 18.291641 16.33816 18.661425 21.657536 21.016944 20.253547 16.755789 15.516672 12.490276 10.321807 11.087628 14.478706 17.104958 20.025081 23.234873 25.466897 29.153247 31.684289 29.48307 28.413337 25.905284 27.693579 25.235465 21.721823 19.633473 16.790633 14.620409 14.489497 17.96254 20.03314 21.752877 25.012073 23.723177 22.265319 25.66269 27.529814 25.571104 26.357303 29.934343 30.568354 29.826209 31.052627 34.598147 
17.285429 20.867692 21.244201 18.254023 19.309644 17.665417 17.894709 18.486182 19.58713 23.158921 23.135736 21.745858 25.223694 26.869562 24.370986 23.25029 25.855296 28.76356 27.404358 29.884711 28.614473 25.418553 22.087586 18.668089 15.981594 12.220417 10.267211 6.84247 5.404285 5.389793 3.828083 0.0 3.779239 5.755072 5.221908 6.543843 8.920555 10.523523 11.040068 14.348739 15.493139 15.354265 17.517053 19.905138 20.257525 20.917776 23.736008 25.072332 25.301275 26.390023 29.086855 28.111827 24.569532 22.601721 18.828661 16.992441 13.659179 13.00274 10.506097 10.615974 10.78824 13.722653 15.214599 15.029126 18.190849 17.506759 15.053642 17.56141 20.359517 19.096623 18.292376 14.5816 13.378012 9.899376 7.27811 7.699093 11.320882 14.018051 17.226905 20.402903 22.979668 26.656997 29.441949 27.476064 26.103592 23.299746 24.759197 22.047297 18.473372 16.100643 13.2344 10.845098 10.70413 14.255156 16.556552 18.485107 21.566144 20.070018 18.770828 22.28577 23.948291 21.998149 23.035835 26.558318 27.066432 26.529465 27.947291 31.389119 
17.352598 21.119928 21.63917 19.109046 20.823134 19.658334 20.402868 21.466502 22.860538 26.342865 25.973938 24.543527 27.99373 29.430811 26.6388 25.45926 28.221948 30.987414 29.260075 31.400819 29.793236 26.508381 23.37984 19.800078 17.683564 13.849111 12.775302 9.536309 8.710055 7.704693 6.24727 3.779239 0.0 3.813287 5.313848 5.294837 6.415431 9.114832 10.262908 12.87493 14.082848 14.867072 16.861975 18.755194 19.570399 20.733495 23.140284 24.264984 25.004585 26.352483 29.346891 28.40579 25.093441 23.483856 19.705104 18.496651 15.569229 15.691793 13.556357 14.173538 14.422251 17.130983 18.721181 18.732447 21.800858 20.843694 18.297272 20.884851 23.534209 21.88749 21.068999 17.286393 15.975413 12.231334 9.523365 9.16027 12.935652 15.254405 18.837828 21.671059 24.624449 28.163113 31.227817 29.628626 28.16909 25.154826 26.119241 23.139226 19.624885 16.735875 14.026319 10.860727 9.631728 12.793914 14.569263 16.764013 19.820463 18.719127 17.915456 21.34933 23.067685 21.655903 22.913952 26.191647 26.924964 26.8734 28.24661 31.538161 
16.878623 20.59645 20.498555 18.006091 19.899029 19.331755 19.935657 21.411144 22.699335 26.171169 25.476915 23.607984 26.824425 28.32706 25.396485 23.805152 26.453773 29.239391 27.348195 29.239203 27.295905 23.850166 21.001719 17.270239 15.624329 11.926236 11.503122 9.132957 9.850213 10.00337 9.273661 5.755072 3.813287 0.0 3.816545 5.403007 4.865323 6.544384 8.874937 11.4327 11.666478 12.595819 15.179998 16.615306 16.977446 18.59315 21.106067 21.754326 22.351358 24.099544 27.015267 25.727775 22.52196 21.351494 17.684496 17.005999 14.579565 15.185181 13.912314 14.575015 15.771284 18.33146 19.234185 19.18276 21.775603 20.20595 17.431986 20.128158 22.407022 20.230675 19.537749 15.761453 14.762779 10.96346 8.04178 6.878318 10.408832 12.441236 16.192857 18.818044 22.050641 25.481996 28.743655 27.426799 25.742507 22.52565 23.104863 19.946265 16.504256 13.36799 10.906999 7.507537 5.827918 9.029921 11.119873 13.516749 16.360932 15.002554 14.324995 17.860564 19.369679 17.971282 19.448547 22.644854 23.270368 23.410574 24.932946 28.100288 
13.850962 17.472196 17.318799 14.553097 16.213907 15.522542 16.170442 17.765145 19.28949 22.644459 21.812729 20.109297 23.432728 24.761281 21.806997 20.45451 23.282351 25.951114 24.080576 26.130526 24.480748 21.20455 18.070966 14.493836 12.487149 8.678882 8.356616 5.798718 7.107819 7.812109 8.460517 5.221908 5.313848 3.816545 0.0 3.791977 5.37882 5.545628 6.506969 9.911878 10.46843 10.323988 12.850467 14.961895 15.121519 16.079008 18.891775 19.973498 20.248896 21.579053 24.374421 23.305793 19.903108 18.293785 14.534072 13.459958 10.839687 11.539155 10.443922 11.663059 13.159321 15.249246 16.063673 16.499353 19.010083 17.333159 14.999814 18.114269 20.141076 18.176807 18.079474 14.306464 14.094928 10.556442 6.892388 5.220709 8.735557 10.354549 13.931443 16.563657 19.485001 22.96597 26.059473 24.622313 23.304553 20.378307 21.293419 18.543083 15.239126 12.708128 10.72642 8.270027 7.011011 10.034939 12.029816 13.50773 16.72556 15.450077 13.828433 17.212432 19.1435 17.403718 18.204644 21.66453 22.508357 22.090535 23.268549 26.69166 
12.156031 15.948759 16.519911 14.284802 16.461118 15.780361 17.230361 19.027776 21.1001 24.215703 23.190887 21.989607 25.463698 26.335144 23.200435 22.344485 25.491931 27.821918 25.69071 27.57362 26.010267 22.965587 19.795375 16.437813 14.688065 11.028621 11.202673 8.219514 8.429666 7.419962 8.588881 6.543843 5.294837 5.403007 3.791977 0.0 3.818324 5.534031 5.21544 7.988061 9.794101 10.248014 11.758703 13.986541 15.086275 15.879608 18.143799 19.626479 20.50841 21.530873 24.658148 24.105596 20.889012 19.145721 15.401036 14.502853 12.020498 13.200836 11.793081 13.741017 14.53836 16.237087 17.728146 18.707201 21.464931 20.019769 18.103253 21.34761 23.355971 21.592608 21.691803 17.938903 17.734997 14.179506 10.571113 8.980695 12.34484 13.418759 16.928601 19.161953 22.002913 25.310044 28.399046 27.137332 26.165239 23.416884 24.214086 21.604834 18.523201 15.985621 14.310927 11.605466 9.47304 11.78063 12.728377 13.814151 17.372308 16.902913 15.335274 18.329534 20.73414 19.535256 20.018011 23.291115 24.641063 24.361846 25.111922 28.535015 
13.666222 17.403587 17.625347 15.846656 18.482046 18.4523 19.933811 22.043961 24.018282 27.133317 25.870017 24.341278 27.600875 28.486716 25.187092 23.980415 27.035683 29.33534 26.944958 28.435004 26.407154 23.19703 20.441682 16.920639 15.906499 12.443625 13.25468 10.928949 11.794688 11.089096 11.582251 8.920555 6.415431 4.865323 5.37882 3.818324 0.0 3.825275 5.693995 7.119678 8.063542 9.817293 11.596142 12.808205 14.027851 15.69683 17.607299 18.467782 19.718335 21.293613 24.569026 23.759114 20.850131 19.76672 16.202971 16.142916 14.306228 15.945354 15.067262 16.820028 17.97665 19.812035 20.983807 21.740503 24.268803 22.470878 20.238239 23.392257 25.254159 23.017936 22.977398 19.237491 18.894713 15.218464 11.814193 9.83261 12.941587 13.71439 17.4503 19.331182 22.577859 25.695425 29.067402 28.196862 26.948728 23.92782 24.148582 21.229827 18.261705 15.257282 13.829228 10.669608 7.602848 9.129688 9.522106 11.025359 14.409583 14.190568 13.26693 16.216957 18.465897 17.784487 18.665984 21.615863 23.014861 23.29971 24.175913 27.33631 
12.044261 15.550487 15.050673 13.222481 15.909852 16.452204 17.827788 20.323874 22.292774 25.240665 23.633328 21.860594 24.897422 25.698224 22.293434 20.883251 23.910723 26.09874 23.561365 24.869811 22.696062 19.459812 16.846438 13.335969 12.777654 9.692393 11.413232 10.086682 12.094902 12.343566 13.507326 10.523523 9.114832 6.544384 5.545628 5.534031 3.825275 0.0 3.82752 5.598454 5.173752 6.386782 8.942603 10.08196 10.60588 12.389981 14.644492 15.288812 16.177639 17.913288 21.055717 20.045168 17.123126 16.242342 12.782191 13.18329 11.969037 14.150521 14.183375 16.145437 18.022072 19.469968 20.039998 20.967032 23.008421 20.72939 18.667261 22.004913 23.366176 20.88052 21.300243 17.735428 18.06879 14.713669 11.169788 8.574406 10.846844 10.723977 14.334711 15.826702 19.109919 22.082068 25.518627 24.880373 23.692544 20.72803 20.747437 17.986873 15.319658 12.592772 11.969575 9.511677 6.440482 7.244078 7.656793 8.377859 11.931828 11.576575 9.95206 12.865357 15.312202 14.457866 15.004684 18.056676 19.569292 19.669998 20.406155 23.627348 
