0.0 3.804452 6.57617 10.247468 13.112686 16.474246 19.537119 23.154939 24.212549 22.168379 19.74395 16.027924 13.716889 10.158535 8.2058 5.505704 5.363758 5.890974 7.960013 10.831919 10.965854 14.057467 14.826262 17.113042 14.435221 12.475882 15.968699 16.700577 13.809808 15.238427 18.684848 17.912641 16.783985 19.175998 21.708706 21.884751 23.238151 21.328955 24.609618 24.615072 21.183068 21.119547 17.740228 18.233631 16.303408 18.408757 21.442715 20.877693 20.872257 18.200497 19.995285 19.254809 19.696521 17.469573 13.828794 11.118853 11.922473 15.505029 14.996264 13.096212 10.268219 8.10002 5.390627 7.399926 9.636405 12.05069 13.673666 17.181915 18.556084 22.32421 24.274069 27.101127 29.538513 32.173011 35.459871 37.063485 
3.804452 0.0 3.795576 6.89766 10.078154 13.208244 16.336868 19.945829 20.734964 18.544824 16.084958 12.363531 10.217535 6.621236 5.690828 4.696959 6.31641 8.500306 10.331121 13.347868 12.601467 15.090948 14.930961 17.137076 14.659215 11.937616 14.897933 15.90368 12.700215 13.286969 16.931268 16.35709 14.565599 16.550202 19.457149 19.652475 21.513684 19.99808 23.280814 22.759317 19.352995 19.420692 16.131227 16.642326 15.0459 17.357326 20.201598 20.075503 19.918237 17.695749 19.927564 19.368025 20.526772 18.505463 15.21623 12.179473 13.799038 16.980499 15.743869 14.221392 10.74511 8.99795 5.78834 5.544665 7.984665 9.545585 11.506601 14.684651 16.059221 19.870312 21.870673 24.99068 27.33591 30.233896 33.320937 34.671327 
6.57617 3.795576 0.0 3.819588 6.778022 9.947525 13.176478 16.683829 17.909159 15.885729 13.814037 10.060518 8.469334 5.817334 5.513494 6.527909 7.205428 9.509232 10.289467 13.457002 12.274857 13.914566 12.916333 15.442852 13.676068 10.388151 12.910658 14.728725 11.975635 11.701711 15.52268 15.799425 13.995001 15.222358 18.037322 17.588895 19.458897 17.777004 20.758439 19.943381 16.379775 16.071552 12.672973 12.960252 11.49202 13.992423 16.628974 16.645551 16.481168 14.617211 17.235977 17.143558 18.759684 16.701322 13.875275 10.56296 12.772672 15.362301 13.512481 12.548919 8.756476 8.129591 6.030905 4.647373 5.266783 5.979748 7.718826 10.938158 12.563207 16.356754 18.637805 21.747094 24.322214 27.315273 30.336512 31.535486 
10.247468 6.89766 3.819588 0.0 3.816984 6.352488 9.734594 13.171167 14.204901 12.069066 10.143831 6.401085 5.711633 4.620088 6.371367 9.008875 10.288866 13.014435 13.661727 16.650434 14.969147 15.932741 14.097798 16.352286 15.054942 11.381829 12.876078 15.012149 12.376369 10.921737 14.660456 15.399 13.04354 13.387873 16.450138 15.817014 18.195426 16.992175 19.751705 18.280448 14.856515 14.620485 11.557057 11.799026 11.021135 13.621126 15.7488 16.296349 15.931037 14.801161 17.752471 17.921646 20.182883 18.442266 16.180752 12.975295 15.601805 17.627596 15.268907 14.828221 11.026546 11.007813 9.232888 6.551199 6.242197 4.515031 6.278149 8.501902 10.121905 13.824315 16.203059 19.600373 22.07724 25.344177 28.082478 28.949395 
13.112686 10.078154 6.778022 3.816984 0.0 3.840245 6.465708 10.077575 11.5299 10.23571 8.454064 5.463836 5.115969 6.28559 7.578904 10.881893 11.710123 14.567735 14.9572 17.452346 15.16662 15.264985 12.685014 14.561348 13.925123 10.156389 10.577754 13.15361 11.188864 8.807841 12.271851 13.818741 11.710804 11.191761 13.877941 12.655818 15.029597 13.934884 16.415366 14.644895 11.29702 11.205858 8.609223 9.462159 9.913589 13.031282 14.296384 14.63436 13.601903 12.835772 15.728992 15.947 18.748149 17.512374 15.94033 13.216151 16.404517 17.748971 15.327688 15.822307 12.241773 13.309107 12.316887 10.014375 8.586572 5.559334 4.86109 5.692391 6.440582 10.144937 12.388671 15.817182 18.274782 21.577603 24.276189 25.147593 
16.474246 13.208244 9.947525 6.352488 3.840245 0.0 3.811839 6.852318 8.333012 6.789597 6.13149 4.302712 6.477391 8.827372 11.034482 14.467616 15.516821 18.313352 18.473718 21.068855 18.837243 18.624212 15.70167 17.480808 17.301397 13.592854 13.318658 16.026249 14.360006 11.378075 14.301823 16.192422 13.76956 12.290446 14.969997 13.468817 16.199147 15.594916 17.497502 14.991585 12.035891 11.64968 9.710703 9.862718 10.74257 13.293256 14.010091 15.138736 14.310527 14.547088 17.699349 18.399448 21.483967 20.305441 19.127969 16.376168 19.444742 20.430156 17.592661 18.180593 14.788946 15.891693 15.008785 12.136918 10.472217 6.772203 6.302441 4.97479 6.038178 8.905573 11.499958 15.109791 17.522325 21.11015 23.340177 23.646412 
19.537119 16.336868 13.176478 9.734594 6.465708 3.811839 0.0 3.832271 5.503169 5.810484 5.571434 6.059431 7.988526 11.213787 13.137439 16.79771 17.801864 20.750625 20.979947 23.1481 20.495876 19.757496 16.478149 17.594987 17.857662 14.422513 13.114204 15.719836 14.664245 11.119248 13.17374 15.576876 13.376664 10.953296 13.076837 11.180912 14.040227 14.038667 15.476102 12.459202 10.190913 10.368373 9.743143 10.61689 12.637359 15.327322 15.154649 16.046212 14.528118 15.162672 17.934331 18.493676 21.95163 21.370456 20.728654 18.487172 21.845138 22.429853 19.74483 20.903156 17.698726 19.228555 18.521218 15.833683 14.054449 10.321375 8.835841 6.143332 5.010756 6.588668 8.48059 12.209455 14.231881 17.931272 19.904112 20.075316 
23.154939 19.945829 16.683829 13.171167 10.077575 6.852318 3.832271 0.0 3.81775 5.573019 7.356885 9.075043 11.588412 14.895303 16.963534 20.613504 21.528052 24.348595 24.304649 26.463124 23.852021 22.785257 19.295873 20.341679 21.066294 17.781549 16.094245 18.797901 18.149418 14.486654 16.006679 18.682618 16.607399 13.704066 15.342095 13.126624 15.789156 16.068223 16.713696 13.236391 11.685214 11.456781 11.645995 11.958461 14.298949 16.421685 15.548005 16.889473 15.501239 16.96005 19.734641 20.707616 24.299902 23.818073 23.593018 21.444003 24.711743 24.902822 22.007053 23.369176 20.435595 22.151087 21.703935 18.883593 16.834668 13.005941 11.472183 8.049689 7.066534 6.55582 8.323877 11.624156 13.48313 17.253855 18.599666 18.093066 
24.212549 20.734964 17.909159 14.204901 11.5299 8.333012 5.503169 3.81775 0.0 3.773481 5.571338 8.680483 11.349039 14.962209 17.490358 21.257301 22.764632 25.916411 26.360581 28.559238 25.8279 25.089624 21.769072 22.514408 22.786469 19.505013 17.816406 19.957787 18.917266 15.199697 16.447123 18.64045 16.104728 12.985078 14.91935 13.492313 16.700205 17.708452 18.6598 15.138987 14.037679 14.581841 14.799421 15.444433 17.554697 19.741999 19.180017 20.555036 19.112457 20.253035 22.907334 23.472664 27.073894 26.717191 26.205089 23.985402 27.308463 27.862641 25.061973 26.146741 22.942879 24.220291 23.219719 20.142366 18.717009 14.98032 14.072115 11.126249 10.009886 9.878934 10.689384 14.02307 15.041957 18.798683 19.805523 19.126354 
22.168379 18.544824 15.885729 12.069066 10.23571 6.789597 5.810484 5.573019 3.773481 0.0 3.768351 6.397055 9.830299 13.059137 16.099358 19.734237 21.503313 24.613729 25.112869 27.686069 25.280007 25.016412 21.950268 23.170763 23.027638 19.479496 18.501548 20.692854 19.045809 15.605581 17.571567 19.309495 16.345949 13.857018 16.512212 15.47487 18.827373 19.443354 20.8741 17.612696 15.829302 16.01199 15.308964 15.442536 16.768581 18.706515 18.794737 20.524743 19.635187 20.557853 23.565595 24.233605 27.606008 26.778087 25.806477 23.155969 26.22368 27.146113 24.191118 24.742843 21.39267 22.168752 20.86965 17.517588 16.450035 12.899973 12.934436 10.646834 10.68842 11.631281 13.275422 16.830768 18.288954 22.07389 23.340005 22.764498 
19.74395 16.084958 13.814037 10.143831 8.454064 6.13149 5.571434 7.356885 5.571338 3.768351 0.0 3.806173 6.556416 10.019769 13.053439 16.737331 18.819053 22.176094 23.145984 25.562919 23.000225 23.032057 20.228212 21.18675 20.566443 17.088617 16.278707 18.008332 15.999301 12.716508 14.762615 16.044538 12.852028 10.67045 13.73957 13.31415 16.882956 17.636761 19.638826 16.734127 14.838805 15.673997 14.765142 15.597003 16.855938 19.331637 19.811164 21.00378 19.781555 20.0087 22.764071 22.882079 26.14966 25.469203 24.196219 21.652043 24.84663 26.122031 23.51348 23.965011 20.385729 20.954428 19.265922 16.089587 15.527897 12.22377 12.318498 10.751053 10.297854 12.062266 13.259723 17.009832 18.272314 21.962318 23.614979 23.585302 
16.027924 12.363531 10.060518 6.401085 5.463836 4.302712 6.059431 9.075043 8.680483 6.397055 3.806173 0.0 3.792567 6.667365 9.85624 13.412443 15.451496 18.704994 19.669663 22.281622 19.976588 20.368736 17.864797 19.248766 18.307134 14.669139 14.62535 16.486786 14.074904 11.271747 14.124736 15.139982 11.98832 10.806166 14.169055 13.758091 17.040551 17.097642 19.514073 17.094461 14.505579 15.011549 13.246593 13.916467 14.52101 17.082384 18.171746 19.210639 18.272801 18.025164 20.907529 21.008575 23.974688 22.932642 21.283016 18.49979 21.525596 23.094218 20.550733 20.674368 16.991191 17.30179 15.481327 12.352574 11.99627 8.986885 9.640763 9.176559 9.522589 12.312174 14.083094 17.857545 19.636164 23.233148 25.355825 25.698446 
13.716889 10.217535 8.469334 5.711633 5.115969 6.477391 7.988526 11.588412 11.349039 9.830299 6.556416 3.792567 0.0 3.789084 6.52736 10.214526 12.490271 16.011925 17.499495 19.796437 17.286768 17.969877 15.845835 16.895553 15.419182 11.958389 12.235951 13.528042 10.699276 8.357695 11.441116 11.890643 8.733614 8.499136 12.024396 12.182419 15.300041 15.281106 18.231515 16.405875 13.770837 14.861388 12.999514 14.427244 15.013342 18.041416 19.349071 19.706441 18.400099 17.393331 19.832727 19.307957 22.067109 21.240977 19.331595 16.826739 19.974706 21.837086 19.811767 19.946888 16.184937 16.413136 14.350176 11.829585 11.947427 9.601928 9.938152 10.353048 10.072722 13.288104 14.532074 18.174492 19.781106 23.112822 25.598906 26.471625 
10.158535 6.621236 5.817334 4.620088 6.28559 8.827372 11.213787 14.895303 14.962209 13.059137 10.019769 6.667365 3.789084 0.0 3.796655 6.951707 9.646716 13.114095 14.948201 17.434305 15.348914 16.759025 15.336707 16.728692 14.645854 11.322071 12.74343 13.746929 10.390214 9.346623 12.827264 12.558326 9.733537 10.852944 14.249366 14.678561 17.349015 16.805356 20.059383 18.793757 15.836788 16.666401 14.178223 15.38278 15.154919 18.05544 19.996495 20.16654 19.215193 17.647967 20.015039 19.332688 21.557366 20.361122 17.878708 15.177356 17.943948 20.337718 18.597789 18.16606 14.361626 13.927796 11.377263 9.238658 10.26641 9.131284 10.274695 11.951081 12.339864 15.931383 17.427518 20.910998 22.745037 25.906318 28.649284 29.749707 
8.2058 5.690828 5.513494 6.371367 7.578904 11.034482 13.137439 16.963534 17.490358 16.099358 13.053439 9.85624 6.52736 3.796655 0.0 3.795484 6.20396 9.893137 12.117863 14.155203 11.893626 13.57354 12.68661 13.899209 11.362044 8.392815 10.525568 11.111253 7.623696 7.85506 11.391547 10.812848 8.957395 11.013422 13.801216 14.250713 16.241466 15.219302 18.717721 18.168051 15.158406 16.148138 13.601593 15.281789 15.031864 18.200915 20.184319 19.664984 18.459685 16.224174 18.062319 16.885315 18.738155 17.689557 15.020762 12.743702 15.566851 18.094136 16.970327 16.707246 13.105716 12.910556 10.683109 9.803592 10.682387 10.267663 10.675515 12.896046 12.926422 16.582349 17.797551 20.920958 22.7798 25.585683 28.656764 30.201936 
5.505704 4.696959 6.527909 9.008875 10.881893 14.467616 16.79771 20.613504 21.257301 19.734237 16.737331 13.412443 10.214526 6.951707 3.795484 0.0 3.759329 7.173096 10.166271 12.031368 10.389948 12.990787 13.18531 14.483899 11.388611 9.280501 12.283965 12.333608 8.941363 10.528745 13.738265 12.567703 11.414548 14.129246 16.580326 17.230423 18.739742 17.377356 20.956391 20.946048 17.906331 18.744696 15.97973 17.501934 16.706142 19.641176 22.001779 21.199766 20.243715 17.532449 19.016784 17.586732 18.698858 17.428773 14.242207 12.160464 14.338363 17.377978 16.870249 16.115839 12.852143 12.033059 9.625245 9.984612 11.537259 12.309296 13.025739 15.822518 16.128451 19.813422 21.060372 23.956858 25.881821 28.456659 31.699863 33.460093 
5.363758 6.31641 7.205428 10.288866 11.710123 15.516821 17.801864 21.528052 22.764632 21.503313 18.819053 15.451496 12.490271 9.646716 6.20396 3.759329 0.0 3.778994 6.686829 8.306694 6.784353 9.673238 10.474164 12.130497 9.161828 7.569158 11.195741 11.564611 9.028756 11.097124 14.198719 13.558063 13.282204 15.825055 17.712044 17.790884 18.621244 16.570302 19.947373 20.422035 17.240585 17.691111 14.790626 16.265834 15.283385 18.178188 20.529954 19.230804 18.324775 15.220524 16.351371 14.891889 15.508448 14.038267 10.679959 8.898808 10.968089 13.994262 13.984071 13.440491 10.634855 10.384953 9.065872 10.500268 11.247201 12.452962 12.563803 15.678029 16.059753 19.636817 20.971337 23.472224 25.663896 27.968949 31.414269 33.379452 
5.890974 8.500306 9.509232 13.014435 14.567735 18.313352 20.750625 24.348595 25.916411 24.613729 22.176094 18.704994 16.011925 13.114095 9.893137 7.173096 3.778994 0.0 3.811528 5.239784 5.468037 9.005216 10.884553 12.909314 10.263751 9.586807 13.391735 13.866444 12.026918 14.333048 17.233353 16.726886 16.86643 19.393198 21.015537 20.842136 21.222976 18.726679 21.836033 22.688819 19.443512 19.438549 16.387453 17.462831 15.971884 18.424941 20.987532 19.400435 18.891753 15.53965 16.332917 15.023465 14.734943 12.78977 9.056414 7.654077 8.534249 11.909999 12.654424 11.741061 9.833773 9.447142 9.046745 11.647259 12.233968 14.224105 14.34724 17.757403 18.472838 21.93179 23.44552 25.640087 28.053196 30.141227 33.702028 35.775753 
7.960013 10.331121 10.289467 13.661727 14.9572 18.473718 20.979947 24.304649 26.360581 25.112869 23.145984 19.669663 17.499495 14.948201 12.117863 10.166271 6.686829 3.811528 0.0 3.79518 5.432755 8.070945 9.910599 12.720298 11.085503 10.356247 13.975441 15.24258 14.053711 15.859993 18.821151 19.001506 19.219288 21.25377 22.730055 21.943193 22.066871 19.12308 21.773235 22.64807 19.23349 18.527586 15.292472 15.793279 13.889244 15.921841 18.527373 16.769167 16.714747 13.406965 14.275197 13.659352 13.020156 10.323485 6.522612 4.760457 4.738096 8.260962 9.191654 8.269126 7.175394 7.598338 8.792663 11.726657 11.378012 13.62917 13.468229 16.985346 18.101144 21.351646 23.207642 25.131924 27.90539 29.918764 33.488666 35.478875 
10.831919 13.347868 13.457002 16.650434 17.452346 21.068855 23.1481 26.463124 28.559238 27.686069 25.562919 22.281622 19.796437 17.434305 14.155203 12.031368 8.306694 5.239784 3.79518 0.0 3.796156 6.4743 9.549532 11.589873 9.982377 10.605561 14.038691 14.725147 14.220929 16.605414 18.979362 19.043511 19.981749 22.212629 23.139489 22.405339 21.936958 18.841111 21.379459 22.873282 19.8035 19.394079 16.648193 17.668648 16.283596 18.475236 20.644965 18.313205 17.78679 14.137531 13.971732 12.656813 11.182243 9.086257 5.543145 6.263683 6.107098 8.627781 10.809112 10.749974 10.417414 11.312204 12.527389 15.405384 14.974448 16.861261 16.124609 19.332938 19.879973 22.862211 24.250764 25.76713 28.324103 29.916779 33.615407 35.937683 
10.965854 12.601467 12.274857 14.969147 15.16662 18.837243 20.495876 23.852021 25.8279 25.280007 23.000225 19.976588 17.286768 15.348914 11.893626 10.389948 6.784353 5.468037 5.432755 3.796156 0.0 3.768444 6.648172 8.196862 6.217651 7.033997 10.393091 10.933721 10.65781 13.09571 15.259874 15.458256 16.628557 18.766612 19.466183 18.741795 18.204098 15.202788 17.926358 19.457943 16.539446 16.607756 14.192 15.901239 15.256738 18.064868 19.822039 17.404263 16.166206 12.427857 12.132713 10.179903 9.530148 8.328996 5.210679 6.119273 8.021662 9.927993 11.445857 12.193612 10.976626 12.393685 13.12195 15.256275 14.614785 15.696743 14.431654 17.257509 17.208459 20.118726 21.133206 22.659664 24.988816 26.566386 30.273271 32.680005 
14.057467 15.090948 13.914566 15.932741 15.264985 18.624212 19.757496 22.785257 25.089624 25.016412 23.032057 20.368736 17.969877 16.759025 13.57354 12.990787 9.673238 9.005216 8.070945 6.4743 3.768444 0.0 3.793947 5.292327 5.180857 6.531936 8.846667 9.985762 10.922921 12.787564 14.480643 15.487142 17.038362 18.577309 18.736326 17.406966 16.310265 12.909111 15.108391 16.944774 14.223512 14.109837 12.205409 14.185802 14.18156 17.10057 18.201788 15.330896 13.605466 9.793932 8.742674 6.489508 5.926873 5.420777 3.931933 6.27234 8.783631 9.200736 10.709352 12.609291 11.751368 14.133904 15.404928 17.115787 15.701775 16.136353 14.032415 16.292588 15.831167 18.223977 19.008328 20.037075 22.415618 23.705049 27.449227 29.958449 
14.826262 14.930961 12.916333 14.097798 12.685014 15.70167 16.478149 19.295873 21.769072 21.950268 20.228212 17.864797 15.845835 15.336707 12.68661 13.18531 10.474164 10.884553 9.910599 9.549532 6.648172 3.793947 0.0 3.829436 5.317515 5.025293 6.276848 8.686195 9.910429 10.67213 12.448446 14.258049 15.514157 16.350941 16.487514 14.617645 13.663298 10.129235 12.156601 13.55941 10.616209 10.322786 8.53816 10.885298 11.581638 14.842268 15.473953 12.690442 10.454904 6.812185 6.319107 4.480854 6.256197 6.020377 5.770893 6.693514 10.11613 10.001103 10.264401 12.720269 11.344038 14.230373 15.468874 16.399192 14.437142 14.044258 11.325314 13.032713 12.275506 14.475377 15.303006 16.375661 18.927127 20.442365 24.125183 26.455916 
17.113042 17.137076 15.442852 16.352286 14.561348 17.480808 17.594987 20.341679 22.514408 23.170763 21.18675 19.248766 16.895553 16.728692 13.899209 14.483899 12.130497 12.909314 12.720298 11.589873 8.196862 5.292327 3.829436 0.0 3.814774 5.510981 5.19867 6.375219 8.891793 10.037374 10.646905 12.445861 14.535495 15.416767 14.76079 13.078138 11.368525 7.870897 10.018442 12.237831 10.161617 11.01692 10.439689 13.505957 14.888102 18.283574 18.502549 15.628656 12.78597 9.523845 7.964573 4.543355 6.499653 8.229754 8.622516 10.266875 13.486092 13.328922 13.987698 16.480743 15.070822 17.733031 18.576368 19.37973 17.707401 16.981815 14.134021 15.250554 13.593433 15.333111 15.197409 15.863137 17.768215 18.811518 22.587406 25.309818 
14.435221 14.659215 13.676068 15.054942 13.925123 17.301397 17.857662 21.066294 22.786469 23.027638 20.566443 18.307134 15.419182 14.645854 11.362044 11.388611 9.161828 10.263751 11.085503 9.982377 6.217651 5.180857 5.317515 3.814774 0.0 3.777741 5.355119 5.016129 6.335223 8.724916 9.791781 10.481439 12.507145 14.255621 14.099138 13.332209 12.312738 9.524061 12.550143 14.384605 12.134086 13.393881 12.182808 15.14845 15.992347 19.474361 20.317817 17.812983 15.36521 11.953558 11.138302 8.04451 9.140914 10.051121 8.940436 10.033535 13.166675 14.063027 14.829003 16.538412 14.680072 16.621945 16.828007 17.792292 16.834406 16.498889 14.325608 15.996034 14.591102 16.989034 16.99058 18.290143 19.99983 21.350291 25.063331 27.717047 
12.475882 11.937616 10.388151 11.381829 10.156389 13.592854 14.422513 17.781549 19.505013 19.479496 17.088617 14.669139 11.958389 11.322071 8.392815 9.280501 7.569158 9.586807 10.356247 10.605561 7.033997 6.531936 5.025293 5.510981 3.777741 0.0 3.80532 5.378903 5.10944 6.347583 8.714665 9.833719 10.759332 12.155648 12.801881 11.815811 11.772524 9.177501 12.419023 13.254145 10.344193 11.353235 9.5286 12.372116 13.150397 16.773469 17.788354 15.798827 13.559893 10.481449 10.905139 8.832048 10.812996 10.777032 9.257481 8.884859 12.485644 13.658373 13.468532 14.944849 12.443967 14.335771 14.282937 14.6768 13.587108 12.901817 10.803037 12.547899 11.402997 14.252218 14.775933 16.695899 18.729149 20.690052 24.262436 26.512627 
15.968699 14.897933 12.910658 12.876078 10.577754 13.318658 13.114204 16.094245 17.816406 18.501548 16.278707 14.62535 12.235951 12.74343 10.525568 12.283965 11.195741 13.391735 13.975441 14.038691 10.393091 8.846667 6.276848 5.19867 5.355119 3.80532 0.0 3.818644 5.445845 5.069864 6.233091 8.622862 9.972751 10.395938 10.21347 8.57872 8.097633 5.415282 8.785378 9.614094 7.138272 9.055593 8.500626 12.052182 13.890182 17.644347 17.897526 15.874896 12.943968 10.467221 10.574576 8.395645 11.316613 12.188763 11.763077 11.771328 15.507435 16.001672 15.555992 17.593377 15.168658 17.430515 17.450131 17.300776 15.840146 14.30782 11.561254 12.135939 9.917337 12.047342 11.780301 13.430246 15.142908 16.994575 20.568902 22.932697 
16.700577 15.90368 14.728725 15.012149 13.15361 16.026249 15.719836 18.797901 19.957787 20.692854 18.008332 16.486786 13.528042 13.746929 11.111253 12.333608 11.564611 13.866444 15.24258 14.725147 10.933721 9.985762 8.686195 6.375219 5.016129 5.378903 3.818644 0.0 3.837209 5.376586 4.976431 6.097874 8.656737 9.990626 9.235762 8.860152 8.041317 6.419633 10.084928 11.50264 10.01288 12.559675 12.307926 15.852453 17.528109 21.276096 21.685209 19.597059 16.652881 13.986994 13.533887 10.61109 12.844473 14.239771 13.551555 14.019056 17.516323 18.369634 18.458422 20.234842 17.808766 19.630076 19.223423 19.292847 18.444951 17.197931 14.88607 15.599391 13.253607 15.284008 14.425531 15.918339 16.892097 18.35906 21.894674 24.546202 
13.809808 12.700215 11.975635 12.376369 11.188864 14.360006 14.664245 18.149418 18.917266 19.045809 15.999301 14.074904 10.699276 10.390214 7.623696 8.941363 9.028756 12.026918 14.053711 14.220929 10.65781 10.922921 9.910429 8.891793 6.335223 5.10944 5.445845 3.837209 0.0 3.816041 5.424601 4.995975 6.238139 8.56467 9.231627 9.715705 10.33843 9.339925 13.14111 13.720267 11.677138 13.951983 12.882099 16.03537 17.167892 20.879332 21.830034 20.228903 17.764089 15.117912 15.472787 13.009583 15.081781 15.639366 14.062122 13.649392 17.059823 18.626983 18.407339 19.511123 16.616114 17.782275 16.729416 16.589608 16.33879 15.286022 13.719204 14.887285 13.078507 15.797689 15.509282 17.739594 18.884631 20.886519 24.244825 26.542417 
15.238427 13.286969 11.701711 10.921737 8.807841 11.378075 11.119248 14.486654 15.199697 15.605581 12.716508 11.271747 8.357695 9.346623 7.85506 10.528745 11.097124 14.333048 15.859993 16.605414 13.09571 12.787564 10.67213 10.037374 8.724916 6.347583 5.069864 5.376586 3.816041 0.0 3.831736 5.40171 5.194752 5.811359 6.956251 6.765416 8.407987 7.957979 11.568308 11.163826 9.05531 11.548517 10.826869 14.040488 15.69234 19.440552 20.026364 18.833586 16.253648 14.307553 15.230419 13.412796 16.22919 16.687943 15.515935 14.619357 18.294966 19.52918 18.62105 19.929484 16.804745 18.223563 17.203208 16.294254 15.611163 13.716294 11.860626 12.208478 9.952254 12.520836 12.171109 14.783257 15.941387 18.375082 21.53033 23.502013 
18.684848 16.931268 15.52268 14.660456 12.271851 14.301823 13.17374 16.006679 16.447123 17.571567 14.762615 14.124736 11.441116 12.827264 11.391547 13.738265 14.198719 17.233353 18.821151 18.979362 15.259874 14.480643 12.448446 10.646905 9.791781 8.714665 6.233091 4.976431 5.424601 3.831736 0.0 3.793491 5.497876 5.469647 4.307524 4.67037 5.612428 6.452714 9.960365 9.989145 9.21232 12.544363 12.91592 16.484334 18.649613 22.425845 22.558048 21.106973 18.072346 16.251986 16.486075 14.207233 17.082319 18.330375 17.693152 17.458084 21.15237 22.06321 21.457155 23.123309 20.226663 21.850317 20.943074 20.123739 19.380211 17.348429 15.184691 14.970688 12.042783 13.6998 12.242004 14.243778 14.543469 16.481817 19.592642 21.903952 
17.912641 16.35709 15.799425 15.399 13.818741 16.192422 15.576876 18.682618 18.64045 19.309495 16.044538 15.139982 11.890643 12.558326 10.812848 12.567703 13.558063 16.726886 19.001506 19.043511 15.458256 15.487142 14.258049 12.445861 10.481439 9.833719 8.622862 6.097874 4.995975 5.40171 3.793491 0.0 3.803812 6.061142 5.725304 7.938115 8.984314 9.895065 13.462593 13.756722 12.912664 16.063291 15.933069 19.328638 21.014748 24.77361 25.346444 23.940663 21.139219 18.961771 19.15582 16.56238 18.918118 20.045614 18.851207 18.582921 22.044841 23.480969 23.15487 24.369611 21.351988 22.417043 21.018011 20.382468 20.326072 18.749323 17.200577 17.533098 15.034114 17.103271 15.870321 18.010923 18.154677 19.98886 22.989668 25.310261 
16.783985 14.565599 13.995001 13.04354 11.710804 13.76956 13.376664 16.607399 16.104728 16.345949 12.852028 11.98832 8.733614 9.733537 8.957395 11.414548 13.282204 16.86643 19.219288 19.981749 16.628557 17.038362 15.514157 14.535495 12.507145 10.759332 9.972751 8.656737 6.238139 5.194752 5.497876 3.803812 0.0 3.820361 5.92294 8.317945 10.729109 11.801402 15.297687 14.689036 13.416879 16.270251 15.736273 18.734199 20.204362 23.839376 24.622903 23.769302 21.311724 19.46969 20.382577 18.332594 20.907249 21.462149 19.929346 18.921652 22.372787 24.082159 23.245036 24.083 20.715224 21.405124 19.576126 18.373661 18.596185 16.809104 15.80609 16.058616 13.912154 16.289774 15.531116 18.302147 18.651581 21.062467 23.808355 25.640818 
19.175998 16.550202 15.222358 13.387873 11.191761 12.290446 10.953296 13.704066 12.985078 13.857018 10.67045 10.806166 8.499136 10.852944 11.013422 14.129246 15.825055 19.393198 21.25377 22.212629 18.766612 18.577309 16.350941 15.416767 14.255621 12.155648 10.395938 9.990626 8.56467 5.811359 5.469647 6.061142 3.820361 0.0 3.784408 5.763337 9.097711 10.88573 13.837636 12.431153 11.601303 14.619554 14.702913 17.682547 19.682531 23.259526 23.560836 22.96688 20.356978 19.147291 20.272043 18.642958 21.708315 22.365329 21.30398 20.193033 23.84133 25.133294 23.887545 25.043375 21.666301 22.723481 21.144422 19.46551 19.166552 16.698869 15.329645 14.673086 12.047334 13.811144 12.67923 15.557035 15.640581 18.303732 20.752052 22.295045 
21.708706 19.457149 18.037322 16.450138 13.877941 14.969997 13.076837 15.342095 14.91935 16.512212 13.73957 14.169055 12.024396 14.249366 13.801216 16.580326 17.712044 21.015537 22.730055 23.139489 19.466183 18.736326 16.487514 14.76079 14.099138 12.801881 10.21347 9.235762 9.231627 6.956251 4.307524 5.725304 5.92294 3.784408 0.0 3.777573 6.309863 9.015906 11.623583 10.690597 10.907589 14.472058 15.379402 18.764686 21.213166 24.884184 24.764769 23.74874 20.698807 19.472351 19.962064 17.988958 21.089601 22.37689 21.832771 21.345458 25.080167 25.985924 25.053734 26.66192 23.567374 25.035858 23.82426 22.462165 21.844255 19.359607 17.409178 16.483983 13.293222 14.321426 12.271501 14.387326 13.80495 15.897188 18.40375 20.38092 
21.884751 19.652475 17.588895 15.817014 12.655818 13.468817 11.180912 13.126624 13.492313 15.47487 13.31415 13.758091 12.182419 14.678561 14.250713 17.230423 17.790884 20.842136 21.943193 22.405339 18.741795 17.406966 14.617645 13.078138 13.332209 11.815811 8.57872 8.860152 9.715705 6.765416 4.67037 7.938115 8.317945 5.763337 3.777573 0.0 3.829316 6.331989 8.460234 6.999257 7.341849 10.987443 12.4231 15.866149 18.700911 22.313425 21.791122 20.695623 17.486893 16.624652 17.144821 15.577337 19.000562 20.307018 20.2422 19.817137 23.631361 24.060858 22.937299 24.919803 22.041275 23.991518 23.292842 21.92573 20.686517 17.942918 15.432151 14.05372 10.516991 11.018379 8.70212 10.676131 10.443486 12.760702 15.523983 17.530095 
23.238151 21.513684 19.458897 18.195426 15.029597 16.199147 14.040227 15.789156 16.700205 18.827373 16.882956 17.040551 15.300041 17.349015 16.241466 18.739742 18.621244 21.222976 22.066871 21.936958 18.204098 16.310265 13.663298 11.368525 12.312738 11.772524 8.097633 8.041317 10.33843 8.407987 5.612428 8.984314 10.729109 9.097711 6.309863 3.829316 0.0 3.812624 5.458383 5.621712 6.981743 10.752523 12.757336 16.457068 19.459852 23.079753 22.289817 20.606175 17.059821 15.968932 15.648047 13.678249 16.972368 18.901033 19.387836 19.679083 23.430115 23.447907 22.777179 25.167756 22.709558 25.029933 24.769265 23.883898 22.392194 19.909955 16.973699 15.770731 12.167992 12.233504 9.535222 10.233578 9.785512 11.10264 14.323978 17.006649 
21.328955 19.99808 17.777004 16.992175 13.934884 15.594916 14.038667 16.068223 17.708452 19.443354 17.636761 17.097642 15.281106 16.805356 15.219302 17.377356 16.570302 18.726679 19.12308 18.841111 15.202788 12.909111 10.129235 7.870897 9.524061 9.177501 5.415282 6.419633 9.339925 7.957979 6.452714 9.895065 11.801402 10.88573 9.015906 6.331989 3.812624 0.0 3.814184 5.37236 5.224781 8.468061 10.17424 13.959074 16.810287 20.420839 19.703335 17.611674 14.028452 12.541461 11.929888 9.868189 13.222386 15.140742 15.854368 16.403695 20.086985 19.857482 19.367043 21.956226 19.80559 22.408604 22.593563 22.105182 20.325577 18.165094 14.959728 14.213642 10.951141 11.388823 9.500651 10.016791 10.802879 12.044548 15.674594 18.413012 
24.609618 23.280814 20.758439 19.751705 16.415366 17.497502 15.476102 16.713696 18.6598 20.8741 19.638826 19.514073 18.231515 20.059383 18.717721 20.956391 19.947373 21.836033 21.773235 21.379459 17.926358 15.108391 12.156601 10.018442 12.550143 12.419023 8.785378 10.084928 13.14111 11.568308 9.960365 13.462593 15.297687 13.837636 11.623583 8.460234 5.458383 3.814184 0.0 3.811743 5.616962 8.233999 11.079135 14.563747 17.839342 21.157063 19.776426 17.567764 13.765716 13.018772 11.999116 10.53702 13.94217 16.194041 17.686922 18.510003 22.057348 21.20775 20.655284 23.650833 21.868211 24.828183 25.398215 24.857934 22.676252 20.314262 16.796569 15.469697 12.10179 11.349349 8.895268 7.925675 8.44837 8.900538 12.673074 15.646745 
24.615072 22.759317 19.943381 18.280448 14.644895 14.991585 12.459202 13.236391 15.138987 17.612696 16.734127 17.094461 16.405875 18.793757 18.168051 20.946048 20.422035 22.688819 22.64807 22.873282 19.457943 16.944774 13.55941 12.237831 14.384605 13.254145 9.614094 11.50264 13.720267 11.163826 9.989145 13.756722 14.689036 12.431153 10.690597 6.999257 5.621712 5.37236 3.811743 0.0 3.820179 6.732377 9.965656 13.210087 16.761115 19.998616 18.451942 16.906267 13.273931 13.304103 13.331125 12.668418 16.386984 17.996394 19.177568 19.274986 22.944442 22.248117 21.052004 23.858551 21.747166 24.590957 24.955752 23.868778 21.605778 18.761832 15.32095 13.287527 9.650373 8.271102 5.26025 4.818211 5.616774 7.569686 11.024415 13.359792 
21.183068 19.352995 16.379775 14.856515 11.29702 12.035891 10.190913 11.685214 14.037679 15.829302 14.838805 14.505579 13.770837 15.836788 15.158406 17.906331 17.240585 19.443512 19.23349 19.8035 16.539446 14.223512 10.616209 10.161617 12.134086 10.344193 7.138272 10.01288 11.677138 9.05531 9.21232 12.912664 13.416879 11.601303 10.907589 7.341849 6.981743 5.224781 5.616962 3.820179 0.0 3.81101 6.313736 9.788452 13.159544 16.56016 15.415718 13.903855 10.434855 10.158029 10.880647 10.544775 14.364413 15.320046 16.122329 15.797604 19.491756 18.98444 17.562249 20.202453 17.975998 20.801337 21.233788 20.195106 17.840297 15.107089 11.603737 9.92206 6.485182 6.256749 5.051349 6.361703 8.682216 11.103782 14.437676 16.345242 
21.119547 19.420692 16.071552 14.620485 11.205858 11.64968 10.368373 11.456781 14.581841 16.01199 15.673997 15.011549 14.861388 16.666401 16.148138 18.744696 17.691111 19.438549 18.527586 19.394079 16.607756 14.109837 10.322786 11.01692 13.393881 11.353235 9.055593 12.559675 13.951983 11.548517 12.544363 16.063291 16.270251 14.619554 14.472058 10.987443 10.752523 8.468061 8.233999 6.732377 3.81101 0.0 3.843861 6.610937 10.250619 13.334746 11.809677 10.282472 6.850534 7.482685 8.956556 9.97792 13.694676 13.999951 15.098801 14.514853 17.948002 16.982656 15.143808 17.986461 16.127763 19.286663 20.269778 19.287064 16.396931 13.722171 9.954548 8.121092 5.668285 5.107472 5.96782 6.885854 10.321866 12.707257 15.815995 17.283665 
17.740228 16.131227 12.672973 11.557057 8.609223 9.710703 9.743143 11.645995 14.799421 15.308964 14.765142 13.246593 12.999514 14.178223 13.601593 15.97973 14.790626 16.387453 15.292472 16.648193 14.192 12.205409 8.53816 10.439689 12.182808 9.5286 8.500626 12.307926 12.882099 10.826869 12.91592 15.933069 15.736273 14.702913 15.379402 12.4231 12.757336 10.17424 11.079135 9.965656 6.313736 3.843861 0.0 3.807809 6.875052 10.360693 9.763493 8.374855 5.736647 5.52214 8.270489 9.585566 12.919657 12.260448 12.628783 11.33045 14.729986 14.157681 11.972939 14.468009 12.374362 15.471518 16.523252 15.641986 12.656375 10.257312 6.439296 5.700906 4.81068 6.529374 8.749602 10.534538 13.918224 16.480935 19.574777 20.898287 
18.233631 16.642326 12.960252 11.799026 9.462159 9.862718 10.61689 11.958461 15.444433 15.442536 15.597003 13.916467 14.427244 15.38278 15.281789 17.501934 16.265834 17.462831 15.793279 17.668648 15.901239 14.185802 10.885298 13.505957 15.14845 12.372116 12.052182 15.852453 16.03537 14.040488 16.484334 19.328638 18.734199 17.682547 18.764686 15.866149 16.457068 13.959074 14.563747 13.210087 9.788452 6.610937 3.807809 0.0 3.821472 6.799495 6.075354 5.566504 4.635364 5.957834 9.585421 11.93762 14.747074 13.268138 13.564893 11.667458 14.452268 13.640371 10.68845 12.968257 11.206992 14.374534 15.884241 14.858093 11.371238 9.080652 5.609918 4.95347 6.40282 7.782696 10.982165 12.679635 16.349312 19.003349 21.776947 22.620461 
16.303408 15.0459 11.49202 11.021135 9.913589 10.74257 12.637359 14.298949 17.554697 16.768581 16.855938 14.52101 15.013342 15.154919 15.031864 16.706142 15.283385 15.971884 13.889244 16.283596 15.256738 14.18156 11.581638 14.888102 15.992347 13.150397 13.890182 17.528109 17.167892 15.69234 18.649613 21.014748 20.204362 19.682531 21.213166 18.700911 19.459852 16.810287 17.839342 16.761115 13.159544 10.250619 6.875052 3.821472 0.0 3.792234 5.30354 5.474397 6.707863 7.121371 10.915282 13.364047 15.435594 13.07238 12.686293 10.069736 12.180608 11.69586 8.212454 9.782009 8.128765 11.207143 13.139574 12.395167 8.67429 7.379612 5.087726 6.508849 9.228209 11.274544 14.615515 16.491213 20.132172 22.794792 25.597777 26.399738 
18.408757 17.357326 13.992423 13.621126 13.031282 13.293256 15.327322 16.421685 19.741999 18.706515 19.331637 17.082384 18.041416 18.05544 18.200915 19.641176 18.178188 18.424941 15.921841 18.475236 18.064868 17.10057 14.842268 18.283574 19.474361 16.773469 17.644347 21.276096 20.879332 19.440552 22.425845 24.77361 23.839376 23.259526 24.884184 22.313425 23.079753 20.420839 21.157063 19.998616 16.56016 13.334746 10.360693 6.799495 3.792234 0.0 3.773211 5.618215 8.581601 9.765173 13.344638 16.272807 17.921857 15.200233 14.957605 12.321286 13.46879 12.635574 8.881033 9.904627 9.272752 11.9951 14.395264 13.722554 9.981836 9.357638 8.239308 9.313401 12.413246 13.944857 17.491468 19.127086 22.877846 25.486861 28.06348 28.559117 
21.442715 20.201598 16.628974 15.7488 14.296384 14.010091 15.154649 15.548005 19.180017 18.794737 19.811164 18.171746 19.349071 19.996495 20.184319 22.001779 20.529954 20.987532 18.527373 20.644965 19.822039 18.201788 15.473953 18.502549 20.317817 17.788354 17.897526 21.685209 21.830034 20.026364 22.558048 25.346444 24.622903 23.560836 24.764769 21.791122 22.289817 19.703335 19.776426 18.451942 15.415718 11.809677 9.763493 6.075354 5.30354 3.773211 0.0 3.801695 6.746194 9.312835 12.666897 15.972565 17.981381 15.816111 16.408775 14.400978 15.917325 14.415038 10.968529 12.896343 12.454944 15.507825 17.823033 16.973647 13.195474 11.774044 9.742144 9.430627 11.87059 12.362079 15.787365 16.874392 20.688031 23.111356 25.470498 25.801876 
20.877693 20.075503 16.645551 16.296349 14.63436 15.138736 16.046212 16.889473 20.555036 20.524743 21.00378 19.210639 19.706441 20.16654 19.664984 21.199766 19.230804 19.400435 16.769167 18.313205 17.404263 15.330896 12.690442 15.628656 17.812983 15.798827 15.874896 19.597059 20.228903 18.833586 21.106973 23.940663 23.769302 22.96688 23.74874 20.695623 20.606175 17.611674 17.567764 16.906267 13.903855 10.282472 8.374855 5.566504 5.474397 5.618215 3.801695 0.0 3.833835 6.124578 9.102174 12.614833 14.422578 12.415767 13.555895 12.244167 13.882683 11.831144 8.914727 11.76904 11.72571 15.30557 17.893386 17.662084 13.948805 12.835029 10.128632 10.258387 11.857961 12.401591 15.297979 15.932808 19.735642 21.752168 24.459915 25.310579 
20.872257 19.918237 16.481168 15.931037 13.601903 14.310527 14.528118 15.501239 19.112457 19.635187 19.781555 18.272801 18.400099 19.215193 18.459685 20.243715 18.324775 18.891753 16.714747 17.78679 16.166206 13.605466 10.454904 12.78597 15.36521 13.559893 12.943968 16.652881 17.764089 16.253648 18.072346 21.139219 21.311724 20.356978 20.698807 17.486893 17.059821 14.028452 13.765716 13.273931 10.434855 6.850534 5.736647 4.635364 6.707863 8.581601 6.746194 3.833835 0.0 3.825035 6.517039 9.800256 12.306956 11.198137 12.756936 12.042352 14.476397 12.532359 10.277514 13.537127 12.923944 16.608122 18.769904 18.465088 14.950605 13.317972 9.875563 9.446691 9.792417 10.006311 12.302677 12.656087 16.375896 18.240383 21.155556 22.345037 
18.200497 17.695749 14.617211 14.801161 12.835772 14.547088 15.162672 16.96005 20.253035 20.557853 20.0087 18.025164 17.393331 17.647967 16.224174 17.532449 15.220524 15.53965 13.406965 14.137531 12.427857 9.793932 6.812185 9.523845 11.953558 10.481449 10.467221 13.986994 15.117912 14.307553 16.251986 18.961771 19.46969 19.147291 19.472351 16.624652 15.968932 12.541461 13.018772 13.304103 10.158029 7.482685 5.52214 5.957834 7.121371 9.765173 9.312835 6.124578 3.825035 0.0 3.823924 6.680442 9.00189 7.699607 9.066716 8.729443 11.456509 9.751816 8.189353 11.596717 10.899468 14.629182 16.759927 17.019091 13.851683 12.812795 9.457118 10.197885 10.307158 11.527296 13.40105 14.045429 17.472193 19.205501 22.506655 24.178568 
19.995285 19.927564 17.235977 17.752471 15.728992 17.699349 17.934331 19.734641 22.907334 23.565595 22.764071 20.907529 19.832727 20.015039 18.062319 19.016784 16.351371 16.332917 14.275197 13.971732 12.132713 8.742674 6.319107 7.964573 11.138302 10.905139 10.574576 13.533887 15.472787 15.230419 16.486075 19.15582 20.382577 20.272043 19.962064 17.144821 15.648047 11.929888 11.999116 13.331125 10.880647 8.956556 8.270489 9.585421 10.915282 13.344638 12.666897 9.102174 6.517039 3.823924 0.0 3.829395 5.884488 5.891547 8.588267 9.84572 12.323917 10.157106 9.984163 13.61547 13.43255 17.109379 19.280179 19.975739 17.090016 16.281691 12.938127 13.603486 12.982012 13.790201 14.784938 14.686125 17.718298 18.749785 22.238004 24.382512 
19.254809 19.368025 17.143558 17.921646 15.947 18.399448 18.493676 20.707616 23.472664 24.233605 22.882079 21.008575 19.307957 19.332688 16.885315 17.586732 14.891889 15.023465 13.659352 12.656813 10.179903 6.489508 4.480854 4.543355 8.04451 8.832048 8.395645 10.61109 13.009583 13.412796 14.207233 16.56238 18.332594 18.642958 17.988958 15.577337 13.678249 9.868189 10.53702 12.668418 10.544775 9.97792 9.585566 11.93762 13.364047 16.272807 15.972565 12.614833 9.800256 6.680442 3.829395 0.0 3.834791 5.718718 7.970712 10.001916 12.791285 11.37275 11.977567 15.202012 14.611459 17.916104 19.594327 20.474916 18.113083 17.391812 14.173272 15.043145 13.801137 14.923112 15.213415 15.214865 17.674178 18.47828 22.184812 24.750912 
19.696521 20.526772 18.759684 20.182883 18.748149 21.483967 21.95163 24.299902 27.073894 27.606008 26.14966 23.974688 22.067109 21.557366 18.738155 18.698858 15.508448 14.734943 13.020156 11.182243 9.530148 5.926873 6.256197 6.499653 9.140914 10.812996 11.316613 12.844473 15.081781 16.22919 17.082319 18.918118 20.907249 21.708315 21.089601 19.000562 16.972368 13.222386 13.94217 16.386984 14.364413 13.694676 12.919657 14.747074 15.435594 17.921857 17.981381 14.422578 12.306956 9.00189 5.884488 3.834791 0.0 3.820804 6.719643 9.924178 11.755272 10.062452 11.845826 14.906086 15.076814 18.221257 20.215916 21.742982 19.590685 19.555336 16.709644 18.122062 17.302307 18.614536 19.042777 18.95156 21.35047 21.884052 25.587336 28.267338 
17.469573 18.505463 16.701322 18.442266 17.512374 20.305441 21.370456 23.818073 26.717191 26.778087 25.469203 22.932642 21.240977 20.361122 17.689557 17.428773 14.038267 12.78977 10.323485 9.086257 8.328996 5.420777 6.020377 8.229754 10.051121 10.777032 12.188763 14.239771 15.639366 16.687943 18.330375 20.045614 21.462149 22.365329 22.37689 20.307018 18.901033 15.140742 16.194041 17.996394 15.320046 13.999951 12.260448 13.268138 13.07238 15.200233 15.816111 12.415767 11.198137 7.699607 5.891547 5.718718 3.820804 0.0 3.826033 6.846218 8.201072 6.252007 8.201924 11.177394 11.742408 14.937849 17.322704 19.087372 16.848372 17.307034 14.846151 16.810778 16.800671 18.544546 19.716149 20.102474 22.939503 23.961251 27.596806 29.941817 
