0.0 3.809818 7.107558 10.067504 13.536739 17.03505 18.973783 22.631576 22.761308 19.853697 16.547828 13.585257 9.910317 8.471779 5.752372 5.591804 7.820072 10.217629 10.908783 14.482141 16.154902 15.550794 18.505421 19.845091 22.553541 23.77316 21.301029 19.360201 16.334474 17.062326 15.394228 15.972576 13.852995 15.091278 16.320057 18.739517 22.319411 21.691319 20.95629 18.992292 17.545364 17.580491 15.635896 16.008417 14.936106 16.803702 16.243856 16.636199 13.558097 11.521828 8.312047 9.843629 7.735202 9.317244 12.478925 12.862755 12.949173 15.779326 17.768258 17.122716 18.042181 20.238471 21.600522 
3.809818 0.0 3.802586 6.502298 9.930067 13.312525 15.244165 18.871203 18.960407 16.060789 12.803668 9.810755 6.21233 5.225062 4.137885 5.140389 8.302794 9.254779 9.655535 13.413781 14.996867 14.296988 17.178557 18.418328 20.664959 22.070348 19.571273 17.211745 14.42399 14.766432 13.199734 13.708156 11.724526 13.270673 14.043238 16.667956 20.29647 19.945364 18.706855 16.634217 14.65209 14.573117 12.450698 13.066101 12.21294 14.573972 14.820824 15.350291 11.886824 10.28233 8.115572 10.807543 9.150274 9.191385 12.546368 13.892461 13.498745 15.720662 18.348428 18.113958 18.379009 20.023477 21.212326 
7.107558 3.802586 0.0 3.79227 6.596509 10.200358 12.157909 15.905438 16.217644 13.787065 10.756412 7.980695 5.399858 5.155358 6.310069 6.354002 10.036198 9.985029 9.123755 12.682426 13.501839 12.199069 14.628884 15.492725 17.351391 18.746456 16.236048 13.682017 11.164985 11.530703 10.554853 11.688181 10.627126 13.045613 13.881447 16.968679 20.389732 19.922446 18.014313 15.435709 12.874682 11.967675 9.252069 9.41135 8.47033 11.080658 11.835169 12.656511 9.167513 7.765785 7.020721 10.345441 9.454468 8.097675 11.077837 13.353193 12.855049 14.216884 17.224408 17.628302 17.497442 18.445439 19.775589 
10.067504 6.502298 3.79227 0.0 3.797856 7.187585 9.901586 13.482058 13.138002 10.796457 7.494451 5.696375 4.287878 6.510455 8.944472 9.934821 13.410571 12.789298 12.078118 15.406098 16.069869 14.626778 16.581385 16.940696 18.050308 19.231985 16.485548 13.871501 12.250657 12.520329 12.185222 13.281014 12.518501 14.831568 14.845726 17.687907 21.073211 21.15206 18.889984 16.490477 13.331784 12.259414 9.206253 9.259337 8.033209 10.649059 12.487701 12.711348 9.008355 9.14755 9.426911 13.145645 12.939197 11.415962 13.895314 16.635372 16.264333 17.128554 20.24565 21.014554 20.698044 21.201011 22.503435 
13.536739 9.930067 6.596509 3.797856 0.0 3.763089 6.518818 10.107529 10.063041 8.466903 6.072697 5.306868 6.413217 8.492634 11.638528 12.312065 15.643985 14.288785 12.986818 15.730438 15.847025 14.230593 15.611503 15.662867 16.031364 17.339351 14.844775 11.903992 11.00828 10.805131 11.122255 12.391892 12.5122 15.162804 15.016561 17.990034 20.990993 21.070919 18.275156 15.668959 12.091419 10.337494 7.022925 6.859564 6.215217 9.199451 11.970839 12.586924 9.393444 9.990726 11.528513 15.130597 15.188314 12.85191 14.849568 18.021936 17.357752 17.47691 20.839533 21.97009 21.158998 21.019345 22.173274 
17.03505 13.312525 10.200358 7.187585 3.763089 0.0 3.762733 6.744236 6.339638 5.449992 4.534237 5.744267 8.575735 10.950189 14.509995 15.536934 18.572698 16.674631 15.490616 17.782247 17.834248 16.457448 17.507106 17.433534 17.051425 18.457444 16.282578 13.232022 13.092304 12.287456 12.833343 13.66832 14.08354 16.452425 15.681783 18.32777 20.966794 21.436237 18.334894 16.019493 12.215642 10.508456 7.824758 8.144599 8.374041 11.110491 14.467898 15.067269 12.292081 13.331483 15.215224 18.774193 18.848825 16.289092 18.134546 21.405654 20.501803 20.300295 23.788748 25.003131 23.821873 23.329222 24.177832 
18.973783 15.244165 12.157909 9.901586 6.518818 3.762733 0.0 3.789787 5.486673 5.254439 6.475682 6.986593 10.320869 11.826426 15.53655 16.445034 19.004296 16.478763 15.185107 16.786429 16.764579 15.879217 16.857684 17.175042 16.488381 18.487694 17.023604 13.592915 13.426836 11.611215 11.860931 12.070696 12.892571 15.103272 14.187072 16.780357 18.904237 19.304498 15.911063 13.665063 9.876939 8.169423 6.601803 8.008616 9.768321 12.819798 16.108647 17.411253 14.965894 15.413166 17.40918 20.68743 20.36125 17.383528 19.267356 22.407489 20.935191 20.503743 24.175908 25.226976 23.50387 22.769111 23.095667 
22.631576 18.871203 15.905438 13.482058 10.107529 6.744236 3.789787 0.0 3.801515 5.569147 8.51096 9.919931 13.572071 15.173099 18.941 20.029544 22.362534 19.567022 18.409429 19.606141 19.529519 18.869503 19.55007 19.765706 18.517927 20.522653 19.411416 16.104338 16.451862 14.389927 14.778753 14.63357 15.620903 17.429308 16.05538 18.149058 19.726835 20.473717 16.956734 15.197716 11.6849 10.34733 9.749057 11.150558 13.060871 15.755075 19.234106 20.479675 18.294 18.991381 21.147472 24.410258 24.114353 21.05343 22.813692 25.981024 24.381251 23.738975 27.426089 28.521447 26.549177 25.555072 25.610788 
22.761308 18.960407 16.217644 13.138002 10.063041 6.339638 5.486673 3.801515 0.0 3.813632 6.890973 9.634577 13.309932 15.740465 19.520411 21.040462 23.614491 21.135826 20.323829 22.048843 22.217796 21.34482 22.149852 22.100392 20.941781 22.485832 20.841707 17.827651 18.315511 16.847382 17.343436 17.39542 17.89517 19.558209 17.861489 19.67908 21.596961 22.775422 19.503922 17.99101 14.378422 13.32471 12.087221 13.084984 14.076236 16.467152 20.115878 20.678236 18.263142 19.560315 21.554572 25.095529 25.044243 22.349914 24.186484 27.447923 26.219961 25.815121 29.422368 30.589546 28.968651 28.180633 28.529701 
19.853697 16.060789 13.787065 10.796457 8.466903 5.449992 5.254439 5.569147 3.813632 0.0 3.796621 6.362276 10.073521 12.611687 16.359374 18.311449 20.715261 18.306428 18.017561 20.059846 20.796485 20.252432 21.681291 22.101613 21.595835 23.356984 21.497028 18.287706 18.016642 16.505081 16.290564 15.93844 15.687137 16.987729 15.043393 16.72643 19.025045 20.385808 17.426336 16.144476 12.583593 12.25312 11.065603 12.713579 13.680466 16.546496 19.881257 20.457346 17.5229 18.441714 19.829959 23.428913 22.984563 20.589218 22.902096 25.88724 24.573361 24.699224 28.331265 29.118005 27.635184 27.339469 27.609499 
16.547828 12.803668 10.756412 7.494451 6.072697 4.534237 6.475682 8.51096 6.890973 3.796621 0.0 3.80757 6.942401 10.103003 13.657618 15.733069 18.4213 16.552043 16.41015 19.022341 19.927916 19.147244 20.847949 21.240579 21.252909 22.773036 20.468804 17.435506 16.780609 15.84826 15.53408 15.537682 14.861409 16.333763 14.739773 16.686784 19.564265 20.724968 18.069942 16.536428 12.972357 12.582349 10.634264 11.915316 12.09879 14.919912 17.956436 18.193927 14.909847 15.85752 16.830887 20.53382 20.159798 18.172752 20.622055 23.517755 22.541283 23.014139 26.496077 27.234527 26.179766 26.230421 26.843448 
13.585257 9.810755 7.980695 5.696375 5.306868 5.744267 6.986593 9.919931 9.634577 6.362276 3.80757 0.0 3.803621 6.389916 10.066412 12.178294 14.683103 12.751807 12.797303 15.53222 16.784976 16.347177 18.542187 19.472583 20.068657 21.941057 19.795256 16.552365 15.109168 13.944768 12.906241 12.579395 11.406482 12.827369 11.544105 13.840597 16.987489 17.786772 15.33941 13.663282 10.310043 10.331181 8.588639 10.507745 11.100147 14.396605 16.883235 17.621937 14.168947 14.211796 14.691031 18.191626 17.273236 15.312563 18.147837 20.708828 19.449672 20.273136 23.780634 24.154377 23.070494 23.459832 23.916851 
9.910317 6.21233 5.399858 4.287878 6.413217 8.575735 10.320869 13.572071 13.309932 10.073521 6.942401 3.803621 0.0 3.783889 6.83958 9.27469 11.918949 10.779244 11.260075 14.558905 16.160328 15.72427 18.32905 19.4448 20.708333 22.436446 20.065024 17.078359 15.041618 14.407099 13.004097 12.845528 11.025859 12.34704 11.646879 14.022254 17.566392 18.068308 16.182649 14.46093 11.637181 11.85539 9.920017 11.47367 11.436702 14.536253 16.289259 16.86679 13.18246 12.737226 12.291153 15.675094 14.483173 13.177122 16.330032 18.491973 17.482999 18.891944 22.151153 22.246271 21.624287 22.545165 23.225202 
8.471779 5.225062 5.155358 6.510455 8.492634 10.950189 11.826426 15.173099 15.740465 12.611687 10.103003 6.389916 3.783889 0.0 3.807744 6.163041 8.358787 6.998678 7.807673 11.164047 13.218471 13.354471 16.454659 18.205675 19.972097 22.08099 20.103421 17.000252 14.294315 13.30352 11.070883 10.416049 7.975042 9.161244 9.228019 11.986428 15.54902 15.461414 13.89836 12.056865 9.916528 10.591199 9.348966 11.375808 11.965547 15.252125 16.374609 17.60616 14.159582 12.664348 11.759258 14.546329 12.553912 11.193649 14.721972 16.349497 14.829068 16.608825 19.865665 19.476704 18.699282 19.973354 20.358044 
5.752372 4.137885 6.310069 8.944472 11.638528 14.509995 15.53655 18.941 19.520411 16.359374 13.657618 10.066412 6.83958 3.807744 0.0 3.79309 5.388548 5.678248 7.393291 10.929552 13.388144 13.770403 17.185087 19.193112 21.54549 23.553647 21.576956 18.796493 15.662895 15.078135 12.565401 11.955902 9.099475 9.7635 10.595774 13.053564 16.638964 16.173823 15.370421 13.719079 12.4402 13.302453 12.245496 13.902378 14.144193 17.050314 17.376343 18.563944 15.250103 13.175601 11.226749 13.311676 10.67194 10.328749 14.078202 14.874356 13.488841 16.020119 18.84148 17.924185 17.630406 19.572412 20.033601 
5.591804 5.140389 6.354002 9.934821 12.312065 15.536934 16.445034 20.029544 21.040462 18.311449 15.733069 12.178294 9.27469 6.163041 3.79309 0.0 3.827742 5.249877 5.327685 8.908569 10.825172 10.8906 14.3157 16.421639 19.191912 21.150173 19.383496 16.853622 13.388293 13.139133 10.677792 10.738154 8.579281 10.136231 12.136497 15.090489 18.341466 17.120389 16.188517 13.908724 12.885484 13.031972 11.829053 12.873875 13.037739 15.613245 15.235034 16.849046 14.020474 11.197327 9.120103 10.463256 7.417197 6.945537 10.719786 11.197984 9.719263 12.421683 15.101281 14.152436 14.037857 16.112807 16.856235 
7.820072 8.302794 10.036198 13.410571 15.643985 18.572698 19.004296 22.362534 23.614491 20.715261 18.4213 14.683103 11.918949 8.358787 5.388548 3.827742 0.0 3.792845 5.650046 8.207742 11.023828 12.230368 15.940489 18.620381 21.569347 23.838104 22.461732 19.868005 16.23688 15.505559 12.449386 11.578237 8.786535 9.087931 11.450111 13.928592 16.912467 15.374339 15.244417 13.527669 13.545214 14.49573 14.209534 15.793631 16.478447 19.152506 18.621074 20.462673 17.785368 14.786703 12.573409 13.201007 9.612753 9.589596 13.158396 12.690123 10.608935 13.755771 16.128453 14.295538 13.976275 16.61884 16.699719 
10.217629 9.254779 9.985029 12.789298 14.288785 16.674631 16.478763 19.567022 21.135826 18.306428 16.552043 12.751807 10.779244 6.998678 5.678248 5.249877 3.792845 0.0 3.820851 6.085925 9.429354 11.238469 15.014696 17.923418 20.441649 23.117217 22.011698 18.969087 15.495789 13.939395 10.48653 8.704579 5.36765 5.351245 7.859255 10.696531 13.583427 12.022796 11.533282 9.795461 9.948066 11.390625 11.796999 14.105877 15.558785 18.699239 18.787863 20.938818 18.175981 15.408371 14.021445 15.237652 11.986314 10.769305 14.337808 14.552822 11.8929 14.324836 17.274202 15.712024 14.491998 16.551099 16.076737 
10.908783 9.655535 9.123755 12.078118 12.986818 15.490616 15.185107 18.409429 20.323829 18.017561 16.41015 12.797303 11.260075 7.807673 7.393291 5.327685 5.650046 3.820851 0.0 3.75857 6.07698 7.431538 11.198415 14.13242 16.726413 19.440616 18.55253 15.556782 11.991964 10.428962 7.007453 6.039945 4.202582 6.562959 9.617425 13.059203 15.610468 13.648522 12.330875 9.535462 9.206915 9.400267 9.475621 11.26141 12.868413 15.846522 15.737764 18.300789 15.960111 12.939651 12.194544 13.239839 10.35272 8.143713 11.370231 11.988122 9.072902 10.9098 14.159328 13.084012 11.558037 13.141529 12.962178 
14.482141 13.413781 12.682426 15.406098 15.730438 17.782247 16.786429 19.606141 22.048843 20.059846 19.022341 15.53222 14.558905 11.164047 10.929552 8.908569 8.207742 6.085925 3.75857 0.0 3.805582 6.939218 10.521019 14.039321 16.569859 19.691804 19.52662 16.521173 13.054147 10.85354 7.183044 5.340676 4.654338 6.451261 10.106323 13.378339 15.112354 12.413197 11.20639 8.329434 9.232928 9.563305 10.764064 12.705075 14.957009 17.835676 17.615157 20.624065 18.719762 15.578795 15.224049 15.76967 12.908374 10.483236 13.006982 13.228468 9.687751 10.952668 14.07652 12.664052 10.224145 11.606269 10.440393 
16.154902 14.996867 13.501839 16.069869 15.847025 17.834248 16.764579 19.529519 22.217796 20.796485 19.927916 16.784976 16.160328 13.218471 13.388144 10.825172 11.023828 9.429354 6.07698 3.805582 0.0 3.827882 6.95968 10.657294 13.234988 16.429705 16.71914 13.92497 10.59926 8.41591 5.387932 5.256591 6.974509 9.701373 13.09391 16.547691 18.070297 15.308683 13.549537 10.157852 10.497446 9.44979 10.275811 11.325922 13.638964 16.070363 15.587562 18.969625 17.688503 14.502616 14.86289 15.104821 12.898087 9.853599 11.38404 11.954695 8.426277 8.392034 11.672518 10.96953 8.016623 8.374254 7.440686 
15.550794 14.296988 12.199069 14.626778 14.230593 16.457448 15.879217 18.869503 21.34482 20.252432 19.147244 16.347177 15.72427 13.354471 13.770403 10.8906 12.230368 11.238469 7.431538 6.939218 3.827882 0.0 3.812681 7.155399 10.080787 12.949825 13.020514 10.462014 7.031253 5.696886 4.168979 6.627305 8.934336 12.345261 15.378546 19.048334 20.928813 18.517823 16.377239 12.728474 11.989798 9.830121 9.325295 9.066659 10.797926 12.717278 11.931797 15.441339 14.570786 11.412009 12.367457 12.589879 11.219931 7.685333 8.391345 9.821082 7.007307 5.808219 9.503286 10.012756 7.709562 7.173719 7.977409 
18.505421 17.178557 14.628884 16.581385 15.611503 17.507106 16.857684 19.55007 22.149852 21.681291 20.847949 18.542187 18.32905 16.454659 17.185087 14.3157 15.940489 15.014696 11.198415 10.521019 6.95968 3.812681 0.0 3.812515 6.775746 9.694632 10.559194 8.524921 5.995018 5.332161 6.225762 9.282591 12.268456 15.764406 18.606268 22.290266 23.965505 21.547171 19.116817 15.369632 14.398289 11.542146 10.761793 9.435341 10.942217 11.979714 10.979849 14.758571 14.78264 12.014037 13.818939 13.806332 13.370282 9.834814 9.093089 10.948585 8.96845 6.101862 9.219666 10.882553 8.657849 6.38603 7.954445 
19.845091 18.418328 15.492725 16.940696 15.662867 17.433534 17.175042 19.765706 22.100392 22.101613 21.240579 19.472583 19.4448 18.205675 19.193112 16.421639 18.620381 17.923418 14.13242 14.039321 10.657294 7.155399 3.812515 0.0 3.833639 5.984094 7.034417 5.871409 4.786201 5.988795 8.637419 12.185295 15.214948 18.893986 21.430778 25.165871 26.9974 24.834459 22.160611 18.36244 16.823901 13.488868 11.908561 9.421698 10.013444 9.908831 8.691445 12.448957 13.306285 11.161861 13.739518 13.789182 14.397076 11.010044 9.281244 11.843996 11.016891 7.684702 10.072066 12.763729 11.351193 8.707746 11.049461 
22.553541 20.664959 17.351391 18.050308 16.031364 17.051425 16.488381 18.517927 20.941781 21.595835 21.252909 20.068657 20.708333 19.972097 21.54549 19.191912 21.569347 20.441649 16.726413 16.569859 13.234988 10.080787 6.775746 3.833639 0.0 3.804735 6.074758 5.018731 6.314973 6.898511 10.300631 13.654771 17.028356 20.712515 22.831896 26.498828 28.133927 26.199514 23.164898 19.408369 17.542685 13.865243 12.313645 9.562603 10.373406 9.932906 9.794704 13.212602 14.350911 13.1168 16.258218 16.830218 17.72356 14.23794 12.682631 15.546171 14.772357 11.513281 13.789955 16.547439 14.927129 11.967766 13.791048 
23.77316 22.070348 18.746456 19.231985 17.339351 18.457444 18.487694 20.522653 22.485832 23.356984 22.773036 21.941057 22.436446 22.08099 23.553647 21.150173 23.838104 23.117217 19.440616 19.691804 16.429705 12.949825 9.694632 5.984094 3.804735 0.0 3.800205 5.442988 7.899732 9.830982 13.418094 16.998043 20.142722 23.904176 25.962394 29.661553 31.51307 29.697599 26.667075 22.901351 20.797837 17.067959 14.972823 11.66114 11.292655 9.534514 8.909021 11.731585 13.801965 13.179464 16.564471 16.945129 18.605576 15.529457 13.30764 16.305595 16.390681 13.057293 14.650599 17.932855 17.005447 14.104119 16.540786 
21.301029 19.571273 16.236048 16.485548 14.844775 16.282578 17.023604 19.411416 20.841707 21.497028 20.468804 19.795256 20.065024 20.103421 21.576956 19.383496 22.461732 22.011698 18.55253 19.52662 16.71914 13.020514 10.559194 7.034417 6.074758 3.800205 0.0 3.808749 6.601443 9.533453 13.121478 16.857573 19.534504 23.332933 25.17476 28.869933 31.101892 29.582489 26.588423 22.861633 20.3664 16.715012 13.932644 10.240116 8.743888 6.185536 5.557809 8.013646 10.222127 10.14297 13.743096 14.533272 16.619711 13.801765 11.708885 15.145291 15.734305 12.942543 14.713482 17.985702 17.567068 15.317779 18.027023 
19.360201 17.211745 13.682017 13.871501 11.903992 13.232022 13.592915 16.104338 17.827651 18.287706 17.435506 16.552365 17.078359 17.000252 18.796493 16.853622 19.868005 18.969087 15.556782 16.521173 13.92497 10.462014 8.524921 5.871409 5.018731 5.442988 3.808749 0.0 3.797702 6.041368 9.72845 13.348662 16.075079 19.85619 21.546875 25.217549 27.389882 25.963379 22.888681 19.194257 16.600168 12.928029 10.17538 6.544914 5.884195 4.945806 5.795272 8.888965 9.640422 9.13478 12.706566 14.106242 15.458354 12.144723 11.004803 14.592099 14.399005 11.93119 14.560291 17.294683 16.325438 14.285044 16.445721 
16.334474 14.42399 11.164985 12.250657 11.00828 13.092304 13.426836 16.451862 18.315511 18.016642 16.780609 15.109168 15.041618 14.294315 15.662895 13.388293 16.23688 15.495789 11.991964 13.054147 10.59926 7.031253 5.995018 4.786201 6.314973 7.899732 6.601443 3.797702 0.0 3.808625 6.774505 10.564035 13.017584 16.812745 18.861259 22.600654 24.890161 23.255895 20.472082 16.744423 14.466153 11.126253 8.49755 5.44644 5.341868 6.012475 5.794306 9.403473 9.232248 7.324308 10.274092 11.495002 12.196468 8.640559 7.981531 11.44443 10.836037 8.756787 11.850199 14.128441 13.125616 11.65152 13.762564 
17.062326 14.766432 11.530703 12.520329 10.805131 12.287456 11.611215 14.389927 16.847382 16.505081 15.84826 13.944768 14.407099 13.30352 15.078135 13.139133 15.505559 13.939395 10.428962 10.85354 8.41591 5.696886 5.332161 5.988795 6.898511 9.830982 9.533453 6.041368 3.808625 0.0 3.81256 7.373249 10.401524 14.159463 16.136382 19.846863 21.80208 20.101222 17.136478 13.373444 11.214829 7.733174 5.944793 4.216135 6.632574 8.739578 9.47852 12.887186 12.085035 10.184264 12.610145 14.063476 13.837967 10.007966 10.38402 13.313216 11.62224 9.82767 13.38336 14.960004 13.058919 11.547279 12.60666 
15.394228 13.199734 10.554853 12.185222 11.122255 12.833343 11.860931 14.778753 17.343436 16.290564 15.53408 12.906241 13.004097 11.070883 12.565401 10.677792 12.449386 10.48653 7.007453 7.183044 5.387932 4.168979 6.225762 8.637419 10.300631 13.418094 13.121478 9.72845 6.774505 3.81256 0.0 3.817034 6.748264 10.48822 12.80273 16.536959 18.486885 16.590486 13.886517 10.124858 8.478441 5.820713 5.290149 5.990834 8.7512 11.573936 12.095751 15.337699 13.850565 11.400986 12.795073 14.183373 12.928732 9.221282 10.734483 12.922117 10.40488 9.646478 13.431229 14.020146 11.777582 11.156836 11.403758 
15.972576 13.708156 11.688181 13.281014 12.391892 13.66832 12.070696 14.63357 17.39542 15.93844 15.537682 12.579395 12.845528 10.416049 11.955902 10.738154 11.578237 8.704579 6.039945 5.340676 5.256591 6.627305 9.282591 12.185295 13.654771 16.998043 16.857573 13.348662 10.564035 7.373249 3.817034 0.0 3.802082 7.150295 9.508103 13.146144 14.81574 12.804558 10.121411 6.366858 5.454309 4.374778 6.128008 8.62706 11.724588 14.944894 15.734907 18.784498 16.873752 14.471613 15.278971 16.761024 14.811412 11.507704 13.708115 15.302395 12.264843 12.263366 15.947234 15.734292 13.124311 13.061087 12.250684 
13.852995 11.724526 10.627126 12.518501 12.5122 14.08354 12.892571 15.620903 17.89517 15.687137 14.861409 11.406482 11.025859 7.975042 9.099475 8.579281 8.786535 5.36765 4.202582 4.654338 6.974509 8.934336 12.268456 15.214948 17.028356 20.142722 19.534504 16.075079 13.017584 10.401524 6.748264 3.802082 0.0 3.80095 6.452077 10.142867 12.361965 10.582725 8.544877 5.512879 5.151984 6.332028 7.80146 10.755299 13.299085 16.73358 17.474671 20.115626 17.655015 15.198415 15.15412 16.777257 14.252805 11.634253 14.621706 15.767489 12.746126 13.818882 17.344185 16.518313 14.332473 15.200663 14.339917 
15.091278 13.270673 13.045613 14.831568 15.162804 16.452425 15.103272 17.429308 19.558209 16.987729 16.333763 12.827369 12.34704 9.161244 9.7635 10.136231 9.087931 5.351245 6.562959 6.451261 9.701373 12.345261 15.764406 18.893986 20.712515 23.904176 23.332933 19.85619 16.812745 14.159463 10.48822 7.150295 3.80095 0.0 3.766926 6.942047 9.074174 7.248806 6.198304 4.852208 6.25206 9.041315 11.071488 14.333328 16.838256 20.35133 21.133469 23.61799 20.939214 18.528496 18.025958 19.580207 16.658609 14.607642 17.831325 18.501776 15.368708 16.915777 20.212197 18.831938 16.64856 17.954172 16.578829 
16.320057 14.043238 13.881447 14.845726 15.016561 15.681783 14.187072 16.05538 17.861489 15.043393 14.739773 11.544105 11.646879 9.228019 10.595774 12.136497 11.450111 7.859255 9.617425 10.106323 13.09391 15.378546 18.606268 21.430778 22.831896 25.962394 25.17476 21.546875 18.861259 16.136382 12.80273 9.508103 6.452077 3.766926 0.0 3.760493 6.581901 6.424178 5.203248 5.550647 6.178021 9.755595 11.830229 15.440513 17.926796 21.611819 22.937762 25.098179 22.120355 20.231341 19.825447 21.889405 19.165732 17.1971 20.551348 21.55974 18.666872 20.160199 23.579977 22.389864 20.292072 21.431579 20.119992 
18.739517 16.667956 16.968679 17.687907 17.990034 18.32777 16.780357 18.149058 19.67908 16.72643 16.686784 13.840597 14.022254 11.986428 13.053564 15.090489 13.928592 10.696531 13.059203 13.378339 16.547691 19.048334 22.290266 25.165871 26.498828 29.661553 28.869933 25.217549 22.600654 19.846863 16.536959 13.146144 10.142867 6.942047 3.760493 0.0 3.789299 5.497656 5.956095 8.21948 9.36859 13.136726 15.333059 19.004794 21.442454 25.149489 26.579112 28.596268 25.479716 23.722279 23.114819 25.201111 22.345387 20.673004 24.125277 24.951299 22.054002 23.738595 27.063654 25.632866 23.554104 24.860519 23.307067 
22.319411 20.29647 20.389732 21.073211 20.990993 20.966794 18.904237 19.726835 21.596961 19.025045 19.564265 16.987489 17.566392 15.54902 16.638964 18.341466 16.912467 13.583427 15.610468 15.112354 18.070297 20.928813 23.965505 26.9974 28.133927 31.51307 31.101892 27.389882 24.890161 21.80208 18.486885 14.81574 12.361965 9.074174 6.581901 3.789299 0.0 3.78837 5.329612 8.860929 10.922321 14.755278 17.555056 21.317344 24.116388 27.830039 29.302987 31.558656 28.610971 26.783842 26.380544 28.319728 25.408506 23.537542 26.823614 27.556897 24.399038 25.85321 29.147734 27.604264 25.172398 26.293594 24.264646 
21.691319 19.945364 19.922446 21.15206 21.070919 21.436237 19.304498 20.473717 22.775422 20.385808 20.724968 17.786772 18.068308 15.461414 16.173823 17.120389 15.374339 12.022796 13.648522 12.413197 15.308683 18.517823 21.547171 24.834459 26.199514 29.697599 29.582489 25.963379 23.255895 20.101222 16.590486 12.804558 10.582725 7.248806 6.424178 5.497656 3.78837 0.0 3.788496 6.971625 10.066865 13.667218 16.708946 20.325099 23.275508 26.887091 27.981854 30.554438 27.875594 25.654864 25.259147 26.790093 23.747637 21.773593 24.870219 25.323725 21.943157 23.317383 26.4641 24.748788 22.132595 23.281502 20.993923 
20.95629 18.706855 18.014313 18.889984 18.275156 18.334894 15.911063 16.956734 19.503922 17.426336 18.069942 15.33941 16.182649 13.89836 15.370421 16.188517 15.244417 11.533282 12.330875 11.20639 13.549537 16.377239 19.116817 22.160611 23.164898 26.667075 26.588423 22.888681 20.472082 17.136478 13.886517 10.121411 8.544877 6.198304 5.203248 5.956095 5.329612 3.788496 0.0 3.802125 6.673752 10.244322 13.505546 17.180819 20.335753 23.957976 25.340723 27.955268 25.385221 23.395149 23.489781 25.283243 22.603612 20.168265 23.089539 24.049678 20.739236 21.642023 25.04398 23.831545 21.068455 21.704888 19.639878 
18.992292 16.634217 15.435709 16.490477 15.668959 16.019493 13.665063 15.197716 17.99101 16.144476 16.536428 13.663282 14.46093 12.056865 13.719079 13.908724 13.527669 9.795461 9.535462 8.329434 10.157852 12.728474 15.369632 18.36244 19.408369 22.901351 22.861633 19.194257 16.744423 13.373444 10.124858 6.366858 5.512879 4.852208 5.550647 8.21948 8.860929 6.971625 3.802125 0.0 3.822493 6.862996 10.188868 13.709792 16.956836 20.491381 21.757625 24.527786 22.172718 20.08386 20.45743 22.185942 19.73459 16.974857 19.673406 20.854063 17.58127 18.164847 21.670062 20.778855 17.974471 18.335806 16.549636 
17.545364 14.65209 12.874682 13.331784 12.091419 12.215642 9.876939 11.6849 14.378422 12.583593 12.972357 10.310043 11.637181 9.916528 12.4402 12.885484 13.545214 9.948066 9.206915 9.232928 10.497446 11.989798 14.398289 16.823901 17.542685 20.797837 20.3664 16.600168 14.466153 11.214829 8.478441 5.454309 5.151984 6.25206 6.178021 9.36859 10.922321 10.066865 6.673752 3.822493 0.0 3.848716 6.878418 10.616302 13.81556 17.450112 19.163087 21.683653 19.207116 17.566676 18.309245 20.526141 18.546408 15.583479 18.247316 20.047612 17.197608 17.542147 21.25964 20.938257 18.432971 18.494679 17.413604 
17.580491 14.573117 11.967675 12.259414 10.337494 10.508456 8.169423 10.34733 13.32471 12.25312 12.582349 10.331181 11.85539 10.591199 13.302453 13.031972 14.49573 11.390625 9.400267 9.563305 9.44979 9.830121 11.542146 13.488868 13.865243 17.067959 16.715012 12.928029 11.126253 7.733174 5.820713 4.374778 6.332028 9.041315 9.755595 13.136726 14.755278 13.667218 10.244322 6.862996 3.848716 0.0 3.791008 7.204147 10.736911 14.200542 16.026484 18.722 16.64024 15.14537 16.568284 18.788029 17.391862 13.989962 16.083164 18.375507 15.806042 15.444911 19.229663 19.546199 17.076834 16.514807 15.946873 
15.635896 12.450698 9.252069 9.206253 7.022925 7.824758 6.601803 9.749057 12.087221 11.065603 10.634264 8.588639 9.920017 9.348966 12.245496 11.829053 14.209534 11.796999 9.475621 10.764064 10.275811 9.325295 10.761793 11.908561 12.313645 14.972823 13.932644 10.17538 8.49755 5.944793 5.290149 6.128008 7.80146 11.071488 11.830229 15.333059 17.555056 16.708946 13.505546 10.188868 6.878418 3.791008 0.0 3.804354 7.04905 10.633871 12.709716 15.129817 12.946724 11.78904 13.558538 16.12339 15.301888 11.893283 13.806518 16.61406 14.695114 14.234526 17.994746 18.815988 16.927966 16.328522 16.641748 
16.008417 13.066101 9.41135 9.259337 6.859564 8.144599 8.008616 11.150558 13.084984 12.713579 11.915316 10.507745 11.47367 11.375808 13.902378 12.873875 15.793631 14.105877 11.26141 12.705075 11.325922 9.066659 9.435341 9.421698 9.562603 11.66114 10.240116 6.544914 5.44644 4.216135 5.990834 8.62706 10.755299 14.333328 15.440513 19.004794 21.317344 20.325099 17.180819 13.709792 10.616302 7.204147 3.804354 0.0 3.776279 7.014289 9.245396 11.758776 10.13146 9.29566 11.919059 14.404266 14.451182 10.935181 11.943754 15.275736 14.043565 12.937913 16.481633 18.023383 16.540443 15.487509 16.589117 
14.936106 12.21294 8.47033 8.033209 6.215217 8.374041 9.768321 13.060871 14.076236 13.680466 12.09879 11.100147 11.436702 11.965547 14.144193 13.037739 16.478447 15.558785 12.868413 14.957009 13.638964 10.797926 10.942217 10.013444 10.373406 11.292655 8.743888 5.884195 5.341868 6.632574 8.7512 11.724588 13.299085 16.838256 17.926796 21.442454 24.116388 23.275508 20.335753 16.956836 13.81556 10.736911 7.04905 3.776279 0.0 3.739833 6.383132 8.215786 6.454543 6.409933 9.556594 12.329811 13.229898 10.204057 10.748714 14.428233 14.141031 13.141602 16.280618 18.216609 17.493243 16.62068 18.429142 
16.803702 14.573972 11.080658 10.649059 9.199451 11.110491 12.819798 15.755075 16.467152 16.546496 14.919912 14.396605 14.536253 15.252125 17.050314 15.613245 19.152506 18.699239 15.846522 17.835676 16.070363 12.717278 11.979714 9.908831 9.932906 9.534514 6.185536 4.945806 6.012475 8.739578 11.573936 14.944894 16.73358 20.35133 21.611819 25.149489 27.830039 26.887091 23.957976 20.491381 17.450112 14.200542 10.633871 7.014289 3.739833 0.0 3.858393 5.181591 5.097855 6.155391 9.92356 12.200266 14.0945 11.466225 10.837841 14.675591 15.198031 13.705141 16.237554 18.788653 18.532163 17.332821 19.714691 
16.243856 14.820824 11.835169 12.487701 11.970839 14.467898 16.108647 19.234106 20.115878 19.881257 17.956436 16.883235 16.289259 16.374609 17.376343 15.235034 18.621074 18.787863 15.737764 17.615157 15.587562 11.931797 10.979849 8.691445 9.794704 8.909021 5.557809 5.795272 5.794306 9.47852 12.095751 15.734907 17.474671 21.133469 22.937762 26.579112 29.302987 27.981854 25.340723 21.757625 19.163087 16.026484 12.709716 9.245396 6.383132 3.858393 0.0 3.802852 5.272835 4.776954 8.368354 9.560768 11.975888 9.719604 8.024842 11.750269 12.932224 11.284761 13.20878 16.051073 16.356926 15.285261 18.190307 
16.636199 15.350291 12.656511 12.711348 12.586924 15.067269 17.411253 20.479675 20.678236 20.457346 18.193927 17.621937 16.86679 17.60616 18.563944 16.849046 20.462673 20.938818 18.300789 20.624065 18.969625 15.441339 14.758571 12.448957 13.212602 11.731585 8.013646 8.888965 9.403473 12.887186 15.337699 18.784498 20.115626 23.61799 25.098179 28.596268 31.558656 30.554438 27.955268 24.527786 21.683653 18.722 15.129817 11.758776 8.215786 5.181591 3.802852 0.0 3.819327 5.676652 8.726188 10.252058 13.292403 11.905358 10.440051 13.90212 15.673309 14.513714 16.060905 18.846502 19.610026 18.825969 21.830702 
13.558097 11.886824 9.167513 9.008355 9.393444 12.292081 14.965894 18.294 18.263142 17.5229 14.909847 14.168947 13.18246 14.159582 15.250103 14.020474 17.785368 18.175981 15.960111 18.719762 17.688503 14.570786 14.78264 13.306285 14.350911 13.801965 10.222127 9.640422 9.232248 12.085035 13.850565 16.873752 17.655015 20.939214 22.120355 25.479716 28.610971 27.875594 25.385221 22.172718 19.207116 16.64024 12.946724 10.13146 6.454543 5.097855 5.272835 3.819327 0.0 3.81731 6.549249 9.338864 11.724884 10.364675 10.170901 13.63551 14.952636 14.536339 16.650979 18.830371 19.408627 19.124638 21.739623 
11.521828 10.28233 7.765785 9.14755 9.990726 13.331483 15.413166 18.991381 19.560315 18.441714 15.85752 14.211796 12.737226 12.664348 13.175601 11.197327 14.786703 15.408371 12.939651 15.578795 14.502616 11.412009 12.014037 11.161861 13.1168 13.179464 10.14297 9.13478 7.324308 10.184264 11.400986 14.471613 15.198415 18.528496 20.231341 23.722279 26.783842 25.654864 23.395149 20.08386 17.566676 15.14537 11.78904 9.29566 6.409933 6.155391 4.776954 5.676652 3.81731 0.0 3.821683 6.286177 8.284331 6.611782 6.505068 9.970868 11.143885 10.968993 13.177312 15.110763 15.733245 15.762204 18.378011 
8.312047 8.115572 7.020721 9.426911 11.528513 15.215224 17.40918 21.147472 21.554572 19.829959 16.830887 14.691031 12.291153 11.759258 11.226749 9.120103 12.573409 14.021445 12.194544 15.224049 14.86289 12.367457 13.818939 13.739518 16.258218 16.564471 13.743096 12.706566 10.274092 12.610145 12.795073 15.278971 15.15412 18.025958 19.825447 23.114819 26.380544 25.259147 23.489781 20.45743 18.309245 16.568284 13.558538 11.919059 9.556594 9.92356 8.368354 8.726188 6.549249 3.821683 0.0 3.829134 5.391656 5.455325 6.437794 8.73197 10.228174 11.309467 13.144921 14.314732 15.4909 16.424542 18.925321 
9.843629 10.807543 10.345441 13.145645 15.130597 18.774193 20.68743 24.410258 25.095529 23.428913 20.53382 18.191626 15.675094 14.546329 13.311676 10.463256 13.201007 15.237652 13.239839 15.76967 15.104821 12.589879 13.806332 13.789182 16.830218 16.945129 14.533272 14.106242 11.495002 14.063476 14.183373 16.761024 16.777257 19.580207 21.889405 25.201111 28.319728 26.790093 25.283243 22.185942 20.526141 18.788029 16.12339 14.404266 12.329811 12.200266 9.560768 10.252058 9.338864 6.286177 3.829134 0.0 3.829817 5.385041 4.891187 5.891338 8.513068 9.788029 10.617018 11.760842 13.719551 14.964938 17.81305 
7.735202 9.150274 9.454468 12.939197 15.188314 18.848825 20.36125 24.114353 25.044243 22.984563 20.159798 17.273236 14.483173 12.553912 10.67194 7.417197 9.612753 11.986314 10.35272 12.908374 12.898087 11.219931 13.370282 14.397076 17.72356 18.605576 16.619711 15.458354 12.196468 13.837967 12.928732 14.811412 14.252805 16.658609 19.165732 22.345387 25.408506 23.747637 22.603612 19.73459 18.546408 17.391862 15.301888 14.451182 13.229898 14.0945 11.975888 13.292403 11.724884 8.284331 5.391656 3.829817 0.0 3.846424 5.574139 5.212799 6.480267 9.068834 10.33504 10.264094 11.938267 13.946027 16.190204 
9.317244 9.191385 8.097675 11.415962 12.85191 16.289092 17.383528 21.05343 22.349914 20.589218 18.172752 15.312563 13.177122 11.193649 10.328749 6.945537 9.589596 10.769305 8.143713 10.483236 9.853599 7.685333 9.834814 11.010044 14.23794 15.529457 13.801765 12.144723 8.640559 10.007966 9.221282 11.507704 11.634253 14.607642 17.1971 20.673004 23.537542 21.773593 20.168265 16.974857 15.583479 13.989962 11.893283 10.935181 10.204057 11.466225 9.719604 11.905358 10.364675 6.611782 5.455325 5.385041 3.846424 0.0 3.784667 5.39672 5.160393 6.743786 9.253306 9.757852 10.318613 11.590282 13.72953 
12.478925 12.546368 11.077837 13.895314 14.849568 18.134546 19.267356 22.813692 24.186484 22.902096 20.622055 18.147837 16.330032 14.721972 14.078202 10.719786 13.158396 14.337808 11.370231 13.006982 11.38404 8.391345 9.093089 9.281244 12.682631 13.30764 11.708885 11.004803 7.981531 10.38402 10.734483 13.708115 14.621706 17.831325 20.551348 24.125277 26.823614 24.870219 23.089539 19.673406 18.247316 16.083164 13.806518 11.943754 10.748714 10.837841 8.024842 10.440051 10.170901 6.505068 6.437794 4.891187 5.574139 3.784667 0.0 3.839574 5.36312 5.192594 6.845353 8.678832 9.821005 10.367174 13.354831 
12.862755 13.892461 13.353193 16.635372 18.021936 21.405654 22.407489 25.981024 27.447923 25.88724 23.517755 20.708828 18.491973 16.349497 14.874356 11.197984 12.690123 14.552822 11.988122 13.228468 11.954695 9.821082 10.948585 11.843996 15.546171 16.305595 15.145291 14.592099 11.44443 13.313216 12.922117 15.302395 15.767489 18.501776 21.55974 24.951299 27.556897 25.323725 24.049678 20.854063 20.047612 18.375507 16.61406 15.275736 14.428233 14.675591 11.750269 13.90212 13.63551 9.970868 8.73197 5.891338 5.212799 5.39672 3.839574 0.0 3.778653 5.258617 5.249496 5.880442 8.213678 9.907746 12.793977 
12.949173 13.498745 12.855049 16.264333 17.357752 20.501803 20.935191 24.381251 26.219961 24.573361 22.541283 19.449672 17.482999 14.829068 13.488841 9.719263 10.608935 11.8929 9.072902 9.687751 8.426277 7.007307 8.96845 11.016891 14.772357 16.390681 15.734305 14.399005 10.836037 11.62224 10.40488 12.264843 12.746126 15.368708 18.666872 22.054002 24.399038 21.943157 20.739236 17.58127 17.197608 15.806042 14.695114 14.043565 14.141031 15.198031 12.932224 15.673309 14.952636 11.143885 10.228174 8.513068 6.480267 5.160393 5.36312 3.778653 0.0 3.79577 5.532703 4.785849 5.486289 7.711936 9.831681 
15.779326 15.720662 14.216884 17.128554 17.47691 20.300295 20.503743 23.738975 25.815121 24.699224 23.014139 20.273136 18.891944 16.608825 16.020119 12.421683 13.755771 14.324836 10.9098 10.952668 8.392034 5.808219 6.101862 7.684702 11.513281 13.057293 12.942543 11.93119 8.756787 9.82767 9.646478 12.263366 13.818882 16.915777 20.160199 23.738595 25.85321 23.317383 21.642023 18.164847 17.542147 15.444911 14.234526 12.937913 13.141602 13.705141 11.284761 14.513714 14.536339 10.968993 11.309467 9.788029 9.068834 6.743786 5.192594 5.258617 3.79577 0.0 3.798911 5.398693 5.113614 5.202849 8.275742 
17.768258 18.348428 17.224408 20.24565 20.839533 23.788748 24.175908 27.426089 29.422368 28.331265 26.496077 23.780634 22.151153 19.865665 18.84148 15.101281 16.128453 17.274202 14.159328 14.07652 11.672518 9.503286 9.219666 10.072066 13.789955 14.650599 14.713482 14.560291 11.850199 13.38336 13.431229 15.947234 17.344185 20.212197 23.579977 27.063654 29.147734 26.4641 25.04398 21.670062 21.25964 19.229663 17.994746 16.481633 16.280618 16.237554 13.20878 16.060905 16.650979 13.177312 13.144921 10.617018 10.33504 9.253306 6.845353 5.249496 5.532703 3.798911 0.0 3.802951 5.573417 5.997989 9.485014 
17.122716 18.113958 17.628302 21.014554 21.97009 25.003131 25.226976 28.521447 30.589546 29.118005 27.234527 24.154377 22.246271 19.476704 17.924185 14.152436 14.295538 15.712024 13.084012 12.664052 10.96953 10.012756 10.882553 12.763729 16.547439 17.932855 17.985702 17.294683 14.128441 14.960004 14.020146 15.734292 16.518313 18.831938 22.389864 25.632866 27.604264 24.748788 23.831545 20.778855 20.938257 19.546199 18.815988 18.023383 18.216609 18.788653 16.051073 18.846502 18.830371 15.110763 14.314732 11.760842 10.264094 9.757852 8.678832 5.880442 4.785849 5.398693 3.802951 0.0 3.801214 6.520347 8.810469 
18.042181 18.379009 17.497442 20.698044 21.158998 23.821873 23.50387 26.549177 28.968651 27.635184 26.179766 23.070494 21.624287 18.699282 17.630406 14.037857 13.976275 14.491998 11.558037 10.224145 8.016623 7.709562 8.657849 11.351193 14.927129 17.005447 17.567068 16.325438 13.125616 13.058919 11.777582 13.124311 14.332473 16.64856 20.292072 23.554104 25.172398 22.132595 21.068455 17.974471 18.432971 17.076834 16.927966 16.540443 17.493243 18.532163 16.356926 19.610026 19.408627 15.733245 15.4909 13.719551 11.938267 10.318613 9.821005 8.213678 5.486289 5.113614 5.573417 3.801214 0.0 3.826532 5.150877 
20.238471 20.023477 18.445439 21.201011 21.019345 23.329222 22.769111 25.555072 28.180633 27.339469 26.230421 23.459832 22.545165 19.973354 19.572412 16.112807 16.61884 16.551099 13.141529 11.606269 8.374254 7.173719 6.38603 8.707746 11.967766 14.104119 15.317779 14.285044 11.65152 11.547279 11.156836 13.061087 15.200663 17.954172 21.431579 24.860519 26.293594 23.281502 21.704888 18.335806 18.494679 16.514807 16.328522 15.487509 16.62068 17.332821 15.285261 18.825969 19.124638 15.762204 16.424542 14.964938 13.946027 11.590282 10.367174 9.907746 7.711936 5.202849 5.997989 6.520347 3.826532 0.0 3.820014 
21.600522 21.212326 19.775589 22.503435 22.173274 24.177832 23.095667 25.610788 28.529701 27.609499 26.843448 23.916851 23.225202 20.358044 20.033601 16.856235 16.699719 16.076737 12.962178 10.440393 7.440686 7.977409 7.954445 11.049461 13.791048 16.540786 18.027023 16.445721 13.762564 12.60666 11.403758 12.250684 14.339917 16.578829 20.119992 23.307067 24.264646 20.993923 19.639878 16.549636 17.413604 15.946873 16.641748 16.589117 18.429142 19.714691 18.190307 21.830702 21.739623 18.378011 18.925321 17.81305 16.190204 13.72953 13.354831 12.793977 9.831681 8.275742 9.485014 8.810469 5.150877 3.820014 0.0 

