0.0 3.789483 7.065621 9.946785 13.5816 15.897057 19.364269 21.24872 23.831847 25.02781 24.562952 25.494707 25.30575 23.473499 20.397464 20.706045 20.60044 21.541409 19.366377 19.682112 16.654112 17.348705 20.866703 21.375213 22.131844 20.175314 20.377904 17.154997 17.31948 15.29358 13.434168 15.093592 18.020412 21.55281 23.914381 27.589013 28.914392 30.87857 34.098681 33.223577 33.612787 31.002147 29.794433 31.248649 29.857103 26.27561 26.759907 28.161406 25.37823 22.433087 24.832656 25.696484 22.17126 21.063694 24.450711 24.663067 21.270577 21.560218 17.943949 15.951747 12.287224 10.265458 6.746295 6.891007 6.267314 7.410874 10.913374 13.304603 12.54624 16.193758 18.637349 22.249234 23.405277 21.243921 19.065445 15.484411 13.278747 10.634644 10.164704 12.460413 13.077261 16.626666 17.213221 14.277285 15.301202 13.539372 16.30374 15.354361 15.951424 18.941383 20.76703 20.566054 21.744908 24.686894 25.658117 25.188975 22.747987 22.423849 19.488992 19.968838 18.941197 16.619105 16.299266 15.272135 12.718072 10.723118 11.259881 8.366365 10.174984 13.596558 15.267519 14.45287 15.865567 18.800918 19.62959 19.998228 22.126422 24.271448 25.115686 25.895274 28.140949 29.706183 30.62649 31.861301 29.975975 30.749548 29.899975 30.760623 34.149029 
3.789483 0.0 3.749508 6.661956 10.267217 13.035679 16.535445 18.829875 21.594778 23.172895 23.093595 24.512445 24.738683 23.224893 20.373737 20.276073 19.486931 20.04249 17.386628 17.318995 14.352327 14.848581 18.262775 19.30448 20.269518 18.8641 19.478354 16.547647 17.446918 15.639916 14.648862 16.876091 19.29472 22.620176 24.511869 28.17301 29.240742 30.798622 34.234018 33.651774 34.050083 31.211282 29.845997 30.864957 29.480139 26.041967 26.127256 27.185589 24.525618 21.460076 23.423174 24.069315 20.554533 19.141869 22.232387 22.320583 18.731676 18.543072 14.844865 13.215089 9.545079 8.293672 5.754315 7.401707 8.587724 10.339126 13.418924 15.081541 13.382064 16.817962 19.639707 23.286807 23.913233 21.368138 19.056339 15.326913 13.817614 10.81618 10.163513 11.327281 11.34255 14.522307 14.701419 12.149655 13.965199 12.857936 15.662669 15.604666 16.416124 18.823783 20.908748 21.349567 22.303925 24.933937 26.318704 25.555868 23.536751 23.808429 21.28864 21.940506 21.079184 19.217524 19.140129 18.560084 15.835699 13.568849 14.34271 11.586848 12.582747 16.223645 17.829884 16.319226 17.549548 20.869021 21.417757 21.221637 23.589407 25.9701 26.337169 26.876697 29.483869 31.020806 31.502372 32.825003 30.610548 31.245023 30.765246 31.888194 35.055725 
7.065621 3.749508 0.0 3.827613 6.901851 9.648857 12.976539 15.317203 18.260798 19.925863 20.006619 21.785493 22.269287 21.017179 18.449881 18.08676 16.785409 17.205272 14.340536 14.345806 11.806669 12.755633 15.77982 17.007914 17.713786 16.639272 17.282944 14.561109 15.945043 14.279201 14.201465 16.843088 18.628369 21.642116 23.031476 26.612929 27.454101 28.630573 32.216762 31.878763 32.283782 29.289036 27.785309 28.434769 27.101659 23.811722 23.556673 24.361708 21.87086 18.720107 20.327526 20.877924 17.453137 15.7866 18.693169 18.815941 15.186537 14.917323 11.185465 9.523763 5.895359 5.494972 4.692562 7.772223 10.148027 12.732024 15.18877 16.087149 13.644755 16.572937 19.396446 23.04398 23.062622 20.424684 17.800623 14.148382 13.140225 9.860456 8.898362 8.832119 8.453726 11.296795 11.545863 9.606753 11.721469 10.956242 13.452188 14.16656 15.332277 17.12765 19.222698 20.295016 21.193709 23.393809 25.031801 23.918102 22.299327 23.154135 21.137606 21.925408 21.323058 20.025463 20.364675 20.446151 17.793323 15.070935 15.924414 13.54066 13.672926 17.288276 19.008076 16.93521 17.648551 21.271685 21.753901 20.898735 23.267962 25.969453 25.962367 26.081093 28.952343 30.598395 30.63905 31.874001 29.324697 29.709729 29.519828 30.954134 33.887234 
9.946785 6.661956 3.827613 0.0 3.796595 6.743835 10.395302 13.255749 15.868741 18.10268 18.8619 20.767771 21.897352 21.304851 18.746396 17.601854 15.726672 15.330725 12.04185 11.250822 8.505086 9.068078 12.059514 13.601482 14.715343 14.211376 15.557275 13.518224 15.736093 14.940338 15.464558 18.630096 20.181335 22.776302 23.921497 27.294682 27.614785 28.561141 32.176797 32.294723 33.032367 30.11498 28.198752 28.609863 27.687306 24.456284 23.605821 24.444135 22.451936 19.023771 19.996604 20.830721 17.785053 15.384935 17.843529 18.4434 14.85873 14.144085 10.404631 8.615709 5.334934 5.146791 6.23929 8.633541 11.873199 14.284779 16.137932 16.276584 13.215271 15.701337 18.863211 22.294347 21.947577 18.912573 16.582803 13.031106 13.084226 10.420408 10.463708 9.623949 9.734382 11.943238 12.400422 11.572145 13.845432 13.145938 14.885811 15.941921 17.744687 19.161429 20.880281 22.425645 23.58832 25.368321 26.947324 25.350066 23.845797 25.002671 23.255602 23.652454 22.746746 21.930402 22.001521 22.341583 19.367265 16.849624 18.361421 16.481021 16.774116 20.197359 22.270563 20.256842 20.529758 24.205932 24.943344 23.799031 25.9152 28.876859 28.848819 28.584869 31.483602 33.360884 33.181629 34.168707 31.368524 31.357868 31.17392 32.979497 35.791823 
13.5816 10.267217 6.901851 3.796595 0.0 3.74259 7.018665 10.299017 13.006609 15.584331 16.802 19.174339 20.742936 20.61495 18.518903 16.981061 14.416235 13.555136 9.940018 8.828608 7.064954 7.996748 9.982572 11.987805 12.882162 13.161047 14.712118 13.322373 16.07808 15.648664 17.00577 20.327487 21.259316 23.414157 23.993403 27.143578 27.14438 27.606194 31.314287 31.759186 32.525804 29.51261 27.445937 27.383765 26.599069 23.658272 22.34049 22.826189 21.200913 17.793671 18.090453 18.791501 16.105721 13.296921 15.153409 15.871081 12.395872 11.274561 7.780072 6.328796 4.601348 6.193768 8.904208 11.492517 14.991759 17.676656 19.134242 18.742232 15.309533 17.105656 20.126764 23.360347 22.39313 19.320967 16.891007 13.757885 14.491571 12.039966 11.958944 9.925777 9.625306 10.69156 11.099683 11.481282 13.865254 13.691221 14.817911 16.6164 18.628822 19.330163 20.945745 23.06512 24.115168 25.386076 27.175652 25.251308 24.223255 25.903988 24.666156 25.146885 24.464603 24.123584 24.47712 25.246264 22.379897 19.67865 21.175411 19.524074 19.316272 22.611181 24.672716 22.323483 22.240563 26.018044 26.657332 25.02429 27.086612 30.231878 29.866478 29.240011 32.317578 34.241333 33.647857 34.5426 31.468645 31.194039 31.317648 33.401173 35.919649 
15.897057 13.035679 9.648857 6.743835 3.74259 0.0 3.811556 6.904435 9.320652 12.002009 13.540039 15.906525 17.866063 18.266907 16.355604 14.308675 11.352316 10.04567 6.335417 5.416737 4.911673 7.251698 8.16016 9.517414 9.651733 10.15056 11.670912 10.891359 14.060377 14.263489 16.296318 19.801783 20.239206 21.858062 22.082208 24.945828 24.544741 24.777263 28.454006 29.223723 30.226829 27.34496 24.978092 24.756229 24.363112 21.513512 19.749782 20.367507 19.249119 15.693613 15.515289 16.685821 14.519714 11.180442 12.784845 14.289654 11.337772 10.799444 7.95252 5.597376 5.433271 6.555027 10.088135 12.275147 15.956033 18.886132 19.666382 18.612539 14.931705 15.921506 18.64159 21.621456 20.128885 17.16869 14.659498 12.064172 13.436964 11.565319 11.909274 9.339133 9.797034 10.364969 11.725877 12.830349 14.45362 13.917684 14.056687 15.97264 18.524007 18.86323 19.895056 22.387016 23.754592 24.544722 26.126975 23.76688 22.891036 24.87087 24.053298 24.289482 23.610491 23.851322 24.334419 25.623638 22.886768 20.099097 21.793246 20.725184 20.255014 23.186889 25.532399 23.209633 22.516464 26.25035 27.181838 25.200852 26.857947 30.256661 29.913021 28.811075 31.815978 34.020225 33.227489 33.755544 30.488322 29.784889 29.870134 32.293988 34.654935 
19.364269 16.535445 12.976539 10.395302 7.018665 3.811556 0.0 3.799751 6.410416 9.304771 11.331014 14.222829 16.567188 17.473559 16.268892 14.011947 10.496914 8.865477 5.515569 5.183932 7.104642 9.604788 8.961379 10.125371 9.340904 10.56795 11.766498 11.755124 14.987882 15.434182 18.099895 21.489126 21.27276 22.364648 21.950651 24.460918 23.760397 23.423916 27.120598 28.197734 29.179876 26.259488 23.808637 23.057824 22.836216 20.416933 18.186792 18.381088 17.782805 14.451017 13.410848 14.469189 12.993799 9.350448 9.967367 11.855928 9.565189 9.105491 7.519766 5.842635 7.788047 9.529479 13.272517 15.544927 19.148395 22.274431 22.808671 21.468904 17.757694 18.147691 20.442797 23.138446 21.083703 18.410295 15.82395 13.949224 15.593292 13.977774 14.046953 10.852837 10.971384 10.280334 11.766483 13.860715 15.147942 15.009004 14.421684 16.879978 19.476199 19.090147 19.880821 22.844185 24.07934 24.291303 25.998165 23.361258 23.032733 25.48496 25.224793 25.577677 25.212225 25.877374 26.689198 28.350661 25.841429 22.902919 24.437201 23.56798 22.649369 25.361869 27.627422 25.073977 24.045333 27.7418 28.577213 26.177748 27.690878 31.191143 30.546614 29.076473 32.167777 34.399897 33.211893 33.593661 30.114232 29.124958 29.520465 32.183878 34.190588 
21.24872 18.829875 15.317203 13.255749 10.299017 6.904435 3.799751 0.0 3.751083 5.694633 7.662002 10.787328 13.274109 14.571285 13.910842 11.564621 7.840149 6.491629 4.594721 6.416611 9.271035 12.39688 11.367118 11.433945 9.344367 10.142639 10.315647 10.677779 13.614119 14.279772 17.469447 20.660294 19.815793 20.339846 19.427321 21.596585 20.669888 20.005399 23.684061 24.931419 25.959819 23.117919 20.545248 19.570099 19.603775 17.399941 14.831744 15.024012 14.920974 11.67809 10.105317 11.625597 10.861679 7.03294 7.310337 10.147197 8.922333 9.73939 9.140169 7.124357 9.678134 11.015519 14.728945 16.828421 20.211661 23.566849 23.700637 22.080262 18.503008 18.308675 19.967314 22.426935 19.962025 17.835792 15.006475 13.862954 15.479515 14.227385 14.196641 10.815473 11.317441 10.163884 12.452151 14.807972 15.182969 14.782372 13.259931 15.785355 18.59185 17.75085 17.969091 21.219458 22.605585 22.304231 23.829534 20.890956 20.873993 23.634599 23.886166 24.216324 24.124263 25.262059 26.409422 28.521715 26.367191 23.288577 24.665937 24.22719 22.906997 25.198648 27.51655 24.95744 23.419943 26.953013 27.925526 25.211554 26.342141 29.964848 29.270097 27.382174 30.374323 32.778295 31.382296 31.444957 27.843543 26.504483 26.952013 29.851676 31.631995 
23.831847 21.594778 18.260798 15.868741 13.006609 9.320652 6.410416 3.751083 0.0 3.850614 7.261673 9.730847 13.00238 15.193761 14.645732 11.618807 7.922845 5.264212 4.837474 6.308254 9.943098 12.918423 11.0528 10.279273 7.474231 8.880198 9.247278 10.917418 14.041741 15.604987 18.928392 22.187807 21.190724 21.174056 20.102782 21.780487 20.216501 19.356104 22.785113 24.559739 26.039732 23.584203 20.597645 19.550044 20.30006 18.274355 15.199849 15.756526 16.471492 13.339777 11.2453 13.416366 13.480934 9.780901 9.422654 12.807095 12.309855 13.121479 12.795077 10.784685 12.938993 13.617715 17.210857 18.707146 22.101633 25.264146 24.885033 22.758144 19.170526 18.268174 19.664499 21.587922 18.692602 16.684328 14.352792 14.049762 16.335946 15.923845 16.569192 13.555969 14.684914 13.747098 16.180992 18.495268 18.66012 17.912118 15.981938 18.099375 21.227344 20.409649 20.040169 23.308125 25.04491 24.451118 25.585011 22.319935 22.260127 25.020298 25.480472 25.351653 24.997278 26.56242 27.499017 29.836109 27.660137 24.822895 26.541169 26.529779 25.396321 27.415318 29.999151 27.693684 25.850797 29.223408 30.520085 27.782793 28.514863 32.242887 31.743033 29.571386 32.33782 34.986022 33.573608 33.262763 29.622413 27.869188 28.104567 31.274516 32.943358 
25.02781 23.172895 19.925863 18.10268 15.584331 12.002009 9.304771 5.694633 3.850614 0.0 3.765541 6.299288 9.616167 12.182567 12.319578 9.521422 6.203045 4.963775 6.753982 9.524464 12.809179 16.151562 14.621023 13.325726 9.968946 10.251301 9.135794 10.684836 13.008045 14.524898 18.14057 21.013408 19.420325 18.855042 17.288074 18.587793 16.885908 15.70464 19.13036 20.974291 22.440493 20.077938 17.029337 15.823253 16.828511 15.029479 11.703723 12.393159 13.621877 10.786365 8.36073 11.116691 11.887706 8.70026 8.328723 12.114855 12.486179 14.273 14.351731 12.152503 14.462135 14.922218 18.287129 19.714227 22.754969 26.098043 25.484853 23.306035 20.019328 18.797365 19.486994 21.239143 18.134903 16.884932 14.25173 14.550126 16.408033 16.182671 16.555952 13.623858 14.941348 13.838894 16.754549 19.027447 18.413161 17.430748 14.814135 16.803156 19.948262 18.781276 17.850487 21.239633 23.079139 22.04448 22.938207 19.47645 19.713387 22.695688 23.644471 23.564379 23.570238 25.500725 26.818401 29.514149 27.768852 24.802128 26.225199 26.55068 25.029984 26.618483 29.151377 26.87789 24.629326 27.760004 29.139741 26.185623 26.543065 30.300635 29.776527 27.271291 29.882542 32.650311 31.098691 30.492868 26.81474 24.772088 25.026138 28.354355 29.813318 
24.562952 23.093595 20.006619 18.8619 16.802 13.540039 11.331014 7.662002 7.261673 3.765541 0.0 3.817153 6.233541 8.59832 9.360468 7.338715 4.916677 6.184146 8.554618 12.054499 14.765943 18.398579 17.466356 16.048438 12.643481 11.893617 9.652908 10.263308 11.54533 12.536486 16.273579 18.687867 16.616344 15.783819 13.864125 15.131643 13.731173 12.524034 16.155726 17.642928 18.869565 16.372523 13.439932 12.323813 13.166672 11.26532 7.976992 8.968294 10.183941 7.455318 5.292735 8.725147 9.673039 7.306765 7.74537 11.361542 12.113004 14.753263 14.863606 12.452173 14.651693 14.920061 17.921448 19.386556 22.004864 25.517264 24.884283 22.906564 19.972166 18.812281 18.985787 20.851838 17.907337 17.265439 14.185499 14.581094 15.673316 15.323872 15.222541 12.469643 13.866383 12.819543 16.12845 18.111766 16.763619 15.523689 12.400982 14.222268 17.267055 15.872437 14.531915 17.961792 19.851147 18.58644 19.323183 15.797828 16.230056 19.378712 20.661659 20.803204 21.252736 23.309911 25.051142 27.951925 26.633772 23.496746 24.49928 25.003076 23.097023 24.337394 26.730381 24.465329 21.944728 24.872195 26.255429 23.167144 23.284901 27.030737 26.491543 23.808892 26.329605 29.149051 27.565336 26.821568 23.149084 21.02816 21.286517 24.63775 26.053339 
25.494707 24.512445 21.785493 20.767771 19.174339 15.906525 14.222829 10.787328 9.730847 6.299288 3.817153 0.0 3.819638 7.275642 7.950627 5.660338 5.132541 6.849277 10.248023 13.804172 16.208465 19.873954 19.082018 16.96756 13.318657 11.825381 8.794768 9.72464 10.206303 11.873275 15.497514 17.657725 15.378884 13.857674 11.910793 12.633389 10.621416 9.701473 13.136812 14.89641 16.708887 14.800847 11.366808 10.934459 12.625793 10.52336 7.253116 9.630964 11.226945 8.783359 7.639436 11.406778 12.391295 10.54631 11.440876 14.91469 15.627927 18.385269 18.165649 15.359107 16.949539 16.437489 18.984725 19.791028 22.056225 25.377638 24.214355 21.932638 19.367869 17.636512 17.109153 18.503196 15.39838 15.475234 12.613829 13.890204 14.959896 15.429153 15.847028 13.850211 15.975036 15.589419 19.149267 20.665158 18.942681 17.061388 13.699213 14.566473 17.858925 16.840684 14.721064 17.762458 20.207474 18.866015 18.846214 15.110479 15.133244 18.012034 19.47839 19.070265 19.346605 21.879336 23.542554 26.733648 25.675871 22.777124 23.909844 24.992092 23.223438 23.953066 26.594622 24.781088 21.888594 24.455578 26.299246 23.362902 22.885017 26.663647 26.562513 23.6671 25.735372 28.872877 27.535276 26.316672 22.804509 20.320083 19.996493 23.532738 25.030836 
25.30575 24.738683 22.269287 21.897352 20.742936 17.866063 16.567188 13.274109 13.00238 9.616167 6.233541 3.819638 0.0 3.839445 5.703297 5.458142 6.835029 9.78647 12.842541 16.619088 18.548826 22.315097 22.004324 19.965091 16.472977 14.445384 10.989997 10.794597 9.940197 10.745982 14.181595 15.620469 12.782299 10.829752 8.364898 9.0141 7.551938 6.919718 10.6652 11.706285 13.215171 11.171476 7.82148 8.024904 9.500449 7.034514 4.341421 7.73607 8.983207 7.155626 7.352685 10.934829 11.782519 11.047407 12.545893 15.455854 16.2992 19.520392 19.27102 16.439733 17.796088 17.131422 19.16903 19.965842 21.690565 25.076624 23.945721 21.983885 19.893133 18.373411 17.361263 18.870776 16.191123 16.847104 13.720648 14.888325 15.032487 15.332607 15.238584 13.691003 15.777261 15.584655 19.261715 20.366723 18.011595 15.882442 12.2376 12.599319 15.615364 14.499846 11.81149 14.662959 17.226426 15.690673 15.302557 11.514519 11.64246 14.640426 16.528647 16.369234 17.214915 19.846817 21.980225 25.329517 24.77931 21.773378 22.39277 23.662075 21.532161 21.810212 24.254097 22.536868 19.374428 21.607326 23.479692 20.483101 19.654585 23.376456 23.336548 20.271849 22.148372 25.365923 24.077489 22.668963 19.233504 16.663996 16.193029 19.752483 21.275659 
23.473499 23.224893 21.017179 21.304851 20.61495 18.266907 17.473559 14.571285 15.193761 12.182567 8.59832 7.275642 3.839445 0.0 3.795997 6.144834 8.235761 11.845229 14.232918 18.075589 19.445129 23.224255 23.472772 21.712829 18.538026 16.169239 12.686847 11.305 9.567394 9.004354 12.106338 12.920152 9.734275 8.041245 5.42246 7.221146 7.539695 7.891524 11.540339 11.285716 11.977489 9.367085 6.89959 8.000025 8.059988 4.509722 4.155203 7.487674 7.153635 5.598913 7.715358 10.59416 10.622823 10.831733 13.122869 15.303795 15.856063 19.324348 18.852403 16.034132 17.037787 16.306497 17.821909 18.766742 20.021763 23.493687 22.654624 21.212284 19.470191 18.505814 17.459428 19.405999 17.355778 18.052025 14.603806 15.15611 14.345376 14.111332 13.325641 12.197918 14.105793 14.237171 17.901766 18.476584 15.643909 13.292239 9.598641 9.488624 12.177504 11.115827 8.114449 10.833244 13.481927 12.132615 11.670039 7.977545 7.948372 11.148053 13.142979 13.55708 15.009045 17.340651 19.928866 23.206997 23.00021 19.804764 19.858561 21.045168 18.561622 18.633607 20.823872 19.063979 15.809512 17.937798 19.716764 16.69019 15.831009 19.554115 19.524719 16.525648 18.469385 21.665192 20.527588 19.275995 15.895715 13.675302 13.132493 16.479924 18.327362 
20.397464 20.373737 18.449881 18.746396 18.518903 16.355604 16.268892 13.910842 14.645732 12.319578 9.360468 7.950627 5.703297 3.795997 0.0 3.842722 6.842933 10.459335 12.544259 16.233784 17.008644 20.701769 21.375023 19.483564 16.599361 13.755269 10.276154 8.206418 5.92137 5.395095 8.600443 9.980198 7.452136 6.589681 5.900662 8.689368 9.017221 10.49359 13.861719 13.590623 14.686159 12.449541 10.009986 11.667169 11.748054 8.000617 7.787271 10.927363 10.021966 7.384997 9.777999 12.758347 11.845868 11.286892 14.205316 16.482539 16.168355 19.304877 18.107035 14.826854 15.069392 13.640888 14.806881 15.313771 16.507029 19.885943 18.910481 17.417465 15.728837 14.863218 13.924098 16.183541 14.477062 14.950369 11.371264 11.670713 10.597093 10.621814 10.370492 9.893111 12.602403 13.670446 17.431851 17.507065 14.986595 12.00656 8.782678 7.790981 11.194641 11.305206 8.777256 10.863796 14.002519 13.669337 13.111174 9.905115 8.363635 10.654453 11.609248 11.451893 12.208025 14.425508 16.665968 19.877967 19.417524 16.27723 16.704282 18.036476 15.990828 16.227755 18.878653 17.424062 14.295167 16.684966 18.866078 16.315237 15.633946 19.444485 19.923944 17.419541 19.298556 22.557184 21.976732 20.954475 17.853012 16.09939 14.998639 18.000901 20.43423 
20.706045 20.276073 18.08676 17.601854 16.981061 14.308675 14.011947 11.564621 11.618807 9.521422 7.338715 5.660338 5.458142 6.144834 3.842722 0.0 3.784763 6.954871 9.534858 13.169875 14.280471 17.986839 18.279466 16.097736 13.008025 10.228308 6.640577 5.491856 4.695985 6.40142 9.913242 12.291414 10.572894 9.824621 9.29324 11.341912 10.424225 11.423293 14.79702 15.461029 17.151576 15.16677 12.115419 13.185951 13.985002 10.625629 9.032766 12.060654 11.941327 8.723688 9.812682 13.276542 12.654481 10.936318 13.436496 16.342435 15.903368 18.638278 17.367205 13.915594 14.292448 12.778417 14.552889 14.869817 16.734557 19.999353 18.783644 16.715359 14.456341 13.07586 12.49789 14.569891 12.247743 12.253586 8.737356 9.476615 9.676022 10.308454 11.050949 10.062847 13.08482 14.023753 17.786311 18.298601 16.453909 13.702348 10.733087 10.444182 14.129317 14.243034 12.211298 14.549531 17.524982 17.16409 16.854314 13.510399 12.196331 14.345154 14.97279 14.274669 14.168574 16.453977 17.994239 21.103396 20.051365 17.135287 18.331944 19.59463 18.09506 18.770567 21.695321 20.250919 17.414334 20.042772 22.248701 19.794488 19.352137 23.166454 23.618872 21.18441 23.137924 26.369084 25.700871 24.699839 21.499174 19.573408 18.582118 21.727528 24.009942 
20.60044 19.486931 16.785409 15.726672 14.416235 11.352316 10.496914 7.840149 7.922845 6.203045 4.916677 5.132541 6.835029 8.235761 6.842933 3.784763 0.0 3.761256 6.185771 9.987187 11.71713 15.490704 15.356753 13.544247 10.380474 8.414656 5.638291 5.374359 6.928113 8.419271 12.037278 14.908417 13.530599 13.283327 12.499852 14.527393 13.445625 13.609451 17.177825 18.222446 19.735287 17.409094 14.402327 14.560821 15.20559 12.233536 9.916881 12.021789 12.065505 8.468463 8.43992 11.772947 11.185818 8.537071 10.639898 13.829176 13.262273 15.653962 14.536989 11.230779 12.201224 11.371087 13.992217 14.907838 17.469368 20.849244 20.036588 17.991449 15.087986 13.993289 14.32715 16.54166 13.978514 13.053258 9.651352 9.743685 10.791081 10.774316 11.380264 9.300434 11.831184 12.179183 15.769716 16.876747 15.644628 13.53068 10.811304 11.704413 15.276996 14.989735 13.706538 16.555342 19.009746 18.599795 18.978528 15.6548 14.905486 17.385596 17.900552 17.573185 17.422402 19.306288 20.65903 23.439121 21.917154 18.910501 20.274283 20.954993 19.518256 20.820919 23.599839 21.726344 19.292697 22.31799 24.117699 21.504879 21.623239 25.43404 25.46834 23.157273 25.517138 28.49997 27.53318 26.868177 23.453111 21.652691 21.213439 24.348032 26.42553 
21.541409 20.04249 17.205272 15.330725 13.555136 10.04567 8.865477 6.491629 5.264212 4.963775 6.184146 6.849277 9.78647 11.845229 10.459335 6.954871 3.761256 0.0 3.792028 7.096956 9.497323 13.075279 12.305693 10.279935 6.860121 5.728818 4.336659 6.104615 9.050855 11.239521 14.539305 17.786014 16.861598 16.701143 16.079335 17.866504 16.312065 16.250478 19.614364 21.148385 22.945151 20.790563 17.587189 17.449568 18.42233 15.735752 13.021872 14.787502 15.230153 11.699569 10.807188 13.918587 13.536696 10.209088 11.478599 14.917758 14.163154 15.80541 14.649903 11.52807 12.561749 11.857692 14.865479 15.614279 18.636652 21.749213 20.85969 18.49181 15.191211 13.855731 14.74647 16.677433 13.831302 12.199581 9.465997 9.65883 11.868374 12.18901 13.437364 11.23603 13.601356 13.807087 17.006638 18.429837 17.903917 16.113221 13.865254 14.977168 18.538595 18.339951 17.357846 20.212535 22.581279 22.229931 22.726121 19.389977 18.640692 21.001784 21.300972 20.701197 20.077301 21.888654 22.733017 25.302374 23.336192 20.610391 22.468706 23.021577 22.033584 23.62523 26.531514 24.694822 22.514209 25.65822 27.45887 24.960643 25.237804 29.035858 29.071053 26.854188 29.25856 32.210374 31.221194 30.60703 27.15942 25.314518 24.911735 28.091308 30.116942 
19.366377 17.386628 14.340536 12.04185 9.940018 6.335417 5.515569 4.594721 4.837474 6.753982 8.554618 10.248023 12.842541 14.232918 12.544259 9.534858 6.185771 3.792028 0.0 3.851875 6.234938 9.854742 9.329189 8.222368 5.822685 5.677832 6.280417 6.964544 10.48342 11.998208 14.922498 18.441256 18.084719 18.66529 18.406506 20.667344 19.549173 19.59213 23.095783 24.366306 25.874424 23.410161 20.49918 20.284901 20.722627 17.94341 15.534058 16.7937 16.631913 12.942939 12.219527 14.615758 13.531071 9.856849 11.242508 14.184758 12.603419 13.514184 11.862782 8.811171 9.661929 9.36521 12.755805 13.943746 17.367064 20.451236 20.103092 18.094618 14.46293 13.936688 15.721066 18.110358 15.762843 13.36128 10.714881 9.615052 11.827118 11.367683 12.475631 9.961443 11.864014 12.162884 14.881447 16.308114 16.530265 15.13405 13.680053 15.182271 18.503771 18.504522 18.296465 21.093398 23.125517 23.202907 24.145059 21.128531 20.312909 22.559215 22.399051 22.079964 21.359068 22.58532 23.235904 25.342264 22.993696 20.231311 22.147875 22.128829 21.365532 23.501363 26.276315 24.245012 22.584248 26.017163 27.530932 25.194323 26.005546 29.708638 29.604093 27.781808 30.450247 33.150155 32.218915 32.035496 28.61157 27.181256 26.973804 29.899959 32.0689 
19.682112 17.318995 14.345806 11.250822 8.828608 5.416737 5.183932 6.416611 6.308254 9.524464 12.054499 13.804172 16.619088 18.075589 16.233784 13.169875 9.987187 7.096956 3.851875 0.0 3.811449 6.656292 5.512548 5.174012 4.410911 6.165795 8.624735 9.672726 13.428716 15.031748 17.494358 21.183081 21.296723 22.134821 22.123895 24.422818 23.218834 23.28188 26.701699 28.104741 29.700333 27.260922 24.324433 24.047997 24.503543 21.773935 19.331261 20.411554 20.237221 16.589306 15.698613 17.744073 16.553817 12.785188 13.71166 16.327452 14.363411 14.277262 12.382021 9.925799 10.358187 10.248201 13.570449 14.611432 18.29176 20.97088 20.791877 18.794258 14.974782 14.698769 17.125845 19.399927 17.262874 14.23748 12.370428 10.93601 13.606228 13.186087 14.62482 12.336753 13.866561 14.233777 16.262962 17.697526 18.670407 17.592794 16.744834 18.27875 21.449773 21.656552 21.795859 24.478195 26.39317 26.691877 27.768954 24.864459 23.944982 26.019602 25.552421 25.122177 24.064292 25.014148 25.21973 26.943397 24.187227 21.732562 23.973078 23.680774 23.386168 25.829108 28.61645 26.637116 25.347137 28.876305 30.31907 28.191017 29.237569 32.867157 32.779559 31.183805 33.916815 36.519959 35.659926 35.64257 32.248598 30.94148 30.7456 33.59694 35.830978 
16.654112 14.352327 11.806669 8.505086 7.064954 4.911673 7.104642 9.271035 9.943098 12.809179 14.765943 16.208465 18.548826 19.445129 17.008644 14.280471 11.71713 9.497323 6.234938 3.811449 0.0 3.795064 5.109701 5.285721 6.372863 6.874839 9.611477 9.687737 13.263883 14.577466 16.317684 20.083581 20.873059 22.24868 22.852364 25.49654 24.639668 25.219019 28.623103 29.689271 31.239994 28.798481 26.008692 26.172383 26.380741 23.308243 21.334369 22.653625 21.958727 18.178179 17.997334 19.947549 18.138501 14.61753 16.223766 18.407288 15.843039 15.554631 12.861547 10.224144 9.256483 8.343513 11.098945 11.769878 15.503529 17.857273 17.903379 16.175955 12.34131 12.768833 15.785269 18.374598 16.93838 13.539077 11.864784 9.535753 11.98121 11.418503 13.229405 11.672393 13.395516 14.636576 16.429608 17.117315 18.39703 17.077096 16.908622 17.976567 21.019868 21.848421 22.269519 24.5059 26.473418 27.302155 28.319818 25.720252 24.335314 25.951445 24.933798 24.406151 23.023573 23.504465 23.321014 24.609172 21.572255 19.347916 21.795406 21.304837 21.517516 24.160761 26.995096 25.258757 24.334005 27.871174 29.366993 27.654644 28.866111 32.361224 32.526629 31.307764 33.974174 36.506072 36.000308 36.163691 32.975544 31.976715 31.54362 34.134499 36.682138 
17.348705 14.848581 12.755633 9.068078 7.996748 7.251698 9.604788 12.39688 12.918423 16.151562 18.398579 19.873954 22.315097 23.224255 20.701769 17.986839 15.490704 13.075279 9.854742 6.656292 3.795064 0.0 3.808398 5.62879 8.512135 9.701166 12.925259 13.158222 16.627957 17.916426 19.226404 22.971304 24.132307 25.701146 26.503748 29.186089 28.310211 28.942358 32.29302 33.407498 35.007429 32.581779 29.791306 29.95316 30.150174 27.081771 25.117149 26.351287 25.6144 21.862199 21.620564 23.373177 21.483676 17.9833 19.359393 21.281497 18.510685 17.572712 14.780567 12.787933 11.486517 10.752864 12.911128 13.291789 16.915915 18.660216 18.92121 17.377891 13.705325 14.462534 17.859149 20.267471 19.175767 15.481747 14.531113 12.145394 14.592782 14.095503 16.010144 14.777143 16.153243 17.444595 18.659126 19.203943 21.011281 19.935353 20.215136 21.240494 24.092021 25.102487 25.7665 27.859321 29.727061 30.757205 31.852811 29.373104 27.890259 29.330483 28.052325 27.445891 25.811639 26.006031 25.417589 26.268767 22.929844 21.114045 23.763522 23.025724 23.702689 26.537825 29.318204 27.700049 27.130286 30.671573 32.095765 30.623448 32.011657 35.394882 35.6062 34.613587 37.298391 39.731752 39.331293 39.639321 36.512731 35.639568 35.189543 37.686234 40.311067 
20.866703 18.262775 15.77982 12.059514 9.982572 8.16016 8.961379 11.367118 11.0528 14.621023 17.466356 19.082018 22.004324 23.472772 21.375023 18.279466 15.356753 12.305693 9.329189 5.512548 5.109701 3.808398 0.0 3.842584 6.816877 9.407371 12.870979 14.043462 17.78321 19.47515 21.33611 25.117285 25.801603 26.917008 27.261226 29.616212 28.342492 28.546722 31.842921 33.346219 35.078948 32.714448 29.733512 29.518946 30.015008 27.249158 24.835983 25.881321 25.652082 22.006367 21.114694 22.922386 21.5883 17.857384 18.532091 20.761155 18.465997 17.431836 15.309447 13.611218 13.332478 13.16635 15.88851 16.481525 20.171065 22.119446 22.094975 20.180523 16.428801 16.468183 19.502519 21.517843 19.818396 16.253815 15.457483 13.815612 16.725978 16.489752 18.308955 16.523698 17.789628 18.396667 19.688784 20.894741 22.586851 21.726301 21.502384 22.884596 25.896943 26.437525 26.87125 29.334514 31.196374 31.795931 32.927181 30.157985 29.018211 30.811098 29.947004 29.315422 27.816056 28.42602 28.02697 29.222146 26.015364 24.094299 26.719618 26.174349 26.536008 29.241127 32.05114 30.25964 29.39983 32.96125 34.384881 32.585794 33.837803 37.358137 37.385767 36.076431 38.815958 41.335695 40.643352 40.785253 37.470889 36.305182 36.023413 38.772647 41.142747 
21.375213 19.30448 17.007914 13.601482 11.987805 9.517414 10.125371 11.433945 10.279273 13.325726 16.048438 16.96756 19.965091 21.712829 19.483564 16.097736 13.544247 10.279935 8.222368 5.174012 5.285721 5.62879 3.842584 0.0 3.807956 6.293644 10.017041 11.833406 15.534859 17.844792 19.780554 23.554498 24.116924 24.867795 25.25702 27.361797 25.810059 26.178422 29.261688 30.915167 32.948113 30.89476 27.693431 27.725017 28.604188 25.756354 23.25658 24.771455 24.825987 21.118521 20.298789 22.660177 21.581764 17.837301 18.726545 21.462826 19.509146 19.178973 17.108332 14.731407 14.391507 13.450477 16.024463 15.999463 19.528281 21.452165 20.783909 18.347018 14.667003 13.924091 16.622279 18.268994 16.330438 12.837798 12.402821 11.455044 14.832137 15.395307 17.742169 16.271394 18.263685 19.131035 21.070261 22.146243 23.249697 21.835081 21.125597 22.07257 25.41235 26.061453 25.960687 28.346087 30.598741 31.053694 31.773794 28.808809 27.473673 29.154297 28.406529 27.376712 25.6711 26.6594 26.154113 27.656623 24.587108 22.807692 25.650797 25.655803 26.046998 28.367336 31.447044 29.933978 28.682646 32.058548 33.848944 32.041394 32.874494 36.494412 36.790601 35.245878 37.735042 40.51014 39.916933 39.717629 36.435406 35.000231 34.413789 37.310733 39.710008 
22.131844 20.269518 17.713786 14.715343 12.882162 9.651733 9.340904 9.344367 7.474231 9.968946 12.643481 13.318657 16.472977 18.538026 16.599361 13.008025 10.380474 6.860121 5.822685 4.410911 6.372863 8.512135 6.816877 3.807956 0.0 3.791131 7.021857 9.547278 13.227067 15.819477 18.257809 21.923716 21.958593 22.262219 22.290794 24.137222 22.379737 22.555933 25.610823 27.403693 29.501056 27.540547 24.233606 24.176506 25.277868 22.560596 19.868773 21.497835 21.876757 18.259086 17.244538 19.916514 19.233237 15.521894 16.330681 19.457422 18.004577 18.313789 16.635305 13.943255 14.178903 13.250848 16.109044 16.23755 19.666839 22.01353 21.072429 18.42074 14.786206 13.465383 15.481673 17.020712 14.494782 11.520141 10.542822 10.335352 13.751351 14.521601 16.718238 14.987494 17.222124 17.821375 20.252711 21.559394 22.096391 20.513949 19.196064 20.169469 23.680814 24.024892 23.52026 26.09055 28.460013 28.560899 29.128623 25.954846 24.8126 26.721951 26.38066 25.350676 23.904245 25.321456 25.206345 27.179876 24.472145 22.408906 25.040988 25.365309 25.310939 27.327459 30.438595 28.854644 27.195017 30.474362 32.354132 30.280523 30.833501 34.555343 34.798998 32.941964 35.356204 38.257988 37.507819 37.0709 33.712544 32.027226 31.457092 34.525912 36.757139 
20.175314 18.8641 16.639272 14.211376 13.161047 10.15056 10.56795 10.142639 8.880198 10.251301 11.893617 11.825381 14.445384 16.169239 13.755269 10.228308 8.414656 5.728818 5.677832 6.165795 6.874839 9.701166 9.407371 6.293644 3.791131 0.0 3.789048 6.205475 9.727028 12.61337 14.881896 18.499158 18.642322 18.95567 19.332904 21.291017 19.708626 20.400324 23.400394 24.903679 27.060247 25.238025 21.954492 22.420788 23.498277 20.46006 18.135005 20.281928 20.406835 16.696366 16.36526 19.356282 18.416754 15.002948 16.569902 19.706448 18.186388 19.087168 17.084533 13.818397 13.504988 11.745377 14.128423 13.766378 16.897664 19.283255 18.015921 15.218858 11.73634 10.099303 11.848188 13.598079 11.18307 8.29745 6.79784 6.798007 10.282515 11.582485 14.152546 13.014364 15.88544 17.076233 19.930117 20.729 20.788417 18.643652 17.205323 17.568618 21.223387 21.924717 21.13628 23.392883 26.057355 26.325664 26.557899 23.45238 21.92198 23.534263 23.055113 21.791094 20.199009 21.708001 21.569975 23.699343 21.16296 19.110503 21.780178 22.454809 22.443472 24.176151 27.437892 26.132823 24.295591 27.406336 29.543788 27.631232 27.937687 31.648315 32.185058 30.346203 32.54296 35.567811 35.070832 34.502574 31.300405 29.641273 28.738265 31.73047 34.16145 
20.377904 19.478354 17.282944 15.557275 14.712118 11.670912 11.766498 10.315647 9.247278 9.135794 9.652908 8.794768 10.989997 12.686847 10.276154 6.640577 5.638291 4.336659 6.280417 8.624735 9.611477 12.925259 12.870979 10.017041 7.021857 3.789048 0.0 3.780871 6.706998 9.932884 12.607504 15.956048 15.586791 15.483946 15.686751 17.523052 15.941665 16.781142 19.784373 21.158855 23.331683 21.611874 18.30064 19.005941 20.180779 17.072925 14.875548 17.401797 17.59505 14.0025 14.00194 17.320439 16.562115 13.561694 15.455118 18.705399 17.589895 19.216388 17.44455 13.930893 13.837302 11.93775 14.122029 13.800285 16.496408 19.202563 17.722665 14.942391 11.871784 9.906543 10.585713 12.388511 9.658595 7.909351 5.207734 6.207884 8.957171 10.500292 12.805157 11.799225 14.991589 16.18609 19.492249 20.189951 19.548856 17.0686 15.068917 15.113256 18.891223 19.477957 18.200428 20.430326 23.297472 23.349866 23.294991 20.079976 18.535787 20.216357 20.061725 18.766749 17.460191 19.372717 19.686388 22.267101 20.230801 17.921518 20.24842 21.297388 20.855635 22.160356 25.428356 24.175498 21.93162 24.843824 27.123654 25.066086 25.026481 28.7871 29.389711 27.31801 29.351779 32.508806 31.99795 31.197118 28.021747 26.201597 25.167272 28.242106 30.629615 
17.154997 16.547647 14.561109 13.518224 13.322373 10.891359 11.755124 10.677779 10.917418 10.684836 10.263308 9.72464 10.794597 11.305 8.206418 5.491856 5.374359 6.104615 6.964544 9.672726 9.687737 13.158222 14.043462 11.833406 9.547278 6.205475 3.780871 0.0 3.803221 6.432379 9.020288 12.51599 12.463557 13.045238 13.767933 16.257254 15.485468 16.794544 19.986071 20.679165 22.44393 20.453403 17.547836 18.626253 19.175325 15.691587 14.218998 16.77276 16.171505 12.468931 13.421767 16.463774 15.008938 12.420273 15.11538 17.878441 16.359074 18.204362 16.040151 12.292856 11.59633 9.221231 10.944549 10.695354 13.190142 16.193322 15.022061 12.734156 9.772788 8.695274 9.525287 12.253716 10.435299 8.854668 5.164413 4.402098 5.833711 6.893665 9.122787 8.603295 12.143869 13.95451 17.337361 17.477225 16.630885 13.816051 12.099071 11.737911 15.493316 16.500691 15.463644 17.387795 20.258475 20.745751 20.752032 17.86917 15.979101 17.417518 16.878264 15.837665 14.662656 16.186114 16.730056 19.222138 17.276111 14.627063 16.702799 17.628541 17.080295 18.466167 21.701705 20.449393 18.315168 21.311988 23.557487 21.663824 21.793364 25.498594 26.184816 24.384488 26.468146 29.523298 29.229334 28.66156 25.625597 24.187376 23.089605 25.876222 28.529574 
17.31948 17.446918 15.945043 15.736093 16.07808 14.060377 14.987882 13.614119 14.041741 13.008045 11.54533 10.206303 9.940197 9.567394 5.92137 4.695985 6.928113 9.050855 10.48342 13.428716 13.263883 16.627957 17.78321 15.534859 13.227067 9.727028 6.706998 3.803221 0.0 3.860233 6.319576 9.333139 9.036061 9.469424 10.711958 13.346821 13.044724 15.024502 18.002613 18.174173 19.874501 18.102657 15.416282 17.167931 17.616783 13.913556 13.195862 16.213471 15.353928 12.023815 13.810592 16.889666 15.403562 13.64034 16.69007 19.222785 17.946855 20.28251 18.192761 14.448515 13.571781 10.96875 11.746784 11.119361 12.611888 15.610062 14.141782 12.068123 10.085907 8.967901 8.510579 11.281134 9.965987 9.652596 5.939471 5.927889 5.197661 6.728807 8.602616 9.135846 12.846861 14.959312 18.52202 18.19039 16.636214 13.313338 11.335034 9.903921 13.653798 14.99652 13.404287 14.79024 18.044561 18.6205 18.095668 15.360979 12.971529 14.001203 13.454669 12.148683 11.078941 12.957744 13.897955 16.809818 15.495771 12.759857 14.449221 15.964278 15.166019 15.885852 19.213402 18.319526 15.783608 18.40819 20.985758 19.224314 18.882119 22.559865 23.585431 21.722481 23.466413 26.682299 26.65046 25.857417 23.049393 21.62196 20.111986 22.790384 25.625428 
15.29358 15.639916 14.279201 14.940338 15.648664 14.263489 15.434182 14.279772 15.604987 14.524898 12.536486 11.873275 10.745982 9.004354 5.395095 6.40142 8.419271 11.239521 11.998208 15.031748 14.577466 17.916426 19.47515 17.844792 15.819477 12.61337 9.932884 6.432379 3.860233 0.0 3.741394 6.595615 6.329997 8.008237 9.59412 12.954709 13.709747 15.730083 18.867334 18.339489 19.342693 17.141381 15.141035 16.96744 16.577974 12.723359 12.883392 15.519592 13.794806 10.679734 13.326788 15.803747 13.714717 12.682895 16.205612 18.082224 16.60458 19.138084 16.966701 13.38951 12.292165 9.889211 10.100468 10.123693 11.113343 14.518659 13.793783 12.717018 11.107143 11.198554 11.024249 14.16136 13.473425 13.13972 9.480964 8.328693 6.017748 5.529402 5.789189 6.91995 10.409829 12.866114 16.333269 15.500557 13.556937 9.97757 8.264074 6.212632 9.88036 11.601418 10.387664 11.467614 14.585546 15.617378 15.345692 13.102813 10.547927 11.495117 10.614302 10.207754 9.959723 11.130418 12.825646 15.546591 14.573078 11.272644 12.077446 13.213294 11.803224 12.637622 15.735736 14.567159 12.063731 14.918019 17.280659 15.51337 15.484334 19.137794 20.057727 18.470989 20.41684 23.434148 23.499802 23.06071 20.350931 19.428424 18.091086 20.39479 23.408376 
13.434168 14.648862 14.201465 15.464558 17.00577 16.296318 18.099895 17.469447 18.928392 18.14057 16.273579 15.497514 14.181595 12.106338 8.600443 9.913242 12.037278 14.539305 14.922498 17.494358 16.317684 19.226404 21.33611 19.780554 18.257809 14.881896 12.607504 9.020288 6.319576 3.741394 0.0 3.793951 5.727128 8.543206 11.260653 14.672889 15.904106 18.433585 21.23252 20.275507 21.157726 19.20088 17.598556 19.856465 19.262498 15.400511 16.137715 18.782727 16.732761 13.928107 16.86079 19.074177 16.670076 15.913581 19.577302 21.127031 19.325941 21.645073 19.110043 15.629464 13.763163 10.862071 9.703215 8.848153 8.594786 11.691658 10.953403 10.540605 9.918476 10.719205 10.450904 13.776472 14.118899 13.899385 10.740934 9.201155 5.711026 5.334732 5.822082 8.667505 11.940994 15.013804 18.100508 16.524142 14.671312 10.866127 10.212141 7.192653 10.021587 12.759041 11.878007 11.794373 14.954443 16.714348 16.150821 14.634936 11.442456 11.174467 9.1247 8.374611 7.542475 7.816185 9.36073 11.883081 11.099451 7.732574 8.420118 10.001227 9.092107 9.636325 13.08343 12.630178 10.417834 12.994762 15.707704 14.733613 14.672857 18.005727 19.486141 18.462166 20.06346 22.982895 23.644449 23.349762 21.121347 20.648965 18.917681 20.685117 24.063 
