0.0 3.891028 6.577903 9.770451 12.797843 16.06258 18.56968 19.952274 19.937182 16.179804 15.730069 18.253137 16.892959 13.408453 15.336699 17.568641 15.134375 13.385884 16.751282 17.415484 14.018247 13.644491 11.901495 11.554103 12.306458 12.877448 15.963909 16.780144 19.45016 19.740232 23.101311 22.269245 22.29316 20.531897 17.510121 17.227654 17.991724 15.098649 12.230352 11.47921 11.843142 9.449611 6.665421 8.376428 8.390436 4.789588 5.832083 9.176653 9.038798 7.929679 10.578793 9.371179 7.63138 6.625088 8.678931 10.509192 14.149223 16.434423 19.798917 21.72109 20.149972 20.095801 23.301355 24.103183 20.865056 21.557187 25.285944 24.777852 22.389448 25.092496 22.988746 25.4273 23.912831 20.888797 18.319128 18.610733 16.069628 16.945412 16.145566 16.932109 17.904755 19.58887 19.820686 21.70414 20.805474 21.26893 20.645448 20.453437 21.2425 21.385875 21.220571 19.088745 19.792083 17.328266 19.361142 19.760275 16.009637 15.296521 18.754078 18.334626 15.082644 17.369922 20.21914 18.560925 16.443257 
3.891028 0.0 3.842467 6.40955 9.443357 12.774019 15.37392 16.821788 17.330382 13.689066 12.944612 15.927916 15.16939 11.779621 13.704271 16.47403 14.747751 13.183227 16.856595 17.754487 14.402208 13.328965 10.66097 9.653503 9.324494 9.553046 12.307973 13.126454 15.793653 16.346093 19.759607 19.027883 19.500711 17.903405 14.570787 14.69372 16.000417 13.187036 10.123574 10.614838 11.286631 8.144049 6.223257 9.367509 9.167101 6.266308 8.787096 11.674909 11.189958 10.741152 12.558949 10.203784 7.467472 4.85898 5.427154 6.65463 10.289462 12.565948 15.909758 17.87801 16.413415 16.335884 19.472147 20.436068 17.279909 17.815755 21.602133 21.336496 19.043921 21.641469 19.448958 21.882162 20.520683 17.505038 15.119377 15.477055 13.326611 14.33977 14.266269 15.283605 16.971939 18.71228 18.233191 19.975549 18.748466 19.674821 18.805983 18.099746 18.81237 18.624619 18.651759 16.859024 18.145612 16.327063 18.780872 18.72055 14.859855 15.089954 18.519417 17.605153 14.839096 17.802521 20.195679 18.333794 16.908252 
6.577903 3.842467 0.0 3.854953 6.289148 9.609541 11.995305 13.590682 13.739942 10.009504 9.836337 12.888113 11.896744 8.905406 11.509564 14.03657 12.47368 11.79528 15.595913 17.245855 14.437168 13.775332 10.671744 10.473503 9.363155 10.278855 12.206401 13.433931 15.862014 16.677032 20.263905 19.988332 21.117949 19.854405 16.229372 16.679176 18.576657 15.979435 12.84168 13.960879 14.856122 11.490486 9.961612 13.209793 12.760123 9.694759 12.155978 15.036655 13.97319 12.851897 14.013002 11.592502 8.002957 6.195718 4.747116 6.183068 8.88808 11.527903 14.718851 16.484576 14.34557 13.992981 17.42736 17.989288 14.99018 16.235626 19.884459 19.385659 17.625813 20.582243 18.844796 21.643414 20.91899 18.199865 16.196237 16.182469 14.252506 14.544828 14.601529 14.855297 16.531039 17.582249 16.665516 18.910372 18.153448 19.755628 19.384821 18.742973 19.931493 19.815695 20.389592 19.14409 20.752731 19.395406 21.833924 21.295815 17.415064 18.004508 21.152727 19.66527 16.970398 20.126172 22.068759 19.674236 18.342941 
9.770451 6.40955 3.854953 0.0 3.870435 6.496033 9.60218 11.907147 12.69518 9.308613 9.42859 13.033526 12.671353 10.457601 13.077703 15.773398 14.87929 14.656893 18.424471 20.244676 17.59855 16.538787 13.038082 12.216997 9.905378 9.906822 10.6791 11.311924 13.087121 13.751692 17.419384 17.669093 19.237114 18.56613 14.749318 15.19074 17.742455 15.733287 12.464563 14.317096 15.810425 12.576158 11.421471 15.142227 15.123968 12.595045 15.145492 18.070784 17.302057 16.54509 17.692564 14.970484 11.347448 8.89102 6.029537 5.030146 6.498052 8.397271 11.755967 12.999296 10.692752 10.869423 14.412537 15.441532 12.956336 14.040037 17.743776 17.815465 16.490844 19.155736 17.262081 19.845233 19.286963 16.506811 15.000925 15.428491 14.386999 14.987606 15.955958 16.453055 18.685554 19.667375 18.071584 20.139246 19.086706 21.120228 20.443829 19.173148 20.043625 19.32157 19.840485 18.821449 21.062855 20.255858 23.091187 22.439176 18.688171 19.921796 23.066663 21.462658 19.275563 22.715966 24.428729 22.09389 21.257902 
12.797843 9.443357 6.289148 3.870435 0.0 3.800051 5.969878 8.038057 9.111562 6.152068 6.135316 9.85892 10.11543 8.705941 11.114241 13.751321 13.692448 13.981146 17.519567 19.642374 17.524334 16.459948 12.781588 12.39932 9.577508 10.271101 10.120706 11.533763 13.263619 14.689887 18.11112 18.419718 20.603586 19.93199 16.156494 17.305306 19.983754 17.943685 15.11879 17.486318 18.606298 15.097648 14.613155 18.277676 17.680217 15.242736 18.15117 20.754892 19.418157 18.5954 19.020993 16.054126 12.263101 10.315387 6.723001 6.001222 5.36123 7.836493 10.233852 11.668201 8.945272 8.063925 11.691649 12.074266 9.618216 11.424589 14.825804 14.586696 13.770366 16.693988 15.403474 18.343923 18.53216 16.376627 15.278755 15.041426 14.221645 14.054992 15.23186 15.188383 17.547184 18.065196 15.904324 18.067215 17.281572 19.874257 19.568849 18.348889 19.658413 19.153862 20.336037 20.025663 22.341025 22.037641 24.688626 23.475522 19.846166 21.445414 24.187553 22.033231 20.122022 23.719861 24.877422 22.187799 21.710435 
16.06258 12.774019 9.609541 6.496033 3.800051 0.0 3.872187 7.330396 8.549814 6.686388 7.864684 11.187248 11.597447 11.31703 13.795049 15.981763 16.214712 17.10997 20.467701 22.875514 21.0402 20.068529 16.386037 15.97987 12.859573 13.100713 12.003428 12.806733 13.533554 14.662965 17.95601 18.964205 21.529374 21.481262 17.724611 18.711487 21.818395 20.309878 17.43371 19.975119 21.517034 18.219678 17.661895 21.454348 21.182652 18.796142 21.53861 24.316627 23.141617 22.23116 22.726988 19.831666 16.017467 14.089749 10.460574 9.03043 7.166771 8.118524 9.944765 10.221934 6.698938 6.418664 10.187713 10.71433 9.472786 11.52592 14.499271 14.701985 14.791506 17.412477 16.341436 19.038648 19.616201 17.638466 17.119996 17.162085 17.014068 16.88382 18.447727 18.294781 20.711726 20.887516 18.373752 20.560235 19.879989 22.79355 22.496541 21.010524 22.175965 21.307051 22.475999 22.358644 25.033347 25.027091 27.862662 26.622521 23.11409 24.946268 27.672395 25.470656 23.764072 27.418368 28.459829 25.748247 25.411572 
18.56968 15.37392 11.995305 9.60218 5.969878 3.872187 0.0 3.821712 5.29768 5.154248 6.316444 8.779968 9.84127 10.653643 12.603618 14.383548 15.404596 16.733252 19.653124 22.253316 20.991237 20.153912 16.603627 16.715217 13.651772 14.579933 13.155608 14.690219 15.576489 17.324579 20.273401 21.104124 23.978453 23.734514 20.123241 21.629548 24.61286 22.909922 20.373063 23.096127 24.23326 20.712449 20.522242 24.200988 23.428054 21.040194 24.000765 26.506794 24.854453 23.847879 23.752186 20.808927 17.049656 15.681882 12.042935 11.272419 8.850237 10.250592 10.828481 11.420988 8.094865 6.168385 9.348282 8.500868 7.566163 10.621868 12.823178 12.394427 13.200367 16.063303 15.847636 18.857262 20.144836 18.854426 18.560409 17.907336 17.742559 16.850547 18.318068 17.569739 19.84857 19.497148 16.612734 18.867132 18.625689 21.926407 22.102409 20.876505 22.503402 22.021246 23.766687 24.185178 26.715268 26.980497 29.540611 27.868271 24.489641 26.444392 28.791935 26.176898 24.636685 28.286934 28.862807 25.870466 25.761186 
19.952274 16.821788 13.590682 11.907147 8.038057 7.330396 3.821712 0.0 3.855199 5.505853 5.011005 6.233812 8.532173 9.877688 10.765781 12.434228 14.348578 15.627017 18.07341 20.560081 19.744076 18.848816 15.524572 16.004497 13.159942 14.73713 13.275177 15.590032 16.938437 19.323575 21.973927 22.325604 25.307202 24.651716 21.251466 23.29961 25.984689 23.978556 21.876148 24.742258 25.339209 21.640657 21.932267 25.409998 24.076936 21.857198 25.076815 27.165285 25.06728 24.174589 23.477336 20.429752 16.919096 16.004069 12.561071 12.427398 9.901961 11.90445 11.631098 13.016479 10.436453 7.327018 9.454255 7.227846 5.781277 9.535215 11.03078 9.638697 10.744201 13.918678 14.496782 17.834213 19.619299 18.967914 18.710619 17.309936 16.982151 15.362882 16.670079 15.46191 17.657946 17.013284 13.797268 15.900861 15.958431 19.506268 20.08383 19.170232 21.240905 21.254205 23.537417 24.433049 26.681054 27.173306 29.378388 27.291799 24.106555 26.150463 28.062148 25.088225 23.781897 27.376799 27.472325 24.302663 24.501658 
19.937182 17.330382 13.739942 12.69518 9.111562 8.549814 5.29768 3.855199 0.0 3.845869 5.454265 5.297024 6.093492 8.60026 10.116262 10.673506 12.285088 14.408574 16.602343 19.600537 19.213655 19.073492 16.066493 17.322233 15.061873 17.119605 16.292939 18.645979 20.137569 22.215558 25.136248 25.5673 28.356034 27.622185 24.082302 25.845037 28.483409 26.282283 23.88196 26.34443 26.976774 23.220672 23.024322 26.368358 25.022167 22.357696 25.270172 27.498898 25.246194 23.798034 23.015951 20.435849 16.891585 16.692509 13.642725 14.269715 12.506724 14.812737 15.136718 16.314633 13.271405 10.704544 13.148585 10.892117 9.570887 13.326049 14.759397 12.955711 13.969843 17.390245 18.090539 21.539049 23.197222 22.356458 21.804526 20.361976 19.502204 17.642075 18.231451 16.409969 17.888485 16.586597 13.794206 16.620028 17.457058 20.910198 22.006932 21.629598 23.993567 24.31906 26.561353 27.191121 29.222651 29.314685 31.393551 29.431454 26.067642 27.674657 29.651212 26.712663 24.958059 28.334101 28.566285 25.178057 24.892822 
16.179804 13.689066 10.009504 9.308613 6.152068 6.686388 5.154248 5.505853 3.845869 0.0 3.87266 5.594062 5.040324 6.072452 8.701383 9.857148 10.41832 12.206082 15.020963 17.95802 17.007815 16.909172 13.750425 14.927237 12.842424 14.869314 14.684523 16.893319 18.668616 20.44769 23.675044 23.994331 26.427409 25.575619 21.90986 23.356612 25.891695 23.570431 20.92544 23.085598 23.806407 20.09289 19.560216 22.873313 21.702858 18.856002 21.61984 24.020848 21.956804 20.414225 19.997461 17.490899 13.773274 13.469709 10.532502 11.448131 10.500956 13.170137 14.415064 15.78074 12.633107 10.617707 13.780581 12.413043 10.293835 13.580408 15.905225 14.434323 14.528825 18.052354 18.035216 21.468299 22.508004 21.106256 20.147951 19.009461 17.783058 16.325965 16.700932 15.206527 16.702825 15.888056 13.590838 16.57266 17.092074 20.16763 20.991429 20.607713 22.790477 23.04561 24.921583 25.078059 27.027651 26.731358 28.901255 27.267611 23.696993 25.031182 27.315379 24.672633 22.577457 25.927163 26.600804 23.336259 22.686894 
15.730069 12.944612 9.836337 9.42859 6.135316 7.864684 6.316444 5.011005 5.454265 3.87266 0.0 3.807827 5.443562 5.205007 6.350321 8.723037 10.10053 10.855733 13.662206 16.042332 14.920905 14.191544 10.890157 11.876699 9.710503 12.12312 11.978022 14.785481 17.062589 19.400079 22.383129 22.167281 24.599914 23.349448 19.886792 21.838466 24.073924 21.524206 19.36133 21.792885 22.009075 18.17892 18.324465 21.515552 19.881562 17.469497 20.661491 22.598071 20.297325 19.282543 18.481042 15.519857 12.012398 11.550564 8.561877 9.733825 8.672728 11.894466 12.711638 14.912831 12.506659 9.80424 12.502994 11.014795 7.981516 11.020575 13.415651 11.641335 11.122133 14.791346 14.844638 18.438348 19.516334 18.413339 17.379832 15.765172 14.407488 12.626235 13.099414 11.702865 13.633752 13.264867 10.623551 13.180658 13.340817 16.470797 17.213218 16.836169 19.16983 19.681736 21.845055 22.313502 24.082404 24.030614 25.999116 24.070238 20.660799 22.22325 24.222298 21.361111 19.580019 23.034072 23.396265 20.148476 19.931549 
18.253137 15.927916 12.888113 13.033526 9.85892 11.187248 8.779968 6.233812 5.297024 5.594062 3.807827 0.0 3.806805 5.468727 5.24124 6.277881 8.810393 10.20506 12.096073 14.746156 14.556729 14.367481 11.743251 13.605336 12.146095 15.076074 15.01266 18.131242 20.491098 23.029103 25.868389 25.520419 28.008775 26.565987 23.252626 25.399723 27.458886 24.730303 22.772793 25.10131 24.996851 21.123708 21.364554 24.275649 22.263849 19.815938 22.930456 24.572156 21.848803 20.602027 19.178944 16.535692 13.437919 13.906823 11.555651 13.277807 12.278431 15.480653 15.821036 18.070716 15.718715 12.6713 14.821063 12.475696 9.765261 13.113887 14.662171 12.037492 11.934482 15.753298 16.624302 20.363314 21.852986 21.23806 20.250888 18.12561 16.53248 14.017945 13.86299 11.499765 12.677696 11.325143 8.540655 11.563661 12.763197 16.067906 17.611591 17.884612 20.722655 21.774568 24.321039 25.077466 26.530431 26.511528 28.094853 25.89389 22.658733 24.045228 25.627138 22.492191 20.735946 23.921194 23.858062 20.331509 20.136771 
16.892959 15.16939 11.896744 12.671353 10.11543 11.597447 9.84127 8.532173 6.093492 5.040324 5.443562 3.806805 0.0 3.804801 5.521338 5.09577 6.206049 8.687355 10.708415 13.967535 13.875155 14.547274 12.215869 14.584118 13.636439 16.614214 17.11936 19.969931 22.339309 24.438904 27.594202 27.403934 29.636812 28.228226 24.744585 26.445329 28.498159 25.687561 23.34342 25.19142 25.266043 21.454946 21.060312 23.838206 22.023646 19.102423 21.777028 23.678116 21.000873 19.149935 17.922509 15.858783 12.670097 13.725169 11.845255 14.051601 13.800782 17.061069 18.111655 20.074385 17.277416 14.789265 17.498156 15.490877 12.906278 16.229101 18.140498 15.745287 15.503008 19.331719 19.855808 23.555211 24.693456 23.630901 22.357987 20.542532 18.587599 16.340529 15.655261 13.175301 13.642024 11.986543 10.233114 13.796514 15.324527 18.20196 19.869937 20.406383 23.194462 24.254711 26.48576 26.77267 28.113768 27.599179 29.195617 27.343731 23.87983 24.767799 26.61695 23.764258 21.458796 24.40629 24.771605 21.208542 20.325815 
13.408453 11.779621 8.905406 10.457601 8.705941 11.31703 10.653643 9.877688 8.60026 6.072452 5.205007 5.468727 3.804801 0.0 3.802619 5.34839 5.172998 6.150535 9.201725 11.990857 11.021644 11.426248 8.875907 11.230333 10.694936 13.792545 14.980305 17.83694 20.575404 22.597074 25.820333 25.31663 27.198777 25.531991 22.103397 23.710581 25.483565 22.485215 20.187876 21.822245 21.705527 17.917966 17.523186 20.14867 18.244439 15.340145 18.090254 19.910183 17.261964 15.567237 14.493015 12.224529 8.896906 10.006676 8.566312 11.362634 11.979623 15.540412 17.080412 19.398337 16.912782 14.685208 17.585107 16.203689 13.016094 15.721784 18.221608 16.116224 15.00502 18.779932 18.717372 22.337974 22.941362 21.548586 19.911807 18.211408 15.866527 13.921301 12.97483 10.922933 11.57638 10.835952 9.589203 12.908862 13.853075 16.263216 17.575035 18.114643 20.737005 21.831421 23.804355 23.782317 24.929706 24.147853 25.715769 24.062055 20.494756 21.182975 23.200469 20.560133 18.036505 21.002967 21.68886 18.27083 17.191611 
15.336699 13.704271 11.509564 13.077703 11.114241 13.795049 12.603618 10.765781 10.116262 8.701383 6.350321 5.24124 5.521338 3.802619 0.0 3.843813 5.707541 5.417913 7.575509 9.801712 9.317119 9.367519 7.280831 10.122932 10.127992 13.718152 14.923534 18.283208 21.327221 23.825556 26.73613 25.797498 27.710473 25.673925 22.550493 24.644371 26.086767 22.883148 21.15652 22.975739 22.277348 18.459158 18.757106 21.077752 18.589592 16.200836 19.232555 20.393403 17.324951 16.103578 14.238469 11.733889 9.157336 10.635043 9.648934 12.60724 13.016654 16.726667 17.66207 20.470164 18.500709 15.750768 18.040924 16.286354 12.843603 15.311016 17.370608 14.764331 13.326541 17.110512 17.494523 21.205189 22.024221 21.160282 19.535191 17.198493 14.632048 11.969448 10.547714 7.788653 8.229685 7.313282 5.805443 9.161627 10.490569 12.940843 14.743531 15.778164 18.820992 20.46284 22.863432 23.278356 24.077044 23.558217 24.698994 22.619223 19.356285 20.147346 21.60081 18.586158 16.403021 19.277437 19.363858 15.757507 15.142705 
17.568641 16.47403 14.03657 15.773398 13.751321 15.981763 14.383548 12.434228 10.673506 9.857148 8.723037 6.277881 5.09577 5.34839 3.843813 0.0 3.884553 5.605531 6.208713 9.397166 10.235032 11.503518 10.368304 13.650578 13.948141 17.527438 18.679756 21.982378 24.893281 27.290789 30.290337 29.512925 31.466292 29.485009 26.311809 28.280145 29.763444 26.538462 24.668716 26.257773 25.607048 21.844852 21.807349 23.955938 21.484344 18.83018 21.460778 22.628887 19.407991 17.625991 15.48621 13.796076 11.599956 13.761907 13.061443 16.083821 16.435542 20.059877 20.970335 23.528397 21.220993 18.452477 20.772843 18.605206 15.554321 18.437745 20.123577 17.206839 16.30745 20.1261 20.910636 24.669983 25.70939 24.94796 23.372119 20.99816 18.410306 15.596469 13.841606 10.594965 9.825661 7.440185 6.80258 10.64306 13.006328 15.322117 17.708903 19.159222 22.377968 24.196173 26.664611 27.070256 27.746963 27.076378 28.036227 25.986595 22.78394 23.250392 24.549883 21.563031 19.20717 21.665049 21.649743 17.919446 16.937502 
15.134375 14.747751 12.47368 14.87929 13.692448 16.214712 15.404596 14.348578 12.285088 10.41832 10.10053 8.810393 6.206049 5.172998 5.707541 3.884553 0.0 3.837037 5.314771 8.909034 9.21927 11.276156 10.368885 13.764536 14.47961 17.894414 19.586183 22.565871 25.507286 27.481879 30.728122 30.024938 31.649248 29.683783 26.408526 27.921321 29.318657 26.047078 23.871011 24.942248 24.436779 20.834439 20.206512 22.134018 19.909851 16.870964 19.009202 20.402983 17.332715 14.987822 13.200762 12.158107 9.964505 12.621922 12.552367 15.892477 16.987398 20.608998 22.175982 24.569379 22.050071 19.792953 22.582174 20.880932 17.739635 20.489489 22.686788 20.129389 18.966727 22.775531 23.029611 26.701253 27.279386 26.010763 24.144964 22.180008 19.331015 17.032593 15.030817 12.237396 11.213637 9.460832 9.856316 13.5135 15.484058 17.274356 19.3564 20.791949 23.749409 25.422888 27.46025 27.333732 27.914137 26.732859 27.75441 26.16457 22.746653 22.713159 24.378307 21.835424 18.938798 21.167223 21.779589 18.216929 16.479408 
13.385884 13.183227 11.79528 14.656893 13.981146 17.10997 16.733252 15.627017 14.408574 12.206082 10.855733 10.20506 8.687355 6.150535 5.417913 5.605531 3.837037 0.0 3.805391 6.191759 5.514494 7.52948 7.145269 10.799982 12.334404 15.86204 18.080873 21.154469 24.430197 26.505177 29.612566 28.486907 29.811593 27.496529 24.468747 26.087531 27.066515 23.58577 21.766623 22.699004 21.725978 18.212065 17.930598 19.483656 16.870522 14.163701 16.472704 17.373144 14.058863 12.126353 9.911284 8.602756 6.993249 10.149167 10.965752 14.658906 16.284385 20.027727 21.661067 24.440313 22.390309 20.149773 22.786027 21.408808 17.874843 20.037778 22.437064 19.996203 18.152733 21.780142 21.735148 25.275954 25.492201 24.19719 22.076343 20.004205 16.793699 14.578664 12.088385 9.55359 8.332419 7.648877 8.779716 11.846976 13.346731 14.506075 16.421603 18.090719 20.992503 22.906622 24.848343 24.632255 24.847069 23.530724 24.286924 22.715713 19.392447 19.141175 20.674027 18.210423 15.217428 17.339331 18.015499 14.519575 12.673579 
16.751282 16.856595 15.595913 18.424471 17.519567 20.467701 19.653124 18.07341 16.602343 15.020963 13.662206 12.096073 10.708415 9.201725 7.575509 6.208713 5.314771 3.805391 0.0 3.802507 5.713606 8.644022 9.597835 13.452378 15.352849 19.023267 21.18242 24.454471 27.804109 30.057741 33.056086 31.782501 33.11678 30.623526 27.766428 29.551757 30.341231 26.7567 25.19631 26.050109 24.77105 21.374699 21.271503 22.458923 19.576757 17.133596 19.190576 19.588166 16.014476 14.077669 11.150775 10.664696 10.171492 13.56599 14.586355 18.265113 19.702634 23.477139 24.815695 27.702969 25.699511 23.197818 25.586777 23.829386 20.378161 22.630786 24.614473 21.787617 20.055154 23.640067 24.035583 27.612491 28.039752 27.090901 25.006059 22.593956 19.287085 16.657763 13.716319 10.617303 8.126108 6.299128 8.681833 11.602863 13.9402 14.742801 17.34489 19.63493 22.829482 25.180052 27.363709 27.369935 27.245026 25.96169 26.260026 24.503168 21.511999 21.021738 21.995407 19.424882 16.592032 18.121362 18.299568 14.712185 12.835042 
17.415484 17.754487 17.245855 20.244676 19.642374 22.875514 22.253316 20.560081 19.600537 17.95802 16.042332 14.746156 13.967535 11.990857 9.801712 9.397166 8.909034 6.191759 3.802507 0.0 3.854354 6.875128 9.261819 12.937092 15.587669 19.18756 21.673183 24.992357 28.566085 30.927524 33.718454 32.046284 33.101357 30.268549 27.765567 29.675721 30.002714 26.269031 25.18503 25.870404 24.068754 20.924881 21.227793 21.878427 18.615763 16.763798 18.765333 18.418661 14.645181 13.317154 9.785708 9.567243 10.406406 13.874226 15.579447 19.294454 21.006252 24.76772 26.023753 29.196058 27.60417 25.080849 27.230603 25.64333 22.002563 23.756409 25.713703 22.93277 20.727727 24.015355 24.301568 27.682875 27.857968 27.048904 24.808062 22.231238 18.682824 16.085013 12.629738 9.84005 6.604529 5.958735 9.334059 11.124092 13.150856 12.966173 15.626964 18.392232 21.554169 24.274009 26.419081 26.443371 25.812627 24.449836 24.244409 22.446536 19.819387 18.996272 19.477382 17.00334 14.275786 15.246693 15.166777 11.697935 9.726949 
14.018247 14.402208 14.437168 17.59855 17.524334 21.0402 20.991237 19.744076 19.213655 17.007815 14.920905 14.556729 13.875155 11.021644 9.317119 10.235032 9.21927 5.514494 5.713606 3.854354 0.0 3.803657 6.329571 9.764321 12.762163 16.131962 18.984379 22.075007 25.707645 27.88472 30.686114 28.936052 29.75512 26.891358 24.415839 26.159096 26.364187 22.611666 21.52589 22.076258 20.23834 17.151141 17.460628 18.045319 14.76896 12.980236 15.136925 14.807045 11.051997 10.036186 6.658414 5.744319 6.940031 10.395401 12.616923 16.348885 18.506548 22.183053 23.746123 26.936533 25.523014 23.314297 25.597761 24.51132 20.712019 22.087147 24.480126 22.135104 19.560541 22.731902 22.446618 25.669533 25.413894 24.249663 21.820716 19.553663 15.876501 13.818374 10.412313 8.532318 6.358675 7.549163 10.061469 11.607434 12.538481 12.167414 13.993288 16.352608 19.148377 21.611939 23.407324 23.102366 22.489577 20.910935 20.904213 19.365954 16.488986 15.57053 16.506018 14.270653 11.147246 12.499993 13.109166 9.779821 7.412198 
13.644491 13.328965 13.775332 16.538787 16.459948 20.068529 20.153912 18.848816 19.073492 16.909172 14.191544 14.367481 14.547274 11.426248 9.367519 11.503518 11.276156 7.52948 8.644022 6.875128 3.803657 0.0 3.803259 6.559749 9.911974 13.150225 16.054657 19.190574 22.928447 25.294121 27.842163 25.833453 26.624427 23.609796 21.347919 23.377161 23.43084 19.663447 18.990723 19.896469 17.800684 14.659681 15.689998 16.402329 12.882443 11.773815 14.575846 14.032774 10.438751 10.632372 7.804731 5.152981 6.32243 8.684234 10.870563 14.280074 16.372782 19.920327 21.26171 24.662366 23.719543 21.501855 23.477575 22.670612 18.785352 19.603675 22.035647 19.961745 16.995679 19.855264 19.321212 22.356577 21.927873 20.874527 18.433085 16.039874 12.304482 10.341515 6.840558 5.890263 5.06484 7.958126 9.548572 10.148712 9.961483 9.288138 10.488859 12.675942 15.367204 17.881222 19.726641 19.603228 18.960678 17.685258 17.712006 15.882501 13.031225 12.586501 13.453506 10.86922 8.03221 10.163025 10.564062 7.148107 5.83559 
11.901495 10.66097 10.671744 13.038082 12.781588 16.386037 16.603627 15.524572 16.066493 13.750425 10.890157 11.743251 12.215869 8.875907 7.280831 10.368304 10.368885 7.145269 9.597835 9.261819 6.329571 3.803259 0.0 3.858228 6.452155 9.937783 12.664221 15.836904 19.492803 21.874551 24.543887 22.793692 23.879436 21.162386 18.546166 20.619915 21.154723 17.543771 16.495868 17.892027 16.319934 12.754737 13.759297 15.318321 12.213671 10.722384 14.069665 14.369713 11.25834 11.342734 9.543852 5.991363 4.731811 5.961559 7.294605 10.659558 12.603067 16.200453 17.616216 20.939148 19.921679 17.770313 19.875675 19.251863 15.360642 16.218957 18.925706 17.112594 14.224498 17.248704 16.481455 19.648185 19.303573 18.027578 15.695018 13.477606 9.957966 8.122033 5.601585 5.104798 6.382213 8.83842 8.939354 9.995619 9.259249 9.803467 10.369052 11.525321 14.077389 16.006236 17.870556 17.780669 17.858254 16.884966 17.686789 15.837281 12.520872 12.919286 14.472105 11.778491 9.243892 12.32637 12.955022 9.7876 9.159091 
11.554103 9.653503 10.473503 12.216997 12.39932 15.97987 16.715217 16.004497 17.322233 14.927237 11.876699 13.605336 14.584118 11.230333 10.122932 13.650578 13.764536 10.799982 13.452378 12.937092 9.764321 6.559749 3.858228 0.0 3.858221 6.619213 9.762603 12.695573 16.465869 18.855562 21.300327 19.286961 20.20104 17.362413 14.904288 17.134016 17.511681 13.915696 13.229677 14.971365 13.276026 9.703499 11.485844 13.227346 10.253497 9.613474 13.338516 13.598163 11.185739 12.263211 11.34156 7.469134 6.33354 5.078108 6.217787 8.61994 10.768141 13.968214 15.401448 18.833529 18.402487 16.593609 18.45257 18.488797 14.652921 14.637877 17.631568 16.508593 13.233286 15.69392 14.200876 16.974629 16.10529 14.571638 12.066521 10.105309 6.495693 5.853439 4.688413 6.696951 9.194448 12.139003 11.629605 11.865551 9.845884 10.15131 9.233767 9.280025 11.09435 12.577077 14.139561 13.937286 14.206126 13.457772 14.66018 12.831805 9.323732 10.457967 12.396782 9.879193 7.922288 11.633205 12.504104 10.118926 10.26835 
12.306458 9.324494 9.363155 9.905378 9.577508 12.859573 13.651772 13.159942 15.061873 12.842424 9.710503 12.146095 13.636439 10.694936 10.127992 13.948141 14.47961 12.334404 15.352849 15.587669 12.762163 9.911974 6.452155 3.858221 0.0 3.795021 6.232988 9.433171 13.098671 15.706578 18.21368 16.536269 18.002874 15.640825 12.762949 15.222624 16.319952 13.164721 12.12438 14.673597 13.767746 10.025493 11.773686 14.413673 12.22692 11.383044 15.19071 16.142571 14.236852 15.046065 14.588279 10.74677 8.482245 6.056335 4.62224 5.698746 7.075987 10.27561 11.571155 15.007686 14.647944 12.846605 14.677361 14.988572 11.260329 11.06977 14.351417 13.674658 10.602477 13.0666 11.293375 14.20005 13.58262 11.907065 9.756546 8.008047 5.405604 5.24586 6.442408 8.253481 11.448351 13.80223 12.248426 12.660254 10.401874 11.793442 10.585561 9.433809 10.893537 11.449119 13.136041 13.246786 14.518758 14.433049 16.345581 14.476743 11.03968 13.033398 15.155675 12.65094 11.374173 15.20526 15.901572 13.603418 14.0768 
12.877448 9.553046 10.278855 9.906822 10.271101 13.100713 14.579933 14.73713 17.119605 14.869314 12.12312 15.076074 16.614214 13.792545 13.718152 17.527438 17.894414 15.86204 19.023267 19.18756 16.131962 13.150225 9.937783 6.619213 3.795021 0.0 3.819048 6.093991 9.875443 12.359629 14.703884 12.865877 14.214369 11.959109 8.975213 11.562769 12.798989 9.958992 9.092933 12.217284 11.673383 8.272666 10.498382 13.39223 11.934998 11.765283 15.430357 16.521512 15.428651 16.71395 16.938142 13.193749 11.124566 7.787175 6.219037 4.887896 6.23272 8.257288 9.782082 13.072523 13.427256 12.395496 13.966172 15.222354 11.965534 10.753535 14.311884 14.631719 11.620011 13.200906 10.47295 12.61548 11.221131 8.793512 6.450086 5.985168 4.7525 6.904326 9.185333 11.723735 15.027914 17.551463 15.899956 16.007708 13.283422 14.414893 12.338434 10.148973 10.271319 9.575767 10.47579 10.256935 12.25344 12.508126 15.08045 13.592621 10.303666 12.854412 15.314808 13.403067 12.669394 16.489404 17.467872 15.847861 16.526816 
15.963909 12.307973 12.206401 10.6791 10.120706 12.003428 13.155608 13.275177 16.292939 14.684523 11.978022 15.01266 17.11936 14.980305 14.923534 18.679756 19.586183 18.080873 21.18242 21.673183 18.984379 16.054657 12.664221 9.762603 6.232988 3.819048 0.0 3.822698 7.260085 10.478602 12.513772 11.025338 13.297465 11.735924 8.739611 11.762217 13.670794 11.698021 10.964382 14.598937 14.583806 11.542128 13.622139 16.763643 15.641579 15.408407 19.003021 20.280925 19.222879 20.344752 20.464483 16.67592 14.288601 11.106509 8.565909 6.12571 4.92964 5.875517 6.262249 9.796463 10.744489 9.613891 10.5525 12.207867 9.451416 7.475757 11.075082 12.103779 9.52615 10.58313 7.562488 9.627759 8.77339 6.629401 5.523627 5.27533 6.324307 8.035484 11.224673 13.436872 17.019284 19.166101 16.853963 16.824339 14.021179 15.783587 13.70356 10.914068 10.817327 9.352879 10.623351 11.264223 13.942837 15.033042 17.726744 15.986049 13.203629 16.187779 18.325642 16.197755 15.992077 19.834446 20.386923 18.690435 19.74475 
16.780144 13.126454 13.433931 11.311924 11.533763 12.806733 14.690219 15.590032 18.645979 16.893319 14.785481 18.131242 19.969931 17.83694 18.283208 21.982378 22.565871 21.154469 24.454471 24.992357 22.075007 19.190574 15.836904 12.695573 9.433171 6.093991 3.822698 0.0 3.814555 6.801102 8.824918 7.533841 9.920896 9.121965 5.840859 8.616486 11.098966 10.06791 9.267509 13.151688 13.851962 11.512518 13.400044 16.631545 16.335738 16.386287 19.630199 21.145679 20.754979 22.028752 22.720019 19.086334 16.72304 13.142791 10.743885 7.388556 6.400967 5.018171 5.965928 8.459027 10.174215 10.381098 11.171528 13.79561 11.845975 9.479511 12.952564 14.804154 12.689417 13.05437 9.592952 10.413806 8.717359 5.435108 4.934983 7.076767 8.989498 11.510003 14.660783 17.104204 20.626732 22.84518 20.608739 20.640333 17.769834 19.319273 16.90767 13.827862 12.841272 10.364666 10.396104 10.427517 13.781937 14.967707 18.161745 17.015413 14.453783 17.454138 19.897509 18.364376 18.257213 21.976319 22.886495 21.593843 22.531897 
19.45016 15.793653 15.862014 13.087121 13.263619 13.533554 15.576489 16.938437 20.137569 18.668616 17.062589 20.491098 22.339309 20.575404 21.327221 24.893281 25.507286 24.430197 27.804109 28.566085 25.707645 22.928447 19.492803 16.465869 13.098671 9.875443 7.260085 3.814555 0.0 3.818129 5.478706 5.54067 8.741744 9.495294 6.729045 8.631271 11.75234 11.935875 11.082741 14.862978 16.219834 14.416934 15.919882 19.211563 19.457369 19.485437 22.466329 24.225738 24.14088 25.321519 26.245234 22.688635 20.162008 16.539386 13.915174 10.239181 8.618382 5.546021 5.802659 6.542998 9.193334 10.483472 10.742233 14.089986 13.151592 10.580336 13.610052 16.190142 14.783054 14.605762 11.214323 11.174632 9.651164 6.660603 7.542696 10.169014 12.640056 15.086063 18.37174 20.690029 24.240256 26.27188 23.817871 23.92032 21.10753 22.845848 20.410708 17.147263 15.869981 12.907853 12.503656 12.550381 16.234987 17.658002 21.028847 20.115007 17.832758 20.859731 23.327409 21.968674 21.986526 25.65748 26.593474 25.384699 26.33803 
19.740232 16.346093 16.677032 13.751692 14.689887 14.662965 17.324579 19.323575 22.215558 20.44769 19.400079 23.029103 24.438904 22.597074 23.825556 27.290789 27.481879 26.505177 30.057741 30.927524 27.88472 25.294121 21.874551 18.855562 15.706578 12.359629 10.478602 6.801102 3.818129 0.0 3.780836 5.628804 7.908212 9.843251 7.292349 7.346167 10.971006 12.062143 10.756175 14.069951 16.201782 15.016589 15.897544 19.137165 20.127456 20.135464 22.642173 24.696858 25.142365 26.245486 27.669766 24.360619 21.816041 18.073608 15.669251 11.875021 10.906319 7.581742 8.859131 8.231885 10.402983 12.719008 13.399111 16.933297 16.24469 14.059037 17.091033 19.711876 18.458663 18.398382 15.030585 14.793722 12.973594 9.749494 10.322554 13.442357 15.605599 18.302686 21.34223 23.686002 27.099134 29.133474 26.851597 27.213287 24.496344 26.115335 23.640864 20.45687 18.985384 15.889152 14.760385 14.003038 17.728858 18.741328 22.361899 22.043361 19.733374 22.436754 25.233621 24.327034 24.100588 27.632115 28.978131 27.937565 28.571316 
23.101311 19.759607 20.263905 17.419384 18.11112 17.95601 20.273401 21.973927 25.136248 23.675044 22.383129 25.868389 27.594202 25.820333 26.73613 30.290337 30.728122 29.612566 33.056086 33.718454 30.686114 27.842163 24.543887 21.300327 18.21368 14.703884 12.513772 8.824918 5.478706 3.780836 0.0 3.781658 6.37323 9.257675 8.147579 8.451123 11.440805 13.291619 12.976389 16.240681 18.08127 17.360898 18.704381 21.612379 22.56166 23.035768 25.550321 27.29371 27.828264 29.255847 30.584105 27.18913 24.879689 21.113411 18.83903 15.10817 13.908272 10.559113 10.695228 9.902097 12.909287 15.050692 14.846195 18.52573 18.231062 15.47859 17.943236 20.972956 19.785556 18.982657 15.546588 14.371427 12.336084 9.652822 11.019909 14.334202 17.119914 19.988598 23.295133 25.889899 29.44088 31.633968 29.251387 29.213653 26.227128 27.698864 24.927681 21.456765 19.489932 15.989846 14.545527 14.173653 17.973325 19.569544 23.092265 22.750497 21.006501 23.969852 26.457042 25.66915 25.961713 29.402851 30.526552 29.779866 30.775759 
22.269245 19.027883 19.988332 17.669093 18.419718 18.964205 21.104124 22.325604 25.5673 23.994331 22.167281 25.520419 27.403934 25.31663 25.797498 29.512925 30.024938 28.486907 31.782501 32.046284 28.936052 25.833453 22.793692 19.286961 16.536269 12.865877 11.025338 7.533841 5.54067 5.628804 3.781658 0.0 3.817477 5.831895 5.480807 6.947804 9.106681 10.732444 11.356053 14.772752 15.91544 15.335945 17.333084 19.897533 20.493424 21.454638 24.109538 25.39087 25.85718 27.671524 28.816147 25.36611 23.463397 19.712886 17.864761 14.420756 13.643926 10.973186 10.995835 11.483806 14.535699 15.918189 15.631268 19.004892 18.131023 15.048476 17.55779 20.347877 18.579369 17.587609 13.906847 12.498238 9.718004 6.816589 8.085408 11.620039 14.523214 17.685979 20.990725 23.925755 27.491199 30.002451 27.813217 27.397705 24.146831 25.222116 22.17534 18.630976 16.301268 12.673813 10.89711 10.62601 14.408568 16.32362 19.713464 19.288524 17.864172 20.975888 23.223425 22.542818 23.17778 26.500936 27.4971 27.032983 28.269028 
22.29316 19.500711 21.117949 19.237114 20.603586 21.529374 23.978453 25.307202 28.356034 26.427409 24.599914 28.008775 29.636812 27.198777 27.710473 31.466292 31.649248 29.811593 33.11678 33.101357 29.75512 26.624427 23.879436 20.20104 18.002874 14.214369 13.297465 9.920896 8.741744 7.908212 6.37323 3.817477 0.0 3.897914 5.371387 5.41195 6.375532 9.042082 10.373828 13.14053 14.242706 14.596512 16.601161 18.587493 19.581591 21.042595 23.291667 24.337218 25.292769 27.414297 28.862869 25.652469 24.164398 20.389799 19.17701 15.982775 16.032312 13.728095 14.376521 14.98312 17.719687 19.201627 19.242872 22.533248 21.33782 18.360461 21.024822 23.595824 21.479849 20.587427 16.816882 15.380427 12.076355 9.065165 9.484655 13.237319 15.680176 19.21752 22.195732 25.410935 28.81823 31.609394 29.780553 29.296864 25.945146 26.541558 23.273841 19.862212 17.160353 13.573473 10.83958 9.544723 13.045401 14.670002 18.11176 18.351196 17.252629 20.044259 22.37293 22.328605 23.005197 25.999555 27.311373 27.306165 28.415016 
20.531897 17.903405 19.854405 18.56613 19.93199 21.481262 23.734514 24.651716 27.622185 25.575619 23.349448 26.565987 28.228226 25.531991 25.673925 29.485009 29.683783 27.496529 30.623526 30.268549 26.891358 23.609796 21.162386 17.362413 15.640825 11.959109 11.735924 9.121965 9.495294 9.843251 9.257675 5.831895 3.897914 0.0 3.852538 5.514002 4.902407 6.333871 8.743289 11.578099 11.702819 11.998985 14.650416 16.294904 16.762971 18.603989 21.02323 21.617798 22.38502 24.794483 26.009831 22.792684 21.702512 18.070538 17.342168 14.649809 15.190676 13.736672 14.46392 16.008156 18.494831 19.317326 19.506308 22.376086 20.603829 17.657823 20.423071 22.534857 19.923218 19.183564 15.410447 14.272849 10.622526 7.556866 7.06046 10.619349 12.693695 16.394719 19.157254 22.58638 25.895801 28.918659 27.350772 26.631057 23.17112 23.381356 19.983392 16.698685 13.851517 10.469103 7.373949 5.653105 9.172945 10.96934 14.333335 14.454973 13.488591 16.365623 18.534732 18.553475 19.416846 22.309227 23.549218 23.730491 24.966688 
17.510121 14.570787 16.229372 14.749318 16.156494 17.724611 20.123241 21.251466 24.082302 21.90986 19.886792 23.252626 24.744585 22.103397 22.550493 26.311809 26.408526 24.468747 27.766428 27.765567 24.415839 21.347919 18.546166 14.904288 12.762949 8.975213 8.739611 5.840859 6.729045 7.292349 8.147579 5.480807 5.371387 3.852538 0.0 3.841297 5.44987 5.563861 6.30521 9.900826 10.598192 9.90203 12.181397 14.572409 15.030553 16.191708 18.834372 19.94279 20.471791 22.444372 23.703237 20.395393 18.825425 15.067005 13.939649 10.988615 11.582065 10.187329 11.506175 13.149573 15.175335 16.044158 16.732949 19.560827 17.639521 15.078352 18.265825 20.210308 17.716554 17.579686 13.835778 13.527459 10.3828 6.597596 5.512653 9.191745 10.928754 14.464525 17.218855 20.341994 23.666176 26.436275 24.759162 24.477173 21.282389 21.923091 18.889879 15.746775 13.607445 10.549643 8.465606 6.838809 10.488818 11.576232 15.16516 15.024408 13.083535 15.882105 18.496992 18.06294 18.284593 21.528495 22.920886 22.539022 23.440541 
17.227654 14.69372 16.679176 15.19074 17.305306 18.711487 21.629548 23.29961 25.845037 23.356612 21.838466 25.399723 26.445329 23.710581 24.644371 28.280145 27.921321 26.087531 29.551757 29.675721 26.159096 23.377161 20.619915 17.134016 15.222624 11.562769 11.762217 8.616486 8.631271 7.346167 8.451123 6.947804 5.41195 5.514002 3.841297 0.0 3.795687 5.598222 5.371017 8.102062 9.954305 10.195619 11.530595 13.758629 15.195084 16.295826 18.304014 19.74545 20.917109 22.763386 24.591668 21.63248 20.060369 16.263926 15.393617 12.410478 13.497221 11.82258 13.845539 14.736191 16.411284 17.957265 19.054588 22.082623 20.301411 18.065748 21.410953 23.402796 21.079782 21.167308 17.457313 17.179654 14.09045 10.320413 9.312604 12.890566 14.16044 17.668146 20.076676 23.086569 26.207489 28.92274 27.43822 27.487129 24.476435 25.060702 22.132274 19.212192 17.131874 14.212399 11.750776 9.301521 12.517522 12.770027 16.529837 17.174121 15.164299 17.346364 20.34423 20.433175 20.245649 23.253562 25.135472 24.887633 25.345089 
17.991724 16.000417 18.576657 17.742455 19.983754 21.818395 24.61286 25.984689 28.483409 25.891695 24.073924 27.458886 28.498159 25.483565 26.086767 29.763444 29.318657 27.066515 30.341231 30.002714 26.364187 23.43084 21.154723 17.511681 16.319952 12.798989 13.670794 11.098966 11.75234 10.971006 11.440805 9.106681 6.375532 4.902407 5.44987 3.795687 0.0 3.843606 5.892142 7.483726 8.290209 9.710766 11.599226 12.797583 14.194964 16.127292 17.858591 18.647364 20.120772 22.482851 24.324436 21.562436 20.653851 17.04382 16.944651 14.54399 16.100311 14.962901 16.792986 18.112928 19.874999 21.070446 22.049226 24.883277 22.811175 20.438277 23.675583 25.468491 22.763098 22.701364 18.974246 18.488285 14.995439 11.528692 10.136905 13.494118 14.434867 18.159951 20.261718 23.586395 26.543459 29.588647 28.454721 28.180588 24.998211 25.005735 21.824023 19.049438 16.579871 13.837124 10.724997 7.531571 10.070072 10.093006 13.755106 14.951231 13.514036 15.443449 18.2691 18.959689 19.077908 21.668516 23.65619 23.965079 24.519199 
15.098649 13.187036 15.979435 15.733287 17.943685 20.309878 22.909922 23.978556 26.282283 23.570431 21.524206 24.730303 25.687561 22.485215 22.883148 26.538462 26.047078 23.58577 26.7567 26.269031 22.611666 19.663447 17.543771 13.915696 13.164721 9.958992 11.698021 10.06791 11.935875 12.062143 13.291619 10.732444 9.042082 6.333871 5.563861 5.598222 3.843606 0.0 3.872804 5.845783 5.394617 6.159895 8.764019 9.978769 10.71178 12.750859 14.839331 15.421534 16.548026 18.999987 20.632952 17.815665 17.098604 13.609917 13.94455 12.129408 14.22315 13.979651 16.002936 17.984667 19.317061 19.946618 21.210844 23.599202 21.046905 18.981897 22.361044 23.642816 20.654683 21.024143 17.480281 17.625754 14.325664 10.909492 8.669852 11.347143 11.437864 15.074346 16.800875 20.117224 22.92432 26.041178 25.134577 24.882647 21.801375 21.64493 18.604926 16.163455 14.077189 11.975599 9.372805 5.943796 8.011882 7.34932 11.12153 12.079813 10.05911 11.916272 14.953149 15.477545 15.324551 18.017635 20.073233 20.244607 20.694821 
12.230352 10.123574 12.84168 12.464563 15.11879 17.43371 20.373063 21.876148 23.88196 20.92544 19.36133 22.772793 23.34342 20.187876 21.15652 24.668716 23.871011 21.766623 25.19631 25.18503 21.52589 18.990723 16.495868 13.229677 12.12438 9.092933 10.964382 9.267509 11.082741 10.756175 12.976389 11.356053 10.373828 8.743289 6.30521 5.371017 5.892142 3.872804 0.0 3.917185 5.531164 5.067019 6.232744 8.652137 9.986524 10.944663 12.995743 14.493984 15.627337 17.420603 19.389707 16.645425 15.314542 11.662183 11.678879 9.666142 12.144698 11.976022 14.74185 16.417547 17.10396 18.020659 19.862184 22.23509 19.69351 18.168407 21.85227 23.022887 20.321377 21.239689 17.825272 18.532844 15.704972 11.99243 9.770435 12.316954 12.053525 15.297205 16.865173 19.707721 22.418453 25.180859 24.211489 24.548583 21.85487 22.165246 19.592878 17.370794 15.969179 14.081518 12.183794 9.26425 11.461596 10.339422 13.969922 14.77095 11.973606 13.426318 16.883763 17.04818 16.086751 19.00884 21.314985 20.912496 20.832243 
