0.0 3.793293 7.023492 9.93278 13.578908 15.917883 19.35616 21.186138 23.917237 25.057229 24.371064 25.236728 25.113001 23.336172 20.299884 20.546812 20.545268 21.415259 19.291442 19.788431 16.732213 17.321083 20.896789 21.392163 22.215688 20.164167 20.32858 17.100243 17.293211 15.306569 13.39183 15.068072 18.059696 21.584025 23.805947 27.543802 28.838658 30.776894 34.041554 33.153968 33.512247 30.754271 29.593928 31.113843 29.553293 26.017102 26.494982 27.943154 25.181368 22.290934 24.743025 25.464267 21.885493 20.797324 24.294425 24.54087 21.198242 21.691025 18.007688 15.835443 12.182586 10.32874 6.703628 6.916361 6.306452 7.588437 11.152872 13.385628 12.553665 16.177346 18.554473 22.247338 23.377518 21.299023 19.118104 15.487509 13.260474 10.560742 9.973243 12.286828 12.914496 16.445046 17.155749 14.202237 15.180681 13.319859 16.036159 15.128853 15.659553 18.58606 20.466325 20.285531 21.458522 24.330004 25.35215 24.919011 22.446973 22.419641 19.504281 20.019664 19.045252 16.947479 16.516026 15.728742 12.912252 10.839927 11.286798 8.416083 10.02071 13.434267 15.136476 14.212188 15.802626 18.700754 19.491653 19.819165 21.935595 24.105434 24.868567 25.726266 27.838957 29.406573 30.33915 31.659545 29.721109 30.38498 29.652395 30.499202 33.706948 
3.793293 0.0 3.797879 6.590676 10.215266 13.011432 16.526703 18.79798 21.671067 23.227336 22.952967 24.291576 24.640345 23.214082 20.384035 20.164443 19.466425 19.893429 17.266378 17.331009 14.284855 14.619734 18.139474 19.155656 20.22794 18.722628 19.357489 16.460715 17.43084 15.712863 14.661061 16.937956 19.452028 22.773746 24.538668 28.266163 29.272653 30.810819 34.279062 33.728969 34.105583 31.165269 29.811813 30.906922 29.400207 25.973969 26.016116 27.16972 24.543265 21.503447 23.488396 24.029761 20.471779 19.015933 22.234515 22.397235 18.836328 18.827542 15.050677 13.221097 9.533096 8.364287 5.677146 7.286794 8.530711 10.314103 13.485148 14.930782 13.188595 16.629215 19.435924 23.139277 23.763497 21.270814 19.000072 15.237935 13.761116 10.783709 10.127572 11.317734 11.395108 14.535157 14.877066 12.348776 14.128032 12.895541 15.614478 15.591813 16.418733 18.754137 20.843665 21.327574 22.331492 24.86495 26.293876 25.538684 23.442473 23.998079 21.475588 22.09448 21.219779 19.61833 19.315314 18.943219 15.951454 13.629452 14.403655 11.72393 12.616073 16.230141 17.94385 16.388483 17.734558 21.016064 21.5798 21.352027 23.676351 26.084352 26.399804 26.994947 29.469466 31.053038 31.557558 32.907962 30.630985 31.13441 30.73983 31.869686 34.848178 
7.023492 3.797879 0.0 3.837988 6.913911 9.649444 12.978613 15.270775 18.344378 19.96932 19.814189 21.53 22.131457 20.931637 18.414394 17.961279 16.745263 17.070132 14.246271 14.412805 11.806751 12.653542 15.797763 16.97526 17.75295 16.564433 17.204849 14.498166 15.940067 14.304036 14.162588 16.819437 18.68817 21.732122 22.979701 26.645205 27.449656 28.594302 32.21138 31.910023 32.245619 29.162414 27.690183 28.409715 26.941988 23.656667 23.375495 24.269706 21.780582 18.674683 20.314121 20.73663 17.251032 15.570664 18.625813 18.791468 15.188174 15.110394 11.310978 9.471221 5.834374 5.565438 4.553735 7.680081 10.121287 12.762712 15.361431 16.062941 13.551518 16.473155 19.278839 22.987873 22.99206 20.429598 17.81293 14.147841 13.153442 9.878856 8.836374 8.774236 8.383968 11.175565 11.582007 9.621228 11.703875 10.839962 13.277602 14.047173 15.217404 16.917154 19.029103 20.150417 21.086221 23.184388 24.901761 23.814975 22.116356 23.252408 21.226571 22.007682 21.420927 20.401933 20.512838 20.80844 17.972006 15.139715 15.915262 13.558097 13.566313 17.173161 18.997307 16.868382 17.682938 21.28509 21.766714 20.878625 23.225816 25.936121 25.862822 26.043321 28.805575 30.505358 30.562071 31.805671 29.19928 29.474233 29.376909 30.805986 33.533486 
9.93278 6.590676 3.837988 0.0 3.79192 6.742021 10.400299 13.229205 15.960582 18.144408 18.686431 20.520517 21.765428 21.230736 18.722601 17.481134 15.697205 15.195353 11.925317 11.304907 8.484225 8.938709 12.060645 13.551706 14.736203 14.108171 15.462142 13.454702 15.723154 14.931424 15.427652 18.605362 20.232975 22.86264 23.88489 27.344078 27.631736 28.547843 32.192487 32.34493 33.004687 30.033178 28.142226 28.62429 27.575499 24.334847 23.447906 24.406011 22.402615 19.011914 20.012484 20.737431 17.60924 15.189091 17.810149 18.452317 14.89323 14.33474 10.534305 8.593161 5.29927 5.079569 6.122724 8.534145 11.814618 14.256297 16.262089 16.163664 13.09294 15.588429 18.744227 22.21636 21.865208 18.895623 16.56983 13.031196 13.100138 10.449975 10.420764 9.603538 9.691081 11.846322 12.471141 11.604338 13.861894 13.080528 14.744113 15.855869 17.678428 18.994543 20.712632 22.305642 23.521586 25.195153 26.860761 25.293847 23.682225 25.113619 23.342903 23.726637 22.824762 22.281407 22.095497 22.618567 19.529824 16.857196 18.301358 16.466783 16.665275 20.057553 22.248793 20.194681 20.568614 24.219582 24.969762 23.802225 25.892629 28.861866 28.776198 28.576362 31.361079 33.305894 33.148381 34.121298 31.278831 31.157908 31.048462 32.85219 35.470768 
13.578908 10.215266 6.913911 3.79192 0.0 3.82267 7.125024 10.415296 13.224016 15.781485 16.796536 19.118612 20.828206 20.745456 18.71149 17.08066 14.58276 13.599687 9.978457 8.961096 7.073472 7.855663 10.024531 12.002764 13.003445 13.18886 14.793894 13.45489 16.268723 15.818103 17.134745 20.456364 21.475859 23.696628 24.160927 27.409767 27.386254 27.810528 31.541752 32.041608 32.699768 29.660026 27.621389 27.622311 26.720563 23.756358 22.399909 23.008636 21.348757 17.986046 18.293477 18.873703 16.097291 13.269949 15.281861 16.005194 12.530783 11.479973 7.925673 6.462629 4.736413 6.248175 8.904104 11.490267 15.029483 17.708995 19.35459 18.751167 15.306696 17.12837 20.179169 23.442194 22.481305 19.45722 17.044288 13.937999 14.695963 12.266741 12.119888 10.129486 9.741426 10.721717 11.228265 11.550849 13.980809 13.780375 14.867935 16.726263 18.754707 19.352306 20.973449 23.140013 24.237149 25.40536 27.308678 25.428526 24.278032 26.208697 24.924841 25.391379 24.702662 24.627748 24.690273 25.615084 22.655708 19.802118 21.221843 19.584586 19.313955 22.595663 24.774818 22.396609 22.416 26.179402 26.824049 25.184193 27.241089 30.374434 29.949324 29.398606 32.383301 34.379554 33.810375 34.673474 31.564053 31.199519 31.39362 33.467114 35.784574 
15.917883 13.011432 9.649444 6.742021 3.82267 0.0 3.79083 6.90952 9.447004 12.092041 13.436907 15.763303 17.856986 18.300423 16.471624 14.345332 11.43867 10.023652 6.306573 5.50003 4.871323 7.186973 8.247333 9.535707 9.744552 10.152735 11.714143 10.987735 14.205787 14.346136 16.380531 19.876413 20.372761 22.062349 22.170882 25.132218 24.714329 24.895086 28.596458 29.422368 30.298861 27.411945 25.073003 24.897028 24.386032 21.516929 19.704166 20.443563 19.285156 15.772314 15.593014 16.649966 14.374525 11.025099 12.754701 14.252853 11.32742 10.805516 7.88944 5.554662 5.44937 6.490206 10.094321 12.27256 15.999645 18.930138 19.913757 18.672747 14.951386 15.951255 18.709116 21.711186 20.210748 17.307438 14.7937 12.24616 13.640874 11.779046 12.036487 9.469491 9.794013 10.275642 11.72984 12.788378 14.473748 13.946543 14.020355 16.020595 18.597514 18.804915 19.832722 22.384748 23.799358 24.47113 26.186217 23.869324 22.872589 25.103131 24.242106 24.473096 23.796536 24.30957 24.50167 25.94137 23.185769 20.205087 21.796032 20.738394 20.216807 23.117807 25.585246 23.230075 22.620764 26.346438 27.286778 25.288998 26.943209 30.332677 29.922651 28.888575 31.805905 34.093292 33.309879 33.787193 30.496214 29.701169 29.853697 32.274104 34.440697 
19.35616 16.526703 12.978613 10.400299 7.125024 3.79083 0.0 3.820677 6.49509 9.371886 11.21005 14.063355 16.560903 17.494265 16.367107 14.037425 10.548102 8.820396 5.47498 5.14759 6.971413 9.532422 9.053819 10.092099 9.353448 10.498851 11.756207 11.796044 15.085202 15.463919 18.130336 21.50925 21.349986 22.529792 22.015334 24.629716 23.915161 23.530787 27.239811 28.397296 29.233518 26.349028 23.917938 23.217886 22.906182 20.443814 18.163563 18.505238 17.8512 14.553324 13.507301 14.485715 12.902878 9.255975 9.989276 11.862346 9.602995 9.093858 7.446182 5.869953 7.838505 9.455441 13.252716 15.487553 19.149702 22.270462 23.002816 21.492315 17.711761 18.099003 20.450593 23.161865 21.098546 18.475519 15.882817 14.060982 15.741631 14.150929 14.172973 10.994319 11.000921 10.250617 11.809818 13.842936 15.194428 15.06779 14.422178 16.938916 19.585602 19.080907 19.842467 22.862341 24.163 24.25686 26.098481 23.504124 23.031544 25.697886 25.380284 25.711309 25.334015 26.279451 26.784401 28.59738 26.090524 22.962234 24.393976 23.535239 22.588639 25.268579 27.672486 25.107087 24.130436 27.827394 28.688845 26.280706 27.78763 31.27327 30.576757 29.166287 32.181415 34.518258 33.344305 33.638529 30.143343 29.06882 29.508845 32.171215 33.985586 
21.186138 18.79798 15.270775 13.229205 10.415296 6.90952 3.820677 0.0 3.849637 5.772768 7.513563 10.615902 13.250415 14.547234 13.970886 11.58459 7.859522 6.470019 4.638797 6.412064 9.16848 12.38144 11.517301 11.449283 9.393345 10.10989 10.321734 10.699848 13.684953 14.248579 17.443901 20.613506 19.814053 20.446714 19.444514 21.726082 20.800793 20.086544 23.775697 25.106193 25.96586 23.176764 20.628648 19.697602 19.637468 17.388613 14.775043 15.108436 14.934784 11.720989 10.144705 11.594194 10.703804 6.902037 7.228492 10.037961 8.881267 9.620838 8.977738 7.062041 9.672203 10.912831 14.681388 16.72838 20.175374 23.524774 23.872649 22.139129 18.443579 18.239872 19.969399 22.454056 19.978945 17.908433 15.060321 13.953859 15.601521 14.361844 14.285258 10.896583 11.269059 10.081892 12.413747 14.705863 15.154957 14.793838 13.214443 15.799138 18.658139 17.69322 17.87906 21.184745 22.631876 22.212967 23.887535 20.998031 20.835975 23.78606 23.971417 24.28549 24.184744 25.594344 26.440035 28.69601 26.581198 23.307238 24.5582 24.111309 22.784758 25.039376 27.492137 24.925791 23.424396 26.965692 27.965191 25.244561 26.377383 29.980595 29.2343 27.405866 30.331087 32.844754 31.455627 31.41855 27.816041 26.401201 26.886338 29.782743 31.38093 
23.917237 21.671067 18.344378 15.960582 13.224016 9.447004 6.49509 3.849637 0.0 3.806892 7.180657 9.596581 12.985612 15.206939 14.762396 11.708913 8.00906 5.349371 5.007789 6.353723 9.952086 13.026972 11.258239 10.354734 7.546231 8.927627 9.328121 11.044784 14.187993 15.637789 19.015499 22.245724 21.261373 21.326576 20.175345 21.938343 20.370771 19.439608 22.874003 24.732027 26.045647 23.681079 20.709999 19.675699 20.350237 18.300478 15.155841 15.849924 16.51733 13.416222 11.278577 13.419732 13.383407 9.747108 9.328831 12.697858 12.322332 13.022137 12.716644 10.827834 13.048874 13.610188 17.311426 18.749251 22.189123 25.331672 25.156895 22.913888 19.233525 18.310929 19.77827 21.692524 18.777265 16.822157 14.472308 14.244748 16.566561 16.167683 16.766687 13.735436 14.739991 13.767928 16.233338 18.500522 18.736266 18.042183 16.036101 18.218577 21.395077 20.4401 20.025814 23.349839 25.14619 24.421845 25.705012 22.482939 22.287193 25.233614 25.638668 25.493866 25.130249 26.960384 27.598196 30.06 27.98771 24.931428 26.526049 26.522923 25.39604 27.353351 30.069724 27.758149 25.949983 29.321255 30.649618 27.900027 28.626977 32.340741 31.786981 29.666618 32.358163 35.119715 33.701475 33.277187 29.651739 27.813573 28.077499 31.255892 32.757545 
25.057229 23.227336 19.96932 18.144408 15.781485 12.092041 9.371886 5.772768 3.806892 0.0 3.805751 6.208484 9.653066 12.23546 12.45246 9.639875 6.281526 5.042773 6.893962 9.511502 12.74989 16.181241 14.742782 13.309183 9.954076 10.235601 9.170374 10.75847 13.122836 14.535545 18.192789 21.040086 19.465068 18.999344 17.380574 18.768536 17.062345 15.81988 19.240343 21.18332 22.481285 20.234712 17.193611 16.00399 16.945528 15.12051 11.725854 12.555573 13.73886 10.91705 8.457004 11.21315 11.873742 8.782597 8.266994 12.041208 12.55182 14.213765 14.290107 12.186763 14.549433 14.903581 18.357844 19.694326 22.794806 26.107343 25.698139 23.45031 20.01028 18.748421 19.52909 21.277231 18.145935 16.939469 14.301946 14.656212 16.577001 16.378202 16.743556 13.788521 15.001373 13.913307 16.833095 19.045159 18.519847 17.596894 14.921236 16.953072 20.156813 18.87279 17.892842 21.32399 23.228302 22.075963 23.117089 19.700331 19.789102 22.916191 23.791597 23.681069 23.659188 25.844675 26.857746 29.669672 28.036584 24.870262 26.169519 26.489929 25.015458 26.542956 29.212975 26.949294 24.722277 27.85869 29.281469 26.326942 26.683034 30.42425 29.859932 27.408323 29.946774 32.834995 31.278835 30.548811 26.902698 24.780124 25.042872 28.379732 29.690723 
24.371064 22.952967 19.814189 18.686431 16.796536 13.436907 11.21005 7.513563 7.180657 3.805751 0.0 3.842257 6.366381 8.630266 9.450829 7.465589 4.887508 6.20362 8.574112 11.963407 14.590109 18.297649 17.497526 15.98866 12.635085 11.877551 9.699461 10.253244 11.613317 12.447736 16.200892 18.595536 16.559441 15.897403 13.941614 15.357612 14.004076 12.752988 16.396726 17.958512 18.972968 16.54144 13.652577 12.550272 13.249948 11.319202 7.994202 9.046723 10.166263 7.409356 5.205971 8.615946 9.417062 7.145179 7.392745 11.014272 11.906838 14.462837 14.549021 12.209873 14.489435 14.729076 17.795823 19.193024 21.89334 25.391851 25.002855 23.034477 19.874367 18.706899 19.0078 20.931958 17.978339 17.355492 14.247465 14.603215 15.739951 15.362761 15.230208 12.403068 13.664882 12.635279 15.924633 17.852413 16.61027 15.464811 12.309083 14.208609 17.299064 15.781995 14.440228 17.921121 19.842578 18.482132 19.41125 15.953328 16.249488 19.528833 20.71101 20.854902 21.288836 23.563955 25.02034 28.024804 26.794303 23.464686 24.314621 24.758739 22.906122 24.118438 26.628447 24.355388 21.864417 24.826153 26.22826 23.139832 23.298013 27.021208 26.425777 23.817163 26.294711 29.215849 27.619135 26.785411 23.145577 20.977517 21.269371 24.608699 25.885151 
25.236728 24.291576 21.53 20.520517 19.118612 15.763303 14.063355 10.615902 9.596581 6.208484 3.842257 0.0 3.815453 7.221387 7.907405 5.643315 4.919873 6.746405 10.178489 13.648603 15.971698 19.710016 19.022421 16.816321 13.210197 11.714054 8.711703 9.576364 10.125799 11.64214 15.330054 17.481918 15.224061 13.867199 11.935691 12.81568 10.871633 9.925705 13.393528 15.180473 16.803872 14.958587 11.557577 11.122678 12.645933 10.525478 7.183731 9.626741 11.170402 8.649446 7.499647 11.304194 12.136312 10.383356 11.113086 14.590674 15.440966 18.124998 17.860119 15.076748 16.727161 16.161936 18.80199 19.515975 21.852147 25.146583 24.216299 21.980966 19.170307 17.417446 17.030104 18.485395 15.365749 15.443875 12.541101 13.770066 14.895829 15.341041 15.750505 13.676684 15.714176 15.390378 18.946384 20.391979 18.773946 16.967202 13.553263 14.48693 17.830526 16.704531 14.581933 17.662108 20.145605 18.723999 18.882465 15.202391 15.087707 18.087791 19.441016 19.03098 19.275335 21.996521 23.382962 26.650656 25.729657 22.628849 23.616159 24.647181 22.968846 23.649878 26.40839 24.593757 21.738714 24.335618 26.211039 23.279759 22.839631 26.611252 26.464951 23.651048 25.657784 28.893857 27.541756 26.249317 22.793999 20.256426 19.947501 23.479714 24.892112 
25.113001 24.640345 22.131457 21.765428 20.828206 17.856986 16.560903 13.250415 12.985612 9.653066 6.366381 3.815453 0.0 3.830654 5.635563 5.412639 6.708145 9.728683 12.868261 16.563394 18.395513 22.207574 22.002888 19.838164 16.393036 14.338124 10.883242 10.638458 9.816474 10.544996 14.003314 15.422871 12.595346 10.78313 8.357846 9.140045 7.676966 7.041647 10.790214 11.911369 13.286056 11.332047 7.980587 8.206246 9.552411 7.112439 4.34293 7.792461 9.07332 7.160794 7.382688 11.01461 11.749416 11.109601 12.415578 15.339126 16.325863 19.494323 19.176128 16.329429 17.719561 17.003955 19.080951 19.732562 21.522031 24.867411 23.932612 22.044903 19.671857 18.07827 17.159073 18.711362 15.992314 16.700358 13.57114 14.720526 14.933209 15.266797 15.222797 13.623205 15.676448 15.594021 19.258371 20.278841 18.023286 15.945474 12.255401 12.622747 15.705008 14.516639 11.797214 14.651684 17.274641 15.665228 15.413134 11.670685 11.646291 14.711296 16.481116 16.273786 17.063229 19.902819 21.767661 25.211624 24.791546 21.633288 22.114814 23.345803 21.344854 21.552904 24.123152 22.437882 19.280837 21.533094 23.467165 20.490471 19.674607 23.391041 23.336401 20.345766 22.134139 25.463841 24.166515 22.667188 19.310066 16.663684 16.171939 19.737028 21.187865 
23.336172 23.214082 20.931637 21.230736 20.745456 18.300423 17.494265 14.547234 15.206939 12.23546 8.630266 7.221387 3.830654 0.0 3.797983 6.172406 8.17042 11.818903 14.299328 18.087452 19.364802 23.16791 23.524725 21.652238 18.535787 16.145807 12.671306 11.237312 9.559561 8.933183 12.003597 12.787201 9.606383 8.088469 5.442335 7.36654 7.633256 7.92079 11.598006 11.45262 12.019319 9.406673 6.924765 8.015819 7.928841 4.458792 3.994599 7.335509 7.123803 5.516251 7.660879 10.551197 10.539165 10.858423 12.942589 15.135591 15.854419 19.315119 18.782259 15.938521 16.997754 16.283997 17.802986 18.61295 19.948941 23.395892 22.760878 21.425207 19.35347 18.314046 17.350059 19.361785 17.264234 18.021588 14.581822 15.082505 14.33712 14.121904 13.379069 12.16565 14.030806 14.254511 17.891158 18.399957 15.658897 13.379971 9.64062 9.555751 12.293316 11.125397 8.096789 10.837319 13.51483 12.057947 11.747567 8.090494 7.979133 11.270471 13.157183 13.541849 14.960644 17.502214 19.846838 23.236571 23.109594 19.792472 19.688169 20.803557 18.441365 18.457491 20.755048 19.014527 15.751982 17.90926 19.731893 16.710955 15.873143 19.585111 19.519912 16.587259 18.446679 21.743009 20.570532 19.244651 15.923552 13.600249 13.086033 16.442277 18.173827 
20.299884 20.384035 18.414394 18.722601 18.71149 16.471624 16.367107 13.970886 14.762396 12.45246 9.450829 7.907405 5.635563 3.797983 0.0 3.863987 6.864873 10.484108 12.670321 16.333286 17.008825 20.704582 21.472596 19.476335 16.664248 13.786618 10.300865 8.175679 5.923445 5.314262 8.500034 9.842343 7.330135 6.616639 5.890245 8.765045 9.04765 10.493982 13.896238 13.655269 14.685012 12.411481 9.965564 11.660638 11.587921 7.909983 7.644867 10.828134 10.01839 7.37278 9.80946 12.760583 11.782625 11.332909 14.102343 16.400623 16.249182 19.404748 18.135525 14.794571 15.085056 13.663764 14.843929 15.194595 16.444455 19.787053 19.011046 17.627893 15.62424 14.674186 13.794932 16.119117 14.372052 14.927333 11.36755 11.610238 10.594666 10.64627 10.437437 9.887532 12.570139 13.737287 17.502118 17.50149 15.063013 12.134043 8.828522 7.86432 11.284613 11.273474 8.706315 10.801553 13.984184 13.540491 13.087022 9.897771 8.263297 10.744982 11.604338 11.416031 12.136991 14.577409 16.555298 19.87716 19.517521 16.241176 16.503732 17.79114 15.871961 16.014999 18.777277 17.340853 14.240721 16.62632 18.856233 16.310991 15.623705 19.437339 19.882484 17.452732 19.199817 22.548364 21.945265 20.879833 17.83441 15.956643 14.884637 17.899024 20.231358 
20.546812 20.164443 17.961279 17.481134 17.08066 14.345332 14.037425 11.58459 11.708913 9.639875 7.465589 5.643315 5.412639 6.172406 3.863987 0.0 3.792251 6.955435 9.604341 13.197189 14.197417 17.922523 18.305244 16.027646 13.016693 10.202717 6.615904 5.384411 4.627081 6.202138 9.788397 12.160094 10.483189 9.871155 9.34556 11.493115 10.571245 11.538369 14.947154 15.616712 17.218847 15.237371 12.195977 13.292069 13.933041 10.612283 8.952567 12.058382 11.971119 8.727664 9.858778 13.291573 12.540767 10.916944 13.306193 16.227399 15.929178 18.651559 17.304305 13.801545 14.216986 12.649005 14.498556 14.673279 16.589457 19.813219 18.810081 16.805807 14.28076 12.837588 12.359523 14.490724 12.14133 12.196742 8.674393 9.358453 9.625056 10.265867 11.029085 9.982146 12.965897 14.001195 17.788031 18.21511 16.462302 13.751449 10.698481 10.454654 14.170052 14.173422 12.126659 14.480647 17.503973 17.051857 16.867105 13.562748 12.123056 14.455096 14.977617 14.25904 14.105801 16.595093 17.8423 21.035822 20.116995 17.01218 18.067437 19.304055 17.918677 18.508393 21.554831 20.118464 17.344183 19.970302 22.220139 19.775409 19.339025 23.158113 23.573847 21.226324 23.058534 26.37639 25.699364 24.657062 21.513359 19.487866 18.518989 21.668119 23.862893 
20.545268 19.466425 16.745263 15.697205 14.58276 11.43867 10.548102 7.859522 8.00906 6.281526 4.887508 4.919873 6.708145 8.17042 6.864873 3.792251 0.0 3.776129 6.315097 10.057097 11.693331 15.513475 15.473231 13.554634 10.448004 8.4478 5.6814 5.394641 6.98884 8.328659 12.004125 14.846971 13.488367 13.34629 12.499581 14.620727 13.534141 13.639384 17.23675 18.32438 19.707828 17.41171 14.418765 14.596199 15.109588 12.15185 9.752455 11.968009 12.019327 8.422973 8.402485 11.704897 10.997493 8.446979 10.450695 13.659379 13.251144 15.624291 14.4606 11.145643 12.189057 11.299675 14.010884 14.819937 17.43708 20.790439 20.198655 18.151315 15.038351 13.897378 14.319017 16.565827 13.973918 13.113463 9.704264 9.79355 10.895637 10.879304 11.457728 9.316102 11.751003 12.14046 15.765443 16.802354 15.648083 13.586892 10.76666 11.728128 15.336078 14.905798 13.587062 16.482579 18.986536 18.454207 18.974118 15.688747 14.820404 17.500686 17.945408 17.608462 17.442793 19.566093 20.62902 23.518494 22.113811 18.905076 20.120211 20.781347 19.40347 20.630314 23.530925 21.653423 19.266232 22.288891 24.121867 21.502026 21.619993 25.426647 25.410079 23.165651 25.424845 28.505281 27.524453 26.787547 23.405649 21.504878 21.100197 24.243471 26.188746 
21.415259 19.893429 17.070132 15.195353 13.599687 10.023652 8.820396 6.470019 5.349371 5.042773 6.20362 6.746405 9.728683 11.818903 10.484108 6.955435 3.776129 0.0 3.815477 7.061549 9.363303 13.021276 12.346328 10.227124 6.87076 5.685772 4.328363 6.077006 9.061287 11.097567 14.472697 17.705747 16.816307 16.763032 16.107299 18.000993 16.465435 16.365097 19.761571 21.313209 22.973631 20.864615 17.683413 17.575128 18.412037 15.711585 12.937983 14.831248 15.228245 11.691307 10.818412 13.890337 13.34518 10.080182 11.316322 14.754743 14.109124 15.695809 14.48523 11.368108 12.452758 11.629627 14.78275 15.450217 18.517874 21.599532 20.93382 18.513236 15.072386 13.729468 14.730496 16.686277 13.84007 12.239312 9.472496 9.668301 11.91637 12.217335 13.424368 11.183108 13.451689 13.691034 16.940112 18.286819 17.848142 16.098017 13.770833 14.95384 18.551248 18.23013 17.233483 20.126476 22.547506 22.094802 22.736861 19.451939 18.559711 21.115954 21.33228 20.727097 20.081298 22.112956 22.654868 25.311685 23.47546 20.517913 22.249706 22.796241 21.857067 23.380261 26.412052 24.567066 22.458406 25.599734 27.431233 24.933251 25.217849 29.012147 28.998559 26.861237 29.167916 32.214041 31.225318 30.545254 27.132908 25.205451 24.829397 28.009417 29.915763 
19.291442 17.266378 14.246271 11.925317 9.978457 6.306573 5.47498 4.638797 5.007789 6.893962 8.574112 10.178489 12.868261 14.299328 12.670321 9.604341 6.315097 3.815477 0.0 3.790788 6.043703 9.74039 9.325021 8.121663 5.822205 5.607239 6.304107 7.026692 10.588162 11.985529 14.947146 18.458236 18.159873 18.837004 18.519016 20.881346 19.762055 19.765071 23.293225 24.600841 25.98186 23.550726 20.660745 20.487587 20.802293 18.003191 15.537841 16.93293 16.725399 13.052818 12.341207 14.663652 13.425814 9.780597 11.198637 14.131652 12.62302 13.474922 11.753475 8.713841 9.602036 9.167522 12.706942 13.827493 17.302424 20.356031 20.22811 18.102865 14.372943 13.852592 15.733892 18.138729 15.794277 13.422621 10.772574 9.697684 11.950702 11.486118 12.544775 10.01822 11.804548 12.108296 14.886517 16.239847 16.55584 15.188941 13.668405 15.243104 18.597524 18.478601 18.261897 21.100702 23.187523 23.1611 24.243534 21.277873 20.316518 22.777205 22.540593 22.209074 21.464527 22.929257 23.262319 25.470238 23.194855 20.213665 22.022987 22.004639 21.266782 23.34982 26.255449 24.211609 22.636703 26.063947 27.603805 25.26793 26.083299 29.779641 29.624047 27.881974 30.452677 33.244536 32.32254 32.077782 28.669046 27.152336 26.982267 29.906596 31.929617 
19.788431 17.331009 14.412805 11.304907 8.961096 5.50003 5.14759 6.412064 6.353723 9.511502 11.963407 13.648603 16.563394 18.087452 16.333286 13.197189 10.057097 7.061549 3.790788 0.0 3.799194 6.713062 5.601845 5.165653 4.438981 6.146951 8.650141 9.787631 13.559821 15.068229 17.605 21.279007 21.417175 22.30932 22.209407 24.588687 23.369573 23.372316 26.817473 28.264161 29.737641 27.336188 24.41542 24.165213 24.514535 21.772499 19.257498 20.475989 20.269816 16.649717 15.739128 17.719543 16.411389 12.655455 13.628236 16.248592 14.36298 14.23109 12.320517 9.911754 10.415761 10.166156 13.661696 14.674043 18.374166 21.03192 21.048227 18.865484 15.040146 14.766035 17.239869 19.496514 17.346971 14.370129 12.486311 11.146285 13.835373 13.41428 14.773026 12.469211 13.882853 14.193576 16.308185 17.703249 18.737647 17.683681 16.741394 18.36258 21.566284 21.631585 21.748066 24.489107 26.459427 26.631381 27.843368 24.977374 23.929315 26.246784 25.735584 25.298824 24.236409 25.442672 25.35195 27.191014 24.519351 21.826844 23.967429 23.706512 23.391793 25.768389 28.681894 26.67727 25.467793 28.981086 30.44614 28.299972 29.336383 32.965602 32.815994 31.283458 33.916761 36.613176 35.754112 35.667764 32.275163 30.867912 30.719205 33.579523 35.649661 
16.732213 14.284855 11.806751 8.484225 7.073472 4.871323 6.971413 9.16848 9.952086 12.74989 14.590109 15.971698 18.395513 19.364802 17.008825 14.197417 11.693331 9.363303 6.043703 3.799194 0.0 3.835069 5.126828 5.277619 6.399728 6.814725 9.563233 9.715211 13.314018 14.542649 16.368395 20.126541 20.9384 22.351783 22.853533 25.577478 24.704888 25.227911 28.671075 29.75681 31.203723 28.760224 25.992132 26.187649 26.2668 23.191996 21.152681 22.598677 21.878595 18.126307 17.943289 19.808223 17.87681 14.357189 16.051547 18.249268 15.749264 15.478301 12.74986 10.08508 9.186226 8.145281 11.124599 11.806765 15.544643 17.89601 18.136862 16.194071 12.395608 12.837337 15.868115 18.45433 17.002091 13.662399 11.949776 9.705365 12.149725 11.560087 13.257872 11.668965 13.29107 14.471301 16.382198 17.037773 18.362134 17.04593 16.77244 17.941342 21.00523 21.68913 22.102774 24.400382 26.414421 27.118757 28.263126 25.699991 24.201519 26.092948 25.045501 24.526966 23.156765 23.888337 23.434115 24.843477 21.874922 19.396842 21.745766 21.294721 21.456484 24.032242 26.980851 25.200238 24.377658 27.892721 29.399868 27.659946 28.860017 32.363347 32.457623 31.305642 33.86191 36.471292 35.965938 36.090269 32.893792 31.788517 31.419232 34.017692 36.400368 
17.321083 14.619734 12.653542 8.938709 7.855663 7.186973 9.532422 12.38144 13.026972 16.181241 18.297649 19.710016 22.207574 23.16791 20.704582 17.922523 15.513475 13.021276 9.74039 6.713062 3.835069 0.0 3.815036 5.716429 8.615552 9.688074 12.910651 13.180653 16.652501 17.852376 19.223509 22.964481 24.169511 25.783823 26.505064 29.277536 28.401999 28.998497 32.390703 33.501641 34.998779 32.565804 29.806749 30.019173 30.075149 26.990024 24.98236 26.354728 25.566989 21.842986 21.626713 23.286512 21.256398 17.764085 19.2758 21.195566 18.448612 17.53341 14.689852 12.669351 11.368762 10.489271 12.822311 13.238604 16.840603 18.576394 19.019316 17.224635 13.678327 14.501634 17.905627 20.317102 19.243646 15.592859 14.596025 12.262136 14.680291 14.140007 15.948203 14.727097 16.018468 17.265398 18.595705 19.087359 20.934321 19.842156 20.050511 21.157028 24.014196 24.909146 25.581196 27.715808 29.628576 30.557051 31.771841 29.343024 27.731756 29.437998 28.116813 27.52258 25.896695 26.312893 25.458144 26.408906 23.117061 21.050694 23.625328 22.935729 23.552794 26.328149 29.21522 27.554689 27.113172 30.626281 32.057695 30.571379 31.952026 35.339392 35.486168 34.57615 37.144878 39.645652 39.263785 39.548343 36.416104 35.449322 35.058781 37.55094 40.018986 
20.896789 18.139474 15.797763 12.060645 10.024531 8.247333 9.053819 11.517301 11.258239 14.742782 17.497526 19.022421 22.002888 23.524725 21.472596 18.305244 15.473231 12.346328 9.325021 5.601845 5.126828 3.815036 0.0 3.840293 6.87694 9.367849 12.876618 14.114176 17.851617 19.467899 21.384576 25.160733 25.896955 27.062797 27.352576 29.794271 28.515445 28.69626 32.017698 33.533828 35.163845 32.839453 29.875313 29.721176 30.106536 27.302976 24.841379 26.059204 25.772539 22.143004 21.273928 23.028308 21.55129 17.83115 18.635203 20.864814 18.595447 17.540534 15.37569 13.684905 13.388841 13.019123 15.889942 16.458001 20.125177 22.028899 22.163099 19.993748 16.361979 16.444444 19.513734 21.497156 19.829081 16.283185 15.481834 13.923444 16.836653 16.605776 18.367487 16.623413 17.82331 18.407899 19.810664 20.94626 22.681041 21.797902 21.502748 22.93793 25.977978 26.419225 26.836 29.331246 31.262318 31.762901 33.005902 30.285101 28.98617 31.011025 30.085905 29.436174 27.913604 28.752103 28.046563 29.32805 26.191726 24.04005 26.609129 26.127172 26.46791 29.101603 32.040422 30.236062 29.485112 33.016337 34.471233 32.672933 33.906929 37.428306 37.412751 36.182384 38.80351 41.412611 40.749969 40.835032 37.527516 36.268042 36.015075 38.764291 40.989749 
21.392163 19.155656 16.97526 13.551706 12.002764 9.535707 10.092099 11.449283 10.354734 13.309183 15.98866 16.816321 19.838164 21.652238 19.476335 16.027646 13.554634 10.227124 8.121663 5.165653 5.277619 5.716429 3.840293 0.0 3.805004 6.212378 9.955535 11.839395 15.525945 17.737405 19.776194 23.541191 24.126882 24.91672 25.256283 27.437433 25.885338 26.219625 29.339451 30.985119 32.920652 30.906372 27.72146 27.793604 28.551187 25.685985 23.127406 24.798582 24.809566 21.11481 20.309818 22.625272 21.399933 17.681351 18.648158 21.389132 19.500236 19.14575 17.045123 14.665227 14.349584 13.221475 16.00656 15.962168 19.466418 21.353413 20.854768 18.196663 14.618366 13.913831 16.64785 18.26009 16.338517 12.869074 12.389891 11.532575 14.905734 15.45058 17.725734 16.261536 18.179908 19.028811 21.076603 22.093518 23.243493 21.824667 21.020188 22.038993 25.401864 25.931414 25.814257 28.237026 30.549804 30.897002 31.735035 28.814875 27.336996 29.258591 28.459186 27.426173 25.709273 26.912661 26.120179 27.69472 24.762813 22.715152 25.484115 25.54943 25.928616 28.159679 31.359499 29.824293 28.6819 32.025708 33.844239 32.027652 32.844101 36.472208 36.716167 35.247969 37.613063 40.472932 39.893866 39.643369 36.38038 34.845977 34.291869 37.194725 39.466249 
22.215688 20.22794 17.75295 14.736203 13.003445 9.744552 9.353448 9.393345 7.546231 9.954076 12.635085 13.210197 16.393036 18.535787 16.664248 13.016693 10.448004 6.87076 5.822205 4.438981 6.399728 8.615552 6.87694 3.805004 0.0 3.7881 7.034499 9.641878 13.303477 15.784241 18.33592 21.985851 22.032079 22.378585 22.358047 24.272863 22.509379 22.63684 25.722348 27.523934 29.517986 27.615174 24.318358 24.283803 25.275369 22.551999 19.786458 21.561734 21.91199 18.306382 17.285253 19.923939 19.104424 15.431475 16.253871 19.386516 18.03159 18.286874 16.593407 13.925525 14.213373 13.120281 16.188508 16.274129 19.69832 22.002064 21.24558 18.427182 14.819116 13.508902 15.583476 17.079125 14.553853 11.610915 10.603181 10.498074 13.924596 14.681373 16.812718 15.067501 17.211425 17.794056 20.310109 21.563922 22.163583 20.60167 19.182555 20.234209 23.774127 23.986237 23.45721 26.070605 28.498435 28.482421 29.176655 26.042885 24.76473 26.902974 26.509528 25.472755 24.011242 25.650616 25.240364 27.287566 24.740617 22.414597 24.955471 25.324566 25.282236 27.207164 30.441291 28.840206 27.272814 30.526094 32.437245 30.352858 30.891942 34.620278 34.810559 33.023711 35.320604 38.314262 37.566577 37.063966 33.732236 31.945438 31.403819 34.484509 36.590654 
20.164167 18.722628 16.564433 14.108171 13.18886 10.152735 10.498851 10.10989 8.927627 10.235601 11.877551 11.714054 14.338124 16.145807 13.786618 10.202717 8.4478 5.685772 5.607239 6.146951 6.814725 9.688074 9.367849 6.212378 3.7881 0.0 3.795682 6.266592 9.775651 12.525082 14.92237 18.529771 18.689595 19.054497 19.390522 21.422356 19.841093 20.484929 23.534329 25.018449 27.08523 25.283774 22.015337 22.498609 23.436306 20.409441 18.011476 20.279605 20.387137 16.68003 16.355916 19.298477 18.21029 14.837873 16.404332 19.550854 18.136016 19.006427 16.96433 13.678656 13.418938 11.517023 14.13338 13.723273 16.858595 19.200404 18.143444 15.234423 11.724688 10.112415 11.95223 13.685432 11.27771 8.424818 6.879573 6.922159 10.410941 11.658787 14.15682 12.980119 15.765819 16.962746 19.897634 20.639869 20.774731 18.656585 17.11548 17.571108 21.241331 21.808606 21.016191 23.313532 26.022292 26.182764 26.544471 23.480156 21.828157 23.683511 23.147125 21.893385 20.291065 21.995406 21.569227 23.753171 21.388732 19.061062 21.630198 22.330118 22.351152 23.993558 27.36714 26.035612 24.31144 27.398266 29.557935 27.634843 27.938611 31.660921 32.137738 30.380623 32.454095 35.555343 35.055271 34.451219 31.280526 29.520198 28.65764 31.658609 33.980305 
20.32858 19.357489 17.204849 15.462142 14.793894 11.714143 11.756207 10.321734 9.328121 9.170374 9.699461 8.711703 10.883242 12.671306 10.300865 6.615904 5.6814 4.328363 6.304107 8.650141 9.563233 12.910651 12.876618 9.955535 7.034499 3.795682 0.0 3.805793 6.726725 9.807477 12.609691 15.946323 15.597529 15.559236 15.740995 17.649167 16.06815 16.865143 19.915863 21.267991 23.359299 21.660899 18.360326 19.08261 20.114794 17.029459 14.757439 17.396687 17.590803 13.992414 14.008615 17.292435 16.389096 13.451652 15.301464 18.567245 17.579714 19.182073 17.360388 13.812835 13.770919 11.750672 14.126856 13.712215 16.425692 19.08096 17.812124 14.992633 11.798145 9.809466 10.605778 12.408903 9.671423 7.950542 5.224136 6.230372 9.032589 10.543828 12.809346 11.758282 14.882276 16.116824 19.488695 20.11845 19.557882 17.108905 15.004098 15.12717 18.92328 19.381662 18.09386 20.354738 23.268237 23.217203 23.286154 20.109825 18.444045 20.349131 20.125111 18.830955 17.499523 19.60379 19.621177 22.257002 20.403732 17.839345 20.053861 21.116727 20.744767 21.951432 25.334554 24.068689 21.925307 24.815138 27.126402 25.065249 25.022275 28.794466 29.345974 27.35721 29.26277 32.49927 31.982685 31.144043 28.013451 26.090028 25.086332 28.170792 30.464574 
17.100243 16.460715 14.498166 13.454702 13.45489 10.987735 11.796044 10.699848 11.044784 10.75847 10.253244 9.576364 10.638458 11.237312 8.175679 5.384411 5.394641 6.077006 7.026692 9.787631 9.715211 13.180653 14.114176 11.839395 9.641878 6.266592 3.805793 0.0 3.806932 6.279429 8.98737 12.468892 12.447644 13.091407 13.761676 16.323361 15.538224 16.809396 20.049583 20.723694 22.420566 20.408578 17.516735 18.628122 19.021375 15.569724 14.034516 16.690343 16.109006 12.410979 13.401229 16.386181 14.802018 12.282599 14.955647 17.741371 16.357296 18.231151 16.005795 12.183742 11.542842 9.087834 10.966893 10.603316 13.121977 16.088304 15.141891 12.847845 9.702963 8.580627 9.495353 12.261492 10.421681 8.914433 5.229149 4.427976 5.912059 6.93089 9.104976 8.526016 12.019585 13.881668 17.342075 17.411251 16.62941 13.832207 11.987108 11.701556 15.470683 16.342924 15.293054 17.249587 20.16605 20.545043 20.662109 17.811152 15.811211 17.50519 16.907241 15.871817 14.684685 16.422518 16.67448 19.250219 17.447485 14.556138 16.497305 17.429113 16.944463 18.228525 21.578412 20.307446 18.274866 21.245368 23.519294 21.616292 21.735898 25.456108 26.08809 24.36901 26.315166 29.443764 29.142672 28.553618 25.550386 23.997531 22.944997 25.740145 28.284931 
17.293211 17.43084 15.940067 15.723154 16.268723 14.205787 15.085202 13.684953 14.187993 13.122836 11.613317 10.125799 9.816474 9.559561 5.923445 4.627081 6.98884 9.061287 10.588162 13.559821 13.314018 16.652501 17.851617 15.525945 13.303477 9.775651 6.726725 3.806932 0.0 3.747619 6.318003 9.310146 9.052987 9.53276 10.742641 13.419349 13.076877 15.033209 18.05714 18.199286 19.878704 18.06616 15.379129 17.168712 17.465999 13.826022 13.047377 16.143531 15.350709 12.02345 13.847576 16.881789 15.297553 13.613209 16.591776 19.157853 18.033972 20.407515 18.252196 14.418484 13.592857 10.960399 11.844549 11.058975 12.570416 15.510139 14.242945 12.245097 9.996504 8.776883 8.375336 11.202909 9.847908 9.620046 5.935476 5.859093 5.22119 6.76693 8.64996 9.121516 12.814337 14.999654 18.619966 18.221302 16.737394 13.437837 11.331015 9.958735 13.70664 14.922464 13.311353 14.708172 18.007023 18.478962 18.036161 15.319793 12.834706 14.116116 13.506549 12.187717 11.078724 13.164477 13.804372 16.795171 15.63584 12.695283 14.247041 15.767944 15.090235 15.682069 19.121274 18.226374 15.791337 18.377006 20.994929 19.23206 18.869121 22.568093 23.5505 21.770214 23.352354 26.637321 26.59477 25.79317 23.032593 21.474516 20.001512 22.693624 25.441967 
15.306569 15.712863 14.304036 14.931424 15.818103 14.346136 15.463919 14.248579 15.637789 14.535545 12.447736 11.64214 10.544996 8.933183 5.314262 6.202138 8.328659 11.097567 11.985529 15.068229 14.542649 17.852376 19.467899 17.737405 15.784241 12.525082 9.807477 6.279429 3.747619 0.0 3.763139 6.633591 6.434731 8.123985 9.59229 12.990638 13.658983 15.648309 18.831589 18.325824 19.325993 17.046944 15.025281 16.893875 16.371996 12.582687 12.665999 15.368107 13.749968 10.630356 13.29587 15.730225 13.591049 12.606034 16.054529 17.992898 16.671762 19.273642 17.033889 13.338386 12.310461 9.946927 10.223903 10.064612 11.136578 14.501239 13.963735 12.94153 10.987958 10.954161 10.811061 14.02293 13.269765 13.022245 9.387998 8.179985 5.979477 5.570828 5.918698 6.905859 10.41133 12.925875 16.452994 15.584779 13.720321 10.177292 8.297184 6.345167 10.019852 11.57452 10.32448 11.45057 14.614871 15.512589 15.31503 13.054502 10.432126 11.685832 10.774146 10.327077 10.03165 11.479845 12.855253 15.704949 14.773994 11.337681 12.004889 13.118192 11.839548 12.562481 15.781307 14.606063 12.192161 15.011946 17.411298 15.62729 15.569494 19.247559 20.114277 18.59197 20.378289 23.469394 23.50969 23.062328 20.368753 19.287927 18.00903 20.341766 23.23023 
13.39183 14.661061 14.162588 15.427652 17.134745 16.380531 18.130336 17.443901 19.015499 18.192789 16.200892 15.330054 14.003314 12.003597 8.500034 9.788397 12.004125 14.472697 14.947146 17.605 16.368395 19.223509 21.384576 19.776194 18.33592 14.92237 12.609691 8.98737 6.318003 3.763139 0.0 3.788113 5.780276 8.596696 11.198951 14.657724 15.845528 18.349899 21.208463 20.217074 21.100164 18.999359 17.41615 19.718891 18.944656 15.163925 15.88092 18.545357 16.569891 13.784913 16.776577 18.902914 16.436469 15.753016 19.379068 20.961324 19.300856 21.729578 19.126673 15.513918 13.708293 10.908655 9.796212 8.818521 8.62113 11.699588 11.189375 10.922008 9.921044 10.635635 10.376482 13.802871 14.08878 13.952093 10.815713 9.167767 5.718102 5.289255 5.748051 8.510884 11.808845 14.943961 18.097091 16.477873 14.663475 10.856434 10.051004 7.071326 9.882212 12.501969 11.630727 11.557292 14.741009 16.408587 15.901632 14.389678 11.156718 11.220555 9.163687 8.462877 7.668003 8.186507 9.463186 12.096564 11.331586 7.829817 8.287826 9.805281 9.0032 9.416772 12.95244 12.447832 10.365247 12.909254 15.632399 14.624034 14.547473 17.926363 19.336144 18.391676 19.827244 22.784968 23.422117 23.183764 20.965227 20.353427 18.709444 20.486495 23.755605 
