0.0 3.831829 6.739203 9.813529 12.71693 16.310055 19.721757 22.134958 25.690058 26.677105 30.441749 30.702983 33.972832 34.80535 35.00723 35.695493 33.536788 30.466979 27.513385 24.32486 21.478323 17.762612 16.030819 12.331918 10.479259 7.163709 6.935958 6.508677 9.735721 11.238632 10.929876 12.133204 14.910986 16.005511 16.137798 18.556941 20.90133 23.81049 24.135821 27.170864 28.013265 29.686611 30.567706 29.148398 30.16321 28.289644 28.705553 24.928223 23.332252 25.758054 26.188554 24.807444 27.822457 25.48096 28.831678 30.558645 33.5398 32.602793 33.829128 32.406704 34.577077 33.615741 36.0395 37.523021 34.901239 32.441186 28.961452 26.436667 22.8446 22.045729 18.51678 19.573985 20.246163 23.720953 23.255166 21.574496 24.509674 26.892525 29.61335 28.300273 31.289131 31.216118 34.246138 35.857847 33.020612 30.609574 31.093415 33.573665 33.657854 30.633496 29.760648 26.825378 26.15085 23.064882 22.202801 20.871088 19.581857 19.481378 15.928695 15.815287 13.704386 14.952547 13.125498 16.541135 18.203835 21.043842 24.422165 24.624239 27.392375 29.468089 32.022291 34.254457 33.293383 30.008704 28.31779 27.428612 24.205599 21.326433 21.024711 17.490025 17.412394 15.366073 17.134126 17.500316 20.558352 22.541378 23.001719 20.472771 17.9567 16.118116 13.498043 14.721024 13.228564 14.058615 17.478446 19.398193 23.014842 23.55938 26.661663 25.668269 25.127381 27.757101 27.685813 26.399607 22.855449 20.990545 17.916747 15.168417 13.366574 9.9781 
3.831829 0.0 3.822493 6.382617 9.495164 12.991774 16.47653 19.062657 22.682797 24.043718 27.849124 28.444908 31.848753 32.863421 32.774661 33.25002 30.881792 27.635124 24.77599 21.397724 18.875194 15.109245 13.538164 10.062338 8.462016 6.116417 5.441868 7.214224 9.850708 10.183208 10.483279 12.620465 14.760497 15.408496 16.367287 18.924646 20.645106 23.480138 23.394595 26.125978 26.488673 28.197511 29.525337 28.335159 29.368924 27.138657 27.350059 23.58034 21.950884 23.93523 24.087692 22.281237 25.058315 22.451713 25.631958 27.590045 30.705002 30.077446 31.316125 29.670466 31.592555 30.43921 32.786266 34.086264 31.343872 28.964573 25.415826 23.065634 19.389058 18.628796 15.256615 16.555122 17.679868 21.323482 21.11367 19.055548 21.698477 24.405374 27.117542 25.991945 29.218695 29.194359 32.433309 34.127188 31.509638 28.996424 29.902926 32.393363 32.747864 29.600775 28.334378 25.186758 24.185276 20.857784 20.228406 18.687231 17.880532 17.703664 14.407308 14.648591 12.630273 14.804119 13.311936 16.807538 18.263701 20.614741 24.101236 23.913302 26.97946 28.983766 31.188563 33.449472 32.499073 29.007292 27.207706 25.842845 22.478993 19.342681 18.464062 14.821053 14.964387 13.12966 14.719814 15.591667 18.841497 21.348339 22.276037 19.71765 16.988706 14.898955 11.858835 12.219578 10.225921 10.986064 14.201264 16.221489 19.78638 20.177249 23.45299 22.811278 22.34135 24.736374 24.361314 22.906617 19.44119 17.345962 14.262455 11.484367 9.546127 6.241685 
6.739203 3.822493 0.0 3.80647 6.013385 9.711344 13.012072 15.61875 19.14073 20.42022 24.218348 24.729668 28.18864 29.130485 28.976259 29.516822 27.136477 23.949528 21.017777 17.698863 15.078693 11.309542 9.877469 6.382054 5.686207 4.931861 6.093075 8.704054 9.986059 10.199739 11.807953 13.729898 14.996886 16.034218 17.684328 19.746641 21.046278 24.133971 24.186594 26.52617 26.458596 27.762675 29.359711 27.975176 28.599555 26.021431 26.539008 22.901943 21.629531 23.382923 23.777862 21.715318 24.411368 21.785942 24.73115 27.117181 30.156509 29.920292 31.492486 29.851779 31.406851 29.819778 31.789273 32.79381 29.979701 27.98312 24.292073 22.384714 18.616753 18.429278 15.524524 17.446 19.034721 22.734933 22.533188 19.940319 22.306561 25.298635 27.71983 26.483556 29.846339 29.496936 32.774361 34.19849 31.59351 29.330094 30.623611 33.357144 34.122567 31.101025 29.424505 26.328021 24.797559 21.220773 20.285393 18.102584 17.197782 16.268012 13.035217 12.711332 10.204735 12.809527 12.202133 15.807637 17.622829 19.423263 23.095442 23.063195 26.409307 27.985696 30.071335 32.035304 30.854272 27.308555 25.135813 23.517503 20.342172 16.918796 15.783882 12.388433 13.40351 12.528235 14.677538 16.421503 19.986377 22.709032 23.963061 21.762076 18.649693 16.923587 13.441105 13.287249 10.35888 9.846689 12.442724 13.71847 17.075094 17.131345 20.298792 19.583501 19.525348 22.10065 21.669815 20.611033 17.332755 15.195214 12.689555 9.310201 7.785675 4.997762 
9.813529 6.382617 3.80647 0.0 3.796403 6.745351 10.423196 12.828506 16.524371 18.137308 21.939932 22.951593 26.398346 27.750218 27.45057 27.543986 25.098724 21.693784 19.125087 15.697142 13.518861 9.98383 8.211122 5.810104 4.933249 6.077594 6.260407 9.860188 10.312572 9.19861 11.304214 13.746046 14.248758 14.765041 17.108934 19.133954 19.758502 22.65746 22.373296 24.337308 23.835841 25.114251 27.068996 25.930943 26.605656 23.783101 24.046609 20.502082 19.238904 20.545814 20.747726 18.405067 20.924568 18.233322 21.062677 23.596895 26.62337 26.605757 28.286756 26.62335 27.982053 26.22566 28.073994 29.037113 26.260967 24.343219 20.644964 18.841582 15.08992 15.303189 12.730792 15.214748 16.933999 20.550153 20.294866 17.319055 19.455176 22.582762 24.77094 23.535894 26.998751 26.559614 29.920582 31.321109 28.903527 26.648823 28.29454 31.053161 32.109577 29.115488 27.08328 23.962654 22.079019 18.372007 17.511924 15.124309 14.684527 13.763076 11.06589 11.410771 9.689617 13.07498 12.52846 15.737861 17.014174 18.268644 21.836969 21.329792 24.834832 26.38276 28.073982 30.113608 29.046128 25.359584 23.268471 21.246861 17.913193 14.420577 12.765712 9.245615 10.325277 9.821829 11.825588 14.137637 17.776178 20.785809 22.420355 20.452843 17.180019 15.62078 11.949864 11.114219 7.650531 6.456091 8.691025 10.105089 13.523097 13.807421 17.077767 16.609558 16.308825 18.614051 18.086224 16.869629 13.544274 11.485128 9.017164 5.677254 5.209205 4.396716 
12.71693 9.495164 6.013385 3.796403 0.0 3.810374 7.013848 9.77398 13.286323 14.981347 18.77571 19.70972 23.30196 24.488963 23.958944 24.185168 21.597022 18.233845 15.485529 12.01771 9.874808 6.311004 5.357898 4.05389 5.739944 8.365893 9.68259 13.046235 12.852242 11.943761 14.630683 16.725742 16.672566 17.493487 20.153413 21.761799 22.082552 25.095919 24.917077 26.49741 25.59169 26.465685 28.666591 27.387415 27.63717 24.507084 25.072054 21.790481 20.926445 21.893817 22.255722 19.659238 21.884304 19.168672 21.53033 24.506894 27.44494 27.903695 29.805736 28.07731 28.979532 26.792416 28.200284 28.715519 25.810573 24.390726 20.610002 19.475772 15.792704 16.473866 14.615366 17.307383 19.484208 23.043669 22.97855 19.725369 21.403297 24.746622 26.690112 25.513211 29.049506 28.401229 31.764786 32.935591 30.622505 28.611124 30.587325 33.467352 34.824377 31.938369 29.618983 26.563803 24.311673 20.520653 19.530313 16.671756 16.256445 14.569995 12.25704 11.882985 9.741417 13.244212 13.75538 16.851842 18.470782 19.119764 22.745591 22.435748 26.11517 27.176831 28.699669 30.364814 29.046371 25.373625 22.863393 20.525488 17.560766 13.799694 11.641486 8.849215 11.189113 11.901528 14.101958 16.95257 20.601765 23.713495 25.543093 23.797585 20.429904 19.052373 15.357421 14.143469 10.467244 8.3443 9.0696 9.110704 11.877935 11.3311 14.523659 14.175737 14.671556 17.08037 16.265416 15.56517 12.75236 10.496928 9.211592 5.437088 5.600103 6.074772 
16.310055 12.991774 9.711344 6.745351 3.810374 0.0 3.813471 6.305983 9.933641 12.076103 15.802348 17.269743 20.837072 22.387626 21.636993 21.415518 18.744178 15.187956 12.882013 9.39876 8.06225 5.583152 4.951665 6.331454 8.017245 11.296772 12.297152 15.787928 14.988348 13.449396 16.424237 18.573073 17.811954 18.352385 21.48763 22.832097 22.520655 25.341909 24.974717 26.031964 24.607191 25.218243 27.777738 26.658368 26.7411 23.340216 23.821841 20.86419 20.252529 20.635786 20.929808 18.074513 19.914744 17.269713 19.182535 22.462024 25.243965 26.124094 28.227639 26.525923 27.015154 24.480806 25.492969 25.743736 22.874828 21.849009 18.108193 17.497168 14.071237 15.454415 14.417634 17.520625 19.818129 23.113914 23.030985 19.477454 20.701239 24.111084 25.64721 24.483789 28.031492 27.184334 30.532663 31.526961 29.448346 27.626197 29.996588 32.913403 34.624176 31.879184 29.198262 26.256486 23.600047 19.811962 18.818988 15.680693 15.68598 13.717007 12.326815 12.225096 10.884094 14.580824 15.422147 17.97774 19.224473 19.155553 22.559578 21.953006 25.722151 26.513183 27.586208 29.111141 27.805859 24.09943 21.541874 18.739029 15.936176 12.188504 9.26037 7.251071 10.208856 11.903463 13.879437 17.221903 20.737596 23.960046 26.091701 24.693016 21.279635 20.204082 16.583537 14.906504 11.199927 8.377657 7.420255 6.291891 8.384188 7.521925 10.773775 10.80205 11.516006 13.642047 12.573523 12.116343 9.698305 7.638307 7.66775 4.695092 6.761296 8.909576 
19.721757 16.47653 13.012072 10.423196 7.013848 3.813471 0.0 3.812742 6.738331 9.376423 12.910753 14.519092 18.207311 19.653005 18.473178 18.241121 15.302938 11.707668 9.371968 5.768478 5.534881 4.785075 6.100571 8.747001 11.213564 14.68555 16.029718 19.415689 18.387699 16.977308 20.112633 22.092301 21.040775 21.69181 24.963866 26.049708 25.496443 28.293127 27.95163 28.659876 26.894826 27.165533 29.920953 28.772961 28.516121 24.926718 25.590127 22.999048 22.719853 22.727891 23.073223 20.089813 21.49055 18.942571 20.227317 23.803607 26.409071 27.75908 29.985026 28.239103 28.247927 25.355725 25.863725 25.589893 22.665903 22.252073 18.629287 18.794395 15.733099 17.426202 17.071936 20.13527 22.695075 25.843201 25.940679 22.288522 23.060948 26.546255 27.830997 26.794053 30.323758 29.346362 32.638126 33.433768 31.543793 29.950348 32.583292 35.525397 37.470687 34.83382 31.943301 29.092759 26.205273 22.484488 21.497883 18.198101 18.320028 15.963743 15.083617 14.586635 13.229713 16.647512 18.125252 20.441254 21.81473 21.246081 24.515865 24.016782 27.809573 28.168995 28.982243 30.135729 28.658734 25.069243 22.240522 19.16045 16.923026 13.30541 10.07487 9.456596 12.837114 15.127963 17.000861 20.51101 23.900748 27.152447 29.411512 28.167907 24.765682 23.779477 20.223189 18.341431 14.726466 11.830267 10.024485 7.773131 8.117507 5.711069 8.542969 9.121033 11.012266 12.865504 11.312618 11.604195 10.326168 8.45962 9.943675 7.814234 9.665052 12.026781 
22.134958 19.062657 15.61875 12.828506 9.77398 6.305983 3.812742 0.0 3.785248 6.208465 9.722375 11.792003 15.227519 17.19609 16.267764 15.48151 12.914227 9.291912 7.889194 5.418843 5.694604 6.809643 7.05522 10.565736 12.5513 16.273249 17.656103 20.839937 19.161819 17.613471 21.027119 22.666298 20.987516 21.70923 25.208893 25.81322 24.828347 27.552812 27.362913 27.632178 25.596342 25.387556 28.21947 26.984678 26.384223 22.67606 23.538766 21.360424 21.509811 21.253588 21.937725 19.154799 20.469976 18.468988 19.504655 23.107794 25.266685 26.767913 29.350788 27.975078 27.79349 24.690668 24.731343 24.431769 21.884918 21.884224 18.515263 18.942227 16.336726 18.721202 18.718732 22.109549 24.340319 27.207259 26.923769 23.143706 23.884804 27.137815 27.914842 26.564412 29.889863 28.493201 31.55133 31.945539 30.077793 28.895492 31.6948 34.78352 37.042386 34.706995 31.6194 29.096188 25.91222 22.33888 20.968867 17.422558 17.418986 14.65898 14.517326 13.943273 13.31541 16.509216 18.242029 19.936246 21.04702 19.835859 22.801884 22.281269 26.028137 25.999637 26.519082 27.399661 25.869158 22.385562 19.498094 16.204838 14.400708 11.109399 7.842579 8.707769 12.249624 15.276127 17.302938 21.014189 24.305785 27.325309 29.652996 28.886304 25.377245 24.92986 21.423129 19.738989 16.202088 12.838818 10.424399 7.079187 6.087937 4.024909 5.408511 5.358651 7.776055 9.813131 8.828046 10.245421 9.517273 9.075709 11.361559 10.045524 12.71667 15.182546 
25.690058 22.682797 19.14073 16.524371 13.286323 9.933641 6.738331 3.785248 0.0 3.811127 6.547702 9.069529 12.428601 14.447698 13.098521 12.023377 9.290701 5.593907 5.130067 4.411537 6.40514 9.121465 10.109373 13.783968 16.037707 19.79001 21.366853 24.454635 22.609177 21.178316 24.671306 26.143527 24.249593 25.063644 28.618393 28.97178 27.794437 30.459425 30.335187 30.287436 28.007522 27.442286 30.361133 29.093545 28.150907 24.380601 25.429036 23.684623 24.153487 23.609679 24.387632 21.655376 22.597593 20.84992 21.34054 25.040932 26.902232 28.759942 31.458576 30.15228 29.573972 26.223552 25.738015 24.986309 22.583212 23.199618 20.124642 21.151242 18.967526 21.537856 21.957092 25.30465 27.632214 30.350764 30.132144 26.321632 26.767812 29.984121 30.49422 29.19748 32.415714 30.863496 33.776401 33.919708 32.22539 31.325996 34.298123 37.400702 39.86592 37.685989 34.452572 32.081507 28.741703 25.305827 23.906286 20.331437 20.358975 17.410599 17.65378 16.820941 16.258542 19.067532 21.199064 22.610497 23.764696 22.140956 24.853416 24.459111 28.107123 27.640464 27.882851 28.338025 26.667933 23.438414 20.399579 17.005746 15.977366 13.194686 10.262651 12.028305 15.489984 18.747801 20.696905 24.449035 27.615013 30.579198 32.969501 32.375241 28.880565 28.552827 25.100607 23.348189 19.88438 16.523292 13.859952 10.340002 8.228207 5.715315 4.703359 5.11643 8.732105 10.161473 9.053115 11.42739 11.851624 11.802932 14.632139 13.640656 16.164862 18.67732 
26.677105 24.043718 20.42022 18.137308 14.981347 12.076103 9.376423 6.208465 3.811127 0.0 3.810603 5.710121 9.02531 11.205505 10.596559 9.612259 7.812461 5.120375 5.153488 6.343945 6.952199 10.191311 10.665911 14.444666 16.608687 20.343733 22.338937 25.024087 22.750622 21.736814 25.446478 26.377863 24.215727 25.481 28.950528 28.829075 27.670645 30.502227 30.818151 30.683653 28.528889 27.520106 30.176695 28.523602 27.118026 23.421228 25.00643 23.511962 24.373932 24.08529 25.413563 23.103605 24.345304 23.045492 23.717628 27.254472 28.795386 30.470873 33.433515 32.483103 32.03234 28.709423 28.06617 27.490643 25.41887 26.105985 23.147556 23.986928 21.840173 24.565081 24.729843 28.213319 30.288835 33.014754 32.459411 28.649724 29.408424 32.444273 32.779569 31.119096 34.150073 32.254332 34.917479 34.688131 32.76459 32.239459 35.081449 38.381279 40.945829 39.001531 35.815544 33.701883 30.310621 26.956586 25.076983 21.337666 20.774075 17.393176 17.671761 16.225823 15.738026 17.928736 20.502263 21.505083 22.834915 20.885069 23.433364 23.500001 27.027325 26.105008 26.450796 26.465402 24.536872 21.571707 18.258794 15.127357 14.828294 12.442424 10.476659 12.880013 16.368847 19.845064 22.247501 25.979897 29.230972 31.893343 34.13452 33.80541 30.169317 30.200839 26.676627 25.380668 21.855431 18.257541 15.921319 12.212751 10.350961 8.896983 7.090729 5.360446 9.03163 11.167414 11.262221 14.173709 14.376736 14.850871 17.404483 16.139805 18.725134 20.817153 
30.441749 27.849124 24.218348 21.939932 18.77571 15.802348 12.910753 9.722375 6.547702 3.810603 0.0 3.777699 6.1349 8.809913 8.03695 6.1165 5.121288 4.078726 6.351316 9.025753 10.277076 13.793432 14.429593 18.186841 20.323313 24.037856 26.051553 28.655623 26.221886 25.213026 28.943692 29.735884 27.352686 28.622451 32.13122 31.761363 30.380159 33.083962 33.454834 32.994281 30.638856 29.28399 31.965159 30.313953 28.599482 24.945509 26.659388 25.637723 26.786363 26.232516 27.652781 25.474323 26.416076 25.426668 25.68909 29.199997 30.395133 32.313628 35.392909 34.594328 33.84347 30.371388 29.270063 28.402747 26.607667 27.773997 25.140558 26.365464 24.593431 27.505447 27.979566 31.479179 33.543835 36.104372 35.519293 31.693749 32.249156 35.185117 35.232058 33.560568 36.432613 34.35955 36.822238 36.312091 34.555682 34.343083 37.307923 40.60918 43.37227 41.62526 38.32081 36.405398 32.886304 29.70443 27.778791 24.073026 23.5602 20.147234 20.818961 19.349243 19.101734 20.957573 23.680148 24.332399 25.549338 23.231271 25.402334 25.529924 28.857254 27.521911 27.539045 27.114814 25.116117 22.529447 19.255305 16.204668 16.697862 14.992439 13.389767 16.240368 19.53041 23.14274 25.437543 29.180293 32.28723 34.846833 37.130244 37.01713 33.406361 33.609392 30.161535 28.836533 25.39891 21.786991 19.238714 15.45988 13.060953 11.668225 8.928423 7.607511 11.06651 12.488844 12.751579 16.132787 17.009152 17.831236 20.700372 19.736549 22.374778 24.571605 
30.702983 28.444908 24.729668 22.951593 19.70972 17.269743 14.519092 11.792003 9.069529 5.710121 3.777699 0.0 3.870176 5.5043 5.596164 5.333712 5.501193 6.139678 7.040285 10.169149 10.547259 14.156145 14.927508 18.45235 20.807707 24.372057 26.839622 29.132555 26.635008 26.161274 29.980278 30.414913 28.140241 29.85462 33.156657 32.594622 31.523515 34.478361 35.20246 34.942482 32.86071 31.390988 33.783329 31.780106 29.811272 26.30662 28.438813 27.351036 28.602833 28.458258 30.178882 28.181878 29.446689 28.454086 29.001856 32.470161 33.705967 35.420851 38.549445 37.807928 37.246658 33.847781 32.873199 32.113599 30.279641 31.308088 28.539291 29.547378 27.518092 30.273036 30.401691 33.872577 35.939661 38.686956 38.035848 34.235551 35.063159 38.027672 38.222268 36.409588 39.283092 37.140083 39.554422 38.953602 36.950538 36.819282 39.583871 43.007301 45.68484 43.958907 40.793818 38.891757 35.460758 32.209958 30.056243 26.267366 25.289531 21.647091 21.886572 19.806413 19.12571 20.40849 23.536188 24.166656 25.81419 23.58819 25.82613 26.497325 29.749268 28.18471 28.557255 27.83327 25.566598 23.223903 19.684117 17.155781 17.984939 16.291825 15.291096 17.927046 21.341472 24.854472 27.516081 31.197054 34.480284 36.931247 39.050204 38.894035 35.182982 35.404931 31.832115 30.79808 27.227117 23.578288 21.472125 17.765121 15.917442 14.522092 12.279983 10.449246 13.761709 15.758371 16.256848 19.509144 19.977511 20.550934 23.073957 21.590212 23.927738 25.662258 
33.972832 31.848753 28.18864 26.398346 23.30196 20.837072 18.207311 15.227519 12.428601 9.02531 6.1349 3.870176 0.0 3.843254 5.538654 4.463559 7.073395 8.99538 10.702456 13.967662 14.3706 17.902062 18.36712 21.854349 23.950579 27.44604 29.910172 32.007632 29.254005 28.828958 32.668751 32.834872 30.294727 32.080997 35.360517 34.448357 33.186797 36.031825 36.931645 36.389733 34.239907 32.386383 34.65013 32.550446 30.231597 26.885465 29.239664 28.61224 30.178404 29.932426 31.88691 30.175208 31.352448 30.755148 31.139079 34.469821 35.336759 37.085895 40.377067 39.911751 39.24314 35.810157 34.526836 33.740018 32.253634 33.533351 31.022504 32.135422 30.372989 33.332541 33.576522 37.136961 39.042968 41.642009 40.799307 37.00464 37.824141 40.611823 40.519824 38.544339 41.20063 38.808252 40.95219 40.009255 38.049574 38.289267 41.055799 44.525904 47.369417 45.903933 42.693897 41.062188 37.546485 34.48665 32.145698 28.387963 27.28637 23.600439 24.185335 22.070017 21.76038 22.637319 25.812478 25.9653 27.44142 24.859402 26.647009 27.466481 30.4337 28.433394 28.569042 27.365012 25.021132 23.16737 19.742331 17.543515 19.136074 18.152653 17.673885 20.685633 23.855502 27.478682 30.150933 33.795981 36.960467 39.192477 41.274691 41.407191 37.696249 38.207818 34.711631 33.82301 30.342283 26.626636 24.455801 20.691749 18.631438 17.62905 14.90021 12.900705 15.76594 17.48506 18.449149 21.980251 22.685935 23.682438 26.312869 25.038872 27.552493 29.305854 
34.80535 32.863421 29.130485 27.750218 24.488963 22.387626 19.653005 17.19609 14.447698 11.205505 8.809913 5.5043 3.843254 0.0 3.811764 5.581783 7.959993 10.530815 11.431169 14.895305 15.089803 18.637247 19.570096 22.803691 25.250832 28.614137 31.398298 33.376374 30.781249 30.729263 34.580121 34.648587 32.361824 34.40116 37.528721 36.660909 35.713222 38.752791 39.787822 39.477527 37.496406 35.729816 37.879734 35.619433 33.262804 29.990879 32.494078 31.677506 33.166388 33.163702 35.141011 33.358564 34.660827 33.840849 34.33746 37.75611 38.807404 40.52539 43.751264 43.142634 42.525026 39.090614 37.921358 37.043553 35.3557 36.583549 33.919757 35.014103 33.021876 35.76409 35.834325 39.281765 41.357442 44.145819 43.440501 39.652997 40.54736 43.477758 43.608172 41.695146 44.46545 42.166372 44.403309 43.547377 41.47745 41.616568 44.289691 47.79397 50.52547 48.952374 45.829446 44.067377 40.633697 37.445818 35.11524 31.313721 30.051849 26.291099 26.437877 23.965094 23.116235 23.704313 27.138536 27.51571 29.401709 27.080346 29.052736 30.195822 33.175815 31.161244 31.594241 30.301505 27.817443 26.065779 22.501141 20.599304 22.10307 20.850007 20.391969 23.049639 26.404945 29.885336 32.720147 36.347061 39.663178 41.964283 43.974047 43.916543 40.159653 40.491441 36.883796 36.041536 32.436103 28.779503 26.85609 23.176187 21.394369 19.994373 17.664242 15.833394 18.938979 20.865338 21.530748 24.896339 25.464051 26.035985 28.506159 26.845664 28.978763 30.431602 
35.00723 32.774661 28.976259 27.45057 23.958944 21.636993 18.473178 16.267764 13.098521 10.596559 8.03695 5.596164 5.538654 3.811764 0.0 3.875638 5.101524 8.281211 9.404706 13.154961 14.178483 17.93382 19.482078 22.821883 25.582582 29.077378 31.721188 34.038257 31.723943 31.417463 35.218767 35.688231 33.561692 35.341537 38.602606 38.077661 37.092108 40.071287 40.785585 40.495299 38.333222 36.817446 39.247608 37.250287 35.160722 31.705332 33.875456 32.905607 34.17686 33.931905 35.543676 33.418151 34.436416 33.321574 33.55733 37.13932 38.370096 40.346816 43.403343 42.508496 41.667832 38.134913 36.919704 35.721584 33.828257 35.212008 32.562386 33.956549 32.010476 34.631599 34.947723 38.257605 40.599146 43.392072 43.000279 39.187133 39.782506 42.877337 43.110174 41.503007 44.427317 42.357955 44.789457 44.172246 42.309969 42.205997 45.056407 48.438737 51.153221 49.393024 46.175915 44.207725 40.755672 37.484813 35.483355 31.715475 30.848737 27.226963 27.362634 25.15845 24.12891 25.222421 28.541757 29.297346 31.162583 28.987006 31.175404 31.989743 35.162928 33.413532 33.716321 32.702834 30.355485 28.31669 24.790789 22.447927 23.52038 21.88582 20.754456 23.24684 26.753532 30.209897 32.79327 36.500881 39.79369 42.363067 44.523666 44.253991 40.560445 40.599235 36.9888 35.779874 32.158619 28.61301 26.446014 22.785247 20.744479 18.768933 16.520815 15.489847 18.989637 20.50898 20.506609 23.737804 24.649927 24.901095 27.590711 26.03965 28.014406 29.699403 
35.695493 33.25002 29.516822 27.543986 24.185168 21.415518 18.241121 15.48151 12.023377 9.612259 6.1165 5.333712 4.463559 5.581783 3.875638 0.0 3.823065 7.078666 9.634174 13.303585 14.802358 18.590881 19.762017 23.373525 25.812137 29.450619 31.751595 34.216969 31.751637 31.036218 34.8164 35.409607 33.010967 34.49275 37.926135 37.347869 35.995746 38.724993 39.262603 38.65707 36.248374 34.609017 37.192967 35.416842 33.343506 29.839073 31.809204 31.13076 32.499764 31.896205 33.423024 31.339314 32.083032 31.218553 31.167798 34.679879 35.655251 37.784741 40.900089 40.141977 39.114815 35.523479 34.043124 32.779774 31.142899 32.757887 30.368378 31.952297 30.356759 33.234962 33.861837 37.274068 39.4838 42.036723 41.550147 37.720528 38.126576 41.076348 41.016476 39.403693 42.190214 40.0245 42.332377 41.591478 39.939419 39.981439 42.983137 46.298438 49.174569 47.552643 44.203004 42.389832 38.821668 35.718467 33.765263 30.070902 29.463476 25.962033 26.613888 24.818715 24.341558 25.704919 28.774883 29.280714 30.712493 28.24244 30.169972 30.630077 33.73579 31.945981 31.8467 30.843769 28.668124 26.643067 23.345511 20.733422 21.948967 20.655058 19.41235 22.295365 25.595548 29.21335 31.552059 35.291978 38.384745 40.900888 43.168478 43.114502 39.489092 39.705744 36.229476 34.90154 31.426204 27.834818 25.311107 21.548072 19.040847 17.35361 14.522012 13.653593 16.956861 17.965438 18.104931 21.570706 22.870918 23.580847 26.566858 25.515113 27.885932 29.95381 
33.536788 30.881792 27.136477 25.098724 21.597022 18.744178 15.302938 12.914227 9.290701 7.812461 5.121288 5.501193 7.073395 7.959993 5.101524 3.823065 0.0 3.795507 6.422583 10.084489 12.20081 16.000095 17.645319 21.242643 23.921885 27.6055 29.787274 32.511211 30.361507 29.490458 33.184926 34.129806 31.989281 33.282292 36.76025 36.560622 35.31843 38.064528 38.34079 37.931173 35.506179 34.24471 37.012312 35.423218 33.705058 30.056123 31.723637 30.688145 31.743698 31.101254 32.292047 29.879077 30.538307 29.273279 29.205416 32.868505 34.178731 36.387296 39.298283 38.223516 37.175669 33.578325 32.306652 30.926302 28.94266 30.443363 27.888387 29.542948 27.806911 30.476132 31.156699 34.425201 36.853787 39.488283 39.27616 35.452485 35.715006 38.844337 39.023516 37.669505 40.657683 38.776027 41.341659 40.943394 39.358062 39.042937 42.102455 45.316004 48.059328 46.18845 42.843516 40.767918 37.269021 34.025071 32.367569 28.711243 28.382918 25.033791 25.469546 23.872709 23.12356 24.935095 27.858095 28.800586 30.296185 28.133834 30.399938 30.623863 33.959445 32.57039 32.576268 32.001668 29.938618 27.510479 24.193371 21.257812 21.808737 19.957574 18.099085 20.595271 24.042808 27.523489 29.69315 33.45727 36.585748 39.350233 41.697085 41.362454 37.793419 37.6891 34.195642 32.604096 29.103928 25.657654 23.069921 19.422462 16.934708 14.677763 12.255399 12.103242 15.763314 16.676143 16.111833 19.264881 20.596659 20.853556 23.872338 22.78789 24.953349 27.134482 
30.466979 27.635124 23.949528 21.693784 18.233845 15.187956 11.707668 9.291912 5.593907 5.120375 4.078726 6.139678 8.99538 10.530815 8.281211 7.078666 3.795507 0.0 3.809638 6.844019 9.371412 13.007642 14.615262 18.265148 20.870858 24.598621 26.545942 29.452523 27.457955 26.35041 29.958592 31.156 29.12682 30.204251 33.729496 33.781321 32.549878 35.250822 35.325531 35.039503 32.626813 31.65206 34.529056 33.102932 31.702765 27.969226 29.362103 28.059292 28.877108 28.214144 29.189565 26.60247 27.285745 25.802337 25.849861 29.564102 31.098946 33.246478 36.049154 34.835122 33.897258 30.356952 29.339696 28.099983 25.912762 27.158181 24.429493 25.958054 24.099817 26.711151 27.371831 30.630043 33.076132 35.729422 35.58073 31.764043 32.016931 35.203917 35.511919 34.244161 37.338148 35.617686 38.340868 38.179386 36.599396 36.034728 39.099164 42.246431 44.888537 42.876337 39.553321 37.339638 33.894801 30.578938 29.080853 25.469313 25.342338 22.157592 22.538448 21.24166 20.524972 22.760363 25.40415 26.568571 27.942198 25.980095 28.439743 28.389851 31.872901 30.851061 30.915293 30.757915 28.85059 26.070807 22.83592 19.636931 19.588277 17.368048 15.05327 17.304357 20.764252 24.157887 26.189607 29.953481 33.076007 35.955018 38.34403 37.883018 34.361821 34.126802 30.660062 28.941336 25.467294 22.089482 19.431049 15.852237 13.398573 10.93354 8.802422 9.051828 12.843968 13.791842 12.875922 15.802667 16.983019 17.081134 20.0976 19.088456 21.323457 23.667238 
27.513385 24.77599 21.017777 19.125087 15.485529 12.882013 9.371968 7.889194 5.130067 5.153488 6.351316 7.040285 10.702456 11.431169 9.404706 9.634174 6.422583 3.809638 0.0 3.810128 6.084008 9.789706 11.974017 15.384639 18.37025 21.992563 24.184146 27.056498 25.32729 24.522189 28.099092 29.318038 27.657563 28.927934 32.283075 32.543881 31.71314 34.642479 34.797788 34.922645 32.80973 32.119231 34.85884 33.293025 32.055634 28.357359 29.809617 28.066666 28.645371 28.385311 29.351409 26.682293 27.714203 25.876072 26.35847 30.098039 31.997908 33.887006 36.55398 35.154379 34.524174 31.141807 30.581037 29.558099 27.053716 27.843417 24.762889 25.916777 23.581606 25.824526 26.059069 29.188156 31.76304 34.692226 34.660672 30.892021 31.387898 34.733022 35.433522 34.201897 37.46859 35.938178 38.844685 38.927742 37.12464 36.286108 39.158988 42.329926 44.730781 42.50982 39.365947 36.931108 33.671986 30.160075 28.688006 25.052749 24.72468 21.526819 21.275011 19.709785 18.380856 20.646279 23.359989 24.949402 26.693768 25.176082 28.008874 28.164115 31.778462 31.01154 31.509448 31.565984 29.586902 26.621653 23.233867 20.206596 19.698586 16.934478 14.568231 16.126325 19.804407 22.92141 25.159841 28.856967 32.188646 35.163459 37.441849 36.681575 33.121548 32.623245 29.027405 27.393602 23.771065 20.495872 18.288227 14.947242 13.283891 10.495814 9.637629 9.647433 13.436253 15.053889 13.981102 16.338943 16.811539 16.233319 18.768664 17.13315 18.918275 20.899874 
24.32486 21.397724 17.698863 15.697142 12.01771 9.39876 5.768478 5.418843 4.411537 6.343945 9.025753 10.169149 13.967662 14.895305 13.154961 13.303585 10.084489 6.844019 3.810128 0.0 3.791832 6.752788 9.293986 12.503833 15.551947 19.122579 21.091771 24.169779 22.781721 21.818943 25.227584 26.760408 25.40399 26.469814 29.778229 30.405118 29.7362 32.649841 32.599627 32.988681 31.006587 30.723752 33.497021 32.090331 31.245134 27.5528 28.702767 26.584387 26.807873 26.653739 27.342508 24.486882 25.620899 23.425591 24.159496 27.897261 30.132618 31.866385 34.324015 32.70931 32.281919 29.057624 28.911831 28.085944 25.315492 25.679356 22.355537 23.229654 20.604418 22.565009 22.616495 25.637924 28.304794 31.347752 31.465657 27.752233 28.29455 31.748587 32.731987 31.649088 35.060434 33.797232 36.899137 37.307182 35.481991 34.302665 37.096897 40.166689 42.367946 39.938497 36.895853 34.247527 31.145709 27.525525 26.291691 22.775847 22.63452 19.722952 19.156134 17.902337 16.380398 19.106863 21.442116 23.421889 25.127283 24.021424 27.104259 27.033979 30.764102 30.45091 31.108004 31.607761 29.798196 26.541282 23.304014 20.205084 18.980212 15.76296 12.960688 13.739174 17.402347 20.202912 22.299228 25.923313 29.29012 32.419259 34.695292 33.679019 30.190995 29.421291 25.831136 24.0582 20.432622 17.352736 15.301522 12.319729 11.235534 8.150746 8.710162 9.179281 12.556051 14.278839 12.794169 14.400855 14.361074 13.186274 15.418456 13.577892 15.16706 17.210393 
21.478323 18.875194 15.078693 13.518861 9.874808 8.06225 5.534881 5.694604 6.40514 6.952199 10.277076 10.547259 14.3706 15.089803 14.178483 14.802358 12.20081 9.371412 6.084008 3.791832 0.0 3.827896 6.241369 9.373814 12.586817 16.088055 18.478954 21.261639 19.785119 19.284885 22.78822 23.996649 22.77558 24.234279 27.335465 27.855063 27.522242 30.682948 30.955053 31.640712 30.026406 29.75089 32.215256 30.510223 29.61932 26.066381 27.488961 25.133164 25.344844 25.706945 26.72051 24.133404 25.798425 23.683227 24.979597 28.537887 30.817814 32.13128 34.658037 33.208527 33.203513 30.194609 30.362109 29.975652 27.275782 27.225782 23.734575 24.021438 21.061876 22.889129 22.326702 25.4016 27.833858 31.058871 30.918517 27.270379 28.315638 31.68669 32.828819 31.463317 34.843334 33.495757 36.553785 36.929018 34.769082 33.595232 36.105403 39.304627 41.353411 38.933729 36.097318 33.478467 30.521734 26.834621 25.285865 21.698966 21.016761 17.938332 16.823139 15.078723 13.106014 15.619278 18.122021 20.239587 22.270644 21.435043 24.716701 25.001202 28.728508 28.474803 29.547504 30.083445 28.172745 24.904541 21.557976 18.829724 17.458733 14.035864 11.797907 12.139249 15.884177 18.516517 21.082821 24.594247 28.164053 31.115279 33.179604 32.136648 28.532829 27.854803 24.135607 22.828656 19.076138 15.905451 14.551512 11.752888 11.679434 9.4627 10.457385 9.695229 12.585136 15.149958 14.37874 15.835318 14.916517 13.759227 15.234497 12.712187 14.149081 15.534649 
17.762612 15.109245 11.309542 9.98383 6.311004 5.583152 4.785075 6.809643 9.121465 10.191311 13.793432 14.156145 17.902062 18.637247 17.93382 18.590881 16.000095 13.007642 9.789706 6.752788 3.827896 0.0 3.802082 5.986123 9.468829 12.765367 15.129367 17.983727 16.94017 16.544263 19.833538 21.234024 20.486999 21.89505 24.78486 25.663233 25.686871 28.901573 29.10168 30.186821 28.889765 29.023818 31.350114 29.705454 29.188444 25.780669 26.990968 24.225139 24.060301 24.750477 25.596098 23.000119 24.941509 22.558494 24.291842 27.684986 30.254827 31.23911 33.545794 31.967914 32.318926 29.597285 30.252394 30.187709 27.340611 26.765571 23.089841 22.85791 19.545696 20.922095 19.852435 22.751053 25.149891 28.554815 28.47312 24.971806 26.279602 29.680679 31.17383 29.869052 33.33518 32.242105 35.432646 36.103283 33.822017 32.332896 34.613633 37.729974 39.495332 36.885 34.269774 31.46889 28.784279 25.016651 23.616007 20.223765 19.50567 16.78616 15.046164 13.481046 11.039026 13.893248 15.928982 18.552046 20.666872 20.447282 23.981114 24.193407 27.947232 28.158971 29.522734 30.455775 28.696638 25.255788 22.115254 19.586343 17.580836 13.855884 11.654748 10.771826 14.274972 16.298783 18.876859 22.164863 25.822122 28.824485 30.764099 29.427064 25.882754 24.931314 21.185381 19.978978 16.214614 13.352364 12.724466 10.748535 11.848405 10.091129 12.193991 11.524875 13.553283 16.250255 15.435131 16.080391 14.378003 12.662641 13.215281 10.086407 10.982546 11.903227 
16.030819 13.538164 9.877469 8.211122 5.357898 4.951665 6.100571 7.05522 10.109373 10.665911 14.429593 14.927508 18.36712 19.570096 19.482078 19.762017 17.645319 14.615262 11.974017 9.293986 6.241369 3.802082 0.0 3.803917 6.402666 10.034667 12.386146 15.095003 13.58674 13.129751 16.626596 17.795059 16.804355 18.337474 21.261992 21.960345 21.956472 25.233122 25.607479 26.74301 25.627213 25.717884 27.860274 26.103535 25.631571 22.324315 23.588703 20.719626 20.574384 21.54023 22.656967 20.375666 22.704176 20.627356 22.759146 25.899932 28.321392 28.957723 31.403758 30.135357 30.796981 28.255914 29.055881 29.439015 26.860827 26.019284 22.384887 21.676832 18.358027 19.947385 18.56038 21.712379 23.626888 26.950359 26.41335 22.926682 24.632386 27.786864 29.146681 27.486637 30.809349 29.524261 32.585636 33.142169 30.658148 29.264534 31.382569 34.603166 36.365402 33.885001 31.34439 28.713695 26.043246 22.327069 20.5767 17.125869 16.028634 13.231591 11.309936 9.698443 7.487305 10.678408 12.466121 14.954652 16.907957 16.734602 20.305885 20.50764 24.248657 24.593429 26.094703 27.195268 25.530644 22.023932 19.045281 16.711576 14.400668 10.630024 8.927248 7.64812 11.042031 13.102578 16.054146 19.31345 23.036581 25.796009 27.633439 26.523121 22.862184 22.279743 18.497548 17.738506 13.974399 10.802847 10.59379 8.746599 10.619345 10.139547 12.183103 10.71902 11.797269 14.922787 14.853554 15.437442 13.111269 12.03061 12.112005 9.043884 10.634299 11.383332 
12.331918 10.062338 6.382054 5.810104 4.05389 6.331454 8.747001 10.565736 13.783968 14.444666 18.186841 18.45235 21.854349 22.803691 22.821883 23.373525 21.242643 18.265148 15.384639 12.503833 9.373814 5.986123 3.803917 0.0 3.798688 6.808784 9.549059 12.082257 11.206599 11.327466 14.465395 15.648502 15.421581 17.093346 19.549081 20.605302 21.208414 24.587613 25.025552 26.674842 26.039041 26.514211 28.357672 26.579241 26.428784 23.422099 24.569518 21.344629 20.829565 22.277387 23.291041 21.165363 23.783114 21.536095 24.078093 26.949737 29.590664 29.840854 32.033425 30.682881 31.730757 29.532633 30.775906 31.430931 28.764673 27.477358 23.765904 22.55522 18.978193 19.959817 17.923136 20.721555 22.500331 26.012093 25.509841 22.306881 24.371645 27.471303 29.220574 27.609338 30.944766 29.923974 33.043609 33.859349 31.214598 29.550438 31.307631 34.433674 35.832466 33.18435 30.983769 28.212292 25.940671 22.227376 20.603319 17.507137 16.210956 13.942853 11.160051 9.605843 6.580736 9.661346 10.81573 13.975105 16.192852 16.878965 20.633033 20.960297 24.583654 25.348961 27.237005 28.615713 27.058321 23.55807 20.811824 18.923415 16.286203 12.608502 11.427069 9.070308 11.617656 12.61379 15.600769 18.380911 22.17 24.857966 26.432601 24.975617 21.40776 20.525046 16.740861 16.360756 12.722411 10.228299 11.298584 10.685323 13.363678 13.147784 15.64029 14.323589 14.909432 17.976062 17.880563 17.88027 15.063702 13.552393 12.548382 8.99408 9.494249 9.008982 
10.479259 8.462016 5.686207 4.933249 5.739944 8.017245 11.213564 12.5513 16.037707 16.608687 20.323313 20.807707 23.950579 25.250832 25.582582 25.812137 23.921885 20.870858 18.37025 15.551947 12.586817 9.468829 6.402666 3.798688 0.0 3.770862 6.242353 8.692564 7.550848 7.568155 10.75566 11.876883 11.738481 13.406608 15.756954 16.901397 17.656626 21.040264 21.549679 23.43083 23.129121 23.796016 25.387386 23.63217 23.777642 21.027854 21.998079 18.560595 17.821951 19.644551 20.74532 18.988044 21.962579 19.963794 22.918677 25.393694 27.951238 27.76191 29.9253 28.818791 30.247686 28.370015 29.881463 30.990214 28.56123 26.921798 23.326579 21.575029 18.056787 18.990156 16.55301 19.391579 20.591026 23.986155 23.069953 20.036234 22.533785 25.322348 27.050121 25.183691 28.358149 27.309249 30.324562 31.176813 28.36604 26.648159 28.131549 31.261612 32.520773 29.922807 27.907283 25.246349 23.163692 19.566018 17.753923 14.89176 13.288084 11.478931 8.213786 7.222239 4.823812 8.156837 8.060185 11.297691 13.135298 14.303074 18.042844 18.197681 21.708644 22.878449 24.923741 26.6469 25.333929 21.802039 19.490472 17.929545 14.893657 11.51421 10.995385 7.965019 9.406031 9.668983 12.878721 15.335605 19.134702 21.560973 22.964148 21.602486 17.988298 17.369451 13.60913 13.839272 10.443341 8.158374 10.208702 10.460108 13.752907 14.515874 17.008562 15.453227 15.083165 18.129026 18.501503 18.175941 14.875006 13.833911 12.146265 9.055063 9.855523 9.068362 
7.163709 6.116417 4.931861 6.077594 8.365893 11.296772 14.68555 16.273249 19.79001 20.343733 24.037856 24.372057 27.44604 28.614137 29.077378 29.450619 27.6055 24.598621 21.992563 19.122579 16.088055 12.765367 10.034667 6.808784 3.770862 0.0 3.838005 5.317774 5.32107 6.535085 8.753222 9.644833 10.646913 12.440147 13.969737 15.477514 16.98014 20.356916 20.998065 23.400774 23.679559 24.680678 25.853419 24.097473 24.565808 22.259859 23.099676 19.469814 18.407225 20.70658 21.739474 20.330011 23.51525 21.551697 24.808037 26.900924 29.527051 28.908755 30.818191 29.755157 31.575118 30.085399 31.95262 33.342217 30.949447 28.956439 25.425758 23.24114 19.701875 20.098692 17.123259 19.48329 20.287414 23.698623 22.685305 20.107851 22.986081 25.524762 27.535167 25.666671 28.703724 27.882856 30.828005 31.870652 28.912702 27.012314 28.024474 31.018262 31.869604 29.192981 27.618982 24.951245 23.373578 19.973908 18.276639 15.995622 14.198356 13.144671 9.486579 8.853574 6.71137 8.794711 7.42932 11.004746 12.853473 14.955131 18.599541 18.8781 22.068803 23.649737 26.029472 27.985441 26.82909 23.432329 21.462288 20.38955 17.270353 14.290162 14.251487 11.004339 11.424814 10.470768 13.406581 15.01883 18.675079 20.796414 21.790288 20.152587 16.742128 15.955741 12.423141 13.416339 10.66077 9.566962 12.532529 13.588765 17.106595 18.034978 20.659869 19.133548 18.487519 21.441598 21.874786 21.222539 17.712318 16.563164 14.215635 11.299634 11.235115 9.329489 
6.935958 5.441868 6.093075 6.260407 9.68259 12.297152 16.029718 17.656103 21.366853 22.338937 26.051553 26.839622 29.910172 31.398298 31.721188 31.751595 29.787274 26.545942 24.184146 21.091771 18.478954 15.129367 12.386146 9.549059 6.242353 3.838005 0.0 3.833383 5.201609 4.742399 5.728704 7.891806 9.459926 10.179116 11.607927 13.886913 15.329923 18.298376 18.445698 21.07367 21.508236 23.025185 24.211556 22.911922 23.957417 21.832237 22.050423 18.270302 16.704299 18.952956 19.517172 18.166972 21.34647 19.330105 22.787979 24.514431 27.243549 26.347681 27.967647 26.863876 28.950678 27.810807 30.018175 31.686139 29.37809 27.023802 23.640902 21.042969 17.611381 17.655084 14.384348 16.528263 16.907061 20.219077 19.101943 16.769874 19.849633 22.193613 24.366501 22.5994 25.603804 25.085175 28.100585 29.466944 26.628211 24.391945 25.264084 28.034946 28.669048 25.819978 24.388059 21.58502 20.304084 17.017473 15.70921 14.033299 12.732949 12.73786 9.411162 10.272555 9.415614 11.696863 9.433095 12.443081 13.269152 15.590557 18.931147 18.547079 21.577414 23.688828 25.862596 28.253981 27.464852 23.993363 22.522589 21.368324 17.88741 15.17336 14.943103 11.311375 10.619181 8.48758 10.7091 11.725909 15.245568 17.421224 18.397702 16.501817 13.216325 12.165178 8.696669 9.974999 7.822254 7.887724 11.481959 13.541996 17.285338 18.623454 21.478025 20.31292 19.111686 21.609014 21.953104 20.721566 17.008224 15.91108 12.962158 10.780559 10.659356 8.924258 
