0.0 3.784165 6.931308 8.475627 11.900762 14.194843 17.934696 21.310369 24.401785 27.869459 31.322962 34.70223 38.190474 38.8764 38.470527 36.158168 33.651366 36.545796 38.881058 36.760467 35.727354 32.472011 34.014931 31.096946 27.32205 24.432973 20.651128 18.537459 14.944156 13.933806 10.234617 9.506003 13.24954 16.315052 17.558136 19.406884 23.103421 23.740393 26.564029 24.970381 21.162053 20.996388 23.569834 22.57457 18.998103 20.883635 23.228499 20.70073 18.828056 22.235116 23.236396 20.091081 19.367858 22.76646 24.591099 27.791984 27.971696 28.112579 31.621993 34.5798 35.868804 39.223201 40.880386 39.631272 42.701766 42.742973 45.866928 46.884579 46.180302 45.136978 43.137975 40.074499 36.63048 33.854166 30.318581 27.426369 23.644749 21.175362 17.472932 14.580312 14.5367 11.670979 10.868987 14.631136 16.899234 19.487821 22.976841 25.599238 28.883288 31.756287 35.145999 36.432203 40.178774 39.618573 37.024628 38.204963 37.270355 33.831345 33.168585 34.417012 31.643145 29.034146 29.754353 27.604601 25.303937 28.071568 30.055229 29.43356 
3.784165 0.0 3.801262 5.918089 8.94863 11.877897 15.501985 19.128422 21.897184 25.518213 28.79103 32.281554 35.645651 36.327887 35.801607 33.675223 31.420197 34.518012 36.693242 34.495964 33.721426 30.455868 31.966028 28.985448 25.277469 22.314643 18.651901 16.112286 12.560001 10.965011 7.434769 7.349314 11.014007 13.829232 15.60331 17.605367 21.295548 21.401603 24.16713 22.281704 18.526201 18.170497 20.415965 19.353792 15.693573 17.40906 19.639673 17.060818 15.087653 18.480106 19.463001 16.342255 15.734339 19.191539 21.108896 24.296627 24.30361 24.442756 27.918117 30.935324 32.227565 35.53306 37.263067 36.10828 39.219714 39.367118 42.564664 43.56815 43.023019 42.050276 40.219584 37.1647 33.806316 31.111595 27.498239 24.785189 20.95062 18.822443 15.295097 12.06873 11.32086 8.22331 8.257096 11.998071 14.583459 16.808323 20.451126 22.762381 26.058896 28.72669 32.145666 33.276316 37.004456 36.524811 33.993048 35.008985 33.942105 30.591027 29.931699 30.980077 28.128326 25.481006 26.322373 24.375934 22.051816 24.956718 27.044827 26.749436 
6.931308 3.801262 0.0 3.806953 6.780984 10.029873 13.245882 16.999793 19.573074 23.177448 26.370429 29.802429 33.047327 33.463275 32.687516 30.491568 28.377704 31.495516 33.747389 31.724715 31.235919 28.153715 29.936002 27.158899 23.482285 20.814025 17.294444 14.809269 11.737466 10.239338 7.639354 8.887155 11.961056 13.916611 15.729286 17.2385 20.67144 20.401311 23.400955 21.54613 17.904851 17.850032 19.561289 17.934373 14.444787 16.263909 17.854783 14.812421 13.195766 16.607649 16.943855 13.632629 12.719448 15.94842 17.972951 21.007138 21.262796 21.718655 25.321952 28.41128 30.044122 33.282329 35.264899 34.068155 37.053288 37.071942 40.206483 40.956844 40.401781 39.235519 37.518957 34.313796 31.066827 28.216278 24.671809 21.860156 18.043691 15.865988 12.447307 8.905385 8.037714 4.836541 4.521518 8.218571 10.999345 13.287765 17.004879 19.35466 22.789055 25.491947 29.022754 30.334043 34.108627 33.899508 31.619913 32.752533 31.406463 28.047983 27.761343 28.72023 25.648778 23.297767 24.602358 22.794198 20.081473 22.793776 25.274352 25.154675 
8.475627 5.918089 3.806953 0.0 3.852994 6.412505 9.842426 13.478695 16.308636 19.847445 23.192448 26.588873 29.967347 30.543443 30.054586 27.856718 25.524303 28.621345 30.783714 28.619163 27.883075 24.702691 26.417076 23.632578 19.90092 17.269707 13.669381 11.504054 8.597542 8.131993 6.162377 8.114363 10.558658 11.819618 12.955378 13.923723 17.23207 17.217903 20.457218 19.031438 15.366519 16.006592 17.90498 15.89349 12.753395 15.323599 16.708714 13.688414 12.959767 16.640303 16.805952 13.946458 12.086845 15.369159 16.632106 19.959824 20.660756 20.681563 24.36745 27.132568 28.816454 32.243641 34.039885 32.472246 35.279007 35.005745 37.982892 38.777903 37.961042 36.768805 34.802674 31.660557 28.265756 25.435883 21.903444 19.019581 15.212885 12.930927 9.393121 6.348807 6.472439 5.079116 4.932905 8.004101 9.576778 11.411081 14.867479 17.2554 20.449732 23.305324 26.674308 28.036175 31.807071 31.365618 28.952176 30.339846 29.242337 25.721694 25.429788 26.810123 23.938566 21.76136 22.929588 20.678578 17.822585 20.237336 22.64998 22.13347 
11.900762 8.94863 6.780984 3.852994 0.0 3.811478 6.8318 10.636575 13.046442 16.740937 19.893673 23.425219 26.732763 27.502632 27.126459 25.240623 23.111615 26.431076 28.251951 25.844461 25.219634 21.937991 23.431126 20.514217 16.906043 14.146166 10.793078 8.186227 5.753731 5.346628 5.397384 8.195135 9.263339 9.343534 10.571074 11.346873 14.421066 13.8662 17.066428 15.567219 12.057723 12.935588 14.510395 12.194551 9.318482 12.210503 13.272031 10.326391 10.28778 13.998637 14.087748 11.800348 9.417012 12.793452 13.512626 17.068386 17.772422 17.364673 21.012278 23.591328 25.223968 28.728585 30.418961 28.729997 31.498847 31.203023 34.190282 35.074107 34.297618 33.246028 31.30754 28.276683 24.875219 22.250593 18.604819 16.032778 12.207913 10.630607 7.686369 5.122236 4.352982 4.97634 6.652918 8.292611 9.212778 9.69919 12.968077 14.724835 17.643227 20.240601 23.480079 24.582971 28.305506 27.729524 25.231661 26.530219 25.506759 21.997033 21.595582 23.024623 20.251884 18.081393 19.206029 16.884673 13.976179 16.41614 18.823326 18.453158 
14.194843 11.877897 10.029873 6.412505 3.811478 0.0 3.824391 7.265791 10.214011 13.718113 17.133599 20.548026 24.041255 24.964629 24.954155 23.015131 20.572314 23.776045 25.525139 22.998701 22.019299 18.637685 20.103319 17.232868 13.506811 10.898669 7.384775 5.731988 4.495111 6.585031 7.642541 10.21056 10.470058 9.561369 9.408849 8.922494 11.567233 11.506596 15.105169 14.4172 11.108303 13.066642 14.753628 12.00135 10.08501 13.596798 14.22649 11.593939 12.623939 16.170556 15.979005 14.284483 11.24141 14.126489 13.857363 17.470048 18.757067 17.95697 21.552408 23.656101 25.371641 28.999487 30.475994 28.356413 30.824498 30.119927 32.842188 33.717191 32.575366 31.432282 29.16623 26.204183 22.636699 20.009717 16.484496 13.785348 10.147397 8.423181 5.70931 5.282098 6.453806 8.46049 9.292135 10.174631 9.607168 9.43745 11.868154 13.63883 16.087851 18.886608 21.844421 23.088132 26.763101 25.932768 23.327195 25.029116 24.323126 20.643006 20.332769 22.325613 19.875414 18.105067 19.064267 16.223991 13.182819 14.944887 17.238579 16.211487 
17.934696 15.501985 13.245882 9.842426 6.8318 3.824391 0.0 3.860685 6.504219 10.024401 13.407558 16.805633 20.260277 21.144234 21.181281 19.345074 16.984043 20.297638 21.856697 19.257483 18.433478 15.107405 16.702189 14.012744 10.395844 8.337109 5.64251 5.07973 6.446652 8.793506 10.922442 13.582479 13.149585 11.245571 10.699081 9.16886 10.629221 10.036431 13.758341 13.539517 10.961073 13.513567 14.453625 11.096373 10.353323 13.867193 13.537526 11.046778 13.157791 16.255084 15.457796 14.418558 10.874491 12.97245 11.781476 15.251535 17.047556 16.059401 19.564073 21.302907 23.270041 26.87096 28.35803 25.972446 28.139319 27.122096 29.650164 30.357894 29.04985 27.775278 25.449884 22.447351 18.870234 16.205204 12.723268 10.031519 6.52684 5.436925 4.467435 6.124828 7.472431 10.650309 11.539756 11.186663 9.58208 8.032149 9.438 10.646625 12.626456 15.40277 18.198054 19.531867 23.190801 22.383375 19.907888 21.88258 21.146174 17.395619 17.444642 19.669218 17.319804 16.124209 17.337193 14.444856 11.072254 12.061613 14.647662 13.540766 
21.310369 19.128422 16.999793 13.478695 10.636575 7.265791 3.860685 0.0 3.768842 6.618127 10.279214 13.468467 17.092114 18.183372 18.701398 16.961694 14.368025 17.547645 18.83625 16.033447 14.847153 11.389245 12.952353 10.415954 6.760783 5.615359 4.313028 6.209184 8.970914 11.885007 14.293631 16.767298 15.867849 13.421668 12.003559 9.349178 9.37647 9.08937 12.804148 13.588688 11.825298 15.028475 15.742907 12.288828 12.64732 16.14497 15.366201 13.438086 16.127941 18.862911 17.866999 17.397078 13.738474 15.178982 13.130702 16.244165 18.472353 17.141006 20.325023 21.437765 23.441638 27.023116 28.265405 25.480531 27.218624 25.741602 27.898424 28.550727 26.850376 25.48445 22.826103 19.961657 16.264292 13.713518 10.572759 8.040601 5.689504 5.510146 6.524854 9.442496 11.130337 14.470289 15.142695 14.425213 12.119904 10.03334 9.97725 10.621581 11.51353 14.216526 16.432594 17.846883 21.316656 20.233018 17.73698 20.175338 19.805681 16.024157 16.277346 19.044026 17.202018 16.629155 17.657061 14.510194 11.323741 11.117572 13.431302 11.613264 
24.401785 21.897184 19.573074 16.308636 13.046442 10.214011 6.504219 3.768842 0.0 3.809973 6.922673 10.431492 13.868242 15.135767 15.721533 14.534374 12.510554 15.958373 16.648602 13.563314 12.865018 9.491973 10.792945 8.333963 5.516069 5.380914 6.372556 7.828452 11.223666 13.591507 16.586091 19.128715 17.757246 14.7974 13.654497 11.069998 10.194471 8.790632 11.883692 12.77134 11.98259 15.131676 14.988363 11.392474 12.780511 15.826158 14.286601 12.879781 16.167741 18.282709 16.991241 17.274346 13.687509 14.400286 11.582405 14.314535 16.64894 14.974468 17.794106 18.449363 20.524254 24.014432 25.197604 22.253386 23.755367 22.112172 24.184218 24.786333 23.094986 21.787294 19.196034 16.383839 12.682003 10.390207 7.111454 5.49394 4.440121 6.672598 9.071399 11.810961 12.754857 16.362982 17.482986 16.242506 13.929172 10.992897 10.14856 9.396064 9.24195 11.278909 13.111917 14.229643 17.6267 16.4699 14.013056 16.532094 16.145531 12.38006 12.876409 15.760568 14.159818 14.14601 15.296979 12.371582 9.238781 8.0351 10.546894 9.032028 
27.869459 25.518213 23.177448 19.847445 16.740937 13.718113 10.024401 6.618127 3.809973 0.0 3.825007 6.862167 10.502946 11.93575 13.113006 12.142564 10.060445 13.23281 13.443196 10.114061 9.171092 5.796935 7.253731 5.647946 4.211723 6.586105 8.912902 11.193795 14.734237 17.298578 20.282126 22.754691 21.269476 18.171835 16.638742 13.622367 11.817785 10.775696 13.29427 14.93633 14.847795 18.159805 17.805603 14.379275 16.268181 19.136741 17.308251 16.233684 19.698422 21.519485 20.015189 20.591097 17.033513 17.209085 14.024326 16.097453 18.757489 17.038791 19.398035 19.41409 21.554502 24.830885 25.823746 22.568947 23.478662 21.292551 22.818044 23.198517 21.031713 19.504263 16.553218 13.876603 10.13668 8.039196 5.862004 5.24054 6.681903 8.954224 11.916322 15.083229 16.333245 20.010865 20.880852 19.383745 16.664472 13.633982 11.833105 10.659413 9.203802 10.808467 11.661673 12.943385 15.953076 14.61896 12.434502 15.56617 15.506375 11.985957 12.986475 16.211012 15.213676 15.986629 17.045483 14.273726 11.645851 9.27532 11.223937 9.245263 
31.322962 28.79103 26.370429 23.192448 19.893673 17.133599 13.407558 10.279214 6.922673 3.825007 0.0 3.780954 7.042383 9.009499 10.64479 10.738169 9.700233 12.706218 11.87395 8.226558 8.052331 5.624064 6.089002 5.597299 6.605196 9.212812 12.165949 14.106069 17.783408 20.021927 23.278558 25.745455 23.965861 20.616236 19.250315 16.379753 14.131485 12.564201 14.1651 15.900067 16.642167 19.738042 18.764151 15.565342 18.091823 20.468681 18.164292 17.645706 21.341086 22.589144 20.932378 22.102637 18.791249 18.390149 14.816386 16.215974 18.816582 16.859554 18.556043 17.874924 19.965698 22.967124 23.773566 20.331033 20.740662 18.202496 19.381661 19.648956 17.309292 15.818611 12.776923 10.325097 6.573868 5.491523 4.613169 6.458946 9.127596 12.070535 15.320521 18.30446 19.140523 22.865371 23.988887 22.234152 19.588225 16.235167 14.074818 11.994995 9.458713 9.721749 9.362975 10.094144 12.639795 11.047041 9.08098 12.541409 12.686085 9.573106 11.004905 14.286436 13.932007 15.456933 16.462806 14.183403 12.155435 8.868219 10.319581 8.831192 
34.70223 32.281554 29.802429 26.588873 23.425219 20.548026 16.805633 13.468467 10.431492 6.862167 3.780954 0.0 3.799811 6.080313 8.732608 9.358353 8.730948 10.865362 9.132659 5.341115 5.393126 4.766511 5.012779 6.857792 9.077959 12.324399 15.421257 17.699555 21.377776 23.746567 26.937316 29.395921 27.642557 24.288389 22.732398 19.667865 17.112073 15.890776 17.193983 19.250067 20.228275 23.365717 22.328851 19.242225 21.860231 24.161955 21.734539 21.274931 25.002313 26.108524 24.274171 25.520536 22.227371 21.503331 17.886866 18.762343 21.552461 19.766627 21.099604 19.988972 22.116423 24.765134 25.445976 21.885898 21.651899 18.629301 19.060949 18.915355 16.030525 14.170598 10.749797 8.627151 5.487847 5.379633 6.924261 8.94302 12.21879 14.857358 18.274088 21.479998 22.563215 26.334424 27.223673 25.279697 22.371659 19.06348 16.409983 14.297086 11.200328 11.014041 9.516805 10.424702 12.093953 10.569212 9.535492 13.335522 13.704913 11.346314 13.211536 16.350047 16.441455 18.473589 19.468541 17.454464 15.721642 12.2198 13.223767 11.71186 
38.190474 35.645651 33.047327 29.967347 26.732763 24.041255 20.260277 17.092114 13.868242 10.502946 7.042383 3.799811 0.0 3.766704 7.127571 9.169216 9.920552 11.338668 8.512532 5.505565 7.036954 8.095437 7.855551 10.158275 12.771075 15.890821 19.071206 21.132444 24.822504 26.965994 30.269698 32.760464 30.913675 27.474655 26.093062 23.159597 20.517123 19.037038 19.875868 21.824004 23.182793 26.101401 24.663592 21.748349 24.610632 26.549507 23.812551 23.615472 27.408476 28.09641 26.083341 27.663984 24.588701 23.404794 19.700589 19.928946 22.649026 20.924887 21.672432 20.038586 22.145886 24.323695 24.909795 21.354213 20.484331 17.110561 16.884372 16.278713 13.07449 10.938439 7.395233 5.790455 4.185306 6.024131 8.931721 11.624703 15.185237 18.023911 21.59131 24.685423 25.555594 29.345868 30.31923 28.138623 25.259387 21.808911 18.938069 16.398716 12.869535 11.69508 9.031215 9.441325 9.955948 8.619693 8.838774 12.549756 12.92161 11.543466 13.829025 16.526929 17.087257 19.691854 20.74732 19.296322 17.942915 14.224642 14.939571 14.036905 
38.8764 36.327887 33.463275 30.543443 27.502632 24.964629 21.144234 18.183372 15.135767 11.93575 9.009499 6.080313 3.766704 0.0 3.771423 6.075661 7.794781 8.704943 5.673982 4.084129 7.350979 9.424699 10.478616 12.921771 14.915407 18.070046 20.836107 22.816624 26.334093 28.373828 31.51318 34.149051 32.633494 29.382211 28.207163 25.323542 23.019169 21.537847 22.774888 24.436626 25.44499 28.285808 26.776806 23.620601 26.194076 28.100189 25.175159 24.568407 28.31755 28.966115 26.542239 27.931804 24.862184 23.267809 19.733882 19.454337 22.510233 21.383752 22.21694 20.820913 23.392784 25.324468 26.367905 23.055131 22.115426 18.777414 18.455736 17.113819 14.020511 11.037799 8.211093 5.653688 5.287049 5.70481 9.387863 11.605824 15.429095 18.001799 21.73222 24.830019 25.842902 29.661289 30.328045 27.791289 24.74202 21.346525 18.082222 15.537055 11.845224 10.631063 7.817766 9.363814 9.920422 10.020397 11.240912 14.769391 14.276152 13.011979 15.959421 18.172801 18.208469 21.069112 22.688928 21.494516 19.706655 16.155863 17.529982 16.938733 
38.470527 35.801607 32.687516 30.054586 27.126459 24.954155 21.181281 18.701398 15.721533 13.113006 10.64479 8.732608 7.127571 3.771423 0.0 3.827789 7.104381 8.27399 6.264322 6.183524 9.90546 11.708395 13.45605 15.412464 16.728547 19.541612 21.855694 23.437633 26.718014 28.43027 31.457815 34.215837 32.96853 29.903027 29.12945 26.506638 24.64753 22.908877 24.39829 25.57298 26.300615 28.889026 27.184655 23.891572 26.19985 27.897815 24.763361 23.861976 27.508792 27.982192 25.197018 26.497594 23.588473 21.54696 18.235936 17.387447 20.612871 20.05824 20.914526 19.821266 22.809531 24.522273 26.064754 23.084058 22.282993 19.20494 19.145502 17.33066 14.753205 11.366856 9.614043 6.253507 6.518451 5.701703 9.278532 11.176637 14.941364 17.436126 21.220304 24.059892 24.920916 28.685384 29.24299 26.379102 23.393549 19.990193 16.573395 13.82021 10.120162 8.5641 5.860731 8.391869 9.330551 10.760556 12.536433 15.698476 14.284725 13.094666 16.543228 18.157406 17.618533 20.655253 22.829209 22.018278 19.905541 16.642718 18.625921 18.583043 
36.158168 33.675223 30.491568 27.856718 25.240623 23.015131 19.345074 16.961694 14.534374 12.142564 10.738169 9.358353 9.169216 6.075661 3.827789 0.0 3.813754 5.319064 5.22314 5.817947 9.157628 10.81854 13.510624 15.328093 15.919494 18.722517 20.543676 22.261648 25.310654 27.170652 29.892759 32.690607 31.808309 29.008773 28.182139 25.494002 23.956487 22.557806 24.605416 25.745594 25.926809 28.642892 27.306653 23.765607 25.607047 27.6253 24.712512 23.266893 26.766799 27.649417 24.769311 25.533567 22.404195 20.535003 17.517812 16.965622 20.529356 20.366993 21.853328 21.388789 24.586305 26.587023 28.378689 25.471115 25.10945 22.24773 22.556162 20.914687 18.448603 15.146338 13.2513 9.756883 8.884528 6.380806 9.071819 9.595289 13.183761 15.018931 18.736734 21.702632 22.983839 26.720198 26.852711 23.926309 20.69458 17.562242 13.91132 11.756083 8.447039 8.330134 7.293303 10.711062 12.552628 13.865034 14.981297 18.287929 16.742724 14.855098 18.188966 19.982083 18.840992 21.468707 23.849185 22.689199 20.054185 17.148294 19.604584 19.219234 
33.651366 31.420197 28.377704 25.524303 23.111615 20.572314 16.984043 14.368025 12.510554 10.060445 9.700233 8.730948 9.920552 7.794781 7.104381 3.813754 0.0 3.795976 5.513061 5.316237 7.267567 8.448037 11.797466 13.481186 13.559608 16.468242 18.028807 20.118106 23.081327 25.295917 27.801564 30.540463 29.813305 27.154085 26.028687 23.138866 21.680961 20.774016 23.212117 24.570186 24.383125 27.355267 26.506846 22.854035 24.408816 26.855531 24.324809 22.603848 26.009829 27.392551 24.735644 25.083224 21.660144 20.353353 17.465777 17.669769 21.305615 21.030925 23.037447 22.918581 26.006386 28.413231 30.108741 27.077274 27.064321 24.284243 24.842539 23.63843 21.054963 18.027279 15.607779 12.221294 10.314468 7.20226 8.820128 8.106519 11.408326 12.606092 16.192818 19.477761 21.257461 24.986763 24.838834 22.16335 18.690522 15.838258 12.200311 10.898835 8.208901 9.587002 9.571801 12.91566 15.251243 15.880106 16.148884 19.674418 18.485817 15.977728 18.866204 21.131589 19.817252 21.922792 24.109276 22.398021 19.506866 16.827639 19.341706 18.346182 
36.545796 34.518012 31.495516 28.621345 26.431076 23.776045 20.297638 17.547645 15.958373 13.23281 12.706218 10.865362 11.338668 8.704943 8.27399 5.319064 3.795976 0.0 3.839727 6.000416 7.751016 10.21223 13.404663 15.793597 16.256296 19.467213 21.095637 23.473853 26.409987 28.794519 31.169339 33.870238 33.231289 30.618676 29.287695 26.220995 24.594298 23.997321 26.385891 27.999238 27.862098 30.948042 30.185571 26.554601 28.114058 30.625517 28.116321 26.383219 29.7578 31.163446 28.452451 28.728998 25.313149 23.945911 21.158412 21.157929 24.838706 24.68587 26.550858 26.25867 29.346986 31.575503 33.209203 30.126866 29.785208 26.773275 26.880283 25.385482 22.525939 19.259869 16.846615 13.879312 12.676068 10.244619 12.430862 11.862891 15.046705 15.838506 19.229025 22.605221 24.650628 28.313852 27.873007 25.175517 21.561699 19.024642 15.316228 14.378569 11.835724 12.949765 12.38346 15.649814 17.374497 18.11952 18.783061 22.395614 21.367818 19.187602 22.141354 24.423549 23.324005 25.586456 27.716457 25.999619 23.211359 20.411361 22.701765 21.502327 
38.881058 36.693242 33.747389 30.783714 28.251951 25.525139 21.856697 18.83625 16.648602 13.443196 11.87395 9.132659 8.512532 5.673982 6.264322 5.22314 5.513061 3.839727 0.0 3.820688 6.523832 9.754067 12.108645 14.983342 16.318258 19.754662 21.983988 24.392825 27.644469 30.010532 32.710555 35.381286 34.356078 31.438611 30.033827 26.907269 24.846388 24.028244 25.924495 27.732038 28.119042 31.205013 30.177007 26.728091 28.759876 31.086407 28.401852 27.143124 30.719385 31.836407 29.224667 29.969093 26.645325 25.164383 22.01676 21.855914 25.344912 24.791321 26.192249 25.356641 28.225536 30.273801 31.607098 28.385802 27.643709 24.387435 24.084447 22.535262 19.433139 16.193364 13.634208 11.146587 10.508987 9.159281 12.192748 12.773534 16.388485 17.897721 21.477053 24.855202 26.577582 30.346123 30.30543 27.667108 24.200735 21.3151 17.690162 16.088901 12.920116 13.054456 11.398177 14.084484 15.114214 15.632357 16.621195 20.247473 19.551739 17.83448 20.791712 23.108117 22.571309 25.145162 27.020534 25.464337 23.115306 19.904773 21.725778 20.606465 
36.760467 34.495964 31.724715 28.619163 25.844461 22.998701 19.257483 16.033447 13.563314 10.114061 8.226558 5.341115 5.505565 4.084129 6.183524 5.817947 5.316237 6.000416 3.820688 0.0 3.772425 6.438432 8.541872 11.277627 12.84468 16.307017 18.829632 21.266331 24.690417 27.112559 29.989012 32.589447 31.305184 28.229977 26.730978 23.583482 21.342205 20.445225 22.19419 24.114346 24.666571 27.808445 26.822049 23.471763 25.692219 28.063781 25.489703 24.480113 28.13251 29.298444 26.971746 27.874431 24.50078 23.332125 19.96627 20.251758 23.54587 22.521147 23.961 23.047997 25.672851 27.990584 29.08881 25.71439 25.178925 21.981061 21.959613 20.940492 17.844012 15.050781 11.992984 9.456519 7.788894 6.562924 9.37066 10.367707 14.024384 15.948581 19.544339 22.947509 24.496268 28.30585 28.598119 26.226427 22.910327 19.826724 16.494709 14.694288 11.426812 11.551414 9.911812 12.140906 13.512678 13.278841 13.581751 17.340107 17.011969 14.992693 17.610823 20.25995 19.911284 22.281873 23.853252 22.084603 19.899615 16.587944 18.175683 16.87077 
35.727354 33.721426 31.235919 27.883075 25.219634 22.019299 18.433478 14.847153 12.865018 9.171092 8.052331 5.393126 7.036954 7.350979 9.90546 9.157628 7.267567 7.751016 6.523832 3.772425 0.0 3.851518 5.989148 9.129348 10.808992 14.552112 17.161519 20.084129 23.523509 26.333635 29.08934 31.532452 30.197276 27.147228 25.205921 21.787195 19.314353 19.014451 20.853315 23.204092 23.654377 27.065427 26.539736 23.269443 25.402912 28.111257 25.93678 24.940548 28.513208 30.040382 28.05784 28.760061 25.217499 24.59726 21.282085 22.17779 25.373718 24.070276 25.764433 24.955572 27.310735 29.930222 30.764404 27.239386 26.900987 23.75104 23.825416 23.290783 20.090339 17.728159 14.295625 12.244324 9.97112 8.86351 10.651492 11.075941 14.231858 15.740712 19.009244 22.620493 24.484087 28.224244 28.425042 26.449406 23.08182 20.265058 17.227612 16.011072 13.233445 14.013989 12.860451 14.776859 16.30636 15.352984 14.830305 18.648254 18.887685 16.535419 18.529919 21.635648 21.409275 23.322822 24.478626 22.199257 20.08591 16.914339 18.1487 16.104239 
32.472011 30.455868 28.153715 24.702691 21.937991 18.637685 15.107405 11.389245 9.491973 5.796935 5.624064 4.766511 8.095437 9.424699 11.708395 10.81854 8.448037 10.21223 9.754067 6.438432 3.851518 0.0 3.795089 5.76955 6.965047 10.714316 13.38085 16.375604 19.856234 22.757066 25.539575 27.908365 26.473652 23.40595 21.377114 17.940582 15.485357 15.263469 17.290992 19.664232 19.959902 23.450232 23.164513 19.927181 21.976624 24.844359 22.947233 21.983875 25.479351 27.21511 25.540348 26.155036 22.566706 22.401371 19.132594 20.599994 23.578323 22.009289 23.96906 23.41844 25.584114 28.532699 29.29493 25.778085 25.914813 23.079949 23.691751 23.672983 20.772019 18.850763 15.392727 13.195669 10.057145 8.626728 9.011581 9.062707 11.635991 13.189843 16.23337 19.79844 21.584319 25.263359 25.663339 24.01387 20.840642 18.048164 15.495138 14.469166 12.176078 13.385899 12.939853 14.555502 16.661879 15.270338 13.84671 17.531884 17.92542 15.073581 16.524095 19.87702 19.510431 20.918106 21.84103 19.2144 17.050451 14.140012 15.348777 12.959888 
34.014931 31.966028 29.936002 26.417076 23.431126 20.103319 16.702189 12.952353 10.792945 7.253731 6.089002 5.012779 7.855551 10.478616 13.45605 13.510624 11.797466 13.404663 12.108645 8.541872 5.989148 3.795089 0.0 3.788742 6.890862 10.514486 13.86075 16.84319 20.510063 23.413178 26.418344 28.598743 26.71921 23.39521 21.147681 17.684806 14.636812 14.40715 15.687563 18.498549 19.406133 22.912203 22.582917 19.746092 22.225074 24.952819 23.165165 22.78789 26.320275 27.88668 26.573857 27.546054 24.108275 24.117617 20.678557 22.258802 24.863304 22.779651 24.372242 23.395522 25.073698 28.022187 28.294061 24.611542 24.587845 21.69593 22.138053 22.577483 19.602743 18.268822 14.603111 13.256518 10.233462 10.134859 10.527226 11.50104 13.852994 15.80915 18.635981 22.016439 23.474328 27.073317 27.856033 26.482483 23.574564 20.690833 18.476189 17.157295 14.750155 15.335817 14.373917 15.07607 16.672526 14.499172 12.594143 16.113134 17.287933 14.75354 15.564384 19.169198 19.483453 20.811944 21.121237 18.415185 16.950979 13.847564 14.095498 11.351217 
31.096946 28.985448 27.158899 23.632578 20.514217 17.232868 14.012744 10.415954 8.333963 5.647946 5.597299 6.857792 10.158275 12.921771 15.412464 15.328093 13.481186 15.793597 14.983342 11.277627 9.129348 5.76955 3.788742 0.0 3.829849 6.985643 10.583118 13.424793 17.13248 20.008636 23.090277 25.172636 23.120761 19.733243 17.463947 14.072027 10.977251 10.631337 12.011377 14.842849 15.682771 19.230654 19.10176 16.375958 18.82285 21.630771 20.143237 19.903241 23.309375 25.009436 24.05749 24.995874 21.627992 22.078366 18.766387 20.842107 23.10655 20.763585 22.548708 21.84667 23.278229 26.513649 26.724305 23.131897 23.63969 21.183205 22.218986 23.125956 20.589538 19.663769 16.223922 14.721176 11.257394 10.913242 9.983045 10.701934 12.167918 14.201803 16.634702 19.740504 20.933641 24.387876 25.461775 24.430145 21.863415 19.042163 17.439972 16.248858 14.411214 15.215902 14.915696 15.278179 17.341346 14.944198 12.243933 15.348418 16.59639 13.670813 13.766681 17.506216 17.679211 18.411022 18.417697 15.370514 13.97502 11.272521 11.345721 8.174019 
27.32205 25.277469 23.482285 19.90092 16.906043 13.506811 10.395844 6.760783 5.516069 4.211723 6.605196 9.077959 12.771075 14.915407 16.728547 15.919494 13.559608 16.256296 16.318258 12.84468 10.808992 6.965047 6.890862 3.829849 0.0 3.823658 6.970861 10.075539 13.667848 16.733896 19.611239 21.740438 19.966828 16.805223 14.533718 11.067357 8.563109 8.530273 11.024931 13.440851 13.39235 17.056687 17.378367 14.393185 16.242663 19.404584 18.257124 17.530719 20.718273 22.836719 21.972433 22.4469 18.958268 19.834221 16.878336 19.423427 21.680998 19.571129 21.900745 21.845649 23.439225 26.902104 27.434563 24.081119 25.1154 23.036101 24.551023 25.44105 23.201057 22.127921 18.91793 16.846253 13.129604 11.793385 9.807708 9.280151 9.650169 11.121557 13.124136 16.189208 17.567057 20.928943 21.874098 21.06127 18.580347 16.040688 14.89503 14.311972 13.316844 14.904029 15.564157 16.350861 19.043508 17.058876 14.272665 17.151592 17.866123 14.462255 14.477248 18.033264 17.491136 17.657745 17.895085 14.561763 12.531647 10.639042 11.477355 8.375832 
24.432973 22.314643 20.814025 17.269707 14.146166 10.898669 8.337109 5.615359 5.380914 6.586105 9.212812 12.324399 15.890821 18.070046 19.541612 18.722517 16.468242 19.467213 19.754662 16.307017 14.552112 10.714316 10.514486 6.985643 3.823658 0.0 3.822352 6.594693 10.213501 13.269511 16.214608 18.211142 16.241025 13.030086 10.736036 7.384548 5.241651 5.070633 8.263399 10.314547 9.760558 13.487513 14.244741 11.443249 12.986687 16.308967 15.703026 15.077649 17.949532 20.28786 19.928666 20.267213 16.957868 18.45076 15.871952 18.924209 20.677515 18.395514 20.920552 21.257776 22.54227 26.208165 26.702982 23.593128 25.161806 23.602509 25.603627 26.846813 25.035494 24.299804 21.358966 19.283882 15.536072 14.188728 11.42215 10.628132 9.656103 10.893629 12.013902 14.450415 15.405562 18.454338 19.769838 19.465539 17.549406 15.271163 15.050472 14.729497 14.523113 16.197398 17.407617 17.866011 20.781957 18.755627 15.590523 17.842541 18.510195 14.994031 14.284434 17.628095 16.855497 16.208132 16.11157 12.482927 10.519516 9.737183 10.459471 7.505976 
20.651128 18.651901 17.294444 13.669381 10.793078 7.384775 5.64251 4.313028 6.372556 8.912902 12.165949 15.421257 19.071206 20.836107 21.855694 20.543676 18.028807 21.095637 21.983988 18.829632 17.161519 13.38085 13.86075 10.583118 6.970861 3.822352 0.0 3.827318 6.890123 10.3371 12.849195 14.861019 13.339353 10.627284 8.379851 5.205842 5.286935 5.885562 9.733917 10.823687 8.885086 12.417593 13.875969 11.06325 11.431127 15.112886 15.123136 13.891526 16.216123 19.074884 18.918448 18.605164 15.307538 17.396043 15.496209 18.91799 20.529062 18.628605 21.599857 22.568448 23.940068 27.685427 28.455074 25.655473 27.602322 26.36127 28.641167 29.826823 28.217698 27.359279 24.584498 22.196276 18.433985 16.554271 13.403066 11.693373 9.508871 9.600195 9.536318 11.535891 12.677183 15.396023 16.546714 16.712296 15.10462 13.460042 14.050322 14.550637 15.309633 17.541829 19.427175 20.201379 23.435026 21.761193 18.70614 20.759127 21.014109 17.359456 16.667875 19.615487 18.253397 17.054328 17.177966 13.584896 11.195317 11.557773 12.821608 10.492887 
18.537459 16.112286 14.809269 11.504054 8.186227 5.731988 5.07973 6.209184 7.828452 11.193795 14.106069 17.699555 21.132444 22.816624 23.437633 22.261648 20.118106 23.473853 24.392825 21.266331 20.084129 16.375604 16.84319 13.424793 10.075539 6.594693 3.827318 0.0 3.807747 6.70674 9.687847 11.832194 10.115781 7.281987 6.109555 4.690864 6.617999 5.808618 9.380082 9.056754 6.221269 9.24544 10.848122 8.140834 7.771146 11.531498 11.985479 10.730529 12.670551 15.654306 15.906397 15.510549 12.547219 15.123695 13.726095 17.405737 18.42873 16.516058 19.592876 20.991126 22.172364 25.954935 26.846132 24.420025 26.805847 26.070589 28.757373 30.087706 28.937033 28.292536 25.889491 23.443854 19.795933 17.955657 14.408358 12.827347 9.940775 10.185859 9.466252 10.229536 10.320279 12.681942 14.513553 15.000225 14.210259 12.688506 14.142621 14.541851 15.856837 17.877351 20.141654 20.615289 23.971724 22.46629 19.365092 20.840863 20.804284 17.229466 16.186526 18.6004 16.900205 15.038617 15.136727 11.74305 9.342406 10.940563 12.374934 11.018635 
14.944156 12.560001 11.737466 8.597542 5.753731 4.495111 6.446652 8.970914 11.223666 14.734237 17.783408 21.377776 24.822504 26.334093 26.718014 25.310654 23.081327 26.409987 27.644469 24.690417 23.523509 19.856234 20.510063 17.13248 13.667848 10.213501 6.890123 3.807747 0.0 3.811388 6.018669 8.104484 6.929685 5.260342 5.063787 5.726744 9.076191 8.881457 11.975519 10.921641 7.27216 9.10697 11.489567 9.499702 7.508441 11.153847 12.585326 10.976539 11.76556 15.197057 15.943568 14.853128 12.35433 15.575325 15.091952 18.881048 19.517027 17.978884 21.222843 23.099046 24.168303 27.912601 28.929755 26.854796 29.534434 29.122829 32.004035 33.369558 32.414028 31.782197 29.512221 26.964563 23.36187 21.339895 17.704254 15.785736 12.43379 11.845414 9.914156 9.408866 9.158523 10.464122 12.366886 13.738046 13.762856 13.167898 15.469193 16.463493 18.420917 20.644182 23.24857 23.814637 27.271668 25.945085 22.896785 24.139557 23.914914 20.407645 19.27548 21.293427 19.306584 16.97336 17.075598 14.006161 11.793689 14.100642 15.557486 14.54551 
13.933806 10.965011 10.239338 8.131993 5.346628 6.585031 8.793506 11.885007 13.591507 17.298578 20.021927 23.746567 26.965994 28.373828 28.43027 27.170652 25.295917 28.794519 30.010532 27.112559 26.333635 22.757066 23.413178 20.008636 16.733896 13.269511 10.3371 6.70674 3.811388 0.0 3.830972 6.115774 4.971117 4.214115 6.612858 8.778632 12.094799 11.106075 13.515373 11.40038 7.723192 7.875325 10.077369 8.736956 5.483439 8.493228 10.616658 9.028512 8.761548 12.277149 13.583721 12.316593 10.608928 14.196777 14.433086 18.16459 18.117445 16.740214 19.92451 22.200882 23.0711 26.701324 27.860448 26.240621 29.25032 29.306083 32.475856 33.903968 33.363113 32.896373 30.984649 28.422263 25.004484 23.061583 19.297314 17.593065 14.080714 13.739212 11.696736 10.049224 8.382424 8.71856 11.503652 13.157644 14.159277 13.735718 16.57351 17.362622 19.627751 21.553969 24.362376 24.679264 28.139022 27.02137 24.066294 24.814887 24.302252 21.021195 19.717515 21.110178 18.871445 16.05383 16.206302 13.745581 11.8088 14.870748 16.389673 16.209872 
10.234617 7.434769 7.639354 6.162377 5.397384 7.642541 10.922442 14.293631 16.586091 20.282126 23.278558 26.937316 30.269698 31.51318 31.457815 29.892759 27.801564 31.169339 32.710555 29.989012 29.08934 25.539575 26.418344 23.090277 19.611239 16.214608 12.849195 9.687847 6.018669 3.830972 0.0 2.91109 4.481238 6.456963 8.57771 11.009411 14.694402 14.396728 16.867011 14.879928 11.121401 10.906765 13.434598 12.490162 9.001155 11.352056 13.828396 11.949278 10.752714 14.362711 15.798193 13.7847 12.526319 16.276894 17.156296 20.788457 20.702911 19.794069 23.073844 25.605086 26.516342 30.060285 31.329674 29.881619 32.96252 33.083513 36.271659 37.63668 37.0822 36.497208 34.559231 31.870464 28.423574 26.243637 22.502728 20.409129 16.712578 15.616829 12.81611 10.482116 9.122755 7.98773 10.219293 12.849371 14.444614 15.015154 18.250531 19.658278 22.309296 24.542096 27.553057 28.124358 31.671913 30.684602 27.795015 28.617659 28.011979 24.701947 23.517677 24.828167 22.44195 19.592677 19.837927 17.524211 15.59041 18.622767 20.206972 19.875621 
9.506003 7.349314 8.887155 8.114363 8.195135 10.21056 13.582479 16.767298 19.128715 22.754691 25.745455 29.395921 32.760464 34.149051 34.215837 32.690607 30.540463 33.870238 35.381286 32.589447 31.532452 27.908365 28.598743 25.172636 21.740438 18.211142 14.861019 11.832194 8.104484 6.115774 2.91109 0.0 3.780128 7.179713 9.245896 12.185338 15.974664 15.992353 18.115018 16.085011 12.397864 11.728583 14.649304 14.354105 10.887835 12.805816 15.748712 14.286726 12.689416 16.0756 17.951389 15.97705 15.127796 18.909554 19.890458 23.498683 23.190589 22.190675 25.314649 27.818026 28.453842 31.974053 33.064878 31.727379 34.903446 35.170902 38.403642 39.941898 39.440388 39.004186 37.036665 34.465143 30.995502 28.932214 25.195287 23.17813 19.522902 18.399132 15.507847 13.185441 11.917872 10.30424 12.292821 15.281742 17.070235 17.860366 21.117891 22.565698 25.180076 27.370651 30.315875 30.765019 34.248933 33.117288 30.0993 30.783341 30.352991 27.120844 25.684315 26.968306 24.750184 21.712163 21.612191 19.329597 17.802555 20.930734 22.180783 21.778532 
13.24954 11.014007 11.961056 10.558658 9.263339 10.470058 13.149585 15.867849 17.757246 21.269476 23.965861 27.642557 30.913675 32.633494 32.96853 31.808309 29.813305 33.231289 34.356078 31.305184 30.197276 26.473652 26.71921 23.120761 19.966828 16.241025 13.339353 10.115781 6.929685 4.971117 4.481238 3.780128 0.0 3.838664 6.388077 9.898002 13.493738 13.223767 14.851326 12.675996 9.151945 8.257102 11.522294 11.696609 8.65365 10.626957 13.755766 13.067519 11.955863 15.070005 17.241837 16.032823 15.062709 18.735934 19.152831 22.827358 22.38408 20.801399 23.646813 25.803021 26.101742 29.69211 30.447337 29.002877 32.167389 32.485523 35.710943 37.496946 37.039219 36.884283 34.899185 32.606393 29.153709 27.475468 23.756158 22.214211 18.812349 18.354578 16.043601 14.313094 12.853994 12.140914 14.666707 17.098959 18.466313 18.499223 21.409081 22.308952 24.47963 26.323117 28.95813 29.022279 32.32081 30.883896 27.668173 28.144918 28.03597 24.93342 23.108093 24.483434 22.650802 19.49342 18.879433 16.453131 15.44683 18.612126 19.367338 18.989936 
16.315052 13.829232 13.916611 11.819618 9.343534 9.561369 11.245571 13.421668 14.7974 18.171835 20.616236 24.288389 27.474655 29.382211 29.903027 29.008773 27.154085 30.618676 31.438611 28.229977 27.147228 23.40595 23.39521 19.733243 16.805223 13.030086 10.627284 7.281987 5.260342 4.214115 6.456963 7.179713 3.838664 0.0 3.788904 7.181364 10.384146 9.575238 11.112614 8.931979 5.321156 5.134951 8.509811 8.392755 6.129445 8.760174 11.418806 11.177022 11.107505 14.019747 15.936559 15.413489 13.961361 17.33887 17.057689 20.757062 20.480727 18.440487 21.151133 22.942285 23.206535 26.900685 27.491475 25.771779 28.795457 28.953577 32.095301 33.945622 33.412433 33.352333 31.317276 29.178187 25.735531 24.307004 20.644729 19.474047 16.369481 16.526497 14.893855 13.877908 12.48495 12.888878 15.62383 17.341541 18.104388 17.379538 19.820215 20.228564 21.953859 23.543322 25.904454 25.760253 28.940013 27.314715 24.003397 24.488719 24.575581 21.485839 19.524245 21.124763 19.553127 16.526878 15.701884 12.949056 12.072471 15.086797 15.617404 15.189855 
17.558136 15.60331 15.729286 12.955378 10.571074 9.408849 10.699081 12.003559 13.654497 16.638742 19.250315 22.732398 26.093062 28.207163 29.12945 28.182139 26.028687 29.287695 30.033827 26.730978 25.205921 21.377114 21.147681 17.463947 14.533718 10.736036 8.379851 6.109555 5.063787 6.612858 8.57771 9.245896 6.388077 3.788904 0.0 3.822211 7.192121 7.552052 9.447395 8.587828 5.25758 7.094669 10.44572 9.838323 8.715707 11.820947 13.865209 13.586867 14.253695 17.188878 18.686871 18.253984 16.214644 19.371292 18.533769 22.268944 22.515879 20.304409 23.014766 24.399892 24.753061 28.537684 28.908291 26.764606 29.467952 29.210109 32.059903 33.935985 33.017642 32.893192 30.50359 28.48911 24.896798 23.530855 20.05699 18.841327 16.031287 16.075692 14.628819 14.465427 14.01254 14.968548 17.123338 18.726034 18.810781 17.993086 19.965913 20.492557 21.866709 23.632777 25.715492 25.704602 28.804522 26.887669 23.428248 24.314304 24.798718 21.567939 19.643285 21.845363 20.622062 18.016581 17.026171 13.709236 12.793602 15.062199 15.275134 13.941102 
19.406884 17.605367 17.2385 13.923723 11.346873 8.922494 9.16886 9.349178 11.069998 13.622367 16.379753 19.667865 23.159597 25.323542 26.506638 25.494002 23.138866 26.220995 26.907269 23.583482 21.787195 17.940582 17.684806 14.072027 11.067357 7.384548 5.205842 4.690864 5.726744 8.778632 11.009411 12.185338 9.898002 7.181364 3.822211 0.0 3.82601 5.386743 8.227367 8.822373 6.287703 9.493299 12.107762 10.598116 10.432543 13.915671 15.098453 14.591066 16.078551 18.990142 19.851712 19.555284 16.915717 19.663686 18.247408 21.895727 22.732209 20.482486 23.233605 24.279597 24.941178 28.758656 29.121197 26.574126 28.896273 28.15342 30.690358 32.401298 31.102728 30.771734 28.103081 26.093883 22.403987 21.004992 17.755455 16.492391 14.080865 14.170306 13.239563 14.068319 14.415271 16.148446 17.830013 18.931112 18.235912 17.098159 18.443041 18.944634 19.919905 21.822086 23.65663 23.869799 26.926761 24.902282 21.46677 22.855006 23.506486 20.118887 18.514307 21.225498 20.171245 18.156574 17.378275 13.708931 12.404473 13.773132 14.039883 11.923811 
23.103421 21.295548 20.67144 17.23207 14.421066 11.567233 10.629221 9.37647 10.194471 11.817785 14.131485 17.112073 20.517123 23.019169 24.64753 23.956487 21.680961 24.594298 24.846388 21.342205 19.314353 15.485357 14.636812 10.977251 8.563109 5.241651 5.286935 6.617999 9.076191 12.094799 14.694402 15.974664 13.493738 10.384146 7.192121 3.82601 0.0 3.788192 6.288525 8.485726 7.577414 11.225183 13.118399 11.486946 12.513727 15.795721 16.325761 16.233755 18.346067 20.871452 21.444988 21.653897 18.812795 21.052301 18.998293 22.39048 23.484577 20.92788 23.347804 23.814307 24.416107 28.184962 28.260243 25.365753 27.298907 26.208051 28.425624 30.200646 28.643637 28.409385 25.530475 23.843044 20.186478 19.214996 16.357112 15.645593 14.061739 14.771765 14.744866 16.331597 16.900502 19.151441 20.770488 21.378736 20.165753 18.501564 19.116184 19.140028 19.38513 20.973974 22.245224 22.272278 25.025865 22.661417 19.130304 20.725655 21.832375 18.568916 16.926033 20.06584 19.568143 18.067149 17.059693 13.228138 12.281681 12.658989 12.326801 9.463789 
23.740393 21.401603 20.401311 17.217903 13.8662 11.506596 10.036431 9.08937 8.790632 10.775696 12.564201 15.890776 19.037038 21.537847 22.908877 22.557806 20.774016 23.997321 24.028244 20.445225 19.014451 15.263469 14.40715 10.631337 8.530273 5.070633 5.885562 5.808618 8.881457 11.106075 14.396728 15.992353 13.223767 9.575238 7.552052 5.386743 3.788192 0.0 3.881487 5.460757 5.269122 8.980345 10.009164 8.136759 9.95474 12.936582 13.007271 13.323927 15.765432 17.88605 18.401391 19.082301 16.397252 18.382205 16.136822 19.42536 20.262522 17.470749 19.704377 20.109016 20.638193 24.413921 24.541663 21.719901 23.801691 22.913413 25.373623 27.199385 25.949664 25.873537 23.29511 21.595957 18.045382 17.277563 14.206304 14.013885 12.48483 13.999657 14.432635 15.776815 15.66145 18.123054 20.233347 20.474461 19.443269 17.292441 17.899817 17.314463 17.429257 18.556162 19.827323 19.478107 22.23681 19.936074 16.355837 17.59469 18.536574 15.337831 13.462197 16.424527 15.92129 14.33225 13.28788 9.454962 8.642843 9.210916 8.8396 6.594906 
