0.0 3.761226 5.793202 8.816809 8.345258 7.690352 10.922146 12.91754 12.554634 13.596037 16.589313 17.579616 17.590131 17.742916 19.330533 22.705269 23.078815 20.864656 20.432164 17.804236 19.895628 22.385669 25.633864 24.415094 26.472614 26.423868 26.579909 27.285681 24.396794 23.833101 22.041879 18.84692 19.046324 18.826654 17.504124 15.658331 18.547227 21.048567 22.966142 23.271221 25.521153 25.57396 25.172988 28.633611 30.620178 29.119643 31.238888 29.249221 30.631187 32.00109 29.643192 26.640189 28.459678 29.594155 26.52731 26.332222 22.953377 20.427363 17.131418 14.165179 10.978009 13.59707 16.140406 13.842444 12.555205 16.336137 17.528278 15.449924 16.694791 20.241798 21.008335 24.790433 24.663053 22.981592 25.072667 28.365396 30.204459 27.208978 28.142343 24.609673 25.416272 22.26965 21.890768 18.257272 15.279566 16.498612 13.678682 11.189907 8.279399 9.260711 9.336684 5.871416 4.822456 7.86627 7.481349 4.929076 7.621708 10.316953 10.093411 10.4725 13.121872 14.928667 15.852722 16.711866 
3.761226 0.0 3.78674 5.498373 5.142674 5.855554 8.632708 10.217341 10.75583 12.167595 14.518337 15.572595 16.336796 16.864407 17.962822 21.399184 22.34286 20.302226 19.723731 17.382094 19.293991 22.15981 25.371575 23.785358 25.885486 26.127655 25.960473 26.882477 24.373026 24.028484 22.045257 19.251599 19.488644 19.962861 18.976418 17.739465 20.986383 23.179481 25.178277 25.179597 27.008764 27.023248 26.121252 29.473236 31.115242 29.61959 31.925883 30.194657 31.734917 33.491279 31.280701 28.19662 30.152549 31.636968 28.719765 28.783011 25.609911 23.085385 19.574346 17.005899 14.00169 16.748553 18.881754 16.088381 14.953473 18.657111 19.38156 16.737338 18.028552 21.498585 22.222301 25.992082 26.283617 24.907062 26.749579 29.912566 31.435895 28.265945 28.723929 25.027449 25.547694 22.284221 22.056749 18.712362 15.588306 17.03105 14.222948 12.624359 9.165082 9.217661 10.441656 7.898638 4.967445 7.922958 9.08702 6.499849 7.245181 10.789901 11.449635 10.813937 12.815952 15.369594 16.650727 16.73064 
5.793202 3.78674 0.0 3.850682 5.579827 4.803588 6.248838 8.997777 10.033266 10.305034 12.492242 14.368992 15.211159 15.04494 15.590566 19.256082 20.044742 17.632904 16.570813 14.030253 15.654683 18.51427 21.769472 20.258134 22.57147 23.118152 23.196034 24.520028 22.016454 21.338939 18.998289 16.315071 16.235459 17.022905 16.508672 15.689843 19.151299 21.110987 23.386861 23.430558 24.921605 24.587809 23.34594 26.514805 28.107401 26.872573 29.453369 28.053179 29.953257 31.830268 29.977054 26.66077 28.363725 30.196614 27.606705 27.564616 24.606662 21.827088 18.241075 16.075682 13.729239 16.977894 18.604562 15.579026 15.350305 19.104752 19.180205 16.583612 18.590262 21.719687 21.794596 25.589065 26.303824 24.664631 26.011928 29.297865 30.470112 27.066658 27.263993 23.636891 24.540497 21.584127 22.006083 18.821641 16.22603 18.399523 16.19068 14.718813 11.705433 10.796659 11.302801 9.259446 6.06557 7.169455 8.174208 5.295001 4.293506 8.088834 8.963207 7.590745 9.217325 12.11032 13.461853 13.186378 
8.816809 5.498373 3.850682 0.0 3.792742 5.068678 4.969268 6.63062 8.953686 9.742468 10.843724 12.635528 14.376424 14.778023 14.784733 18.331347 19.817601 17.815069 16.786796 14.85817 16.316947 19.551416 22.582356 20.598599 22.780718 23.537562 23.14185 24.567253 22.574292 22.2832 19.943081 17.841704 17.985959 19.437323 19.085665 18.823728 22.446415 24.069749 26.233849 25.913247 27.020227 26.795193 25.148543 28.18545 29.346017 28.034975 30.675206 29.485213 31.411757 33.645982 31.877531 28.606467 30.507042 32.57738 30.08763 30.363711 27.60714 24.992231 21.307394 19.47233 17.111219 20.205161 21.57435 18.259569 17.91645 21.473372 21.268099 18.229673 20.052797 23.06336 23.222784 26.898464 27.93269 26.687939 27.876277 30.936148 31.840477 28.373942 28.119295 24.389251 24.875579 21.827827 22.293177 19.502899 16.828967 19.024925 16.899276 16.228753 12.99378 11.509027 12.967379 11.678344 7.955971 8.830855 11.050767 8.878368 6.847602 10.487909 12.173502 10.351482 10.907215 14.206696 15.948442 14.989597 
8.345258 5.142674 5.579827 3.792742 0.0 3.801331 5.537614 5.504859 6.767419 8.913158 10.427777 11.09208 12.594961 13.791212 14.572511 17.764987 19.399565 17.950841 17.725717 16.244728 18.379954 21.774169 24.566747 22.292963 23.977086 24.190018 23.37214 24.219444 22.289955 22.541891 20.768011 18.66931 19.50883 20.864143 19.834684 19.558649 23.178866 24.685051 26.386973 25.712864 26.964072 27.269143 25.874847 29.1552 30.1953 28.436846 30.704609 29.167397 30.684776 32.947606 30.856938 27.845339 30.129973 31.978183 29.239627 29.863348 27.090225 24.888698 21.163899 19.344421 16.526808 19.126847 20.492802 17.11754 16.157737 19.481314 19.477656 16.188174 17.463573 20.596224 21.244567 24.840046 25.707054 24.855945 26.334681 29.176717 30.265359 26.995034 26.851439 23.030066 23.049162 19.709553 19.661877 16.871077 13.854335 15.703809 13.463207 13.230321 9.980815 8.276631 10.49175 9.745369 6.036676 7.459301 10.462774 9.213176 7.933058 11.293304 13.43095 12.589718 13.137946 15.90052 18.086312 17.732368 
7.690352 5.855554 4.803588 5.068678 3.801331 0.0 3.836535 5.514851 5.351589 6.321926 8.951907 10.073998 10.660509 11.07006 12.205412 15.562045 16.610715 14.857264 14.727808 13.085938 15.599175 18.911162 21.632711 19.463181 21.050366 21.029605 20.463086 21.260943 19.009601 19.072388 17.373802 15.07635 16.106578 17.367967 16.130237 16.022434 19.705206 21.014035 22.648156 21.936941 23.180401 23.489618 22.187342 25.544038 26.692215 24.902225 27.140665 25.54825 27.129666 29.308281 27.293727 24.189893 26.380815 28.273847 25.619897 26.203936 23.52235 21.31377 17.559428 16.016673 13.4951 16.24861 17.245117 13.743003 13.318029 16.685313 16.328376 13.185507 15.042849 18.000742 18.207806 21.893635 22.871243 21.719027 22.997282 25.991926 27.032001 23.67629 23.654753 19.889802 20.332858 17.191928 17.521877 14.555023 11.992509 14.471147 12.786454 12.177199 9.605896 7.33562 8.231208 7.82907 4.301138 3.985984 7.109678 6.601944 4.883477 7.729094 10.27894 10.057755 10.350376 12.615629 15.105155 15.258795 
10.922146 8.632708 6.248838 4.969268 5.537614 3.836535 0.0 3.7951 5.51363 4.966148 6.280735 8.561502 9.969723 9.923312 9.858673 13.443905 14.85145 12.986681 12.339201 11.018595 13.130066 16.696623 19.261163 16.81546 18.510614 18.958325 18.309177 19.624913 17.761983 17.738153 15.668694 13.971017 14.823719 16.823972 16.206715 16.810091 20.632852 21.544157 23.359338 22.520302 23.185223 23.199961 21.317214 24.363637 25.172459 23.612304 26.159542 25.056719 27.003112 29.488639 27.895604 24.640036 26.659209 28.99129 26.738548 27.36733 25.019842 22.694795 18.943867 17.924396 16.023742 19.009147 19.524434 15.874301 16.148057 19.335399 18.337304 15.170539 17.446145 19.928436 19.583285 23.117844 24.633381 23.482231 24.194761 27.120775 27.658594 24.09003 23.520313 19.822317 20.38146 17.578084 18.585403 16.145764 14.169865 17.090137 15.91762 15.725018 13.328797 10.668969 11.44786 11.479915 8.099555 6.709587 9.548745 8.98442 5.718367 8.044459 11.045377 9.939128 9.001973 11.722287 14.458198 13.854617 
12.91754 10.217341 8.997777 6.63062 5.504859 5.514851 3.7951 0.0 3.849282 5.27194 5.21205 6.113807 8.499827 9.800715 9.838422 12.805453 14.999589 14.060938 14.117109 13.683728 15.946923 19.667361 21.85687 18.980017 20.159324 20.365528 19.017365 19.938198 18.622129 19.317157 17.740443 16.531136 17.901236 20.107307 19.199 19.992867 23.812903 24.514677 25.963445 24.70681 25.214799 25.647996 23.716625 26.764628 27.178618 25.289715 27.570388 26.402102 28.048988 30.781945 29.051012 26.057461 28.439902 30.746973 28.42193 29.467301 27.248287 25.298435 21.534944 20.649627 18.455893 21.026806 21.439075 17.691327 17.476833 20.31305 19.291266 15.751339 17.455158 19.836374 19.885037 23.191971 24.823032 24.245473 25.026157 27.58906 28.038041 24.611171 23.76363 19.988702 19.830276 16.796452 17.487786 15.491627 13.355105 16.026288 15.002038 15.681078 13.325794 10.278981 12.015345 12.767108 9.412848 8.428069 12.003502 11.922927 9.18639 11.361094 14.575158 13.715004 12.675574 15.189609 18.140933 17.510946 
12.554634 10.75583 10.033266 8.953686 6.767419 5.351589 5.51363 3.849282 0.0 3.786886 5.665866 5.114411 5.840112 7.596884 9.093523 11.688603 13.423665 12.837154 13.78639 13.565017 16.538028 20.149929 22.13356 19.254888 19.955225 19.45633 17.97656 18.227556 16.670857 17.735185 16.796846 15.41624 17.434423 19.337168 17.745591 18.552747 22.271314 22.78034 23.766585 22.218079 22.887654 23.79681 22.240698 25.536239 25.98786 23.697147 25.575834 24.006295 25.283183 27.931666 25.935098 23.142574 25.794557 27.877094 25.382262 26.684747 24.522698 22.961463 19.249246 18.574268 16.290719 18.413266 18.550047 14.790219 14.398249 16.901994 15.800924 12.149471 13.703543 16.018376 16.227823 19.520162 21.059169 20.648714 21.571023 24.034096 24.657938 21.371057 20.772369 16.935801 16.617998 13.366039 13.803346 11.654509 9.572235 12.466396 11.912223 12.818876 11.178989 7.627357 8.996505 10.681436 8.117169 6.414756 10.209286 11.273444 9.204719 10.576534 14.027021 14.191758 13.275529 14.975659 18.225035 18.386991 
13.596037 12.167595 10.305034 9.742468 8.913158 6.321926 4.966148 5.27194 3.786886 0.0 3.864656 5.367171 5.374536 5.047026 6.015832 9.244914 10.493145 9.309975 10.011489 9.898133 12.976846 16.577313 18.403751 15.505119 16.226216 15.840777 14.638328 15.309894 13.578877 14.287233 13.096029 11.909884 13.975532 16.212767 14.894772 16.253535 20.027004 20.180521 21.302993 19.750694 20.058294 20.682145 18.8257 21.988588 22.387685 20.274702 22.415482 21.143782 22.818032 25.546582 23.93456 20.884757 23.246075 25.662065 23.521973 24.6921 22.783226 21.05134 17.374133 17.204588 15.62864 18.062157 17.704275 13.882446 14.486997 16.972637 15.239756 11.93562 14.379912 16.211569 15.530377 18.823988 20.755597 19.917748 20.270248 22.914405 23.182493 19.631099 18.817924 15.085838 15.475291 12.788864 14.197432 12.217578 11.112468 14.579423 14.522058 14.950716 13.648187 10.207167 10.294214 11.876747 9.540764 6.580143 9.619864 10.934957 8.122544 8.415276 12.191224 12.341326 10.628679 11.970125 15.483145 15.637906 
16.589313 14.518337 12.492242 10.843724 10.427777 8.951907 6.280735 5.21205 5.665866 3.864656 0.0 3.757709 5.863214 6.057788 4.854261 7.775553 10.19889 9.641765 10.084862 10.876788 13.309719 17.067759 18.52516 15.196396 15.737527 15.797412 14.075398 15.119664 14.281591 15.268734 13.973722 13.711466 15.606639 18.427651 17.62714 19.384633 23.164839 23.071245 24.241036 22.534673 22.320071 22.811875 20.463663 23.230618 23.107456 21.135991 23.414926 22.630574 24.460739 27.520651 26.235655 23.253786 25.559333 28.265209 26.436895 27.748629 26.114975 24.41032 20.804015 20.847413 19.433944 21.913171 21.430471 17.616655 18.285859 20.598737 18.647579 15.31485 17.573658 19.068558 18.273437 21.219632 23.526419 22.9783 22.97621 25.328825 25.143824 21.581731 20.136392 16.572061 16.614426 14.244247 15.958322 14.733015 13.87126 17.214303 17.303169 18.219544 16.717416 13.195846 13.880953 15.456759 12.744915 10.248535 13.355009 14.210516 10.952491 11.502632 15.205659 14.65595 12.376256 14.082611 17.557531 16.993509 
17.579616 15.572595 14.368992 12.635528 11.09208 10.073998 8.561502 6.113807 5.114411 5.367171 3.757709 0.0 3.759723 6.235871 6.553321 7.991391 10.807325 11.378823 12.831617 13.975176 16.750479 20.443433 21.689321 18.261206 18.251656 17.708033 15.422638 15.589169 15.083293 16.836023 16.299682 16.08732 18.485368 21.079606 19.732125 21.385262 25.088471 24.917033 25.629449 23.565168 23.440695 24.492996 22.437192 25.350326 25.050356 22.632565 24.410437 23.290021 24.595104 27.732857 26.139822 23.530399 26.255131 28.72422 26.699404 28.414345 26.836457 25.579499 22.012515 22.081026 20.328075 22.305385 21.754873 17.969884 18.093968 19.973923 18.105427 14.536021 16.122854 17.471067 17.176804 19.863523 22.135472 22.173671 22.380945 24.349473 24.248314 20.958059 19.484515 15.860461 15.058233 12.333262 13.535128 12.75431 11.880675 14.936192 15.390651 17.024435 15.886287 12.17932 13.331402 15.564198 13.202778 10.998544 14.485067 15.823433 13.147288 13.782417 17.550261 17.488838 15.581685 17.0265 20.605323 20.405507 
17.590131 16.336796 15.211159 14.376424 12.594961 10.660509 9.969723 8.499827 5.840112 5.374536 5.863214 3.759723 0.0 3.780159 6.160534 7.048924 8.85336 9.743154 12.077202 13.351485 16.654436 20.106856 21.148804 17.863394 17.433484 16.17518 13.917109 13.386097 12.514948 14.589967 14.718129 14.397808 17.333777 19.621899 17.748917 19.514894 23.030559 22.582561 22.866353 20.530626 20.453844 21.905578 20.192551 23.283699 23.046393 20.286811 21.692474 20.216331 21.23568 24.300425 22.548737 20.082389 22.989288 25.313859 23.244319 25.168551 23.754457 22.85409 19.439993 19.875988 18.330954 19.916189 18.93372 15.254631 15.560349 16.982157 14.791097 11.351519 13.056228 14.002945 13.490924 16.120106 18.479911 18.55858 18.680269 20.591566 20.546992 17.299412 16.016795 12.310432 11.541596 8.707921 10.162852 9.434082 9.33028 12.750462 13.913539 15.493971 15.147595 11.381435 11.64703 14.481674 12.948224 10.157596 13.198069 15.374359 13.173282 12.951565 16.730638 17.455227 15.609342 16.255634 19.988648 20.462212 
17.742916 16.864407 15.04494 14.778023 13.791212 11.07006 9.923312 9.800715 7.596884 5.047026 6.057788 6.235871 3.780159 0.0 3.825633 5.437921 5.970327 6.077611 8.582331 10.042404 13.476252 16.732252 17.602309 14.42177 13.951215 12.62083 10.773336 10.651663 9.244751 10.925831 10.945921 10.787232 13.868631 16.3008 14.594474 16.809719 20.273333 19.513368 19.90517 17.612857 17.249617 18.430395 16.512586 19.547179 19.366414 16.741351 18.429403 17.166935 18.643768 21.710921 20.316611 17.51519 20.092857 22.715687 20.95904 22.669266 21.450565 20.368679 17.041044 17.920806 17.0326 18.870079 17.50339 13.867496 15.083722 16.572346 13.90417 10.975093 13.593628 14.231335 12.773938 15.501336 18.106192 17.563743 17.16523 19.39784 19.096635 15.525317 14.180993 10.553571 10.961299 8.937201 11.380476 10.456343 11.01471 14.776583 15.976819 16.84534 16.600316 13.009176 12.301511 14.825417 13.470887 10.000907 12.237474 14.574028 12.129175 10.959576 14.713095 15.577628 13.28462 13.350361 17.174945 17.811361 
19.330533 17.962822 15.590566 14.784733 14.572511 12.205412 9.858673 9.838422 9.093523 6.015832 4.854261 6.553321 6.160534 3.825633 0.0 3.825006 5.475556 5.182743 6.625809 8.813409 11.547518 14.960832 15.609973 12.068033 11.729977 11.24226 9.27685 10.33801 9.673307 10.902195 10.155318 10.830942 13.361471 16.447049 15.592768 18.13995 21.671694 20.821319 21.621422 19.538588 18.691735 19.28676 16.717206 19.268547 18.741957 16.604376 18.809347 18.292958 20.290697 23.533866 22.669332 19.712044 21.866508 24.862874 23.517487 25.004736 23.941535 22.533432 19.238559 20.158494 19.539132 21.793305 20.5103 16.886173 18.375738 20.126297 17.433485 14.648129 17.38598 18.016703 16.340701 18.886589 21.68451 21.007934 20.259602 22.463198 21.749515 18.094419 16.247974 13.012824 13.62292 12.188323 14.887065 14.24459 14.630334 18.333972 19.247836 20.063074 19.32096 15.736964 15.376054 17.401591 15.440252 12.112577 14.359039 15.999355 12.863034 11.892314 15.589325 15.644661 12.715183 13.187069 16.926518 16.815226 
22.705269 21.399184 19.256082 18.331347 17.764987 15.562045 13.443905 12.805453 11.688603 9.244914 7.775553 7.991391 7.048924 5.437921 3.825006 0.0 3.792126 6.130453 8.660203 11.697666 14.254386 17.304352 17.200186 13.518053 12.088881 10.935462 7.893916 8.080901 8.741744 11.044075 11.403214 12.926973 15.843529 18.931321 17.884057 20.74139 24.041357 22.714612 22.993667 20.431258 19.091253 20.122346 17.548196 19.792192 18.609447 16.118114 17.807566 17.460234 19.145884 22.695506 22.031939 19.489904 21.813541 24.873845 23.827007 25.752079 25.167854 24.263823 21.236123 22.610821 22.157219 23.999956 22.285918 18.833669 20.333881 21.471703 18.436508 15.844073 18.267046 18.179649 16.322888 18.193489 21.390338 21.191842 20.008283 21.643749 20.423908 16.990121 14.507639 11.675314 11.765931 11.058807 14.139512 14.503815 15.638536 19.210646 20.753033 22.033988 21.739987 18.040937 17.673896 20.19421 18.541245 15.19129 17.436019 19.459053 16.525467 15.329615 18.996943 19.320465 16.328881 16.379283 20.134582 20.173667 
23.078815 22.34286 20.044742 19.817601 19.399565 16.610715 14.85145 14.999589 13.423665 10.493145 10.19889 10.807325 8.85336 5.970327 5.475556 3.792126 0.0 3.816067 7.287087 10.4765 13.229389 15.758617 15.307858 11.960809 10.034123 7.976432 5.186284 4.945105 4.952021 7.486469 8.631573 10.480384 13.752201 16.608685 15.3971 18.56336 21.552779 19.810294 19.822779 17.121269 15.489007 16.60729 14.118878 16.366847 15.19215 12.470521 14.082157 13.708333 15.582258 19.100927 18.670797 16.041858 18.17809 21.361068 20.592462 22.491099 22.223284 21.487226 18.768102 20.649001 20.756539 22.426324 20.275524 17.131444 19.190101 20.024007 16.659101 14.705933 17.502592 16.985847 14.473879 16.175594 19.48699 18.919102 17.283233 19.017787 17.610364 14.046868 11.597037 9.049224 10.222105 10.327762 13.877256 14.160559 15.898118 19.582681 21.372092 22.241013 22.358683 18.847355 17.704034 20.221053 19.107336 15.43533 16.911794 19.311206 16.688702 14.665597 18.038652 18.873287 15.857703 15.032241 18.726507 19.301729 
20.864656 20.302226 17.632904 17.815069 17.950841 14.857264 12.986681 14.060938 12.837154 9.309975 9.641765 11.378823 9.743154 6.077611 5.182743 6.130453 3.816067 0.0 3.8106 6.721849 9.631528 12.193317 12.196608 9.041923 8.040993 6.657959 5.723318 7.159811 5.345222 5.742702 5.411313 6.935028 10.012008 13.020403 12.182116 15.399523 18.498577 16.965819 17.55034 15.381879 14.010917 14.426953 11.703725 14.182503 13.677946 11.503247 13.910282 13.608305 16.075217 19.202025 18.823013 15.661705 17.337605 20.609641 19.773946 21.09315 20.508629 19.203456 16.359088 18.090367 18.446233 20.55051 18.621759 15.46263 17.891361 19.251865 16.083559 14.278653 17.5689 17.588258 14.983006 17.265439 20.206776 18.953954 17.519242 19.880835 18.863055 15.081585 13.334245 10.683534 12.674408 12.346406 15.640649 15.007199 16.240027 20.058544 21.326419 21.579513 21.387856 18.105532 16.657753 18.593087 17.391653 13.646974 14.607408 16.701898 13.986945 11.625928 14.768596 15.484363 12.347531 11.321195 14.963047 15.551555 
20.432164 19.723731 16.570813 16.786796 17.725717 14.727808 12.339201 14.117109 13.78639 10.011489 10.084862 12.831617 12.077202 8.582331 6.625809 8.660203 7.287087 3.8106 0.0 3.802587 5.943695 8.717218 9.101918 5.866309 6.349003 6.831698 7.348901 10.078398 8.368644 7.095142 4.463625 5.941253 7.690826 11.258899 11.515258 14.683206 17.842284 16.604291 17.947116 16.482749 15.203779 14.648392 11.492676 13.610343 13.468621 12.306753 15.432999 15.644634 18.589301 21.426495 21.318025 17.890326 18.975723 22.34253 21.642678 22.378649 21.586224 19.672948 16.808222 18.229918 18.782281 21.403569 19.852406 16.745528 19.329843 21.216821 18.357478 16.605287 20.084291 20.550818 18.027355 20.569212 23.273188 21.629371 20.323284 22.980768 22.083685 18.279684 16.758934 14.275637 16.450885 15.942556 19.042448 17.971831 18.669622 22.488214 23.226795 23.085894 22.391752 19.315914 17.961399 19.199105 17.609321 14.077733 14.73212 16.06435 13.000582 10.724892 13.45664 13.45149 9.906779 9.114558 12.466698 12.435351 
17.804236 17.382094 14.030253 14.85817 16.244728 13.085938 11.018595 13.683728 13.565017 9.898133 10.876788 13.975176 13.351485 10.042404 8.813409 11.697666 10.4765 6.721849 3.802587 0.0 3.811858 6.87521 8.756155 6.753459 8.786038 9.627704 10.915134 13.384884 10.951426 8.939056 5.55925 4.590166 4.976163 8.438004 9.143654 11.829416 15.143711 14.525219 16.516376 15.771679 15.206202 14.140873 11.367561 13.804258 14.650499 13.923967 17.181364 17.064259 20.043324 22.402529 22.05533 18.39726 19.232138 22.337413 21.346613 21.538167 20.252176 17.791799 14.793213 15.710866 16.310974 19.304498 18.208344 15.213014 17.843154 20.205845 17.811425 16.205876 19.811275 20.806587 18.504184 21.462647 23.686253 21.610006 20.749434 23.828357 23.444115 19.638635 18.786385 16.136168 18.516289 17.568992 20.253559 18.489996 18.66183 22.36074 22.578182 21.864545 20.906724 18.250201 16.694611 17.236213 15.675191 12.401457 12.398642 13.22539 10.308581 7.828038 10.030529 9.856982 6.334732 5.402264 8.753943 8.844985 
19.895628 19.293991 15.654683 16.316947 18.379954 15.599175 13.130066 15.946923 16.538028 12.976846 13.309719 16.750479 16.654436 13.476252 11.547518 14.254386 13.229389 9.631528 5.943695 3.811858 0.0 3.794931 6.266603 5.0777 8.455658 10.61585 12.49239 15.616737 13.620241 11.13843 7.338555 7.193019 5.525027 9.033778 11.092289 13.595683 16.526991 15.980684 18.412197 18.147409 17.332723 15.540179 12.45279 14.025334 14.866133 15.079653 18.701263 19.207468 22.507269 24.748312 24.823761 21.139991 21.453778 24.680248 24.054038 23.883067 22.720549 19.985608 17.299783 18.121866 19.009003 22.202282 21.27176 18.515011 21.216022 23.708054 21.414168 19.943995 23.561367 24.588008 22.209864 25.079592 27.324326 25.108644 24.092147 27.168107 26.608375 22.839759 21.847648 19.490799 21.969328 21.219254 23.999158 22.290283 22.362391 26.032104 26.050426 25.206273 23.96107 21.458517 20.071397 20.198135 18.394439 15.479699 15.309834 15.423659 12.429595 10.420137 11.743791 10.638246 7.032662 6.549871 8.500695 7.335113 
22.385669 22.15981 18.51427 19.551416 21.774169 18.911162 16.696623 19.667361 20.149929 16.577313 17.067759 20.443433 20.106856 16.732252 14.960832 17.304352 15.758617 12.193317 8.717218 6.87521 3.794931 0.0 3.764165 5.311441 8.833957 11.251159 14.003243 17.21832 15.164369 12.02933 8.350119 8.415071 5.565531 8.293947 11.292334 13.795593 16.010847 15.207211 17.848452 18.0691 17.047513 14.542933 11.470065 12.230203 13.437225 14.560251 18.324552 19.243861 22.782189 24.654585 25.168894 21.502048 21.14519 24.385162 24.212544 23.612278 22.732982 19.891688 17.776503 18.879946 20.415705 23.524445 22.444345 20.179277 23.219268 25.551621 23.241689 22.294542 26.01382 26.838646 24.186193 26.863495 29.03509 26.516937 25.237986 28.337209 27.669847 24.039314 23.20687 21.326681 24.200964 23.842732 26.741236 25.049568 25.351155 28.99364 29.072531 27.961017 26.877649 24.59555 22.872894 22.808088 21.338256 18.489173 17.712363 17.777031 15.246927 12.900247 13.326465 12.421334 9.387926 7.950841 8.486022 7.564164 
25.633864 25.371575 21.769472 22.582356 24.566747 21.632711 19.261163 21.85687 22.13356 18.403751 18.52516 21.689321 21.148804 17.602309 15.609973 17.200186 15.307858 12.196608 9.101918 8.756155 6.266603 3.764165 0.0 3.867321 6.502073 9.248122 12.385196 15.77005 14.246846 11.061369 7.944436 9.478753 7.626639 10.340028 13.010065 16.054468 17.932652 16.384349 18.500305 18.332346 16.563265 14.045963 10.558969 10.34729 10.770053 12.4049 16.232538 17.804416 21.499467 23.493836 24.523119 21.052988 20.446997 23.938173 24.302519 23.918778 23.629696 21.206016 19.427972 21.122761 22.91854 25.738916 24.184414 22.018542 25.259071 27.183159 24.489994 23.718245 27.448723 27.787737 24.807748 27.065847 29.541231 27.155873 25.372727 28.162551 27.026471 23.51629 22.321029 20.945245 23.923633 24.125784 27.346362 26.123215 26.908907 30.648032 31.139238 30.28836 29.484704 26.960157 25.154033 25.522513 24.165982 21.024802 20.416814 20.93467 18.332991 15.74884 16.523145 15.972163 12.776114 11.036308 11.897192 11.32046 
24.415094 23.785358 20.258134 20.598599 22.292963 19.463181 16.81546 18.980017 19.254888 15.505119 15.196396 18.261206 17.863394 14.42177 12.068033 13.518053 11.960809 9.041923 5.866309 6.753459 5.0777 5.311441 3.867321 0.0 3.827143 6.983802 9.342393 12.952286 11.803415 9.293485 6.131056 8.425572 7.894008 11.424181 13.270362 16.542504 19.019779 17.495204 19.276004 18.458461 16.622583 14.884584 11.198205 11.749216 11.440887 12.011344 15.740931 17.099229 20.617519 23.124588 23.865535 20.431757 20.491519 24.087134 24.153981 24.315583 23.932282 21.740675 19.494513 21.141181 22.427044 25.219011 23.622147 21.006419 23.997106 25.900208 23.048366 21.818471 25.443669 25.758828 22.90607 25.179575 27.891992 25.889232 24.15767 26.795855 25.557297 21.914326 20.328809 18.638295 21.244243 21.316008 24.598259 23.608538 24.404439 28.208205 28.835719 28.385234 27.551104 24.712725 23.215664 23.968378 22.358362 19.05925 19.100015 19.85272 16.859571 14.504007 16.147319 15.565123 11.953353 10.771466 12.742501 12.017685 
26.472614 25.885486 22.57147 22.780718 23.977086 21.050366 18.510614 20.159324 19.955225 16.226216 15.737527 18.251656 17.433484 13.951215 11.729977 12.088881 10.034123 8.040993 6.349003 8.786038 8.455658 8.833957 6.502073 3.827143 0.0 3.771218 6.182799 9.854335 9.426924 7.437007 5.779784 9.283004 10.065243 13.386124 14.490202 18.123408 20.454075 18.363197 19.435742 17.981975 15.55346 14.38674 10.622804 10.889568 9.470526 9.527378 13.01755 14.732399 18.172665 20.980193 21.993163 18.855268 19.042414 22.790333 23.168694 23.791619 23.897414 22.26616 20.209256 22.349971 23.699177 26.097103 24.039392 21.47299 24.514971 25.91827 22.704259 21.600591 25.105471 24.882631 21.795396 23.590413 26.610995 24.903963 22.749171 24.981637 23.303345 19.80031 17.77976 16.538421 19.104369 19.749305 23.292764 22.862576 24.199786 28.017377 29.139549 29.033479 28.593541 25.52601 23.949292 25.252344 23.872158 20.308251 20.563804 21.904419 18.986324 16.414981 18.461074 18.403202 14.804459 13.311363 15.702431 15.498956 
26.423868 26.127655 23.118152 23.537562 24.190018 21.029605 18.958325 20.365528 19.45633 15.840777 15.797412 17.708033 16.17518 12.62083 11.24226 10.935462 7.976432 6.657959 6.831698 9.627704 10.61585 11.251159 9.248122 6.983802 3.771218 0.0 3.810624 6.684079 6.050978 4.413547 4.907062 8.642056 10.643274 13.511873 13.677026 17.468107 19.662805 17.192434 17.57668 15.549848 12.854499 12.451185 8.989579 9.751111 7.992587 6.686825 9.802324 11.261139 14.555011 17.552378 18.527733 15.568518 16.023251 19.780832 20.210741 21.23265 21.630353 20.515455 18.614581 21.146522 22.551765 24.509516 22.064039 19.64671 22.7314 23.65144 20.204596 19.371574 22.7636 22.103001 18.822929 20.279885 23.414299 21.853897 19.446876 21.458024 19.619626 16.188342 14.088733 13.138978 15.887512 16.957544 20.601623 20.460437 22.27253 26.021536 27.546672 27.574925 27.607527 24.504696 22.6622 24.387519 23.449439 19.700625 19.89468 21.847139 19.267532 16.374541 18.622016 19.27581 15.91497 13.96053 16.717879 17.281221 
26.579909 25.960473 23.196034 23.14185 23.37214 20.463086 18.309177 19.017365 17.97656 14.638328 14.075398 15.422638 13.917109 10.773336 9.27685 7.893916 5.186284 5.723318 7.348901 10.915134 12.49239 14.003243 12.385196 9.342393 6.182799 3.810624 0.0 3.884292 5.087511 6.033346 7.261526 10.591605 13.197238 16.234416 15.869901 19.522826 22.052151 19.7545 19.853602 17.363291 14.832185 15.229411 12.125571 13.270349 11.274308 9.185869 11.333296 12.332575 14.981816 18.449032 19.060487 16.417844 17.611994 21.227377 21.353971 22.916845 23.237516 22.41808 20.219412 22.588732 23.465642 25.271651 22.844541 20.108499 22.773903 23.543502 20.008844 18.714902 21.792649 20.98789 17.943502 19.221871 22.624254 21.65047 19.333293 20.972251 18.972503 15.570725 12.865447 11.644487 13.65222 14.744233 18.469633 18.834373 20.764201 24.472089 26.234725 26.774668 26.85305 23.482106 22.031855 24.188854 23.085967 19.335929 20.202451 22.341719 19.592062 17.109091 19.939602 20.550668 17.1574 15.774295 18.989176 19.375639 
27.285681 26.882477 24.520028 24.567253 24.219444 21.260943 19.624913 19.938198 18.227556 15.309894 15.119664 15.589169 13.386097 10.651663 10.33801 8.080901 4.945105 7.159811 10.078398 13.384884 15.616737 17.21832 15.77005 12.952286 9.854335 6.684079 3.884292 0.0 3.844015 6.824224 9.496293 12.216543 15.433344 17.99063 16.845223 20.366717 22.739341 20.270921 19.682045 16.655915 14.131817 15.478729 13.084634 14.548166 12.526263 9.490637 10.344822 10.636306 12.503459 16.233866 16.607662 14.461038 16.194534 19.568623 19.631616 21.737406 22.313393 22.114151 20.083171 22.66419 23.425277 24.702751 21.976977 19.416127 21.885651 22.063913 18.366487 17.277737 19.991854 18.629248 15.534951 16.247065 19.837152 19.299535 16.786067 17.935698 15.694081 12.502063 9.397329 8.547192 10.328743 12.08567 15.878211 16.818634 19.299663 22.803957 25.046265 25.862114 26.438696 23.063428 21.496258 24.115875 23.441152 19.676778 20.602183 23.246969 20.875885 18.331563 21.288772 22.432479 19.354626 17.790074 21.171409 22.048066 
24.396794 24.373026 22.016454 22.574292 22.289955 19.009601 17.761983 18.622129 16.670857 13.578877 14.281591 15.083293 12.514948 9.244751 9.673307 8.741744 4.952021 5.345222 8.368644 10.951426 13.620241 15.164369 14.246846 11.803415 9.426924 6.050978 5.087511 3.844015 0.0 3.780962 6.884114 8.923275 12.416375 14.607234 13.136462 16.603655 18.951397 16.561416 16.050611 13.123758 10.940193 12.296281 10.131138 12.353889 11.260718 8.036232 9.343955 8.817132 11.052888 14.460858 14.458039 11.729301 13.485675 16.856067 16.59349 18.440434 18.73565 18.3421 16.25219 18.867558 19.795227 21.107144 18.37463 15.892116 18.623948 18.946165 15.284097 14.451103 17.518401 16.422854 13.136603 14.412413 17.704617 16.593224 14.268003 16.088437 14.423479 10.813007 8.669271 7.124848 9.950647 11.167555 14.826408 14.993323 17.334223 20.920115 22.942343 23.293132 23.928966 20.786089 18.788648 21.188488 20.803383 16.988055 17.412179 20.172948 18.118915 15.23134 17.951495 19.451831 16.640628 14.689586 18.030861 19.358696 
23.833101 24.028484 21.338939 22.2832 22.541891 19.072388 17.738153 19.317157 17.735185 14.287233 15.268734 16.836023 14.589967 10.925831 10.902195 11.044075 7.486469 5.742702 7.095142 8.939056 11.13843 12.02933 11.061369 9.293485 7.437007 4.413547 6.033346 6.824224 3.780962 0.0 3.827281 6.19052 9.259545 11.377419 10.471927 14.201999 16.351655 13.83093 13.826364 11.494042 9.166344 9.460149 6.699324 9.00917 8.521008 5.988049 8.565849 8.568936 11.696893 14.514733 14.898671 11.659746 12.50163 16.102285 16.095719 17.218388 17.445556 16.518136 14.596424 17.315846 18.782242 20.434259 17.801092 15.55201 18.748171 19.449574 15.984812 15.51163 18.959021 18.250478 14.866806 16.502856 19.400757 17.593896 15.321662 17.656174 16.269445 12.667763 11.29821 10.02804 13.295326 14.195959 17.637858 17.150241 19.104582 22.751711 24.35675 24.154049 24.557634 21.673022 19.390965 21.212194 20.82661 17.036066 16.811503 19.239955 17.230219 13.965922 16.122772 17.556256 14.707142 12.238395 15.194684 16.643502 
22.041879 22.045257 18.998289 19.943081 20.768011 17.373802 15.668694 17.740443 16.796846 13.096029 13.973722 16.299682 14.718129 10.945921 10.155318 11.403214 8.631573 5.411313 4.463625 5.55925 7.338555 8.350119 7.944436 6.131056 5.779784 4.907062 7.261526 9.496293 6.884114 3.827281 0.0 3.781416 6.048891 8.984859 9.105673 12.800721 15.317336 13.353188 14.383464 12.913861 11.200954 10.359457 7.064403 9.294319 9.511464 8.39367 11.69657 11.999739 15.274169 17.770361 18.052687 14.545064 15.06235 18.560802 18.317351 18.843973 18.51218 16.791916 14.518582 16.687033 18.082112 20.355215 18.271259 15.780236 18.963657 20.379854 17.296145 16.45581 20.107473 20.087284 17.03007 19.241657 21.870095 19.806559 18.032932 20.749459 19.735236 16.046766 14.90537 13.12403 16.131331 16.325675 19.566544 18.5301 19.798257 23.543864 24.585722 24.099959 23.946337 21.150325 19.063873 20.315539 19.481532 15.827269 15.523738 17.313117 14.966019 11.806991 13.779554 14.627076 11.501829 9.181482 12.062334 13.063243 
18.84692 19.251599 16.315071 17.841704 18.66931 15.07635 13.971017 16.531136 15.41624 11.909884 13.711466 16.08732 14.397808 10.787232 10.830942 12.926973 10.480384 6.935028 5.941253 4.590166 7.193019 8.415071 9.478753 8.425572 9.283004 8.642056 10.591605 12.216543 8.923275 6.19052 3.781416 0.0 3.824933 6.128361 5.692187 9.19157 12.053669 10.670979 12.188601 11.253797 10.663383 9.729314 7.374457 10.486184 11.868937 10.764052 13.716413 13.171829 16.130629 18.145592 17.835419 14.107862 14.721992 17.794414 16.948015 17.087407 16.099818 13.918914 11.297801 13.102261 14.487705 16.966883 15.201015 12.724378 15.965451 17.744421 15.063126 14.329393 18.086635 18.569613 15.79922 18.513334 20.623752 18.197511 17.024191 20.198258 19.86938 16.174362 15.833904 13.621618 16.652732 16.226559 18.982707 17.254638 18.08175 21.69993 22.365538 21.418283 21.210618 18.769794 16.400967 17.238484 16.666602 13.163891 12.246731 14.008458 12.112461 8.60706 10.213816 11.551912 8.967992 6.096211 9.138237 10.889929 
19.046324 19.488644 16.235459 17.985959 19.50883 16.106578 14.823719 17.901236 17.434423 13.975532 15.606639 18.485368 17.333777 13.868631 13.361471 15.843529 13.752201 10.012008 7.690826 4.976163 5.525027 5.565531 7.626639 7.894008 10.065243 10.643274 13.197238 15.433344 12.416375 9.259545 6.048891 3.824933 0.0 3.795833 5.848366 8.726636 11.315844 10.464947 12.963027 13.081259 12.723431 10.69719 8.337662 10.688842 12.663927 12.678677 15.992236 15.898658 19.089878 20.728917 20.676798 16.912171 16.88077 19.838501 19.175941 18.628652 17.45325 14.652653 12.306805 13.613241 15.296721 18.184011 16.910216 14.758054 17.976454 20.148503 17.898441 17.284487 21.032672 21.852493 19.234778 22.05002 23.909416 21.210798 20.194608 23.507548 23.288089 19.689056 19.483417 17.420203 20.476224 19.947977 22.572542 20.5833 21.002493 24.526657 24.741212 23.412848 22.804125 20.693163 18.421957 18.523821 17.741825 14.672093 13.311418 14.154002 12.291525 9.031384 9.471421 10.099933 7.597106 4.342841 6.180543 7.774945 
18.826654 19.962861 17.022905 19.437323 20.864143 17.367967 16.823972 20.107307 19.337168 16.212767 18.427651 21.079606 19.621899 16.3008 16.447049 18.931321 16.608685 13.020403 11.258899 8.438004 9.033778 8.293947 10.340028 11.424181 13.386124 13.511873 16.234416 17.99063 14.607234 11.377419 8.984859 6.128361 3.795833 0.0 3.811438 5.859759 7.773623 7.249747 10.349271 11.432696 11.881187 9.48569 8.421298 10.895388 13.75779 13.919957 16.826304 16.313226 19.270983 20.232193 20.034147 16.315022 15.853157 18.330865 17.564874 16.377105 14.950665 11.777975 9.907588 11.172407 13.528785 16.260054 15.094428 13.678575 17.057163 19.149722 17.300572 17.352842 21.013539 21.904884 19.363323 22.177592 23.532138 20.425802 19.65023 23.160693 23.356384 20.014063 20.49401 18.647963 21.910455 21.373947 23.675989 21.372776 21.744454 24.992366 25.069116 23.250019 22.882758 21.293999 18.591092 18.291849 18.153648 15.423891 13.15044 13.985301 13.124253 9.694435 8.798439 10.279686 9.096039 5.372192 5.42091 8.502724 
17.504124 18.976418 16.508672 19.085665 19.834684 16.130237 16.206715 19.199 17.745591 14.894772 17.62714 19.732125 17.748917 14.594474 15.592768 17.884057 15.3971 12.182116 11.515258 9.143654 11.092289 11.292334 13.010065 13.270362 14.490202 13.677026 15.869901 16.845223 13.136462 10.471927 9.105673 5.692187 5.848366 3.811438 0.0 3.831258 6.382834 5.600795 7.956413 8.525584 9.699423 8.396485 8.238147 11.593375 14.306732 13.508968 15.809459 14.494356 16.965189 17.8602 17.109681 13.407433 13.488106 15.693027 14.393857 13.527067 11.828937 8.894273 6.498729 8.296247 10.704294 13.053267 11.496445 10.095663 13.651016 15.465292 13.553997 13.889524 17.500299 18.288058 15.793493 18.654108 19.814452 16.668011 16.106728 19.715959 20.231668 16.959793 17.86105 15.904071 19.125096 18.492287 20.54528 18.151341 18.704629 21.824024 22.133779 20.325761 20.43112 18.882643 15.832084 15.916343 16.350201 13.470142 10.986983 12.725601 12.389063 8.646231 8.237584 10.876386 10.083019 6.48248 7.772041 11.147077 
15.658331 17.739465 15.689843 18.823728 19.558649 16.022434 16.810091 19.992867 18.552747 16.253535 19.384633 21.385262 19.514894 16.809719 18.13995 20.74139 18.56336 15.399523 14.683206 11.829416 13.595683 13.795593 16.054468 16.542504 18.123408 17.468107 19.522826 20.366717 16.603655 14.201999 12.800721 9.19157 8.726636 5.859759 3.831258 0.0 3.845879 5.547063 8.392153 10.007081 12.23857 11.081486 11.712268 14.873617 17.872451 17.168153 19.224207 17.585474 19.655663 20.082269 18.899716 15.428207 15.504353 16.957802 15.137228 13.705287 11.150875 7.557631 5.119987 5.386969 8.133898 10.675333 9.989103 9.25585 12.417593 14.586186 13.609756 14.206718 17.483072 18.793305 16.874037 19.940512 20.425557 17.078612 17.272913 21.032454 22.151089 19.141247 20.554025 18.466412 21.450403 20.399689 21.880128 19.007607 19.027791 21.723384 21.534467 19.159258 19.20305 18.344186 15.165536 14.484765 15.400062 13.248308 9.965229 11.25076 12.011655 8.771061 6.916725 10.114503 10.708374 7.704768 7.779127 11.558072 
18.547227 20.986383 19.151299 22.446415 23.178866 19.705206 20.632852 23.812903 22.271314 20.027004 23.164839 25.088471 23.030559 20.273333 21.671694 24.041357 21.552779 18.498577 17.842284 15.143711 16.526991 16.010847 17.932652 19.019779 20.454075 19.662805 22.052151 22.739341 18.951397 16.351655 15.317336 12.053669 11.315844 7.773623 6.382834 3.845879 0.0 3.786187 6.795255 9.67888 12.28788 10.819501 12.445241 15.125963 18.529122 18.166855 19.868825 18.202962 20.087157 19.79057 18.794896 15.629949 14.973636 15.85591 14.331577 12.046854 9.59291 5.759613 5.517245 6.248707 9.877669 11.502482 10.666703 11.260583 14.376996 15.950201 15.247256 16.637787 19.655735 20.654425 18.65314 21.32206 21.440589 17.80648 17.910213 21.579354 22.835893 20.241621 22.068575 20.512598 23.710373 23.006904 24.408449 21.628313 21.892031 24.319934 24.228594 21.628301 22.009435 21.50851 18.13462 17.347547 18.71373 16.810046 13.322325 14.523734 15.689601 12.589786 10.366881 13.383617 14.202475 11.071231 10.284655 14.123022 
21.048567 23.179481 21.110987 24.069749 24.685051 21.014035 21.544157 24.514677 22.78034 20.180521 23.071245 24.917033 22.582561 19.513368 20.821319 22.714612 19.810294 16.965819 16.604291 14.525219 15.980684 15.207211 16.384349 17.495204 18.363197 17.192434 19.7545 20.270921 16.561416 13.83093 13.353188 10.670979 10.464947 7.249747 5.600795 5.547063 3.786187 0.0 3.780144 6.678573 8.802852 7.120921 9.221917 11.821106 15.216295 14.825773 16.323834 14.773945 16.795712 16.448548 15.901638 12.681455 11.581936 12.870823 11.98582 9.847927 8.446583 5.404782 5.839972 8.441261 12.088744 13.312787 11.408156 11.871136 15.45024 16.417279 14.92604 16.549848 19.744705 20.081078 17.510889 19.757641 20.288961 16.671403 16.003135 19.501783 20.306441 17.746864 19.449447 18.36757 21.856068 21.720927 23.524509 21.216102 22.11335 24.781833 25.248734 23.06441 23.740547 22.757074 19.299935 19.2117 20.463564 17.983328 14.919761 16.691969 17.241865 13.697221 12.358881 15.279825 15.195348 11.595911 11.502167 15.189763 
22.966142 25.178277 23.386861 26.233849 26.386973 22.648156 23.359338 25.963445 23.766585 21.302993 24.241036 25.629449 22.866353 19.90517 21.621422 22.993667 19.822779 17.55034 17.947116 16.516376 18.412197 17.848452 18.500305 19.276004 19.435742 17.57668 19.853602 19.682045 16.050611 13.826364 14.383464 12.188601 12.963027 10.349271 7.956413 8.392153 6.795255 3.780144 0.0 3.765269 6.585771 6.29732 9.476082 12.059304 15.102272 14.137901 14.75367 12.65519 14.05557 13.205812 12.505852 9.634624 8.366532 9.167203 8.347518 6.186329 5.624879 4.3332 6.103009 9.57426 13.08994 13.349818 10.62499 11.686706 15.247085 15.301303 13.555461 15.831565 18.740562 18.448435 15.690446 17.374587 17.773779 14.125103 13.12266 16.411337 17.274717 15.145771 17.285369 16.739647 20.260917 20.53915 22.252718 20.288229 21.715953 24.19715 25.15165 23.191263 24.439068 23.399798 19.767012 20.236997 21.881101 19.257263 16.398195 18.785702 19.429908 15.826137 15.059285 18.253907 17.990243 14.411014 14.930027 18.559871 
