0.0 3.710071 5.77439 9.017574 10.726817 9.31541 9.66141 12.982314 13.96206 13.286236 15.430334 17.952534 19.047634 18.952815 21.43965 23.798913 23.548014 24.560893 27.808349 28.982267 27.089754 30.027291 30.708517 27.087928 27.041747 30.316124 29.286888 26.278539 28.395647 31.122558 28.897519 27.804362 31.372201 32.606628 30.269575 30.181454 33.454935 33.038274 30.446891 33.306488 35.082993 32.556673 33.898218 37.447006 37.996339 36.936952 38.911634 41.895434 39.871441 41.03147 40.882654 38.358204 40.81597 41.178541 37.427326 37.295398 40.275282 38.962902 38.169483 36.86021 34.223959 33.184163 32.860279 30.513669 28.266752 28.168891 27.223451 24.232317 22.878089 23.19097 21.61416 18.753437 18.544046 18.75099 15.594589 13.666064 14.931505 13.605312 10.005025 7.868599 11.202929 13.123986 15.388692 18.777748 18.870676 17.448899 19.849446 23.113248 21.989873 21.309984 24.650623 26.693744 25.165884 25.656643 28.912631 30.684995 29.936745 29.147487 26.365269 24.974051 21.283527 22.5145 23.826039 20.36463 19.431141 22.674486 21.972581 18.555877 20.329341 23.136979 20.908667 19.653285 23.253386 24.624518 22.483265 23.42548 26.957448 27.062977 24.74159 25.344933 24.948253 21.802467 20.301592 20.040366 18.006082 15.089733 14.957002 15.626759 12.623215 10.487961 12.610434 12.54265 8.83091 9.464559 12.58184 11.013837 8.907226 12.223782 14.288223 12.696484 13.164797 16.546474 17.297336 16.86883 19.308798 21.560755 21.802203 22.748806 25.470259 26.691771 25.929893 24.795332 25.126748 
3.710071 0.0 3.785231 6.604563 7.737962 5.75315 6.149842 9.469761 10.262064 9.688922 11.974461 14.309648 15.426083 15.570373 18.003746 20.263026 20.23101 21.34028 24.440499 25.739199 24.098632 27.160954 27.705719 24.111677 24.408814 27.698028 26.581505 23.822426 26.239301 28.875125 26.675955 25.976725 29.639357 30.737082 28.606164 28.871365 32.141878 32.098981 29.360209 31.985829 34.101557 31.688609 32.710493 36.285199 36.496067 35.288346 37.442859 40.21991 37.979535 39.182816 38.768369 36.035043 38.311274 38.85618 35.127558 34.706067 37.707048 36.609978 35.752519 34.729808 32.063396 30.736308 30.580564 28.491455 25.964841 25.746465 25.205251 22.285605 20.47812 20.870859 19.805933 16.729541 16.0706 16.749567 13.972266 11.338348 12.562301 12.103112 8.313524 7.653168 11.3851 12.855338 15.80605 18.824754 18.324868 17.225371 20.160803 23.030133 21.579319 21.464373 24.96869 26.550041 24.945104 25.959355 29.280031 30.616747 29.534575 29.079838 26.068416 25.003057 21.362347 22.322464 23.124691 19.570351 18.601232 21.452674 20.36002 16.819247 18.445562 20.955853 18.404426 17.004543 20.647657 21.753516 19.320232 20.321767 23.848972 23.708412 21.253584 21.926647 21.412624 18.186088 16.874776 16.837948 15.221515 12.134276 11.57717 12.668657 10.09338 7.312247 9.619069 10.417851 7.059047 7.33159 10.965098 10.427822 8.901807 11.701706 14.180125 13.573598 14.127117 17.045181 18.291284 18.461767 20.523057 22.634836 23.424145 24.507144 26.843289 28.161782 26.992337 25.790184 26.502513 
5.77439 3.785231 0.0 3.785458 5.164 5.262805 6.321935 8.477763 9.988788 10.628229 12.40831 14.129252 16.008529 16.653752 18.448111 20.847105 21.483368 22.35879 25.206752 26.977978 25.729058 29.029751 29.547031 26.070475 26.747454 30.074897 28.92231 26.460628 29.105579 31.656886 29.467115 29.086588 32.790971 33.75177 31.702512 32.209309 35.496411 35.624626 32.844705 35.348854 37.598376 35.197136 36.045881 39.59151 39.606333 38.398153 40.686455 43.330209 40.973534 42.21717 41.599819 38.697802 40.78881 41.499586 37.806392 37.094352 40.062903 39.138321 38.109834 37.312982 34.745191 33.117054 32.943592 31.153192 28.507758 27.968602 27.662779 25.000252 22.845083 22.929216 22.228874 19.308817 18.030447 18.570493 16.283522 13.400885 13.686531 13.470995 9.858093 9.655306 13.005385 15.109897 18.222027 20.974092 20.741164 20.14228 23.07383 25.910239 24.697538 24.815446 28.219491 29.821453 28.409739 29.522803 32.759238 34.054566 33.020897 32.717039 29.722214 28.756595 25.133069 26.052503 26.763769 23.19798 22.197175 24.88202 23.656531 20.077804 21.476357 23.82307 21.068466 19.41824 22.968868 23.889069 21.050755 21.867766 25.444688 24.948671 22.088535 22.48815 21.340635 18.242439 17.564307 17.231062 15.86574 12.298807 12.225084 14.23054 11.818368 9.007804 11.936954 13.338103 10.337477 10.6506 14.411793 14.152956 12.63864 15.273563 17.925399 17.282037 17.596672 20.603923 21.954703 21.889098 23.884972 26.195224 26.920787 27.794003 30.223907 31.677202 30.646208 29.524522 30.177705 
9.017574 6.604563 3.785458 0.0 3.760265 5.545083 5.264547 6.127278 8.817477 9.814808 10.531319 12.009765 14.601811 15.22621 16.310089 19.01491 20.110934 20.510762 23.209695 25.399168 24.402843 27.916702 28.626557 25.376529 26.266216 29.694579 28.786811 26.642012 29.380319 31.998274 30.102688 29.973369 33.632452 34.674622 32.979346 33.619716 36.736761 37.037666 34.034835 36.228071 38.646372 36.166802 36.635694 40.074785 39.770733 38.688675 41.242434 43.680515 41.27809 42.753773 41.997052 38.935442 40.713085 41.432606 37.777567 36.765177 39.550992 38.694074 37.361454 36.765667 34.43659 32.463106 32.132707 30.725129 28.060105 27.06095 26.957303 24.700944 22.216133 21.849509 21.570953 18.948852 17.001924 17.362769 15.759193 12.722304 12.036572 12.310414 9.24524 10.167709 12.982549 15.12969 18.554269 20.746857 20.465482 20.538887 23.626653 26.154902 25.119454 25.77822 29.054578 30.449926 29.341517 30.819678 33.892292 34.915191 33.89391 34.005093 31.059969 30.52721 27.061815 28.106922 28.371573 24.699585 24.050198 26.463897 24.750845 21.330962 22.85995 24.705472 21.579993 20.174222 23.70486 24.057114 20.921449 22.055898 25.423405 24.368148 21.384182 22.055787 20.492349 17.263246 17.340603 17.47925 16.918086 13.228184 12.545432 15.223612 13.624898 10.327745 12.831754 15.121973 12.61564 12.034688 15.83622 16.369194 14.715167 16.67814 19.781201 19.572369 19.39947 22.173229 24.040494 23.985378 25.514734 28.012771 29.100408 29.703151 31.899838 33.673918 32.610308 31.755818 32.752904 
10.726817 7.737962 5.164 3.760265 0.0 3.767019 5.611642 5.096644 6.53824 8.790591 10.168664 10.599266 12.97981 14.490674 15.622429 17.730463 19.158256 20.072305 22.370319 24.535198 23.962476 27.422226 27.64884 24.387312 25.741271 28.946214 27.631743 25.750261 28.800734 31.064457 28.927799 29.212257 32.94041 33.595571 31.843856 32.883293 36.121756 36.760656 33.904389 36.057851 38.707738 36.525613 36.957908 40.466135 40.016602 38.612018 41.095033 43.39314 40.740949 41.985013 40.939146 37.752414 39.507129 40.555528 36.988109 35.783436 38.737097 38.224128 37.099359 36.806883 34.268417 32.191861 32.28596 30.996407 28.007196 27.233051 27.596239 25.217358 22.444734 22.543796 22.709231 19.759349 17.75198 18.848154 17.434739 13.949087 13.681168 14.753344 11.659303 12.972088 16.108872 17.76597 21.312387 23.5261 22.773365 22.642331 25.957382 28.308591 26.843642 27.554626 31.016288 32.11339 30.674226 32.296927 35.535787 36.352202 34.972377 35.03725 31.854043 31.22404 27.735969 28.287334 28.464917 24.973563 23.891141 25.962175 24.375302 20.834972 21.782948 23.607594 20.570204 18.632193 21.9082 22.394165 19.07203 19.705136 23.161187 22.162754 18.917831 19.118382 17.34874 14.399783 14.556142 14.273317 13.823449 10.060144 9.821755 12.91633 11.568851 8.717617 11.673094 14.126823 12.244485 12.338979 15.981905 16.716644 15.894504 17.898556 20.690655 20.852406 21.261054 23.799739 25.4923 25.898897 27.581351 29.732159 30.881946 31.867053 33.962973 35.476837 34.095003 32.891291 33.826725 
9.31541 5.75315 5.262805 5.545083 3.767019 0.0 3.80298 5.060455 4.982096 6.191353 8.703961 9.748304 11.173019 12.447112 14.418789 16.272425 17.069754 18.426118 20.954745 22.633464 21.756406 25.021349 25.137207 21.688136 22.842623 25.994685 24.572968 22.463634 25.455602 27.715169 25.477296 25.620973 29.367938 30.036311 28.196104 29.165309 32.436555 33.048057 30.250029 32.487898 35.114787 33.010948 33.563874 37.127934 36.796882 35.28886 37.648929 40.030722 37.396686 38.548198 37.598887 34.508383 36.445882 37.435241 33.8315 32.835916 35.894996 35.3099 34.399331 33.979962 31.267922 29.420806 29.660693 28.121453 25.103637 24.687788 24.989157 22.318676 19.706512 20.246648 20.247129 17.004133 15.455901 16.963527 15.200001 11.635163 12.319619 13.490671 10.173457 11.501338 14.985564 16.009857 19.516358 21.907935 20.763532 20.208143 23.622545 25.907135 24.09971 24.690322 28.280361 29.233593 27.536887 29.161331 32.506867 33.263834 31.717914 31.669875 28.393335 27.689716 24.20962 24.613594 24.777753 21.346354 20.157207 22.210421 20.716794 17.127575 18.078933 20.0344 17.113351 15.170204 18.566125 19.268826 16.182927 16.897603 20.439497 19.815282 16.856373 17.264316 16.187107 13.022553 12.3557 12.319454 11.565388 8.042457 7.183647 9.715469 8.26803 5.050732 8.007054 10.375738 8.644144 8.849644 12.372825 13.203066 12.811153 14.7489 17.321632 17.769143 18.514879 20.812751 22.411744 23.184711 24.897524 26.761916 28.021054 29.276353 31.221729 32.554598 30.947825 29.585904 30.58311 
9.66141 6.149842 6.321935 5.264547 5.611642 3.80298 0.0 3.773503 5.445645 4.824483 6.132283 8.401684 10.181179 10.406927 12.216791 14.735099 15.290721 16.036913 18.930943 20.717001 19.520281 22.920344 23.559226 20.225084 21.047402 24.4557 23.56386 21.397666 24.146929 26.768501 24.977714 24.900662 28.530656 29.61624 28.115137 28.803122 31.812412 32.269314 29.189914 31.224276 33.788345 31.415787 31.732086 35.180013 34.755965 33.561481 36.141665 38.503555 36.049262 37.544281 36.77219 33.711423 35.485247 36.170622 32.513352 31.533604 34.346561 33.495382 32.272591 31.70807 29.271558 27.334872 27.175433 25.723964 22.931815 22.126586 22.193813 19.793015 17.199243 17.222711 17.147465 14.21296 12.353586 13.448676 11.888981 8.354153 8.577223 9.838347 6.817654 8.981859 12.085006 12.918485 16.604845 18.639717 17.470637 17.355386 20.833178 22.942371 21.373334 22.330389 25.763853 26.673788 25.336252 27.173674 30.319579 30.963572 29.605716 29.892828 26.798667 26.51965 23.213193 24.076748 23.906316 20.26964 19.754805 21.841331 19.842424 16.540987 18.170487 19.697025 16.443511 15.324888 18.915027 19.038868 16.031189 17.570838 20.784748 19.782005 17.147794 18.347767 17.415302 13.850459 13.512786 14.455736 14.287856 11.117307 9.121478 11.379555 10.583849 6.808578 8.20412 11.079936 9.32805 7.890361 11.456201 12.884533 11.806357 13.032706 16.168014 16.84408 16.883203 19.018996 21.161216 21.796487 23.014201 25.135105 26.725244 27.627178 29.359575 31.054789 29.53062 28.586678 29.96498 
12.982314 9.469761 8.477763 6.127278 5.096644 5.060455 3.773503 0.0 3.759351 5.180832 5.260887 5.902823 8.690702 9.780196 10.599407 13.01692 14.48491 15.071461 17.431205 19.717487 19.174721 22.743869 23.20513 20.136293 21.54113 24.835038 23.877296 22.250497 25.275272 27.658755 25.962264 26.402241 29.997684 30.855304 29.599528 30.663737 33.603164 34.404711 31.29572 33.047364 35.861728 33.637894 33.635179 37.005093 36.228348 34.943049 37.675919 39.756434 37.109548 38.628013 37.534549 34.261184 35.723843 36.658241 33.123766 31.726055 34.4725 33.941802 32.579649 32.426385 30.094487 27.767762 27.75387 26.776744 23.781088 22.680898 23.276567 21.242041 18.186088 18.060022 18.719117 15.982905 13.462256 14.801046 14.130278 10.476497 9.823061 11.937739 9.682901 12.332546 15.031574 15.867528 19.654 21.254264 19.95079 20.280992 23.84799 25.642209 24.067604 25.399903 28.762019 29.394955 28.142135 30.255573 33.32987 33.690978 32.181837 32.728131 29.584338 29.523214 26.338027 26.987377 26.511401 22.986713 22.426346 24.082125 21.873459 18.691896 19.938915 21.035096 17.61583 16.307274 19.580154 19.293776 15.875103 17.270965 20.314846 18.781447 15.786707 16.865067 15.28728 11.814964 12.4566 13.506485 14.147964 10.942487 8.893841 12.026514 12.008302 8.589798 9.996485 13.388599 12.326852 11.100846 14.356259 16.185318 15.445384 16.397292 19.510553 20.470918 20.507561 22.442023 24.716319 25.468961 26.52812 28.615508 30.358228 31.237212 32.833197 34.591144 32.956712 32.006448 33.485423 
13.96206 10.262064 9.988788 8.817477 6.53824 4.982096 5.445645 3.759351 0.0 3.772012 5.710674 5.219009 6.603818 8.732634 10.266941 11.666756 13.020013 14.515102 16.565862 18.440808 18.129209 21.469325 21.35841 18.15705 19.902137 22.91645 21.481034 19.984518 23.264872 25.290887 23.305462 24.06183 27.712476 28.212233 26.860809 28.247883 31.300414 32.381082 29.462519 31.223982 34.207762 32.305938 32.359162 35.806646 34.994131 33.361465 35.935242 37.942527 35.090788 36.332019 35.037231 31.711568 33.272158 34.476729 31.005802 29.566206 32.54027 32.284337 31.265499 31.302861 28.674336 26.420984 26.902742 25.869716 22.583324 21.956654 22.926704 20.614215 17.458863 18.082452 18.989352 15.851983 13.70151 15.884077 15.120503 11.30062 11.677989 14.121019 11.745474 14.258402 17.297842 17.597507 21.309508 23.068183 21.299573 21.180373 24.87135 26.516978 24.446758 25.682202 29.216716 29.559394 27.895578 30.069784 33.312033 33.500165 31.623126 32.035681 28.674188 28.471666 25.312372 25.451969 24.902949 21.631722 20.64207 21.933812 19.91615 16.663106 17.326217 18.419981 15.174789 13.340823 16.393895 16.333047 12.82651 13.780949 16.983758 15.721835 12.591013 13.369218 12.056653 8.591132 8.788918 9.801449 10.649901 7.81383 5.306289 8.639138 9.270057 6.454763 7.704205 11.188543 11.017406 10.422948 13.194781 15.203477 15.371773 16.300395 18.922782 20.26984 20.92549 22.548383 24.559235 25.812376 27.028316 28.674736 30.461158 31.76375 33.226035 34.654026 32.685487 31.373872 32.796721 
13.286236 9.688922 10.628229 9.814808 8.790591 6.191353 4.824483 5.180832 3.772012 0.0 3.77393 5.514747 5.773063 6.328448 8.882999 10.63065 10.956767 12.418019 15.088181 16.53386 15.567694 18.853118 19.092521 15.728925 16.951094 20.181091 19.067702 17.210231 20.24427 22.604613 20.843293 21.224548 24.833124 25.696874 24.466907 25.523925 28.438727 29.323879 26.248957 27.990055 30.876248 28.813743 28.850017 32.286412 31.561306 30.08138 32.699997 34.821939 32.139434 33.556469 32.526271 29.32874 30.984329 31.873449 28.291553 27.105898 30.009448 29.434812 28.374809 28.128834 25.526453 23.444509 23.727859 22.468367 19.320903 18.74957 19.434448 16.997137 13.997963 14.686752 15.34928 12.118093 10.199426 12.547296 11.625409 7.835504 8.92045 11.448056 9.369079 12.126093 14.983943 14.653565 18.292097 19.948998 17.894021 17.683694 21.426062 22.912897 20.739405 22.078697 25.588633 25.824442 24.193977 26.468037 29.655072 29.768138 27.916368 28.42939 25.130411 25.128464 22.089771 22.455619 21.707517 18.327803 17.74128 19.096101 16.796486 13.69133 14.93918 15.877834 12.445513 11.331483 14.728743 14.463146 11.313287 13.10214 16.114722 15.000976 12.546917 14.157223 13.720883 10.015853 9.485477 11.341128 12.00801 9.75421 6.45419 8.399112 9.225283 5.99535 5.530668 9.291465 9.297067 7.642342 10.096299 12.615394 12.710737 13.040022 15.780399 17.470152 17.929074 19.23033 21.471964 22.872602 23.804402 25.385842 27.41349 28.671958 29.907813 31.415233 29.376697 28.230059 29.908092 
15.430334 11.974461 12.40831 10.531319 10.168664 8.703961 6.132283 5.260887 5.710674 3.77393 0.0 3.808019 5.441915 4.857608 6.096222 8.900462 9.692502 10.058139 12.842588 14.874765 14.018971 17.617798 18.385982 15.430788 16.653842 20.054782 19.53151 18.029847 20.887888 23.439025 22.234331 22.681855 26.075429 27.203825 26.439758 27.407232 29.995849 30.88648 27.574522 28.940671 31.85201 29.61131 29.230496 32.462304 31.440668 30.267527 33.18456 35.106371 32.522738 34.294684 33.263045 30.000481 31.270398 31.991316 28.464545 27.031465 29.591559 28.936811 27.423494 27.288295 25.100645 22.658935 22.550433 21.74293 18.770247 17.479925 18.248395 16.4605 13.198269 13.025202 14.164652 11.599608 8.714873 10.658335 10.779773 7.228079 6.827103 10.097188 9.113633 12.581377 14.691863 14.296181 18.02641 19.024258 16.974721 17.557984 21.291549 22.427403 20.606357 22.493499 25.725486 25.813989 24.663799 27.226879 30.12496 30.012012 28.332581 29.305475 26.231244 26.72304 23.938536 24.64853 23.523412 20.086495 20.108108 21.297479 18.516914 15.886403 17.494961 17.799487 14.124577 13.773785 16.951086 15.892658 12.722354 15.0912 17.544411 15.705863 13.430876 15.608175 14.82164 11.066896 11.597082 13.982199 15.281464 13.029992 9.716639 11.875957 12.992069 9.712351 8.994764 12.723164 12.623273 10.232948 12.48155 15.314109 14.840834 14.562426 17.70517 19.50101 19.287716 20.415874 23.135086 24.324359 24.759628 26.60278 28.903744 29.766209 30.792469 32.6701 30.74659 30.011089 31.99586 
17.952534 14.309648 14.129252 12.009765 10.599266 9.748304 8.401684 5.902823 5.219009 5.514747 3.808019 0.0 3.786993 5.568061 5.443654 7.252059 9.395007 10.119247 11.8722 14.311168 14.434474 18.000043 18.213416 15.534428 17.552509 20.595287 19.718749 18.84143 22.044745 24.125837 22.825273 23.885442 27.251354 27.951418 27.301513 28.745325 31.351858 32.64151 29.463063 30.640006 33.798177 31.858907 31.303112 34.491358 33.191865 31.765434 34.685155 36.325803 33.480322 35.089986 33.663 30.198961 31.227612 32.344436 28.998628 27.152456 29.759714 29.580699 28.138984 28.499254 26.273766 23.542793 23.847268 23.457388 20.210902 18.939523 20.359943 18.782434 15.219587 15.312364 17.086104 14.588376 11.634356 13.905158 14.434585 10.951529 10.409602 13.775709 12.741185 16.101081 18.339747 18.096808 21.83306 22.757183 20.635723 21.253828 25.008676 25.992418 24.029957 25.99343 29.244261 29.10955 27.831435 30.507792 33.439179 33.12527 31.208604 32.23242 29.039204 29.518342 26.777658 27.088639 25.839484 22.636568 22.316801 23.082525 20.379749 17.782963 18.718083 18.764989 15.183287 14.306958 16.980941 15.726121 12.157017 14.029038 16.336155 14.058248 11.288701 13.175849 11.776783 8.190044 9.777337 12.200639 14.261359 12.249106 9.099518 11.838281 13.563822 10.850347 10.51337 14.347441 14.755867 13.056879 15.171905 18.013925 18.016102 17.923289 20.805634 22.717889 22.821706 23.893128 26.465598 27.834004 28.379204 30.060193 32.352804 33.381681 34.3788 36.127495 34.047621 33.10884 35.029675 
19.047634 15.426083 16.008529 14.601811 12.97981 11.173019 10.181179 8.690702 6.603818 5.773063 5.441915 3.786993 0.0 3.760771 5.248563 5.31215 6.666598 8.675921 10.296744 11.935301 12.060249 15.334819 15.070366 12.19845 14.467002 17.290483 16.112504 15.360422 18.722292 20.56633 19.197155 20.496959 23.825895 24.350434 23.799687 25.42982 27.991199 29.504773 26.430797 27.500808 30.798393 29.121418 28.528693 31.73774 30.382982 28.696589 31.513559 33.07933 30.102256 31.560142 30.029536 26.542013 27.647833 28.887998 25.56396 23.729554 26.514472 26.485377 25.346173 25.815632 23.334884 20.701658 21.448361 20.980106 17.496544 16.713758 18.477661 16.680955 13.080195 13.995415 15.995147 13.247622 10.838457 13.911834 14.389465 11.08985 11.619906 15.054923 14.086712 17.317767 19.664606 18.788903 22.336814 23.290728 20.687396 20.916371 24.712908 25.421332 23.006928 24.963994 28.273436 27.77304 26.182499 28.979668 31.96975 31.40643 29.160089 30.166001 26.854508 27.377909 24.828234 24.769781 23.261925 20.352049 19.917955 20.206879 17.484585 15.124579 15.717268 15.390193 11.892898 11.074451 13.451503 11.98076 8.419437 10.554891 12.677171 10.506234 8.057453 10.498933 10.075602 6.470294 7.322038 10.524428 12.869592 11.793457 8.182144 9.939055 12.496868 10.487061 9.083841 12.723702 14.053393 12.466118 13.718066 16.888666 17.587632 17.124128 19.532233 21.923815 22.402897 22.992051 25.429585 27.270382 27.760763 29.002859 31.450441 32.788023 33.519533 35.019036 32.623394 31.483281 33.495211 
18.952815 15.570373 16.653752 15.22621 14.490674 12.447112 10.406927 9.780196 8.732634 6.328448 4.857608 5.568061 3.760771 0.0 3.849552 5.280477 4.916973 6.158966 8.952201 10.324237 9.490226 12.985006 13.53766 10.63975 12.161313 15.418818 14.974147 13.895367 16.82942 19.195146 18.327692 19.146056 22.32596 23.39329 23.107309 24.279528 26.572319 27.810419 24.484772 25.417178 28.575127 26.613071 25.859857 28.982105 27.631784 26.277084 29.271818 30.922432 28.201818 30.011081 28.817219 25.477773 26.556918 27.33344 23.885794 22.274587 24.820473 24.33734 22.914588 23.059433 20.79574 18.18787 18.459962 17.911935 14.66043 13.529712 14.996179 13.366202 9.732517 10.288936 12.335996 9.860002 7.211752 10.383147 11.268011 8.451556 9.0475 12.585987 12.376039 15.780572 17.6115 16.231398 19.615631 20.20312 17.398204 17.87078 21.627051 22.051435 19.732922 21.98798 25.119884 24.501791 23.178128 26.141838 28.940375 28.262631 26.165203 27.438849 24.31886 25.211194 22.877854 23.229466 21.460549 18.427303 18.6588 19.032614 15.886527 13.929489 15.305846 14.656336 10.948458 11.325374 13.93691 12.064117 9.188113 12.262116 13.948048 11.865523 10.448467 13.480931 13.58724 10.111951 10.418855 13.730178 15.642991 14.501414 10.721501 11.817324 14.062821 11.654002 9.480069 12.954791 14.107266 11.62548 12.458227 15.958216 16.284696 15.1328 17.734361 20.330451 20.346101 20.611308 23.391144 25.188637 25.250993 26.560806 29.262685 30.364357 30.84986 32.568995 30.225487 29.427628 31.734952 
21.43965 18.003746 18.448111 16.310089 15.622429 14.418789 12.216791 10.599407 10.266941 8.882999 6.096222 5.443654 5.248563 3.849552 0.0 3.816043 5.534846 4.846819 6.91 9.562627 9.661795 13.359931 14.184016 12.106987 13.966848 17.023022 16.968285 16.553398 19.363294 21.587498 21.117562 22.211536 25.153448 26.204937 26.268008 27.546762 29.60465 30.963526 27.574587 28.160958 31.366974 29.392233 28.269506 31.149365 29.454733 28.300025 31.501882 32.839503 30.131588 32.141743 30.778675 27.341144 27.933763 28.747666 25.506939 23.481696 25.659572 25.353776 23.519561 24.028689 22.226955 19.177657 19.220053 19.374633 16.32132 14.46126 16.255037 15.464479 11.743112 11.373845 14.01324 12.370452 9.097218 11.508393 13.307353 10.79998 10.054912 13.820915 14.169332 17.844181 19.274111 18.156292 21.581699 21.685553 19.069285 20.191508 23.848918 24.038505 22.092298 24.690867 27.572565 26.866458 25.932383 29.048578 31.611687 30.76173 28.800228 30.398237 27.458677 28.623954 26.429229 26.912391 24.988089 21.998541 22.426679 22.676792 19.400576 17.685634 18.994323 18.03671 14.407574 14.828463 17.067212 14.76321 11.829378 14.722423 15.941328 13.124129 11.613656 14.668811 14.089441 10.898412 12.392871 15.697859 18.10517 16.781732 13.197183 14.925417 17.206674 14.643893 13.008658 16.634925 17.550565 15.034191 16.167082 19.605705 19.596973 18.432869 21.263952 23.74588 23.418176 23.741008 26.732006 28.311194 28.154201 29.678265 32.465158 33.296616 33.716432 35.673088 33.447011 32.877454 35.292627 
23.798913 20.263026 20.847105 19.01491 17.730463 16.272425 14.735099 13.01692 11.666756 10.63065 8.900462 7.252059 5.31215 5.280477 3.816043 0.0 3.826167 4.936854 5.146649 7.357286 8.585345 11.839121 11.760382 9.960214 12.666485 15.146774 14.677431 14.959804 18.02072 19.673693 19.194534 20.88573 23.685604 24.316167 24.601366 26.30393 28.273613 30.053536 26.863293 27.203757 30.64742 29.090699 27.818776 30.642986 28.714737 27.199302 30.307334 31.358022 28.384438 30.1722 28.450006 24.866955 25.279787 26.468815 23.418225 21.066248 23.373038 23.563789 22.026046 23.019775 21.027861 17.852951 18.58795 19.017778 15.656227 14.256762 16.769881 15.986031 12.223094 12.731096 15.74823 13.988039 11.316388 14.295345 16.001205 13.543662 13.487008 17.212941 17.328083 20.865887 22.541289 21.188284 24.511335 24.687728 21.773886 22.574675 26.240841 26.203178 23.87559 26.444673 29.365641 28.292564 27.056512 30.280725 32.891058 31.754544 29.42331 31.020183 27.956741 29.133327 27.124068 27.117365 24.956551 22.370702 22.530352 22.179822 18.995647 17.57055 18.229988 16.787498 13.458946 13.73978 15.231487 12.535755 9.692963 12.400024 12.992599 9.794107 8.659856 11.999031 11.841486 9.264986 10.889846 14.481262 17.38112 16.81941 13.290205 14.586209 17.516083 15.667828 13.735034 17.128275 18.760987 16.683485 17.282523 20.831376 21.469336 20.244062 22.607728 25.408005 25.509844 25.523952 28.302254 30.275798 30.176755 31.305505 34.160966 35.302592 35.541175 37.231508 34.709601 33.879685 36.299016 
23.548014 20.23101 21.483368 20.110934 19.158256 17.069754 15.290721 14.48491 13.020013 10.956767 9.692502 9.395007 6.666598 4.916973 5.534846 3.826167 0.0 3.802439 5.367214 5.619089 5.494734 8.734057 8.908569 6.601736 8.919985 11.666161 11.494367 11.492725 14.352919 16.268959 16.042338 17.465726 20.167187 21.086683 21.530548 22.981327 24.784432 26.467461 23.205094 23.464664 26.876462 25.299027 23.992614 26.83258 24.971293 23.463035 26.57927 27.74661 24.865088 26.760631 25.280041 21.816426 22.432461 23.328309 20.102698 18.056362 20.44257 20.309469 18.880374 19.588338 17.424519 14.428031 15.212727 15.349261 11.902108 10.804451 13.350633 12.39636 8.700198 9.841438 12.877439 11.15046 9.14967 12.518544 14.151211 12.247347 12.967758 16.460335 16.819462 20.164532 21.681624 19.762331 22.774637 22.881262 19.638331 20.181615 23.756811 23.447588 20.872982 23.479598 26.32636 24.999063 23.664904 26.97859 29.528163 28.228952 25.779316 27.440879 24.423442 25.782602 24.028945 24.029976 21.616863 19.196327 19.665468 19.098765 15.720475 14.76887 15.693103 13.85903 10.586068 11.763179 13.196824 10.210939 8.159155 11.605969 11.884279 9.271616 9.288942 13.006847 13.851298 11.24024 11.679507 15.432974 17.902119 17.661542 13.929792 14.316642 17.267484 15.594936 12.887497 15.830753 17.766915 15.425339 15.254401 18.980069 19.816735 18.0858 20.138366 23.246848 23.363559 22.916669 25.697399 27.9075 27.590572 28.444074 31.463489 32.68353 32.651575 34.253812 31.593206 30.812857 33.399762 
24.560893 21.34028 22.35879 20.510762 20.072305 18.426118 16.036913 15.071461 14.515102 12.418019 10.058139 10.119247 8.675921 6.158966 4.846819 4.936854 3.802439 0.0 3.81993 5.482613 5.126786 8.819406 10.293547 8.949156 10.436821 13.325819 14.095341 14.135332 16.41155 18.656471 18.972212 20.06098 22.506355 23.826071 24.523434 25.637695 27.157432 28.593128 25.130323 25.16005 28.385755 26.500672 24.896706 27.48043 25.451517 24.461624 27.835876 28.896268 26.312028 28.613792 27.341481 24.005219 24.269481 24.778701 21.650443 19.562513 21.377941 20.934778 18.861621 19.495677 17.999311 14.735624 14.679111 15.318551 12.446613 10.212052 12.555157 12.517053 8.914219 8.533804 11.978897 11.215411 8.530309 11.070329 13.589528 12.208459 11.969532 15.491294 16.609044 20.161752 21.096117 19.191323 22.127039 21.672475 18.574398 19.81184 23.246956 22.680305 20.594823 23.597803 26.12591 24.807558 24.03887 27.478711 29.716989 28.341081 26.237377 28.269606 25.565065 27.27753 25.657199 26.139549 23.648397 21.059184 22.044335 21.729949 18.133102 17.361198 18.816103 16.996616 13.681951 15.207033 16.854553 13.841101 11.941844 15.384378 15.597356 12.778701 12.683892 16.324587 16.633764 13.906531 14.891325 18.560947 21.017419 20.296477 16.540374 17.382732 19.990487 17.779747 15.305905 18.440326 19.847178 17.022311 17.149861 20.869653 21.082509 19.117396 21.573061 24.529624 24.055212 23.623531 26.76255 28.637291 27.950634 29.127901 32.281136 33.080446 32.948018 34.916217 32.491455 32.139331 34.917116 
27.808349 24.440499 25.206752 23.209695 22.370319 20.954745 18.930943 17.431205 16.565862 15.088181 12.842588 11.8722 10.296744 8.952201 6.91 5.146649 5.367214 3.81993 0.0 3.788858 6.069359 8.851658 9.583337 9.368018 11.671461 13.708856 14.361901 15.365468 17.701567 19.31313 19.833247 21.521564 23.689952 24.626476 25.666339 27.164117 28.487213 30.308324 27.018178 26.679139 30.079902 28.549935 26.65766 29.015299 26.611736 25.454937 28.82271 29.424661 26.655387 28.866077 27.193018 23.719059 23.473496 24.32345 21.568076 18.932044 20.531988 20.685771 18.61356 19.966362 18.672711 15.091539 15.524634 16.876718 14.011513 11.896251 14.895632 15.282221 11.859298 11.760635 15.410482 14.813547 12.327712 14.805801 17.408447 15.93401 15.568519 19.163774 20.188154 23.791351 24.809551 22.995563 25.935876 25.386716 22.278682 23.549594 26.933369 26.1763 24.041658 27.099987 29.54092 27.969975 27.167036 30.696378 32.853696 31.216199 28.932948 31.081559 28.386937 30.180352 28.72216 28.898404 26.230246 23.951121 24.754405 24.002229 20.498599 19.944939 20.873913 18.676397 15.676078 16.965501 17.942076 14.585097 12.809706 15.846232 15.364138 12.045676 12.303506 15.883678 16.11248 14.088894 15.613097 19.307014 22.243076 21.878686 18.280264 19.199482 22.18161 20.302161 17.95307 21.094694 22.811271 20.291118 20.362332 24.097532 24.583847 22.703656 24.982152 28.043994 27.745283 27.225088 30.274834 32.293127 31.610834 32.633636 35.827644 36.723483 36.478372 38.357631 35.79915 35.34702 38.138024 
28.982267 25.739199 26.977978 25.399168 24.535198 22.633464 20.717001 19.717487 18.440808 16.53386 14.874765 14.311168 11.935301 10.324237 9.562627 7.357286 5.619089 5.482613 3.788858 0.0 3.764746 5.425487 5.859927 6.381485 8.654676 10.161273 11.110908 12.553961 14.5828 15.955787 16.875718 18.665906 20.494861 21.43321 22.825284 24.311231 25.338221 27.305091 24.119622 23.479089 26.942499 25.667826 23.606471 25.855011 23.319502 21.996343 25.32258 25.777012 22.954477 25.167355 23.485253 20.054195 19.749361 20.535116 17.809731 15.153294 16.789741 16.9979 15.140334 16.655284 15.206925 11.615382 12.578784 14.041484 11.104964 9.512775 12.997115 13.452278 10.429379 11.154117 14.804255 14.327316 12.707879 15.481702 17.893973 16.826894 17.180136 20.564295 21.601201 24.988856 26.009448 23.753352 26.392792 25.838313 22.422253 23.345264 26.588341 25.512229 23.063729 26.092413 28.42565 26.470403 25.482685 29.091087 31.163386 29.234749 26.695204 28.907912 26.265261 28.221878 27.122781 27.068331 24.110276 22.263418 23.187623 21.957179 18.465193 18.530285 19.299517 16.584082 14.064621 15.897745 16.31885 12.674986 11.85794 15.020895 13.867225 10.983152 12.358389 16.098352 17.172145 15.413685 16.216027 19.990965 22.775973 22.918639 19.28708 19.473628 22.635338 21.172787 18.327758 20.984263 23.128216 20.673906 20.039144 23.818711 24.688981 22.480701 24.278009 27.633021 27.528808 26.538569 29.442928 31.782933 30.962358 31.574682 34.89213 35.976269 35.42755 37.094795 34.313179 33.794537 36.695224 
27.089754 24.098632 25.729058 24.402843 23.962476 21.756406 19.520281 19.174721 18.129209 15.567694 14.018971 14.434474 12.060249 9.490226 9.661795 8.585345 5.494734 5.126786 6.069359 3.764746 0.0 3.766683 5.957019 5.410589 6.102064 8.600436 10.213119 10.697837 12.304366 14.43297 15.502291 16.57735 18.46324 19.960392 21.240897 22.216854 23.215585 24.789907 21.392158 20.900311 24.186369 22.575998 20.607219 22.983838 20.704441 19.62441 23.043058 23.895814 21.338071 23.783784 22.61383 19.418602 19.571658 19.801021 16.695783 14.713887 16.414328 15.818642 13.858307 14.565819 12.984742 9.643017 10.019151 10.894611 7.950467 6.083772 9.363977 9.732809 6.803723 7.646526 11.209528 10.969694 9.845687 12.560527 14.898276 14.374169 15.095012 18.151427 19.419699 22.607422 23.39971 20.828007 23.206858 22.585916 19.048668 19.878452 23.015544 21.828517 19.346124 22.422228 24.682573 22.711702 21.792716 25.425354 27.445262 25.557673 23.116742 25.381199 22.828842 24.923481 23.916981 24.156669 21.156193 19.205399 20.536168 19.518376 15.838962 16.129429 17.47596 14.839821 12.242975 14.734816 15.59791 12.180937 11.733871 15.338687 14.61621 12.40537 13.739697 17.552422 18.85954 16.583022 16.763471 20.520215 22.809705 22.772171 19.012991 18.868622 21.700564 20.069879 16.925338 19.31541 21.295768 18.532483 17.571973 21.345287 22.050708 19.512503 21.252282 24.650251 24.355722 23.150229 26.140657 28.455269 27.446374 28.035852 31.430617 32.423543 31.769198 33.497697 30.768747 30.423715 33.436832 
30.027291 27.160954 29.029751 27.916702 27.422226 25.021349 22.920344 22.743869 21.469325 18.853118 17.617798 18.000043 15.334819 12.985006 13.359931 11.839121 8.734057 8.819406 8.851658 5.425487 3.766683 0.0 3.829737 5.327435 5.089563 6.070071 8.651211 9.922315 10.676889 12.341036 14.212056 15.39927 16.586039 18.106807 19.991859 20.919902 21.36303 23.129618 19.905677 18.817743 22.135486 20.889726 18.515853 20.552402 17.918885 16.754718 20.199928 20.675505 18.120764 20.701382 19.521285 16.459828 16.281473 16.29544 13.377397 11.30669 12.714891 12.138083 10.230316 11.332173 9.846242 6.251579 7.397168 8.918239 6.328312 5.310584 9.111307 10.025337 8.281413 9.647544 12.841685 13.037352 12.76847 15.305168 17.509107 17.415026 18.451171 21.25986 22.599916 25.581277 26.272496 23.412774 25.421916 24.657676 20.976301 21.589147 24.416904 22.791591 20.158931 23.214912 25.174314 22.720001 21.754821 25.457545 27.22071 24.903974 22.2335 24.689158 22.352039 24.729338 24.254845 24.258962 20.915598 19.594695 21.098122 19.501084 15.957239 17.062904 18.148084 14.963618 13.183072 16.067521 16.192423 12.642719 13.244395 16.602423 15.12535 13.372918 15.555288 19.272632 21.066761 19.212137 19.100573 22.806955 25.058114 25.452383 21.78423 21.160954 24.117173 22.873665 19.499644 21.424777 23.720069 21.104657 19.583809 23.264624 24.270542 21.481839 22.707433 26.305292 26.136411 24.454168 27.270777 29.839191 28.616398 28.780394 32.296363 33.400116 32.362982 33.899506 30.980473 30.649819 33.797119 
30.708517 27.705719 29.547031 28.626557 27.64884 25.137207 23.559226 23.20513 21.35841 19.092521 18.385982 18.213416 15.070366 13.53766 14.184016 11.760382 8.908569 10.293547 9.583337 5.859927 5.957019 3.829737 0.0 3.765226 5.46825 4.918693 6.124346 8.594163 10.006137 10.615919 12.153823 14.216471 15.432385 16.197857 18.129933 19.683222 20.276986 22.570982 19.705753 18.645484 22.251543 21.563878 19.407646 21.564272 18.95996 17.085834 20.168504 20.448709 17.385291 19.400707 17.626897 14.205702 14.042154 14.877374 12.087284 9.460899 11.629658 12.067918 11.1847 12.88384 10.726027 7.581966 10.110723 11.233283 8.209526 8.620342 12.263235 12.34645 10.455843 12.619387 15.631698 15.061492 14.868544 17.915698 19.685046 19.038184 20.390405 23.379776 24.190314 27.137803 28.290912 25.572731 27.769143 27.415188 23.703264 23.907232 26.882728 25.522098 22.569383 25.278852 27.500956 25.068056 23.618604 27.174546 29.192276 26.92262 23.920724 26.014076 23.400969 25.419463 24.863816 24.284296 20.987082 19.989839 20.891507 18.841559 15.648519 16.7109 16.99154 13.557256 12.232876 14.665534 14.024078 10.310235 11.348072 14.208182 12.101381 10.548833 13.341444 16.838153 19.035157 17.73671 17.449596 21.039399 23.440514 24.349135 20.891875 19.996907 23.271378 22.565148 19.22029 20.962827 23.699487 21.595146 19.963935 23.577212 25.10696 22.628735 23.536726 27.212654 27.562197 25.954503 28.432798 31.26663 30.40239 30.309181 33.674292 35.146398 34.223962 35.424389 32.290562 31.530037 34.466593 
27.087928 24.111677 26.070475 25.376529 24.387312 21.688136 20.225084 20.136293 18.15705 15.728925 15.430788 15.534428 12.19845 10.63975 12.106987 9.960214 6.601736 8.949156 9.368018 6.381485 5.410589 5.327435 3.765226 0.0 3.811407 5.283774 5.162992 6.224823 8.695314 10.025636 10.560601 12.368795 14.423444 15.268284 16.465587 17.994597 19.22916 21.315256 18.2966 17.957701 21.581651 20.612253 19.024362 21.702783 19.644589 17.649518 20.604769 21.527644 18.450632 20.237132 18.693262 15.260852 15.977473 16.833493 13.573981 11.660502 14.397332 14.39372 13.746199 14.621668 11.885793 9.274696 11.363446 11.351749 7.666769 8.437647 11.566761 10.576534 8.191642 10.957938 13.640329 12.313229 12.230647 15.633493 16.902346 15.940814 17.664509 20.600023 21.044417 23.874704 25.293377 22.68136 25.027622 25.072294 21.401067 21.300025 24.478335 23.556675 20.437959 22.893989 25.473757 23.402166 21.665833 25.079897 27.449195 25.580558 22.588335 24.317765 21.386637 23.036125 22.058478 21.48283 18.444896 17.067684 17.717576 15.987179 12.707292 13.270643 13.659173 10.520035 8.668413 11.102091 10.977128 7.352521 8.113924 11.370971 10.036587 8.777646 11.108274 14.662486 16.920244 15.19946 14.472055 18.040214 20.168572 20.964992 17.480005 16.443045 19.61126 18.908958 15.49998 17.20377 19.943097 17.924159 16.313508 19.928258 21.542494 19.249441 20.19547 23.819118 24.346557 22.971308 25.36835 28.196765 27.624724 27.627995 30.844897 32.438495 31.811969 32.957835 29.855333 28.90666 31.680295 
27.041747 24.408814 26.747454 26.266216 25.741271 22.842623 21.047402 21.54113 19.902137 16.951094 16.653842 17.552509 14.467002 12.161313 13.966848 12.666485 8.919985 10.436821 11.671461 8.654676 6.102064 5.089563 5.46825 3.811407 0.0 3.741106 5.550368 5.190835 6.202382 8.632924 9.928448 10.6343 12.373043 14.079058 15.466556 16.232718 17.113618 18.766985 15.485987 15.014383 18.458654 17.192215 15.482403 18.183922 16.264882 14.551166 17.677235 18.912608 16.205387 18.392561 17.513766 14.519074 15.532375 15.557213 11.999262 10.977952 13.448146 12.489869 11.770828 11.793886 8.907695 6.819349 8.5143 7.747245 3.979788 5.773227 8.414575 7.361166 6.085974 9.209806 11.333835 10.555304 11.435074 14.436211 15.582192 15.450281 17.465855 19.910638 20.700823 23.233645 24.276445 21.274839 23.147193 22.993323 19.21115 18.97013 21.841625 20.580703 17.405234 19.923564 22.246496 19.927276 18.27666 21.784818 23.952689 21.913354 18.929225 20.861485 18.142255 20.16258 19.572513 19.305056 15.999468 14.787763 16.126092 14.412594 10.901415 12.262003 13.360332 10.154087 8.723494 12.084288 12.256762 9.218352 10.59815 13.939975 12.906073 12.29572 14.494708 17.960462 20.268859 18.239437 17.158687 20.600661 22.246367 22.877477 19.360773 18.015784 20.756234 19.921791 16.271486 17.516949 20.052563 17.725258 15.593852 19.10165 20.549642 17.772924 18.449556 22.176633 22.464077 20.631721 23.086619 25.954153 25.027418 24.84852 28.231102 29.7153 28.78589 29.964974 26.856103 26.168185 29.171782 
30.316124 27.698028 30.074897 29.694579 28.946214 25.994685 24.4557 24.835038 22.91645 20.181091 20.054782 20.595287 17.290483 15.418818 17.023022 15.146774 11.666161 13.325819 13.708856 10.161273 8.600436 6.070071 4.918693 5.283774 3.741106 0.0 3.825031 5.454496 5.39586 6.29404 8.613422 9.975263 10.770643 12.082972 14.249589 15.296663 15.591496 17.752655 14.90219 13.726859 17.347023 16.79915 14.760848 17.093381 14.808848 12.601006 15.560517 16.273351 13.246728 15.312642 14.107548 11.021665 11.802419 11.967883 8.517796 7.269184 10.012339 9.530945 9.622779 10.280922 7.088411 5.400456 8.545548 8.318839 5.48675 8.001714 10.751841 10.211452 9.699169 12.653257 14.69575 14.139135 15.173235 18.101924 19.235337 19.141517 21.197599 23.640969 24.372805 26.825277 27.913377 24.847249 26.549134 26.356258 22.547275 22.155602 24.793664 23.288929 20.039259 22.394978 24.482201 21.814295 20.037922 23.465981 25.433897 23.04792 19.797098 21.737405 19.193813 21.287586 21.176948 20.443407 16.923908 16.522382 17.683427 15.258044 12.25967 14.254368 14.647071 10.959215 10.661386 13.811251 12.950284 9.889555 12.160218 14.910949 12.993476 12.806902 15.730933 18.964466 21.652228 20.180088 19.019793 22.343577 24.082893 25.196167 21.862837 20.221763 23.161886 22.777585 19.122128 20.037706 22.892359 20.897365 18.503037 21.82366 23.617046 20.867797 21.081064 24.879447 25.415265 23.31716 25.474363 28.56516 27.602519 27.015486 30.389293 32.056667 30.865591 31.761105 28.459471 27.636158 30.63029 
