0.0 3.787455 6.147072 9.708013 12.18835 15.105519 16.440918 19.437561 20.813711 23.93878 25.102171 27.229369 29.187921 32.943248 32.61467 30.223423 30.204099 31.087795 28.608891 27.178417 23.444344 22.886919 19.907529 20.055166 19.207927 18.683205 22.465675 22.39868 24.740392 24.445816 24.412894 26.052195 23.736482 21.540683 24.733883 25.704791 22.165335 21.647617 25.178316 24.595739 21.664772 23.595066 26.546719 24.399327 23.705044 19.932326 19.838383 19.503495 16.100164 14.905651 14.957889 15.153893 16.614292 20.25048 22.847765 23.047735 
3.787455 0.0 3.786646 6.951879 10.180885 13.390282 15.492328 18.363358 20.369533 23.266446 23.964514 25.827174 27.729756 31.368862 30.800453 28.194706 28.104254 28.612048 26.084456 24.313417 20.545741 19.733389 16.794259 16.728804 16.184202 15.798666 19.543199 19.08932 21.475494 21.180197 21.462262 23.095545 21.072668 19.302731 22.653209 23.29982 19.724562 19.770602 23.298664 22.44053 19.869002 22.271165 24.983128 22.739805 22.615004 18.925685 18.420532 17.471342 13.872758 12.096266 11.633315 11.597174 13.302393 16.849274 19.315427 19.403617 
6.147072 3.786646 0.0 3.780875 6.595606 10.039262 12.115427 14.744124 16.88496 19.779425 20.288481 22.101554 24.120137 27.7737 27.365471 24.917502 25.129522 25.772942 23.542984 21.85099 18.170235 17.172722 13.963832 14.03971 13.156121 13.049862 16.767018 16.673187 18.749172 18.37452 18.316337 20.14336 18.055304 16.056061 19.229237 19.827998 16.211705 16.076414 19.570471 18.762176 16.117872 18.493963 21.233692 19.1022 19.00587 15.361394 15.056232 13.996153 10.36117 8.781823 9.182094 9.556262 11.161461 14.905924 17.243958 17.462514 
9.708013 6.951879 3.780875 0.0 3.788471 7.153427 10.0361 12.497211 15.25998 17.689078 17.834557 19.427015 21.216516 24.737921 24.080171 21.469542 21.625105 22.094269 19.906927 18.124945 14.476382 13.430252 10.253722 10.734018 10.326522 11.144889 14.597286 14.207084 15.785128 14.968377 14.731464 16.39423 14.317155 12.52764 15.825201 16.352432 12.811003 13.087652 16.639862 15.916188 13.724289 16.374019 19.011462 17.175507 17.623684 14.27927 14.05549 12.179894 8.401554 5.892131 6.884456 6.584643 7.646908 11.428978 13.828419 14.439651 
12.18835 10.180885 6.595606 3.788471 0.0 3.781849 6.444041 8.710756 11.583322 13.923352 14.080087 15.782067 17.602881 21.212068 20.781922 18.435731 18.945417 19.84046 18.061908 16.723986 13.369158 12.491319 9.270255 10.467849 9.705214 11.182525 14.215373 14.402573 15.238947 14.085492 12.96913 14.652733 12.187634 9.712439 12.692074 13.545808 10.097107 9.667331 13.318605 13.099018 10.73673 13.017731 15.930112 14.57816 14.854246 11.716932 12.273676 10.412448 6.994029 5.317235 8.165283 8.189661 8.235475 11.745985 14.004717 15.038992 
15.105519 13.390282 10.039262 7.153427 3.781849 0.0 3.788374 6.305521 9.459548 11.060014 11.458125 13.282683 14.55343 18.14149 17.528659 15.171475 15.591128 16.897856 15.259649 14.551985 11.549757 11.447868 8.94381 11.284517 11.093466 13.41672 15.821377 15.974452 15.931079 14.042238 12.017994 13.021142 9.929406 6.810173 9.729211 11.423121 8.610076 7.6283 11.406385 12.196522 10.28921 11.951847 15.085583 14.648484 14.954054 12.404218 13.75071 11.739094 9.060956 7.645935 10.871348 10.226114 8.876632 11.726812 14.148783 15.947078 
16.440918 15.492328 12.115427 10.0361 6.444041 3.788374 0.0 3.78049 5.989943 7.943679 9.214791 11.596138 12.983385 16.769486 16.752163 15.066441 15.943951 17.97316 16.84728 16.82139 14.315267 14.458865 12.142542 14.411399 13.653948 15.695542 17.919253 18.69209 18.450675 16.695685 14.180607 15.198833 11.972187 8.289872 10.030789 12.266683 9.99805 7.537913 10.929093 12.485127 10.126609 10.55801 14.138983 14.254274 13.74723 11.441947 13.74637 12.561219 10.614861 10.41332 13.960223 13.839668 12.639271 15.319323 17.548347 19.308331 
19.437561 18.363358 14.744124 12.497211 8.710756 6.305521 3.78049 0.0 3.785652 5.391274 5.695325 8.037679 9.99914 13.84557 14.423847 13.363116 15.090247 17.22518 16.892732 16.947299 15.022469 14.722862 12.487694 14.486732 13.283807 15.359053 16.932815 18.227872 17.517123 15.952592 13.069195 14.403278 11.608298 8.015441 8.352327 10.235606 8.457656 5.032535 7.728516 9.70668 7.465944 7.086534 10.683688 11.392149 10.891963 9.417842 12.142855 11.125087 10.332673 11.090626 14.865977 15.28507 14.251163 16.463099 18.004902 19.556346 
20.813711 20.369533 16.88496 15.25998 11.583322 9.459548 5.989943 3.785652 0.0 3.780931 5.775684 8.56895 10.545087 14.280883 15.560918 15.266994 17.209145 19.821254 19.763072 20.256866 18.53643 18.446046 16.272203 18.165149 16.66437 18.341572 19.903189 21.57149 20.921626 19.549168 16.595074 17.883023 15.087277 11.476196 11.197474 13.249614 11.944281 8.254142 9.88513 12.172715 9.710322 7.901473 11.550721 12.68831 11.126429 10.053766 13.468929 13.42668 13.069748 14.362456 18.134769 18.787312 17.882959 20.20357 21.789113 23.279101 
23.93878 23.266446 19.779425 17.689078 13.923352 11.060014 7.943679 5.391274 3.780931 0.0 3.784226 6.518976 7.424433 10.995467 12.324552 12.483141 14.598648 17.55689 17.980376 19.036954 17.968442 18.291719 16.809744 19.122035 18.103277 20.294411 21.376129 22.838656 21.581779 19.779009 16.397546 17.072255 14.293715 10.935642 9.670883 12.185638 11.985506 8.400537 9.163297 12.34668 10.948425 8.767852 11.858111 13.940054 12.933281 12.707004 16.001048 15.50229 15.432535 16.396094 20.161763 20.413352 18.946247 20.688516 22.139637 24.006256 
25.102171 23.964514 20.288481 17.834557 14.080087 11.458125 9.214791 5.695325 5.775684 3.784226 0.0 2.884411 5.119517 8.815755 10.455529 10.820117 13.622822 16.109197 17.022533 17.687653 16.929299 16.675006 15.255978 17.22773 16.086293 18.358347 18.865807 20.480222 18.879163 17.252736 13.834147 14.812536 12.669327 9.846601 7.735473 9.366331 9.610662 6.183561 5.70084 9.075969 8.420971 6.12395 8.61381 11.140316 10.861121 11.364638 14.287275 13.464117 14.075033 15.30462 18.973747 19.484511 18.191592 19.542285 20.384078 21.999381 
27.229369 25.827174 22.101554 19.427015 15.782067 13.282683 11.596138 8.037679 8.56895 6.518976 2.884411 0.0 3.785223 6.9214 8.946558 9.821358 13.135349 15.297029 16.763733 17.335008 17.062581 16.536464 15.437664 17.191157 16.117278 18.477426 18.398735 20.058093 18.045392 16.490566 13.034193 14.00098 12.50624 10.411077 7.511253 8.266775 9.381451 6.683403 4.49476 8.004159 8.494601 6.27858 7.465851 10.583471 10.993144 12.236589 14.746226 13.696545 14.85507 16.160985 19.638049 20.222505 18.946385 19.839633 20.181543 21.678383 
29.187921 27.729756 24.120137 21.216516 17.602881 14.55343 12.983385 9.99914 10.545087 7.424433 5.119517 3.785223 0.0 3.85574 5.531549 7.012472 10.365272 12.962754 14.820886 16.121531 16.484947 16.677676 16.37699 18.687358 18.312318 21.108751 20.967077 22.13394 19.762741 17.620821 13.910887 13.854358 12.211181 10.509129 7.092168 8.726932 10.852603 8.75676 7.018674 10.717036 11.752342 9.990924 11.026533 14.168592 14.774899 15.84575 18.305261 16.903579 17.663819 18.35168 21.742164 21.732303 19.852408 20.291218 20.781132 22.794374 
32.943248 31.368862 27.7737 24.737921 21.212068 18.14149 16.769486 13.84557 14.280883 10.995467 8.815755 6.9214 3.85574 0.0 3.787886 7.082875 10.564424 12.908711 15.564066 17.186338 18.325558 18.623903 18.900595 21.144282 21.014365 23.892476 23.277041 24.343219 21.565912 19.374545 15.739012 15.215141 14.220223 13.336061 9.645562 10.652501 13.557179 12.122609 9.777486 13.088662 14.820814 13.068264 13.231483 16.657329 17.554424 19.105249 21.367369 19.899406 20.953235 21.592533 24.793202 24.68024 22.659227 22.586549 22.712348 24.768857 
32.61467 30.800453 27.365471 24.080171 20.781922 17.528659 16.752163 14.423847 15.560918 12.324552 10.455529 8.946558 5.531549 3.787886 0.0 3.78755 7.013497 9.30774 12.143652 14.102445 15.696639 16.476243 17.412708 20.017183 20.563332 23.814108 23.258434 23.732634 20.796768 18.100878 14.463432 13.095468 12.099414 11.860884 8.363779 9.705633 12.968948 12.296059 10.62939 13.805365 15.808283 14.84646 15.271988 18.294054 19.60914 20.670257 22.658612 20.641125 21.199672 21.175897 24.139756 23.485152 21.04311 20.524794 20.742332 23.189404 
30.223423 28.194706 24.917502 21.469542 18.435731 15.171475 15.066441 13.363116 15.266994 12.483141 10.820117 9.821358 7.012472 7.082875 3.78755 0.0 3.784655 6.057093 8.48572 10.41908 11.994865 13.098345 14.382619 17.294406 18.353661 21.851573 21.541638 21.522214 18.678119 15.592101 11.992136 10.06541 8.753091 8.965204 6.014224 7.787143 10.897622 10.909614 10.199725 13.077385 15.026474 14.893125 15.730581 18.167829 19.763178 20.216687 21.911917 19.445574 19.451584 18.832866 21.577967 20.503795 17.790673 17.071298 17.506462 20.249173 
30.204099 28.104254 25.129522 21.625105 18.945417 15.591128 15.943951 15.090247 17.209145 14.598648 13.622822 13.135349 10.365272 10.564424 7.013497 3.784655 0.0 3.785108 5.574303 8.532877 10.51137 12.616393 14.566917 17.866692 19.562181 23.240131 23.208824 22.631027 19.914884 16.444059 13.147341 10.390758 8.750922 9.470999 7.860585 10.006626 12.609964 13.046317 13.184993 15.818529 17.543099 17.815539 18.99381 21.092295 22.699759 22.688049 24.272827 21.563397 20.98541 19.718031 22.178562 20.477811 17.299155 16.239499 17.09933 20.304496 
31.087795 28.612048 25.772942 22.094269 19.84046 16.897856 17.97316 17.22518 19.821254 17.55689 16.109197 15.297029 12.962754 12.908711 9.30774 6.057093 3.785108 0.0 3.779383 6.101021 9.140645 11.047983 13.759826 16.792982 18.998109 22.7531 22.384272 21.332268 18.401493 14.807918 12.032313 8.649762 8.220054 10.375565 9.253994 10.191033 12.876239 14.33388 14.388234 16.290721 18.493011 19.37712 20.125248 21.884018 24.014175 23.993157 25.043696 21.964215 21.389081 19.796967 21.724618 19.816277 16.640533 14.804215 15.115729 18.340315 
28.608891 26.084456 23.542984 19.906927 18.061908 15.259649 16.84728 16.892732 19.763072 17.980376 17.022533 16.763733 14.820886 15.564066 12.143652 8.48572 5.574303 3.779383 0.0 3.786499 6.387091 9.287812 12.197028 15.539864 18.142776 21.918657 22.059783 20.610736 18.142091 14.376673 11.966785 8.480715 7.259739 9.441649 9.760969 11.111808 12.811754 14.450418 15.445499 17.110861 18.795908 20.104435 21.34314 22.619107 24.636485 24.029825 24.957909 21.749112 20.538438 18.389291 20.061981 17.658391 14.178389 12.319455 13.3368 16.911661 
27.178417 24.313417 21.85099 18.124945 16.723986 14.551985 16.82139 16.947299 20.256866 19.036954 17.687653 17.335008 16.121531 17.186338 14.102445 10.41908 8.532877 6.101021 3.786499 0.0 3.785856 6.038073 9.466403 12.470949 15.45194 19.188155 19.219066 17.387222 15.003478 11.222489 9.489739 5.94088 5.743234 8.954308 9.986752 10.279787 11.392363 13.87294 15.051205 15.889322 17.682262 19.639567 20.655603 21.379369 23.749801 22.973101 23.353514 19.881315 18.585893 16.172362 17.325942 14.85867 11.572115 9.124645 9.691256 13.263353 
23.444344 20.545741 18.170235 14.476382 13.369158 11.549757 14.315267 15.022469 18.53643 17.968442 16.929299 17.062581 16.484947 18.325558 15.696639 11.994865 10.51137 9.140645 6.387091 3.785856 0.0 3.836194 6.650188 9.999751 13.026292 16.669547 17.330284 15.443229 13.740804 10.101122 8.640723 6.184353 4.731038 7.235373 9.623477 10.136416 9.936923 12.391419 14.413545 14.948607 16.051363 18.358512 19.818317 20.027927 22.178317 20.869137 21.138098 17.68388 15.840614 13.053111 14.133597 11.422343 7.93921 5.988682 7.709043 11.393776 
22.886919 19.733389 17.172722 13.430252 12.491319 11.447868 14.458865 14.722862 18.446046 18.291719 16.675006 16.536464 16.677676 18.623903 16.476243 13.098345 12.616393 11.047983 9.287812 6.038073 3.836194 0.0 3.78455 6.489879 9.714997 13.353436 13.690472 11.689198 9.927334 6.347153 5.624829 4.38049 4.641697 7.468911 9.695023 8.863543 8.045614 11.281613 13.086415 12.694686 14.009452 16.832405 17.857944 17.592209 20.11866 18.889639 18.603516 14.950177 13.382185 10.719653 11.435927 9.241595 6.604145 4.379767 4.637274 7.977751 
19.907529 16.794259 13.963832 10.253722 9.270255 8.94381 12.142542 12.487694 16.272203 16.809744 15.255978 15.437664 16.37699 18.900595 17.412708 14.382619 14.566917 13.759826 12.197028 9.466403 6.650188 3.78455 0.0 3.787687 6.415483 10.030665 11.009668 9.495036 8.561402 5.834906 5.282664 6.436679 5.843714 6.875893 9.572569 8.638525 6.252814 9.299505 11.660435 10.753374 11.293862 14.463839 15.756618 14.931344 17.249304 15.635728 15.177992 11.571071 9.673297 6.944557 8.013292 6.441584 4.69642 4.833478 5.533258 7.55738 
20.055166 16.728804 14.03971 10.734018 10.467849 11.284517 14.411399 14.486732 18.165149 19.122035 17.22773 17.191157 18.687358 21.144282 20.017183 17.294406 17.866692 16.792982 15.539864 12.470949 9.999751 6.489879 3.787687 0.0 3.788132 7.029498 7.752074 5.770929 5.647282 4.483246 6.124313 8.534294 9.152456 10.200495 12.386927 10.55266 7.891747 11.055332 12.954346 10.92751 11.464825 15.087494 15.819905 14.236192 16.88106 15.285179 13.926332 10.215314 8.648832 6.252091 5.955702 5.663388 6.226055 6.428663 5.406217 5.210788 
19.207927 16.184202 13.156121 10.326522 9.705214 11.093466 13.653948 13.283807 16.66437 18.103277 16.086293 16.117278 18.312318 21.014365 20.563332 18.353661 19.562181 18.998109 18.142776 15.45194 13.026292 9.714997 6.415483 3.788132 0.0 3.783258 5.073934 5.059418 5.899684 6.51064 7.515706 10.830619 11.134143 11.185996 12.929805 10.931691 7.71528 10.097692 11.823823 9.167356 8.996483 12.778169 13.398282 11.192227 13.721595 12.053574 10.284704 6.629751 5.521608 4.631432 5.081647 7.032687 8.661662 9.937619 9.169852 8.203892 
18.683205 15.798666 13.049862 11.144889 11.182525 13.41672 15.695542 15.359053 18.341572 20.294411 18.358347 18.477426 21.108751 23.892476 23.814108 21.851573 23.240131 22.7531 21.918657 19.188155 16.669547 13.353436 10.030665 7.029498 3.783258 0.0 3.788805 5.121271 7.649318 9.622197 11.090925 14.528999 14.893893 14.661017 16.316197 14.280861 11.031284 12.78547 14.315634 11.248861 10.433042 14.086083 14.462052 11.45047 13.666605 11.792745 9.057585 6.199222 5.564917 6.030126 5.265909 8.620001 11.325562 12.963852 12.103186 10.206387 
22.465675 19.543199 16.767018 14.597286 14.215373 15.821377 17.919253 16.932815 19.903189 21.376129 18.865807 18.398735 20.967077 23.277041 23.258434 21.541638 23.208824 22.384272 22.059783 19.219066 17.330284 13.690472 11.009668 7.752074 5.073934 3.788805 0.0 3.789354 5.417817 8.459486 10.354627 13.955099 15.184136 15.577987 16.544183 13.783065 11.259682 13.467703 14.053099 10.519767 10.845334 14.384901 13.794032 10.963734 13.93238 13.055641 10.19518 7.296707 8.276647 9.042592 8.492966 11.207545 13.390003 14.113316 12.293867 10.004427 
22.39868 19.08932 16.673187 14.207084 14.402573 15.974452 18.69209 18.227872 21.57149 22.838656 20.480222 20.058093 22.13394 24.343219 23.732634 21.522214 22.631027 21.332268 20.610736 17.387222 15.443229 11.689198 9.495036 5.770929 5.059418 5.121271 3.789354 0.0 3.780777 6.665061 9.619529 12.688019 14.240303 15.310518 16.768779 14.093812 11.696124 14.5961 15.585039 12.428977 13.112899 16.825875 16.547606 14.125283 17.133532 15.966259 13.405711 10.13389 9.926147 9.160969 7.560004 9.315864 11.42804 11.512932 9.277011 6.444918 
24.740392 21.475494 18.749172 15.785128 15.238947 15.931079 18.450675 17.517123 20.921626 21.581779 18.879163 18.045392 19.762741 21.565912 20.796768 18.678119 19.914884 18.401493 18.142091 15.003478 13.740804 9.927334 8.561402 5.647282 5.899684 7.649318 5.417817 3.780777 0.0 3.785731 6.839341 9.830791 12.050614 13.684325 14.535417 11.438392 9.876438 13.192134 13.571234 10.590752 12.300821 15.789965 15.144457 13.462464 16.868014 16.31842 14.303819 10.771528 11.112676 10.41221 9.892007 10.85357 11.805563 11.08594 8.317302 6.402934 
24.445816 21.180197 18.37452 14.968377 14.085492 14.042238 16.695685 15.952592 19.549168 19.779009 17.252736 16.490566 17.620821 19.374545 18.100878 15.592101 16.444059 14.807918 14.376673 11.222489 10.101122 6.347153 5.834906 4.483246 6.51064 9.622197 8.459486 6.665061 3.785731 0.0 3.781996 6.183226 8.549466 10.736615 11.738136 8.931241 7.797508 11.514201 12.192643 10.096581 12.066595 15.370582 15.231899 14.285147 17.5244 16.867466 15.610141 11.858658 11.571855 10.115143 10.253493 10.029084 9.737832 8.409788 5.818977 5.809632 
24.412894 21.462262 18.316337 14.731464 12.96913 12.017994 14.180607 13.069195 16.595074 16.397546 13.834147 13.034193 13.910887 15.739012 14.463432 11.992136 13.147341 12.032313 11.966785 9.489739 8.640723 5.624829 5.282664 6.124313 7.515706 11.090925 10.354627 9.619529 6.839341 3.781996 0.0 3.772778 5.564915 7.561925 8.013709 5.199191 4.66388 8.409587 8.963685 7.748633 9.996563 12.829461 13.002028 12.848816 15.85016 15.41733 14.99549 11.38304 11.217957 10.084654 11.509274 11.132095 9.962189 9.070109 7.759114 9.075373 
26.052195 23.095545 20.14336 16.39423 14.652733 13.021142 15.198833 14.403278 17.883023 17.072255 14.812536 14.00098 13.854358 15.215141 13.095468 10.06541 10.390758 8.649762 8.480715 5.94088 6.184353 4.38049 6.436679 8.534294 10.830619 14.528999 13.955099 12.688019 9.830791 6.183226 3.772778 0.0 3.787983 7.25623 7.60453 5.816332 6.827675 10.124403 10.697052 10.609945 12.918357 15.248751 15.647827 16.088835 18.887386 18.478432 18.45656 14.909482 14.374603 12.70799 14.0564 12.741762 10.544088 8.719692 7.818579 10.32971 
23.736482 21.072668 18.055304 14.317155 12.187634 9.929406 11.972187 11.608298 15.087277 14.293715 12.669327 12.50624 12.211181 14.220223 12.099414 8.753091 8.750922 8.220054 7.259739 5.743234 4.731038 4.641697 5.843714 9.152456 11.134143 14.893893 15.184136 14.240303 12.050614 8.549466 5.564915 3.787983 0.0 3.785858 5.232669 5.461872 5.786612 8.189289 9.756406 10.589004 12.008745 14.018935 15.298684 15.902136 18.080843 17.255772 17.829495 14.520642 13.415837 11.584688 13.606182 12.021954 9.264182 8.440634 9.167 12.087766 
21.540683 19.302731 16.056061 12.52764 9.712439 6.810173 8.289872 8.015441 11.476196 10.935642 9.846601 10.411077 10.509129 13.336061 11.860884 8.965204 9.470999 10.375565 9.441649 8.954308 7.235373 7.468911 6.875893 10.200495 11.185996 14.661017 15.577987 15.310518 13.684325 10.736615 7.561925 7.25623 3.785858 0.0 3.78637 5.806775 5.000784 5.643655 8.210034 9.738199 10.103684 11.670931 13.745744 14.433359 15.927156 14.805236 15.98771 13.133091 11.808151 10.400216 13.236614 12.063077 9.549945 10.181487 11.653523 14.230365 
24.733883 22.653209 19.229237 15.825201 12.692074 9.729211 10.030789 8.352327 11.197474 9.670883 7.735473 7.511253 7.092168 9.645562 8.363779 6.014224 7.860585 9.253994 9.760969 9.986752 9.623477 9.695023 9.572569 12.386927 12.929805 16.316197 16.544183 16.768779 14.535417 11.738136 8.013709 7.60453 5.232669 3.78637 0.0 3.788873 5.33831 5.218189 5.983524 8.51143 9.728913 10.41044 11.952919 13.550538 15.131813 14.907756 16.418374 13.830556 13.50438 12.960585 15.953173 15.273944 13.032342 13.219215 13.93776 16.29933 
25.704791 23.29982 19.827998 16.352432 13.545808 11.423121 12.266683 10.235606 13.249614 12.185638 9.366331 8.266775 8.726932 10.652501 9.705633 7.787143 10.006626 10.191033 11.111808 10.279787 10.136416 8.863543 8.638525 10.55266 10.931691 14.280861 13.783065 14.093812 11.438392 8.931241 5.199191 5.816332 5.461872 5.806775 3.788873 0.0 3.788601 5.563269 5.029842 6.1188 8.57077 9.990198 10.459435 11.741395 14.150038 14.330725 15.12111 12.198167 12.531647 12.267884 14.854656 14.634157 12.966351 12.720543 12.416653 14.193314 
22.165335 19.724562 16.211705 12.811003 10.097107 8.610076 9.99805 8.457656 11.944281 11.985506 9.610662 9.381451 10.852603 13.557179 12.968948 10.897622 12.609964 12.876239 12.811754 11.392363 9.936923 8.045614 6.252814 7.891747 7.71528 11.031284 11.259682 11.696124 9.876438 7.797508 4.66388 6.827675 5.786612 5.000784 5.33831 3.788601 0.0 3.783591 5.408794 5.195435 6.311604 8.818766 9.997404 10.161049 12.425321 11.767393 12.263332 9.108011 8.866735 8.522595 11.327888 11.44343 10.299153 10.938222 11.021158 12.415746 
21.647617 19.770602 16.076414 13.087652 9.667331 7.6283 7.537913 5.032535 8.254142 8.400537 6.183561 6.683403 8.75676 12.122609 12.296059 10.909614 13.046317 14.33388 14.450418 13.87294 12.391419 11.281613 9.299505 11.055332 10.097692 12.78547 13.467703 14.5961 13.192134 11.514201 8.409587 10.124403 8.189289 5.643655 5.218189 5.563269 3.783591 0.0 3.784276 5.364216 4.849865 6.051058 8.355649 9.137298 10.363759 9.725775 11.33927 9.118324 9.068612 9.635934 13.116312 13.563563 12.497441 13.850136 14.510194 15.917809 
25.178316 23.298664 19.570471 16.639862 13.318605 11.406385 10.929093 7.728516 9.88513 9.163297 5.70084 4.49476 7.018674 9.777486 10.62939 10.199725 13.184993 14.388234 15.445499 15.051205 14.413545 13.086415 11.660435 12.954346 11.823823 14.315634 14.053099 15.585039 13.571234 12.192643 8.963685 10.697052 9.756406 8.210034 5.983524 5.029842 5.408794 3.784276 0.0 3.787912 5.241399 5.211313 5.979501 8.018313 9.722738 10.498294 12.065674 10.161097 11.369903 12.527015 15.733852 16.475393 15.527934 16.300031 16.245406 17.405317 
24.595739 22.44053 18.762176 15.916188 13.099018 12.196522 12.485127 9.70668 12.172715 12.34668 9.075969 8.004159 10.717036 13.088662 13.805365 13.077385 15.818529 16.290721 17.110861 15.889322 14.948607 12.694686 10.753374 10.92751 9.167356 11.248861 10.519767 12.428977 10.590752 10.096581 7.748633 10.609945 10.589004 9.738199 8.51143 6.1188 5.195435 5.364216 3.787912 0.0 3.786398 5.776257 5.273443 5.687995 8.590941 9.337253 9.746439 7.392802 9.315358 10.875338 13.615843 14.963254 14.775565 15.536038 14.873658 15.25508 
21.664772 19.869002 16.117872 13.724289 10.73673 10.28921 10.126609 7.465944 9.710322 10.948425 8.420971 8.494601 11.752342 14.820814 15.808283 15.026474 17.543099 18.493011 18.795908 17.682262 16.051363 14.009452 11.293862 11.464825 8.996483 10.433042 10.845334 13.112899 12.300821 12.066595 9.996563 12.918357 12.008745 10.103684 9.728913 8.57077 6.311604 4.849865 5.241399 3.786398 0.0 3.787193 5.320857 4.531943 6.148519 5.832293 6.905769 5.204063 6.904854 9.246425 12.458484 14.213842 14.422857 16.077333 16.078967 16.372994 
23.595066 22.271165 18.493963 16.374019 13.017731 11.951847 10.55801 7.086534 7.901473 8.767852 6.12395 6.27858 9.990924 13.068264 14.84646 14.893125 17.815539 19.37712 20.104435 19.639567 18.358512 16.832405 14.463839 15.087494 12.778169 14.086083 14.384901 16.825875 15.789965 15.370582 12.829461 15.248751 14.018935 11.670931 10.41044 9.990198 8.818766 6.051058 5.211313 5.776257 3.787193 0.0 3.78331 5.193577 5.000513 6.078249 8.607571 8.354825 10.168948 12.632789 16.039584 17.667555 17.559523 19.226903 19.421209 19.986748 
26.546719 24.983128 21.233692 19.011462 15.930112 15.085583 14.138983 10.683688 11.550721 11.858111 8.61381 7.465851 11.026533 13.231483 15.271988 15.730581 18.99381 20.125248 21.34314 20.655603 19.818317 17.857944 15.756618 15.819905 13.398282 14.462052 13.794032 16.547606 15.144457 15.231899 13.002028 15.647827 15.298684 13.745744 11.952919 10.459435 9.997404 8.355649 5.979501 5.273443 5.320857 3.78331 0.0 3.78822 5.196994 7.877747 9.263681 9.002897 11.815239 14.456419 17.414333 19.298197 19.403644 20.586047 20.088137 20.250998 
24.399327 22.739805 19.1022 17.175507 14.57816 14.648484 14.254274 11.392149 12.68831 13.940054 11.140316 10.583471 14.168592 16.657329 18.294054 18.167829 21.092295 21.884018 22.619107 21.379369 20.027927 17.592209 14.931344 14.236192 11.192227 11.45047 10.963734 14.125283 13.462464 14.285147 12.848816 16.088835 15.902136 14.433359 13.550538 11.741395 10.161049 9.137298 8.018313 5.687995 4.531943 5.193577 3.78822 0.0 3.792701 5.731659 5.835095 5.846023 9.225053 12.356412 14.942338 17.381818 18.184992 19.671697 19.063999 18.646458 
23.705044 22.615004 19.00587 17.623684 14.854246 14.954054 13.74723 10.891963 11.126429 12.933281 10.861121 10.993144 14.774899 17.554424 19.60914 19.763178 22.699759 24.014175 24.636485 23.749801 22.178317 20.11866 17.249304 16.88106 13.721595 13.666605 13.93238 17.133532 16.868014 17.5244 15.85016 18.887386 18.080843 15.927156 15.131813 14.150038 12.425321 10.363759 9.722738 8.590941 6.148519 5.000513 5.196994 3.792701 0.0 3.78298 5.705749 7.530897 10.313256 13.749802 16.63824 19.150077 19.974365 21.953419 21.850614 21.606982 
19.932326 18.925685 15.361394 14.27927 11.716932 12.404218 11.441947 9.417842 10.053766 12.707004 11.364638 12.236589 15.84575 19.105249 20.670257 20.216687 22.688049 23.993157 24.029825 22.973101 20.869137 18.889639 15.635728 15.285179 12.053574 11.792745 13.055641 15.966259 16.31842 16.867466 15.41733 18.478432 17.255772 14.805236 14.907756 14.330725 11.767393 9.725775 10.498294 9.337253 5.832293 6.078249 7.877747 5.731659 3.78298 0.0 3.770677 5.842337 7.558043 11.050956 13.999659 16.559304 17.618145 20.07571 20.420792 20.204566 
19.838383 18.420532 15.056232 14.05549 12.273676 13.75071 13.74637 12.142855 13.468929 16.001048 14.287275 14.746226 18.305261 21.367369 22.658612 21.911917 24.272827 25.043696 24.957909 23.353514 21.138098 18.603516 15.177992 13.926332 10.284704 9.057585 10.19518 13.405711 14.303819 15.610141 14.99549 18.45656 17.829495 15.98771 16.418374 15.12111 12.263332 11.33927 12.065674 9.746439 6.905769 8.607571 9.263681 5.835095 5.705749 3.770677 0.0 3.788512 6.308481 10.088057 12.22469 15.347105 17.086532 19.413854 19.291784 18.411239 
19.503495 17.471342 13.996153 12.179894 10.412448 11.739094 12.561219 11.125087 13.42668 15.50229 13.464117 13.696545 16.903579 19.899406 20.641125 19.445574 21.563397 21.964215 21.749112 19.881315 17.68388 14.950177 11.571071 10.215314 6.629751 6.199222 7.296707 10.13389 10.771528 11.858658 11.38304 14.909482 14.520642 13.133091 13.830556 12.198167 9.108011 9.118324 10.161097 7.392802 5.204063 8.354825 9.002897 5.846023 7.530897 5.842337 3.788512 0.0 3.788646 7.188721 9.385248 12.264771 13.829579 15.851879 15.551999 14.767593 
16.100164 13.872758 10.36117 8.401554 6.994029 9.060956 10.614861 10.332673 13.069748 15.432535 14.075033 14.85507 17.663819 20.953235 21.199672 19.451584 20.98541 21.389081 20.538438 18.585893 15.840614 13.382185 9.673297 8.648832 5.521608 5.564917 8.276647 9.926147 11.112676 11.571855 11.217957 14.374603 13.415837 11.808151 13.50438 12.531647 8.866735 9.068612 11.369903 9.315358 6.904854 10.168948 11.815239 9.225053 10.313256 7.558043 6.308481 3.788646 0.0 3.78372 6.456118 9.156669 10.862937 13.473529 13.891234 13.433527 
14.905651 12.096266 8.781823 5.892131 5.317235 7.645935 10.41332 11.090626 14.362456 16.396094 15.30462 16.160985 18.35168 21.592533 21.175897 18.832866 19.718031 19.796967 18.389291 16.172362 13.053111 10.719653 6.944557 6.252091 4.631432 6.030126 9.042592 9.160969 10.41221 10.115143 10.084654 12.70799 11.584688 10.400216 12.960585 12.267884 8.522595 9.635934 12.527015 10.875338 9.246425 12.632789 14.456419 12.356412 13.749802 11.050956 10.088057 7.188721 3.78372 0.0 3.788993 5.510307 7.174459 10.042251 10.970643 10.927437 
14.957889 11.633315 9.182094 6.884456 8.165283 10.871348 13.960223 14.865977 18.134769 20.161763 18.973747 19.638049 21.742164 24.793202 24.139756 21.577967 22.178562 21.724618 20.061981 17.325942 14.133597 11.435927 8.013292 5.955702 5.081647 5.265909 8.492966 7.560004 9.892007 10.253493 11.509274 14.0564 13.606182 13.236614 15.953173 14.854656 11.327888 13.116312 15.733852 13.615843 12.458484 16.039584 17.414333 14.942338 16.63824 13.999659 12.22469 9.385248 6.456118 3.788993 0.0 3.787302 7.137104 9.627535 10.099487 9.105622 
15.153893 11.597174 9.556262 6.584643 8.189661 10.226114 13.839668 15.28507 18.787312 20.413352 19.484511 20.222505 21.732303 24.68024 23.485152 20.503795 20.477811 19.816277 17.658391 14.85867 11.422343 9.241595 6.441584 5.663388 7.032687 8.620001 11.207545 9.315864 10.85357 10.029084 11.132095 12.741762 12.021954 12.063077 15.273944 14.634157 11.44343 13.563563 16.475393 14.963254 14.213842 17.667555 19.298197 17.381818 19.150077 16.559304 15.347105 12.264771 9.156669 5.510307 3.787302 0.0 3.785606 6.444456 7.904146 8.022156 
16.614292 13.302393 11.161461 7.646908 8.235475 8.876632 12.639271 14.251163 17.882959 18.946247 18.191592 18.946385 19.852408 22.659227 21.04311 17.790673 17.299155 16.640533 14.178389 11.572115 7.93921 6.604145 4.69642 6.226055 8.661662 11.325562 13.390003 11.42804 11.805563 9.737832 9.962189 10.544088 9.264182 9.549945 13.032342 12.966351 10.299153 12.497441 15.527934 14.775565 14.422857 17.559523 19.403644 18.184992 19.974365 17.618145 17.086532 13.829579 10.862937 7.174459 7.137104 3.785606 0.0 3.788863 6.72015 8.602553 
20.25048 16.849274 14.905924 11.428978 11.745985 11.726812 15.319323 16.463099 20.20357 20.688516 19.542285 19.839633 20.291218 22.586549 20.524794 17.071298 16.239499 14.804215 12.319455 9.124645 5.988682 4.379767 4.833478 6.428663 9.937619 12.963852 14.113316 11.512932 11.08594 8.409788 9.070109 8.719692 8.440634 10.181487 13.219215 12.720543 10.938222 13.850136 16.300031 15.536038 16.077333 19.226903 20.586047 19.671697 21.953419 20.07571 19.413854 15.851879 13.473529 10.042251 9.627535 6.444456 3.788863 0.0 3.787682 6.848294 
22.847765 19.315427 17.243958 13.828419 14.004717 14.148783 17.548347 18.004902 21.789113 22.139637 20.384078 20.181543 20.781132 22.712348 20.742332 17.506462 17.09933 15.115729 13.3368 9.691256 7.709043 4.637274 5.533258 5.406217 9.169852 12.103186 12.293867 9.277011 8.317302 5.818977 7.759114 7.818579 9.167 11.653523 13.93776 12.416653 11.021158 14.510194 16.245406 14.873658 16.078967 19.421209 20.088137 19.063999 21.850614 20.420792 19.291784 15.551999 13.891234 10.970643 10.099487 7.904146 6.72015 3.787682 0.0 3.787815 
23.047735 19.403617 17.462514 14.439651 15.038992 15.947078 19.308331 19.556346 23.279101 24.006256 21.999381 21.678383 22.794374 24.768857 23.189404 20.249173 20.304496 18.340315 16.911661 13.263353 11.393776 7.977751 7.55738 5.210788 8.203892 10.206387 10.004427 6.444918 6.402934 5.809632 9.075373 10.32971 12.087766 14.230365 16.29933 14.193314 12.415746 15.917809 17.405317 15.25508 16.372994 19.986748 20.250998 18.646458 21.606982 20.204566 18.411239 14.767593 13.433527 10.927437 9.105622 8.022156 8.602553 6.848294 3.787815 0.0 

