0.0 3.786655 6.513659 10.232847 12.279666 15.803713 18.719835 20.741355 21.78161 21.295304 19.94329 16.229025 13.974037 10.26245 8.547113 6.127206 5.562581 7.807635 7.915833 8.139321 6.6535 5.872038 7.406932 8.181122 11.908362 14.890437 18.070353 21.433752 24.842275 28.132617 30.16661 33.432531 31.69573 29.941281 26.898161 23.615225 20.047358 17.360104 13.592488 10.761705 8.104626 9.538419 12.576976 15.680085 19.216985 21.249022 23.917413 27.252184 27.621767 23.934367 22.263221 18.685617 16.388195 13.081734 11.061161 8.49302 7.37341 5.918522 7.955223 9.968708 11.661205 14.318582 
3.786655 0.0 3.820356 7.053095 9.320492 12.567382 15.784201 17.859904 18.587474 17.821985 16.258477 12.558396 10.25407 6.5672 5.59905 4.445779 5.895552 9.277115 10.580413 11.501439 9.461381 8.891979 9.008239 8.064948 11.281569 13.558856 16.81908 19.864508 23.289902 26.313112 28.251461 31.301336 29.242088 27.510607 24.625624 21.329608 17.814261 15.234602 11.493922 9.064969 7.649136 10.360044 13.39794 16.163108 19.874006 21.605351 23.876077 27.047094 26.965732 23.165033 21.524999 18.263002 16.139511 13.447077 11.708627 10.159525 8.449552 5.599726 5.810915 8.8808 10.023718 11.928047 
6.513659 3.820356 0.0 3.778684 6.283554 9.507614 12.387294 14.27796 15.302841 14.925212 13.970241 10.34875 8.538617 5.472884 5.452296 6.583771 7.285422 10.972128 12.957702 13.397146 10.453941 9.611169 8.123053 5.674733 8.11419 9.90774 13.201818 16.112146 19.571066 22.569094 24.615023 27.67864 25.675527 23.811819 20.84995 17.607084 14.037069 11.616683 7.842507 6.051949 5.907721 8.941545 11.404261 13.937551 17.589709 18.882756 20.939941 23.908656 23.538161 19.713629 18.027816 14.97531 13.034329 10.908187 9.793221 9.5334 8.428448 6.209036 4.30373 6.756823 6.675967 8.630885 
10.232847 7.053095 3.778684 0.0 3.805147 6.034502 9.06603 10.843341 11.623506 11.156155 10.380128 6.912169 5.709635 4.265185 6.196601 8.921107 10.219734 13.940873 16.375979 17.012913 13.901858 13.153852 11.057413 7.763869 8.602339 8.910882 11.967501 14.233969 17.604833 20.22472 22.198684 25.003765 22.704526 20.799038 18.001074 14.839331 11.397434 9.393154 6.079797 5.999961 7.918274 11.169712 13.068968 14.985282 18.472706 19.267801 20.796365 23.417071 22.507897 18.699081 17.088112 14.648783 13.126696 12.063559 11.547657 12.300762 11.157708 8.869798 5.536592 7.629923 6.140976 6.481683 
12.279666 9.320492 6.283554 3.805147 0.0 3.875723 6.70989 9.578058 11.142503 10.109681 10.118262 7.561704 5.653195 5.247032 6.057098 9.530571 10.438451 13.838179 16.923876 17.886608 14.61762 14.716597 12.393796 8.973759 8.855647 8.841377 10.842439 12.9865 15.891764 18.273184 19.740794 22.470457 20.143796 18.732814 16.310597 12.80861 9.827898 7.078981 4.512082 4.500864 7.582977 10.990568 12.876235 13.863694 17.287658 18.253292 19.190635 21.841709 20.984313 17.245027 16.37982 14.260009 13.726346 13.070203 13.571354 14.626241 14.210956 12.244963 9.213265 10.877691 8.485235 8.791937 
15.803713 12.567382 9.507614 6.034502 3.875723 0.0 3.78786 6.589963 7.710649 6.295167 6.95462 5.575431 5.261507 7.237913 9.233837 12.916543 14.236942 17.624292 20.74688 21.745989 18.454254 18.342032 15.795797 12.157396 11.277174 9.95228 11.375465 12.416508 14.992416 16.726427 18.059806 20.352972 17.603497 16.147143 14.05743 10.836136 8.396857 6.815375 6.071886 7.878664 11.320155 14.48977 15.852071 16.462179 19.529959 19.925175 20.350444 22.492888 21.03269 17.487466 16.690209 15.374322 15.16246 15.377319 16.037558 17.590931 16.947502 14.878573 11.356989 12.747054 9.978094 8.776579 
18.719835 15.784201 12.387294 9.06603 6.70989 3.78786 0.0 3.804597 6.370181 5.973637 8.50218 8.411182 8.952433 10.957416 12.569455 16.189294 16.952579 20.131409 23.361997 24.064433 20.544459 20.40962 17.407561 13.684402 11.751686 9.474079 9.696187 9.773531 11.814538 13.14091 14.381673 16.601052 13.885775 12.384611 10.41123 7.195594 5.472567 4.944385 6.466895 9.373919 13.12775 15.693766 16.282145 16.22842 18.755776 18.610555 18.458503 20.133322 18.295565 15.014275 14.582448 14.070165 14.620781 15.706381 17.079173 19.266438 19.138017 17.617569 14.059267 14.603694 11.221549 9.861197 
20.741355 17.859904 14.27796 10.843341 9.578058 6.589963 3.804597 0.0 3.78834 5.72669 8.923621 9.367508 11.181348 13.380927 15.498783 18.999064 19.763504 23.085313 26.079311 26.421624 22.815161 22.132972 18.894751 15.142545 12.830804 9.726504 9.841141 8.787744 10.787801 11.754286 13.588502 15.600378 12.899194 10.540297 8.19547 6.013251 4.62045 6.616559 8.411537 11.935164 15.587406 17.787873 17.791353 17.891732 20.034049 19.179529 19.003069 20.09662 17.684858 14.664396 13.723241 13.893557 14.312113 16.116621 17.425435 20.071048 19.858809 18.629552 14.94264 14.797784 11.375665 9.182917 
21.78161 18.587474 15.302841 11.623506 11.142503 7.710649 6.370181 3.78834 0.0 3.82578 6.673565 7.994609 10.854223 13.655362 16.486518 19.984747 21.360744 24.893815 27.738063 28.245487 24.801883 23.868674 20.879728 17.139036 15.369838 12.433685 13.227156 12.179185 14.188625 14.788962 16.577915 18.067228 15.019391 12.596977 10.720316 9.416057 8.271131 10.107107 11.06936 14.306813 17.808732 20.341549 20.640446 21.165842 23.489362 22.637236 22.657735 23.675922 21.114627 18.180604 16.88082 16.990148 16.831491 18.455389 19.120355 21.539697 20.686913 19.039852 15.232845 15.420224 12.579415 9.459138 
21.295304 17.821985 14.925212 11.156155 10.109681 6.295167 5.973637 5.72669 3.82578 0.0 3.818424 6.224966 8.623376 12.006666 14.85469 18.507002 20.307195 23.77027 26.804287 27.816323 24.553604 24.075892 21.418598 17.692273 16.405748 14.050482 14.940445 14.431687 16.331874 16.873106 18.031964 19.348338 15.965562 14.338778 13.048059 11.131467 10.101039 10.753444 11.427407 14.01336 17.504979 20.5133 21.426682 21.876966 24.525491 24.212993 24.156563 25.531136 23.268317 20.196994 19.315522 19.042341 18.95564 20.028653 20.579253 22.522122 21.458883 19.271777 15.487779 16.554086 13.918863 11.124063 
19.94329 16.258477 13.970241 10.380128 10.118262 6.95462 8.50218 8.923621 6.673565 3.818424 0.0 3.801763 6.560494 10.213871 13.528583 16.958028 19.362288 22.904492 25.721721 27.001991 24.045762 23.519577 21.333435 17.799308 17.313618 15.564303 17.18996 17.284557 19.590906 20.468226 21.715124 23.125846 19.730346 18.152072 16.716598 14.611862 12.995832 13.000042 12.61321 14.471852 17.530641 20.879996 22.320066 23.256389 26.264231 26.305071 26.652361 28.353964 26.32345 23.030878 21.877684 21.069726 20.423328 20.894801 20.808043 22.197554 20.564747 17.857524 14.228608 16.005683 14.115088 11.292988 
16.229025 12.558396 10.34875 6.912169 7.561704 5.575431 8.411182 9.367508 7.994609 6.224966 3.801763 0.0 3.775694 6.87257 10.436847 13.669054 16.077862 19.725153 22.324871 23.48266 20.60225 19.923791 17.926216 14.543054 14.591073 13.418434 15.70374 16.54052 19.376415 20.932125 22.539824 24.490825 21.417694 19.611889 17.561465 15.015 12.540518 11.893705 10.447503 11.795243 14.467422 17.860248 19.525693 20.902966 24.135743 24.432423 25.261483 27.307343 25.622456 22.075008 20.625023 19.220027 18.112736 18.056225 17.604232 18.677395 16.905459 14.093534 10.519113 12.614045 11.104326 8.720774 
13.974037 10.25407 8.538617 5.709635 5.653195 5.261507 8.952433 11.181348 10.854223 8.623376 6.560494 3.775694 0.0 3.792966 7.053355 10.419186 13.017302 16.520199 19.290895 20.836163 18.134282 18.022069 16.397725 13.25938 13.844941 13.518234 15.80221 17.29672 20.128454 21.958474 23.291107 25.457629 22.51671 21.124618 19.113115 16.045882 13.450527 11.71602 9.735782 9.91705 12.200884 15.877944 18.110032 19.436889 22.911804 23.787069 24.696215 27.149975 25.933874 22.265356 21.152936 19.293143 18.308168 17.63732 17.246181 17.8015 16.207917 13.189784 10.031652 12.779752 11.431419 10.246518 
10.26245 6.5672 5.472884 4.265185 5.247032 7.237913 10.957416 13.380927 13.655362 12.006666 10.213871 6.87257 3.792966 0.0 3.787173 6.801144 9.478701 13.058265 15.615495 17.15338 14.623322 14.58831 13.412259 10.741547 12.219074 12.912678 15.622595 17.847129 20.948439 23.292421 24.807954 27.361314 24.758682 23.302973 20.943016 17.643757 14.602788 12.251827 9.321387 8.211717 9.469813 13.183934 15.853488 17.610201 21.287174 22.577099 23.94835 26.758376 26.006107 22.215514 20.980156 18.525178 17.190516 15.77006 15.031773 14.966616 13.382383 10.28954 7.759419 10.963603 10.282201 10.325476 
8.547113 5.59905 5.452296 6.196601 6.057098 9.233837 12.569455 15.498783 16.486518 14.85469 13.528583 10.436847 7.053355 3.787173 0.0 3.774997 6.112478 9.487365 12.367234 14.229235 11.841487 12.6375 11.902466 9.850966 11.774742 13.362461 15.797516 18.532916 21.494719 24.07271 25.382169 28.147611 25.84171 24.687331 22.341169 18.779902 15.789125 12.744642 9.666336 7.140483 7.268059 10.979553 14.17391 15.79268 19.569004 21.437068 22.896874 26.043971 25.817491 22.05056 21.174956 18.378207 17.283202 15.329592 14.858496 14.318505 13.361831 10.695377 9.155847 12.138885 11.520604 12.650931 
6.127206 4.445779 6.583771 8.921107 9.530571 12.916543 16.189294 18.999064 19.984747 18.507002 16.958028 13.669054 10.419186 6.801144 3.774997 0.0 3.84512 6.822477 9.094831 11.313887 9.684766 10.804892 11.229207 10.377769 13.183959 15.527392 18.15976 21.24258 24.301636 27.128986 28.533185 31.45979 29.333804 28.146872 25.652202 22.08413 18.945946 15.813895 12.468249 9.362612 7.852083 10.901887 14.483257 16.520116 20.30615 22.565896 24.432521 27.805614 27.973474 24.226308 23.242363 20.06762 18.640723 16.018377 15.046867 13.568792 12.553164 10.016577 9.88895 12.923066 13.227358 14.971049 
5.562581 5.895552 7.285422 10.219734 10.438451 14.236942 16.952579 19.763504 21.360744 20.307195 19.362288 16.077862 13.017302 9.478701 6.112478 3.84512 0.0 3.761056 6.524811 8.273257 6.228999 8.186367 8.763961 8.738295 11.628666 14.604051 16.944613 20.365724 23.311591 26.397713 27.829226 31.006678 29.304863 28.153949 25.523907 21.921291 18.790088 15.435033 12.134147 8.504315 5.698737 7.845346 11.585298 13.589994 17.281892 19.875568 21.933976 25.482148 26.093571 22.464283 21.655077 18.253758 17.014699 14.066077 13.507392 11.915439 11.963534 10.544442 10.919647 13.052795 13.172315 15.717487 
7.807635 9.277115 10.972128 13.940873 13.838179 17.624292 20.131409 23.085313 24.893815 23.77027 22.904492 19.725153 16.520199 13.058265 9.487365 6.822477 3.761056 0.0 3.828235 6.407138 5.751023 8.983193 10.460199 11.423445 14.205649 17.459038 19.428758 22.973052 25.683677 28.813377 30.043659 33.275775 31.802927 30.891284 28.3545 24.713669 21.761536 18.249083 15.217884 11.453598 8.281145 9.127968 12.749101 14.398419 17.78074 20.859582 22.942683 26.652249 27.7424 24.308372 23.812854 20.332761 19.331264 16.165032 15.794746 13.820674 14.371593 13.477829 14.416849 16.287983 16.518796 19.303549 
7.915833 10.580413 12.957702 16.375979 16.923876 20.74688 23.361997 26.079311 27.738063 26.804287 25.721721 22.324871 19.290895 15.615495 12.367234 9.094831 6.524811 3.828235 0.0 3.786461 5.549659 8.417693 11.128252 13.07666 16.277303 19.773533 22.008131 25.655606 28.516161 31.816781 33.267878 36.606759 35.225168 34.120733 31.392686 27.842614 24.707102 21.36032 18.113694 14.454939 10.961656 11.054634 14.344718 16.461042 19.594008 22.681524 25.162591 28.878787 30.151497 26.776219 25.99492 22.326224 20.906427 17.376017 16.432024 13.728158 14.210993 13.752491 15.623251 17.302987 18.259938 21.255391 
8.139321 11.501439 13.397146 17.012913 17.886608 21.745989 24.064433 26.421624 28.245487 27.816323 27.001991 23.48266 20.836163 17.15338 14.229235 11.313887 8.273257 6.407138 3.786461 0.0 3.804407 6.067223 9.268541 12.113306 15.292184 18.98937 21.239051 24.964964 27.873946 31.379736 33.114162 36.628022 35.534004 34.178864 31.212369 27.841123 24.60012 21.487951 18.22432 14.806668 11.063277 10.024339 12.66239 15.141467 17.944135 20.894547 23.758155 27.405289 28.850128 25.61002 24.593121 20.812557 19.177066 15.453352 14.412364 11.501557 12.672062 13.244927 15.522241 16.405618 17.579943 20.954342 
6.6535 9.461381 10.453941 13.901858 14.61762 18.454254 20.544459 22.815161 24.801883 24.553604 24.045762 20.60225 18.134282 14.623322 11.841487 9.684766 6.228999 5.751023 5.549659 3.804407 0.0 3.814515 5.91701 8.490094 11.530845 15.228964 17.44182 21.164495 24.095301 27.60203 29.398461 32.923511 31.842715 30.418038 27.422899 24.07782 20.837564 17.767676 14.546409 11.22478 7.467319 6.288493 9.14149 11.783588 14.881934 17.658326 20.459482 24.074736 25.306877 21.969887 20.929072 17.170918 15.639694 12.025655 11.380791 9.074173 10.654168 11.281746 12.909868 13.534208 14.202924 17.658211 
5.872038 8.891979 9.611169 13.153852 14.716597 18.342032 20.40962 22.132972 23.868674 24.075892 23.519577 19.923791 18.022069 14.58831 12.6375 10.804892 8.186367 8.983193 8.417693 6.067223 3.814515 0.0 3.804564 7.111251 10.470705 14.06762 16.783405 20.403879 23.625786 27.242374 29.462949 33.031997 31.942023 30.096012 26.830187 23.736394 20.247757 17.670825 14.24047 11.545733 8.199174 6.982549 8.956696 12.391415 15.357278 17.472232 20.631741 23.996031 24.926758 21.548881 19.880999 16.063876 13.806074 10.000569 8.411841 5.490694 7.212456 8.715806 10.859104 10.828977 12.180906 15.753581 
7.406932 9.008239 8.123053 11.057413 12.393796 15.795797 17.407561 18.894751 20.879728 21.418598 21.333435 17.926216 16.397725 13.412259 11.902466 11.229207 8.763961 10.460199 11.128252 9.268541 5.91701 3.804564 0.0 3.778895 6.754515 10.36363 13.041401 16.639659 19.883969 23.521842 25.854025 29.443676 28.44092 26.48893 23.163812 20.168185 16.697113 14.312406 11.053476 8.883838 6.163645 4.651666 5.916654 9.586018 12.666232 14.350001 17.433734 20.671395 21.345073 17.897357 16.13401 12.336222 10.126426 6.40708 5.546085 4.357022 6.923666 8.588125 9.504031 8.719082 9.17052 12.932673 
8.181122 8.064948 5.674733 7.763869 8.973759 12.157396 13.684402 15.142545 17.139036 17.692273 17.799308 14.543054 13.25938 10.741547 9.850966 10.377769 8.738295 11.423445 13.07666 12.113306 8.490094 7.111251 3.778895 0.0 3.793739 7.132961 10.170258 13.652957 17.055096 20.550039 22.879484 26.350997 25.093557 23.09254 19.805515 16.736592 13.172717 10.823803 7.402203 5.741724 4.454126 4.867054 6.116682 9.214558 12.603768 13.812142 16.392969 19.45724 19.565164 15.879891 14.083955 10.52392 8.492097 5.650277 5.544095 6.252679 7.633978 8.180312 7.477976 6.82137 6.025285 9.653881 
11.908362 11.281569 8.11419 8.602339 8.855647 11.277174 11.751686 12.830804 15.369838 16.405748 17.313618 14.591073 13.844941 12.219074 11.774742 13.183959 11.628666 14.205649 16.277303 15.292184 11.530845 10.470705 6.754515 3.793739 0.0 3.7609 6.42552 9.96567 13.319045 16.880143 19.317538 22.856697 21.836055 19.761855 16.41522 13.482869 10.062931 8.048451 5.486539 5.544623 6.206868 6.151341 5.529868 7.55924 10.556668 11.033978 13.268119 16.085382 15.902695 12.173019 10.406583 7.005607 5.687804 4.430762 6.479628 8.857185 10.591909 11.306576 9.708995 8.290586 5.791348 9.000064 
14.890437 13.558856 9.90774 8.910882 8.841377 9.95228 9.474079 9.726504 12.433685 14.050482 15.564303 13.418434 13.518234 12.912678 13.362461 15.527392 14.604051 17.459038 19.773533 18.98937 15.228964 14.06762 10.36363 7.132961 3.7609 0.0 3.849115 6.71355 10.352484 13.762207 16.470116 19.887808 18.771087 16.388046 12.906166 10.228965 6.72314 5.856736 4.630165 7.044934 9.20354 9.738755 8.717714 9.720193 12.039417 11.472502 12.97729 15.122708 14.085819 10.324641 8.248532 5.890308 5.266355 6.493481 8.638766 11.696278 12.904671 13.296944 10.846675 9.155655 5.608407 7.409774 
18.070353 16.81908 13.201818 11.967501 10.842439 11.375465 9.696187 9.841141 13.227156 14.940445 17.18996 15.70374 15.80221 15.622595 15.797516 18.15976 16.944613 19.428758 22.008131 21.239051 17.44182 16.783405 13.041401 10.170258 6.42552 3.849115 0.0 3.747141 6.893874 10.489778 13.082238 16.675405 16.042271 13.900328 10.576803 8.013557 5.525935 5.176725 6.367591 8.931066 11.310956 11.355392 9.659741 9.153453 10.584243 9.417028 9.968066 11.796656 10.555567 6.757011 5.601696 4.494422 6.441047 8.680819 11.701807 14.859485 16.517616 17.044047 14.606856 12.992157 9.430627 10.672156 
21.433752 19.864508 16.112146 14.233969 12.9865 12.416508 9.773531 8.787744 12.179185 14.431687 17.284557 16.54052 17.29672 17.847129 18.532916 21.24258 20.365724 22.973052 25.655606 24.964964 21.164495 20.403879 16.639659 13.652957 9.96567 6.71355 3.747141 0.0 3.76861 7.140218 10.20216 13.64399 13.138581 10.618707 7.151657 5.479933 4.40635 6.395375 8.874467 12.054887 14.832291 15.094607 13.318202 12.498323 13.268036 11.333758 10.933936 11.604024 9.241495 6.05363 5.181032 6.574937 8.815836 11.828681 14.678741 18.075126 19.484242 19.88474 17.108431 15.396547 11.724698 11.895722 
24.842275 23.289902 19.571066 17.604833 15.891764 14.992416 11.814538 10.787801 14.188625 16.331874 19.590906 19.376415 20.128454 20.948439 21.494719 24.301636 23.311591 25.683677 28.516161 27.873946 24.095301 23.625786 19.883969 17.055096 13.319045 10.352484 6.893874 3.76861 0.0 3.788016 6.854573 10.425299 10.718789 8.593677 5.891635 5.513265 6.838352 8.868211 12.00924 15.005948 17.795049 17.865644 15.894086 14.309183 14.311147 12.033894 10.443249 10.123867 7.145386 5.221329 6.316955 8.967951 11.922027 15.040467 18.155379 21.552914 23.155346 23.590082 20.803492 19.162361 15.48279 15.507459 
28.132617 26.313112 22.569094 20.22472 18.273184 16.726427 13.14091 11.754286 14.788962 16.873106 20.468226 20.932125 21.958474 23.292421 24.07271 27.128986 26.397713 28.813377 31.816781 31.379736 27.60203 27.242374 23.521842 20.550039 16.880143 13.762207 10.489778 7.140218 3.788016 0.0 3.766746 6.881046 7.598614 5.665587 4.441523 5.987939 8.90101 11.34668 14.865384 17.998906 21.041165 21.378235 19.573953 17.807497 17.665183 15.373647 13.218406 12.189185 8.874492 8.337891 9.797121 12.727926 15.596964 18.774271 21.782072 25.187281 26.595705 26.793017 23.776717 22.321955 18.591927 18.059823 
30.16661 28.251461 24.615023 22.198684 19.740794 18.059806 14.381673 13.588502 16.577915 18.031964 21.715124 22.539824 23.291107 24.807954 25.382169 28.533185 27.829226 30.043659 33.267878 33.114162 29.398461 29.462949 25.854025 22.879484 19.317538 16.470116 13.082238 10.20216 6.854573 3.766746 0.0 3.800581 5.389873 5.638235 6.651129 7.777204 11.207997 13.025879 16.783141 19.626621 22.72084 23.192488 21.64009 19.43234 19.201956 17.303108 14.573942 13.511246 10.694323 10.673099 12.930424 15.612328 18.702761 21.602421 24.713053 27.937378 29.365411 29.336557 26.263549 25.176915 21.377002 20.841096 
33.432531 31.301336 27.67864 25.003765 22.470457 20.352972 16.601052 15.600378 18.067228 19.348338 23.125846 24.490825 25.457629 27.361314 28.147611 31.45979 31.006678 33.275775 36.606759 36.628022 32.923511 33.031997 29.443676 26.350997 22.856697 19.887808 16.675405 13.64399 10.425299 6.881046 3.800581 0.0 3.87251 5.784439 8.54375 10.389767 14.1074 16.111417 19.918094 22.832968 26.07706 26.773839 25.365664 23.156877 22.93418 21.044519 18.187096 16.85081 14.001658 14.379115 16.521864 19.319122 22.298247 25.250816 28.250345 31.481228 32.723582 32.493591 29.256814 28.320187 24.519755 23.590682 
31.69573 29.242088 25.675527 22.704526 20.143796 17.603497 13.885775 12.899194 15.019391 15.965562 19.730346 21.417694 22.51671 24.758682 25.84171 29.333804 29.304863 31.802927 35.225168 35.534004 31.842715 31.942023 28.44092 25.093557 21.836055 18.771087 16.042271 13.138581 10.718789 7.598614 5.389873 3.87251 0.0 3.803782 7.188435 8.635837 12.388462 14.420086 18.168036 21.184208 24.671869 25.892175 24.946122 23.091943 23.503126 21.940419 19.497731 18.789717 15.913864 15.3799 17.022064 19.369144 21.941878 24.680522 27.354804 30.437601 31.275629 30.638533 27.209528 26.642661 22.871894 21.541494 
29.941281 27.510607 23.811819 20.799038 18.732814 16.147143 12.384611 10.540297 12.596977 14.338778 18.152072 19.611889 21.124618 23.302973 24.687331 28.146872 28.153949 30.891284 34.120733 34.178864 30.418038 30.096012 26.48893 23.09254 19.761855 16.388046 13.900328 10.618707 8.593677 5.665587 5.638235 5.784439 3.803782 0.0 3.785056 6.388512 10.014039 12.808993 16.39948 19.77459 23.285881 24.451856 23.31727 21.883792 22.393716 20.505154 18.518006 17.787507 14.539305 13.692215 14.601159 17.072196 19.327847 22.299003 24.800443 28.049728 28.787975 28.304738 24.860306 23.974617 20.265166 18.744628 
26.898161 24.625624 20.84995 18.001074 16.310597 14.05743 10.41123 8.19547 10.720316 13.048059 16.716598 17.561465 19.113115 20.943016 22.341169 25.652202 25.523907 28.3545 31.392686 31.212369 27.422899 26.830187 23.163812 19.805515 16.41522 12.906166 10.576803 7.151657 5.891635 4.441523 6.651129 8.54375 7.188435 3.785056 0.0 3.770713 6.861296 10.126896 13.498038 17.038937 20.448359 21.467173 20.183582 19.089044 19.742508 17.746139 16.280376 15.853097 12.581828 11.092645 11.328438 13.653756 15.675793 18.725655 21.162128 24.49525 25.281722 25.009946 21.665089 20.494495 16.803429 15.448521 
23.615225 21.329608 17.607084 14.839331 12.80861 10.836136 7.195594 6.013251 9.416057 11.131467 14.611862 15.015 16.045882 17.643757 18.779902 22.08413 21.921291 24.713669 27.842614 27.841123 24.07782 23.736394 20.168185 16.736592 13.482869 10.228965 8.013557 5.479933 5.513265 5.987939 7.777204 10.389767 8.635837 6.388512 3.770713 0.0 3.787015 6.498103 10.056482 13.470351 16.950893 18.188122 17.276464 16.223835 17.373184 15.973776 14.79978 15.247002 12.588465 10.172775 10.477911 11.874359 13.826976 16.372557 18.809413 21.887794 22.674715 22.214582 18.897716 18.080575 14.287378 13.300656 
20.047358 17.814261 14.037069 11.397434 9.827898 8.396857 5.472567 4.62045 8.271131 10.101039 12.995832 12.540518 13.450527 14.602788 15.789125 18.945946 18.790088 21.761536 24.707102 24.60012 20.837564 20.247757 16.697113 13.172717 10.062931 6.72314 5.525935 4.40635 6.838352 8.90101 11.207997 14.1074 12.388462 10.014039 6.861296 3.787015 0.0 3.79548 6.679306 10.332933 13.771541 15.139975 14.425821 14.04306 15.7621 14.66979 14.402655 15.545588 13.334418 10.123597 9.407669 9.703711 10.909461 13.110163 15.25409 18.246588 18.904489 18.451058 15.180048 14.313795 10.512781 9.763663 
17.360104 15.234602 11.616683 9.393154 7.078981 6.815375 4.944385 6.616559 10.107107 10.753444 13.000042 11.893705 11.71602 12.251827 12.744642 15.813895 15.435033 18.249083 21.36032 21.487951 17.767676 17.670825 14.312406 10.823803 8.048451 5.856736 5.176725 6.395375 8.868211 11.34668 13.025879 16.111417 14.420086 12.808993 10.126896 6.498103 3.79548 0.0 3.822935 6.978892 10.501407 12.124158 11.995741 11.551885 13.863855 13.688194 13.700245 15.686683 14.313622 10.753038 10.477235 9.580093 10.707785 11.90519 14.084382 16.577749 17.377339 16.745898 13.706837 13.407956 9.708611 9.9372 
13.592488 11.493922 7.842507 6.079797 4.512082 6.071886 6.466895 8.411537 11.06936 11.427407 12.61321 10.447503 9.735782 9.321387 9.666336 12.468249 12.134147 15.217884 18.113694 18.22432 14.546409 14.24047 11.053476 7.402203 5.486539 4.630165 6.367591 8.874467 12.00924 14.865384 16.783141 19.918094 18.168036 16.39948 13.498038 10.056482 6.679306 3.822935 0.0 3.78494 7.291606 9.426934 10.024041 10.689934 13.730346 14.137355 15.09843 17.597974 16.687225 12.897467 11.887796 9.809925 9.690004 9.763624 11.247622 13.279179 13.817017 13.021753 10.137359 10.156108 6.773215 7.842055 
10.761705 9.064969 6.051949 5.999961 4.500864 7.878664 9.373919 11.935164 14.306813 14.01336 14.471852 11.795243 9.91705 8.211717 7.140483 9.362612 8.504315 11.453598 14.454939 14.806668 11.22478 11.545733 8.883838 5.741724 5.544623 7.044934 8.931066 12.054887 15.005948 17.998906 19.626621 22.832968 21.184208 19.77459 17.038937 13.470351 10.332933 6.978892 3.78494 0.0 3.768235 6.654698 8.505606 9.556562 13.149363 14.540748 15.907062 18.960788 18.752795 14.982073 14.22456 11.45766 11.051361 9.795625 10.900851 11.945223 12.619041 11.701843 9.594885 10.336791 7.967254 10.029172 
8.104626 7.649136 5.907721 7.918274 7.582977 11.320155 13.12775 15.587406 17.808732 17.504979 17.530641 14.467422 12.200884 9.469813 7.268059 7.852083 5.698737 8.281145 10.961656 11.063277 7.467319 8.199174 6.163645 4.454126 6.206868 9.20354 11.310956 14.832291 17.795049 21.041165 22.72084 26.07706 24.671869 23.285881 20.448359 16.950893 13.771541 10.501407 7.291606 3.768235 0.0 3.807387 6.95154 8.838259 12.637661 14.717623 16.702914 20.100946 20.497484 16.823725 15.969283 12.638926 11.753181 9.324989 9.913294 9.911788 10.979662 10.485685 9.642881 10.444736 9.243323 12.151125 
9.538419 10.360044 8.941545 11.169712 10.990568 14.48977 15.693766 17.787873 20.341549 20.5133 20.879996 17.860248 15.877944 13.183934 10.979553 10.901887 7.845346 9.127968 11.054634 10.024339 6.288493 6.982549 4.651666 4.867054 6.151341 9.738755 11.355392 15.094607 17.865644 21.378235 23.192488 26.773839 25.892175 24.451856 21.467173 18.188122 15.139975 12.124158 9.426934 6.654698 3.807387 0.0 3.76201 6.186417 9.794817 12.21529 14.709556 18.262504 19.221381 15.792729 14.981066 11.36737 10.593157 7.716301 8.912181 8.928691 11.236071 11.983289 11.870166 11.648251 10.650388 14.107545 
12.576976 13.39794 11.404261 13.068968 12.876235 15.852071 16.282145 17.791353 20.640446 21.426682 22.320066 19.525693 18.110032 15.853488 14.17391 14.483257 11.585298 12.749101 14.344718 12.66239 9.14149 8.956696 5.916654 6.116682 5.529868 8.717714 9.659741 13.318202 15.894086 19.573953 21.64009 25.365664 24.946122 23.31727 20.183582 17.276464 14.425821 11.995741 10.024041 8.505606 6.95154 3.76201 0.0 3.783562 6.813846 8.774089 11.700238 15.13366 16.259937 13.04296 12.120358 8.450007 8.031875 5.596097 8.098566 9.261477 12.308462 13.86554 13.578451 12.301338 10.898321 14.418255 
15.680085 16.163108 13.937551 14.985282 13.863694 16.462179 16.22842 17.891732 21.165842 21.876966 23.256389 20.902966 19.436889 17.610201 15.79268 16.520116 13.589994 14.398419 16.461042 15.141467 11.783588 12.391415 9.586018 9.214558 7.55924 9.720193 9.153453 12.498323 14.309183 17.807497 19.43234 23.156877 23.091943 21.883792 19.089044 16.223835 14.04306 11.551885 10.689934 9.556562 8.838259 6.186417 3.783562 0.0 3.804722 6.520369 8.724349 12.418288 13.964275 11.03894 11.22587 8.230838 9.461025 8.38736 11.530773 13.030656 15.996671 17.282242 16.553431 15.417239 13.346267 16.437655 
19.216985 19.874006 17.589709 18.472706 17.287658 19.529959 18.755776 20.034049 23.489362 24.525491 26.264231 24.135743 22.911804 21.287174 19.569004 20.30615 17.281892 17.78074 19.594008 17.944135 14.881934 15.357278 12.666232 12.603768 10.556668 12.039417 10.584243 13.268036 14.311147 17.665183 19.201956 22.93418 23.503126 22.393716 19.742508 17.373184 15.7621 13.863855 13.730346 13.149363 12.637661 9.794817 6.813846 3.804722 0.0 3.837995 6.103878 9.740357 12.07945 10.007956 10.795129 8.603212 10.635442 10.380203 13.831787 15.617253 18.895667 20.585145 19.91445 18.347292 16.211622 19.175813 
21.249022 21.605351 18.882756 19.267801 18.253292 19.925175 18.610555 19.179529 22.637236 24.212993 26.305071 24.432423 23.787069 22.577099 21.437068 22.565896 19.875568 20.859582 22.681524 20.894547 17.658326 17.472232 14.350001 13.812142 11.033978 11.472502 9.417028 11.333758 12.033894 15.373647 17.303108 21.044519 21.940419 20.505154 17.746139 15.973776 14.66979 13.688194 14.137355 14.540748 14.717623 12.21529 8.774089 6.520369 3.837995 0.0 3.828038 6.769378 8.861598 7.151053 7.796675 6.526619 9.247696 10.305261 14.023682 16.545717 19.749861 21.623076 20.626193 18.524692 16.123536 18.714577 
23.917413 23.876077 20.939941 20.796365 19.190635 20.350444 18.458503 19.003069 22.657735 24.156563 26.652361 25.261483 24.696215 23.94835 22.896874 24.432521 21.933976 22.942683 25.162591 23.758155 20.459482 20.631741 17.433734 16.392969 13.268119 12.97729 9.968066 10.933936 10.443249 13.218406 14.573942 18.187096 19.497731 18.518006 16.280376 14.79978 14.402655 13.700245 15.09843 15.907062 16.702914 14.709556 11.700238 8.724349 6.103878 3.828038 0.0 3.797033 6.367488 5.606764 8.065408 8.321995 11.799524 13.423172 17.221355 19.8859 22.869686 24.377244 22.952802 21.080875 18.225201 20.320924 
27.252184 27.047094 23.908656 23.417071 21.841709 22.492888 20.133322 20.09662 23.675922 25.531136 28.353964 27.307343 27.149975 26.758376 26.043971 27.805614 25.482148 26.652249 28.878787 27.405289 24.074736 23.996031 20.671395 19.45724 16.085382 15.122708 11.796656 11.604024 10.123867 12.189185 13.511246 16.85081 18.789717 17.787507 15.853097 15.247002 15.545588 15.686683 17.597974 18.960788 20.100946 18.262504 15.13366 12.418288 9.740357 6.769378 3.797033 0.0 3.795598 5.555928 8.360792 10.085167 13.665573 15.979916 19.739784 22.717643 25.624109 27.208703 25.587729 23.453871 20.474677 22.153258 
27.621767 26.965732 23.538161 22.507897 20.984313 21.03269 18.295565 17.684858 21.114627 23.268317 26.32345 25.622456 25.933874 26.006107 25.817491 27.973474 26.093571 27.7424 30.151497 28.850128 25.306877 24.926758 21.345073 19.565164 15.902695 14.085819 10.555567 9.241495 7.145386 8.874492 10.694323 14.001658 15.913864 14.539305 12.581828 12.588465 13.334418 14.313622 16.687225 18.752795 20.497484 19.221381 16.259937 13.964275 12.07945 8.861598 6.367488 3.795598 0.0 3.833158 6.612242 9.555656 13.140407 16.118479 19.740638 23.063024 25.579222 26.917078 24.881636 22.68756 19.462817 20.53809 
23.934367 23.165033 19.713629 18.699081 17.245027 17.487466 15.014275 14.664396 18.180604 20.196994 23.030878 22.075008 22.265356 22.215514 22.05056 24.226308 22.464283 24.308372 26.776219 25.61002 21.969887 21.548881 17.897357 15.879891 12.173019 10.324641 6.757011 6.05363 5.221329 8.337891 10.673099 14.379115 15.3799 13.692215 11.092645 10.172775 10.123597 10.753038 12.897467 14.982073 16.823725 15.792729 13.04296 11.03894 10.007956 7.151053 5.606764 5.555928 3.833158 0.0 3.814663 6.235957 9.942647 12.822873 16.42911 19.723596 22.080129 23.229615 21.130415 19.08839 15.789528 16.99126 
22.263221 21.524999 18.027816 17.088112 16.37982 16.690209 14.582448 13.723241 16.88082 19.315522 21.877684 20.625023 21.152936 20.980156 21.174956 23.242363 21.655077 23.812854 25.99492 24.593121 20.929072 19.880999 16.13401 14.083955 10.406583 8.248532 5.601696 5.181032 6.316955 9.797121 12.930424 16.521864 17.022064 14.601159 11.328438 10.477911 9.407669 10.477235 11.887796 14.22456 15.969283 14.981066 12.120358 11.22587 10.795129 7.796675 8.065408 8.360792 6.612242 3.814663 0.0 3.832981 6.899647 10.351434 13.676398 17.237984 19.432617 20.795112 18.764983 16.288411 13.201665 14.402836 
18.685617 18.263002 14.97531 14.648783 14.260009 15.374322 14.070165 13.893557 16.990148 19.042341 21.069726 19.220027 19.293143 18.525178 18.378207 20.06762 18.253758 20.332761 22.326224 20.812557 17.170918 16.063876 12.336222 10.52392 7.005607 5.890308 4.494422 6.574937 8.967951 12.727926 15.612328 19.319122 19.369144 17.072196 13.653756 11.874359 9.703711 9.580093 9.809925 11.45766 12.638926 11.36737 8.450007 8.230838 8.603212 6.526619 8.321995 10.085167 9.555656 6.235957 3.832981 0.0 3.794272 6.684895 10.228043 13.622319 16.029425 17.54427 15.877838 13.438569 10.624261 12.688413 
16.388195 16.139511 13.034329 13.126696 13.726346 15.16246 14.620781 14.312113 16.831491 18.95564 20.423328 18.112736 18.308168 17.190516 17.283202 18.640723 17.014699 19.331264 20.906427 19.177066 15.639694 13.806074 10.126426 8.492097 5.687804 5.266355 6.441047 8.815836 11.922027 15.596964 18.702761 22.298247 21.941878 19.327847 15.675793 13.826976 10.909461 10.707785 9.690004 11.051361 11.753181 10.593157 8.031875 9.461025 10.635442 9.247696 11.799524 13.665573 13.140407 9.942647 6.899647 3.794272 0.0 3.851449 6.804842 10.455858 12.69378 14.513833 13.160261 10.253534 8.068556 10.582955 
13.081734 13.447077 10.908187 12.063559 13.070203 15.377319 15.706381 16.116621 18.455389 20.028653 20.894801 18.056225 17.63732 15.77006 15.329592 16.018377 14.066077 16.165032 17.376017 15.453352 12.025655 10.000569 6.40708 5.650277 4.430762 6.493481 8.680819 11.828681 15.040467 18.774271 21.602421 25.250816 24.680522 22.299003 18.725655 16.372557 13.110163 11.90519 9.763624 9.795625 9.324989 7.716301 5.596097 8.38736 10.380203 10.305261 13.423172 15.979916 16.118479 12.822873 10.351434 6.684895 3.851449 0.0 3.80397 6.957113 9.701031 11.843398 11.280652 8.653404 7.478493 10.960733 
11.061161 11.708627 9.793221 11.547657 13.571354 16.037558 17.079173 17.425435 19.120355 20.579253 20.808043 17.604232 17.246181 15.031773 14.858496 15.046867 13.507392 15.794746 16.432024 14.412364 11.380791 8.411841 5.546085 5.544095 6.479628 8.638766 11.701807 14.678741 18.155379 21.782072 24.713053 28.250345 27.354804 24.800443 21.162128 18.809413 15.25409 14.084382 11.247622 10.900851 9.913294 8.912181 8.098566 11.530773 13.831787 14.023682 17.221355 19.739784 19.740638 16.42911 13.676398 10.228043 6.804842 3.80397 0.0 3.803525 6.164294 8.841165 9.05972 6.157671 6.788832 10.363927 
8.49302 10.159525 9.5334 12.300762 14.626241 17.590931 19.266438 20.071048 21.539697 22.522122 22.197554 18.677395 17.8015 14.966616 14.318505 13.568792 11.915439 13.820674 13.728158 11.501557 9.074173 5.490694 4.357022 6.252679 8.857185 11.696278 14.859485 18.075126 21.552914 25.187281 27.937378 31.481228 30.437601 28.049728 24.49525 21.887794 18.246588 16.577749 13.279179 11.945223 9.911788 8.928691 9.261477 13.030656 15.617253 16.545717 19.8859 22.717643 23.063024 19.723596 17.237984 13.622319 10.455858 6.957113 3.803525 0.0 3.81709 7.099459 8.85777 7.067475 8.991468 12.530025 
7.37341 8.449552 8.428448 11.157708 14.210956 16.947502 19.138017 19.858809 20.686913 21.458883 20.564747 16.905459 16.207917 13.382383 13.361831 12.553164 11.963534 14.371593 14.210993 12.672062 10.654168 7.212456 6.923666 7.633978 10.591909 12.904671 16.517616 19.484242 23.155346 26.595705 29.365411 32.723582 31.275629 28.787975 25.281722 22.674715 18.904489 17.377339 13.817017 12.619041 10.979662 11.236071 12.308462 15.996671 18.895667 19.749861 22.869686 25.624109 25.579222 22.080129 19.432617 16.029425 12.69378 9.701031 6.164294 3.81709 0.0 3.830479 6.438 5.442771 8.637759 11.471909 
5.918522 5.599726 6.209036 8.869798 12.244963 14.878573 17.617569 18.629552 19.039852 19.271777 17.857524 14.093534 13.189784 10.28954 10.695377 10.016577 10.544442 13.477829 13.752491 13.244927 11.281746 8.715806 8.588125 8.180312 11.306576 13.296944 17.044047 19.88474 23.590082 26.793017 29.336557 32.493591 30.638533 28.304738 25.009946 22.214582 18.451058 16.745898 13.021753 11.701843 10.485685 11.983289 13.86554 17.282242 20.585145 21.623076 24.377244 27.208703 26.917078 23.229615 20.795112 17.54427 14.513833 11.843398 8.841165 7.099459 3.830479 0.0 3.821191 5.346923 8.41652 10.470639 
7.955223 5.810915 4.30373 5.536592 9.213265 11.356989 14.059267 14.94264 15.232845 15.487779 14.228608 10.519113 10.031652 7.759419 9.155847 9.88895 10.919647 14.416849 15.623251 15.522241 12.909868 10.859104 9.504031 7.477976 9.708995 10.846675 14.606856 17.108431 20.803492 23.776717 26.263549 29.256814 27.209528 24.860306 21.665089 18.897716 15.180048 13.706837 10.137359 9.594885 9.642881 11.870166 13.578451 16.553431 19.91445 20.626193 22.952802 25.587729 24.881636 21.130415 18.764983 15.877838 13.160261 11.280652 9.05972 8.85777 6.438 3.821191 0.0 3.818428 5.707181 7.02751 
9.968708 8.8808 6.756823 7.629923 10.877691 12.747054 14.603694 14.797784 15.420224 16.554086 16.005683 12.614045 12.779752 10.963603 12.138885 12.923066 13.052795 16.287983 17.302987 16.405618 13.534208 10.828977 8.719082 6.82137 8.290586 9.155655 12.992157 15.396547 19.162361 22.321955 25.176915 28.320187 26.642661 23.974617 20.494495 18.080575 14.313795 13.407956 10.156108 10.336791 10.444736 11.648251 12.301338 15.417239 18.347292 18.524692 21.080875 23.453871 22.68756 19.08839 16.288411 13.438569 10.253534 8.653404 6.157671 7.067475 5.442771 5.346923 3.818428 0.0 3.822684 6.064533 
11.661205 10.023718 6.675967 6.140976 8.485235 9.978094 11.221549 11.375665 12.579415 13.918863 14.115088 11.104326 11.431419 10.282201 11.520604 13.227358 13.172315 16.518796 18.259938 17.579943 14.202924 12.180906 9.17052 6.025285 5.791348 5.608407 9.430627 11.724698 15.48279 18.591927 21.377002 24.519755 22.871894 20.265166 16.803429 14.287378 10.512781 9.708611 6.773215 7.967254 9.243323 10.650388 10.898321 13.346267 16.211622 16.123536 18.225201 20.474677 19.462817 15.789528 13.201665 10.624261 8.068556 7.478493 6.788832 8.991468 8.637759 8.41652 5.707181 3.822684 0.0 3.839531 
14.318582 11.928047 8.630885 6.481683 8.791937 8.776579 9.861197 9.182917 9.459138 11.124063 11.292988 8.720774 10.246518 10.325476 12.650931 14.971049 15.717487 19.303549 21.255391 20.954342 17.658211 15.753581 12.932673 9.653881 9.000064 7.409774 10.672156 11.895722 15.507459 18.059823 20.841096 23.590682 21.541494 18.744628 15.448521 13.300656 9.763663 9.9372 7.842055 10.029172 12.151125 14.107545 14.418255 16.437655 19.175813 18.714577 20.320924 22.153258 20.53809 16.99126 14.402836 12.688413 10.582955 10.960733 10.363927 12.530025 11.471909 10.470639 7.02751 6.064533 3.839531 0.0 

