0.0 3.758168 7.121186 8.202244 6.228179 6.910404 10.396041 10.950559 10.787063 13.062046 15.466647 15.857614 17.487436 21.276923 23.578534 26.594086 27.71841 26.832791 27.367308 24.878454 25.312236 27.655719 29.806005 28.69007 28.369086 24.81993 23.483745 20.267029 17.027114 18.710431 21.098433 24.197979 27.335374 30.139706 31.27201 34.602084 36.031821 36.905773 35.185957 37.254455 35.904956 32.331583 33.210308 34.764666 31.764492 29.686948 32.123602 32.161072 28.364667 28.290447 31.634484 32.928513 34.679318 32.019496 33.866349 30.881796 28.894191 26.230972 24.471599 20.780879 21.017953 22.579436 19.882402 17.255312 19.72342 20.233767 16.519952 16.270977 19.41426 18.36546 15.238811 17.501196 20.333439 18.292331 17.380026 20.986435 22.349886 20.953843 22.259552 25.643431 25.980686 28.161378 26.846646 23.099598 23.001876 24.182507 21.782722 18.812619 20.47313 20.883916 17.272862 14.630576 11.337361 9.443336 12.615658 12.934493 10.114135 12.147003 15.348605 14.074137 13.35809 16.886175 18.430069 17.242697 18.644817 21.687649 22.701982 23.51428 26.811446 25.544591 23.062643 25.720731 27.903391 26.086311 28.212736 28.315348 24.682032 23.855018 26.559951 25.243804 21.707577 23.506246 25.447109 22.501547 24.076775 21.057128 23.104184 25.536495 23.113635 21.340606 24.890206 25.971121 23.079689 24.005355 27.469565 26.884131 27.643743 23.899847 23.196322 26.415117 25.796552 22.106361 21.60422 18.694739 16.285495 18.007261 17.523266 13.77427 13.803732 16.592373 15.048923 12.124548 15.103082 17.086907 15.011648 12.699639 10.077951 7.29131 10.213185 11.263695 8.501641 8.442266 11.517802 10.96009 
3.758168 0.0 3.852131 5.562818 5.517365 6.168865 8.778256 10.034873 10.948722 12.569787 14.441171 15.321942 16.653961 20.342045 22.429143 25.372244 26.212576 25.599629 26.09068 23.591412 24.344068 26.302641 28.414125 26.930655 26.516191 22.939088 21.671059 18.551594 15.255883 16.781997 18.715805 21.83149 24.891151 27.709752 28.998705 32.355065 34.083247 34.886657 33.324006 35.167096 33.559638 30.111651 31.043525 32.285222 29.12491 27.242396 29.60717 29.326534 25.509209 25.655437 28.895143 30.498857 32.459513 30.035645 32.044278 29.172895 27.350178 24.567127 23.024148 19.494846 19.288705 20.45427 17.873651 15.050454 17.044829 17.435511 13.732256 13.087593 16.043375 15.073566 11.749925 13.800709 16.70536 14.811206 13.758302 17.301659 18.821203 17.635831 18.841642 22.151303 22.706742 25.088882 24.051343 20.265346 20.017512 21.575546 19.474722 16.236263 17.98663 18.946369 15.584406 13.409453 9.777106 8.579866 11.397289 10.675535 7.699111 10.457868 13.040342 11.150312 11.024916 14.718002 15.65317 14.404755 16.36544 19.31172 19.860716 20.512789 23.969272 23.080047 20.671091 23.142771 25.624043 24.186414 26.249574 26.785251 23.322752 22.048946 24.925698 24.107846 20.444989 21.925404 24.311696 21.783684 23.647546 20.941234 23.331802 25.316717 22.504317 21.167302 24.789901 25.320462 22.255734 23.626196 26.83466 25.902151 26.586708 22.800281 22.661576 26.018952 25.193364 21.715813 21.695915 19.209766 16.212006 17.649392 17.897648 14.303387 13.399139 16.450427 15.712991 12.383965 14.746082 17.407924 15.907088 13.111064 11.479354 9.239613 12.638386 13.132159 10.526014 11.506549 14.44896 13.187222 
7.121186 3.852131 0.0 3.779823 5.635114 5.081303 6.187398 8.485739 9.98077 10.583869 12.023353 13.602641 15.012375 18.468266 20.624759 23.249006 23.630007 23.009116 23.256766 20.65084 21.518403 23.143656 25.286278 23.64549 23.343923 19.8623 18.937696 16.173207 12.699957 13.691595 15.453353 18.374293 21.507333 24.178764 25.402728 28.819398 30.705931 31.60224 30.26097 32.068924 30.255492 26.921058 28.099771 29.19344 25.898728 24.3007 26.838344 26.344238 22.553837 23.12654 26.41686 28.201361 30.099224 27.762178 29.652485 26.727302 25.271191 22.658432 21.629546 18.376029 18.178089 18.652664 15.860351 13.379893 15.072233 14.773294 11.021559 10.712982 13.167163 11.65221 8.341594 10.845022 13.332442 11.20135 10.681894 14.352661 15.475985 14.527302 16.196874 19.245589 19.633732 22.256182 21.18802 17.439018 17.570944 19.542016 17.459158 14.298655 16.620252 17.898223 14.780451 13.518061 10.134993 8.911859 10.565802 9.170725 5.683413 8.264473 10.252277 7.772102 7.585363 11.354379 11.971216 10.568265 12.717196 15.625012 16.058538 16.863121 20.314243 19.491509 17.304684 19.854429 22.354663 21.241171 23.483368 24.387538 21.090462 19.7144 22.895839 22.481664 18.91552 20.441239 23.18409 21.079291 22.814711 20.27233 22.639104 24.132662 20.97588 19.809347 23.309439 23.342866 20.043358 21.59005 24.524519 23.211703 23.697723 19.911569 20.262118 23.621852 22.576102 19.337111 19.790134 17.756902 14.318415 15.534082 16.538206 13.275009 11.689273 15.013771 15.179726 11.926877 13.809312 16.978539 16.31867 13.617899 12.796165 10.723982 14.025766 13.615094 11.256367 13.293236 15.893242 13.97215 
8.202244 5.562818 3.779823 0.0 3.809601 5.335184 5.277067 6.010411 8.633432 9.89775 10.412258 11.191618 11.898711 15.388968 17.261986 20.129296 20.896731 20.59586 21.347219 19.189462 20.568223 22.431756 24.089903 22.244902 21.439348 17.764051 16.266561 13.122076 9.943747 11.800236 13.443139 16.802798 19.650749 22.686195 24.300546 27.456585 29.15959 29.698613 28.009916 29.734311 28.208084 24.719081 25.518075 26.796534 23.722623 21.718201 24.113643 23.986549 20.184035 20.30372 23.677066 25.165441 26.997067 24.547885 26.52706 23.682377 21.947194 19.205938 17.967715 14.638307 14.538391 15.238077 12.450106 9.902516 12.072287 12.105185 8.346058 8.492589 11.541269 10.487718 7.921439 10.771039 13.402811 12.070379 12.250843 15.571811 16.80329 16.644571 18.372396 21.050145 21.696015 24.676872 23.795192 20.134232 20.37045 22.701181 20.787055 17.619127 19.980816 21.510411 18.503963 17.257147 13.776922 12.576892 14.262189 12.835386 9.316152 11.419056 13.213172 10.258754 9.411717 13.138987 13.464829 11.060527 13.029249 16.367875 16.88404 18.307982 21.690553 20.892115 19.277534 22.011359 24.400146 23.619965 26.148051 27.265291 24.047592 22.80042 26.156935 25.854205 22.393871 23.998983 26.814847 24.759369 26.341577 23.685919 25.805469 27.282369 24.092449 22.656102 25.975291 25.982147 22.475552 23.660624 26.531236 24.884227 24.836017 21.016703 21.558815 24.585402 23.00188 19.702937 20.624776 18.343871 14.959554 16.892577 18.159559 14.904528 13.906118 17.523791 17.731625 14.859328 17.073327 20.13807 19.488869 17.041867 15.762435 13.081966 15.988872 15.208474 12.188431 14.060045 16.035319 13.49193 
6.228179 5.517365 5.635114 3.809601 0.0 3.753395 5.528965 4.970349 6.269405 8.740301 10.066472 10.135856 11.401001 15.168278 17.440764 20.408178 21.537624 20.83441 21.640685 19.474796 20.470397 22.863766 24.567492 23.19749 22.52571 18.889138 17.325554 14.053997 10.897153 12.964622 15.346934 18.627577 21.591714 24.57472 25.958427 29.077127 30.381122 31.020426 29.132841 31.169853 29.985036 26.337291 27.092046 28.799307 25.95376 23.715652 26.233855 26.539024 22.805228 22.663432 26.17473 27.235643 28.745049 25.966841 27.689309 24.661456 22.737357 20.194163 18.714437 15.130949 15.751172 16.961087 13.946882 11.794101 14.667498 14.809339 11.147628 11.891935 15.055119 13.846026 11.554585 14.563327 17.050906 15.420792 15.679861 19.166696 20.180956 19.689997 21.586603 24.40455 24.757671 27.534592 26.296399 22.62505 23.073701 25.039862 22.731973 19.773004 22.160495 23.169342 19.80858 18.129617 14.74032 12.792025 14.841124 14.357752 10.670067 12.196323 14.836316 12.580364 10.952478 14.59454 15.767011 13.510038 14.6621 18.161669 19.324742 20.964511 24.153435 22.855454 21.154743 24.172308 26.208897 25.000537 27.680091 28.363559 24.924163 24.167992 27.441768 26.639846 23.267995 25.276958 27.724131 25.256477 26.522985 23.503435 25.260109 27.135382 24.24787 22.297295 25.548618 26.082488 22.649618 23.323343 26.487624 25.135117 25.095885 21.266411 21.203776 24.077436 22.624136 19.009216 19.500834 16.678636 13.795948 16.238985 16.866191 13.36861 13.348606 16.922281 16.477012 13.983885 16.876467 19.436647 18.417463 16.413201 14.377708 11.107378 13.504132 12.729486 9.273134 10.746822 12.456093 9.946801 
6.910404 6.168865 5.081303 5.335184 3.753395 0.0 3.791045 5.419307 5.261167 6.443717 8.811775 10.065694 12.37104 15.953699 18.742023 21.227434 21.7766 20.556814 20.731821 18.065988 18.500236 20.760877 22.922835 21.873628 21.789892 18.395301 17.575008 14.871949 11.261162 12.248548 15.049974 17.816863 21.157152 23.719035 24.604895 27.961203 29.296039 30.369958 28.835039 31.106283 29.712195 26.173239 27.434488 29.12667 26.114113 24.290184 27.16668 27.257257 23.570227 24.000058 27.600901 28.820537 30.15287 27.35152 28.754932 25.496462 24.04919 21.871942 20.943843 17.588877 18.425765 19.040364 15.682252 14.030191 16.643122 15.98457 12.220151 13.325696 15.861078 13.817621 11.433034 14.731914 16.643739 14.274093 14.758731 18.468183 18.890546 17.957792 20.270166 23.089193 22.915119 25.454967 23.819334 20.234045 21.111101 22.842694 20.193273 17.617374 20.352121 20.992477 17.571229 16.264702 13.326551 10.760213 12.148115 12.152038 8.385674 9.003031 11.927513 10.303256 8.091007 11.523802 13.324425 11.600932 12.274313 15.589673 17.132768 18.720105 21.712384 20.063417 18.186949 21.347349 23.13133 21.662307 24.409503 24.910045 21.426836 20.944491 24.236512 23.304669 20.089365 22.392306 24.735446 22.289024 23.268824 20.19601 21.793438 23.558454 20.661819 18.624375 21.826161 22.356452 18.931445 19.590568 22.785427 21.557096 21.724515 17.902032 17.674717 20.705301 19.552179 15.943777 16.19492 13.586846 10.520795 12.642542 13.285864 9.836089 9.60172 13.209431 13.010233 10.658477 13.508112 16.105313 15.512939 13.79691 12.148331 9.04119 11.356443 10.022429 7.136131 9.695902 11.587102 9.188447 
10.396041 8.778256 6.187398 5.277067 5.528965 3.791045 0.0 3.765468 5.217681 4.868122 5.854954 7.831876 9.97385 13.245336 16.017216 18.21868 18.41508 17.299107 17.428781 14.817963 15.679695 17.708013 19.673148 18.33576 18.142529 14.73019 14.071305 11.65679 7.901289 8.524114 11.295185 14.030208 17.371166 19.942829 20.933663 24.249777 25.664182 26.677656 25.208293 27.422552 25.946856 22.440625 23.807433 25.447368 22.407663 20.705338 23.710936 23.764698 20.144938 20.819296 24.472152 25.71663 26.930487 24.176298 25.472281 22.186325 21.025887 19.020456 18.580395 15.572311 16.483823 16.459909 12.916945 11.831951 14.259503 12.964 9.35728 11.21095 13.255941 10.825362 9.19237 12.876692 14.243835 12.084411 13.444722 16.903164 16.958272 16.632683 19.285533 21.633769 21.429935 24.289142 22.761842 19.340372 20.544915 22.7401 20.290052 17.825388 20.88798 21.918133 18.850648 18.207213 15.377592 13.169432 13.796097 13.152224 9.431518 9.658643 11.617935 9.384781 6.689045 9.884004 11.182575 8.726827 9.241322 12.817615 14.359714 16.457161 19.332065 17.761204 16.467357 19.739957 21.459598 20.518716 23.519312 24.486358 21.278926 20.722932 24.28999 23.826987 20.791615 23.03618 25.696146 23.700042 24.576886 21.725018 23.239188 24.494627 21.314287 19.440528 22.376307 22.362104 18.680614 19.36493 22.167771 20.368649 20.029528 16.211946 16.681906 19.50182 17.793684 14.459298 15.575236 13.464354 9.969733 12.159742 13.836597 11.015766 10.286717 14.061629 14.804046 12.754572 15.03414 17.956034 18.050189 16.405696 15.336871 12.50457 14.640764 12.68924 10.128855 13.051196 14.3608 11.337905 
10.950559 10.034873 8.485739 6.010411 4.970349 5.419307 3.765468 0.0 3.825753 5.520629 5.438266 5.341535 6.983056 10.628788 13.345366 15.937295 16.83264 15.907352 16.711977 14.698979 15.95526 18.472961 19.875665 18.550441 17.824335 14.249061 12.818575 9.839596 6.561535 8.576314 11.419446 14.53613 17.486962 20.399147 21.715461 24.681887 25.725076 26.369104 24.425442 26.65764 25.653091 21.943406 22.827209 24.829562 22.157042 19.917272 22.752418 23.363095 19.807219 19.845111 23.567246 24.32225 25.34933 22.3478 23.643903 20.380615 18.775921 16.713483 15.897396 12.689096 14.116758 14.598668 11.017151 10.179823 13.319599 12.530528 9.219316 11.498922 14.039612 12.254859 11.218937 14.801419 16.428287 14.923156 16.359335 19.612071 19.933499 19.991963 22.486876 24.743252 24.78622 27.798644 26.403183 22.994189 24.088437 26.377822 24.000733 21.414699 24.331422 25.429738 22.270579 21.282299 18.204201 15.997707 17.116708 16.574383 12.783299 13.257106 15.377636 13.017807 10.42491 13.445984 14.600362 11.70479 11.949057 15.658684 17.278034 19.69411 22.477696 20.904662 19.947595 23.271494 24.876928 24.030593 27.144039 28.084861 24.867249 24.451223 28.01416 27.444264 24.425376 26.720804 29.303321 27.147199 27.959672 24.939201 26.254499 27.715969 24.684386 22.522336 25.330475 25.549129 21.865118 22.121379 24.966262 23.116202 22.40063 18.672518 18.992682 21.388656 19.32019 15.879149 17.139271 14.558561 11.621139 14.550365 15.953497 13.086309 13.257302 16.994926 17.314871 15.542577 18.24584 20.873174 20.633746 19.139448 17.462579 14.142332 15.886077 13.945244 10.759155 13.074698 13.697425 10.22151 
10.787063 10.948722 9.98077 8.633432 6.269405 5.261167 5.217681 3.825753 0.0 3.785525 5.803759 5.800512 8.833127 12.22104 15.469351 17.716922 18.520888 16.895056 17.266235 14.941452 15.334017 18.25192 19.997541 19.378742 19.205081 15.971283 15.064944 12.563463 9.412108 10.576137 14.001577 16.569966 19.744649 22.265089 23.041199 26.084355 26.805091 27.813034 25.969792 28.566585 27.709338 24.021546 25.165054 27.425821 24.855967 22.753128 25.796723 26.537509 23.098513 23.271215 27.04253 27.623063 28.348308 25.166986 26.072587 22.612505 21.18039 19.534579 18.823576 15.667954 17.526071 18.110086 14.455196 13.922418 17.128622 16.181776 12.914776 15.190576 17.603792 15.448064 14.211645 17.876609 19.317864 17.258104 18.628085 22.115974 22.114528 21.665391 24.376136 26.784836 26.398111 29.096582 27.269348 23.921615 25.302075 27.175106 24.393147 22.15454 25.170975 25.720653 22.340795 21.23441 18.493463 15.654088 16.663734 16.979256 13.249425 12.948044 15.656005 14.145564 11.029951 13.672854 15.71731 13.404237 12.848005 16.381802 18.622825 21.026762 23.545927 21.443705 20.300691 23.826296 25.016907 23.681822 26.882966 27.351476 23.984735 24.10681 27.540452 26.514118 23.705101 26.401785 28.604291 26.176319 26.574606 23.295998 24.172311 25.877419 23.159668 20.548178 23.183426 23.861541 20.321166 20.069417 23.149466 21.669854 21.092828 17.434698 17.052469 19.328199 17.592397 13.861802 14.5203 11.475225 9.098122 12.419009 13.184768 10.312047 11.451258 14.958235 14.85791 13.712885 16.795413 18.903229 18.628785 17.739534 15.759041 12.266193 13.240831 10.871595 7.818567 10.336234 10.450101 6.86119 
13.062046 12.569787 10.583869 9.89775 8.740301 6.443717 4.868122 5.520629 3.785525 0.0 3.799109 6.074858 9.625007 12.387229 15.874307 17.471481 17.470283 15.461107 15.118294 12.271357 12.295739 14.945361 17.072076 16.602628 16.970686 14.034918 13.99893 12.311596 8.933813 8.660229 12.314221 14.23852 17.687298 19.768058 20.119865 23.350907 24.172723 25.550313 24.110217 26.836098 25.711416 22.195709 23.846888 25.985615 23.26472 21.645575 24.987117 25.462036 22.147349 22.920065 26.699369 27.480621 28.062231 24.983733 25.607234 22.01426 21.188759 19.913966 19.889631 17.153 18.95531 18.787321 14.96977 14.927672 17.674068 15.938277 12.837787 15.439244 17.125966 14.323467 13.44306 17.225712 17.964303 15.565282 17.433386 20.81726 20.208991 19.745255 22.837952 24.955735 24.167676 26.791534 24.752561 21.643281 23.479842 25.377878 22.520525 20.683746 24.022415 24.515763 21.371291 20.896372 18.562977 15.670359 15.805111 16.093222 12.591287 11.436082 13.640095 12.462703 8.873526 10.755806 13.031729 10.951593 9.636889 13.000673 15.603761 18.197772 20.393605 18.041722 17.141003 20.784559 21.680481 20.450857 23.820234 24.408383 21.222108 21.529375 25.073209 24.242923 21.712752 24.533251 26.807963 24.706805 24.84532 21.733668 22.448297 23.708208 20.836383 18.312227 20.698911 21.001121 17.336589 17.074109 19.903502 18.154206 17.420153 13.753414 13.680255 15.975748 14.118622 10.507346 11.621911 9.219774 6.188476 9.360461 10.972115 8.778608 9.371534 12.850108 13.629242 12.83892 15.37119 17.650615 18.138227 17.467779 16.212429 13.22149 14.159411 11.212045 9.193007 12.472364 12.689342 9.392932 
15.466647 14.441171 12.023353 10.412258 10.066472 8.811775 5.854954 5.438266 5.803759 3.799109 0.0 3.779812 6.796866 9.062329 12.485008 13.874112 13.741339 11.962439 11.95156 9.486878 10.527177 13.088747 14.597117 13.647201 13.525888 10.399993 10.207838 8.759989 5.66037 5.250194 8.996353 11.020066 14.251335 16.553359 17.267016 20.281098 21.072714 22.15415 20.535218 23.173132 22.147497 18.552055 20.079718 22.296375 19.703156 17.972504 21.342318 21.996609 18.810497 19.550522 23.344324 23.967396 24.386324 21.296219 21.84201 18.245876 17.551813 16.447259 16.814793 14.484805 16.440499 15.812111 11.964191 12.664987 15.286952 13.203875 10.66966 13.880437 15.211364 12.512609 12.602345 16.371863 16.784497 15.011893 17.443916 20.425529 19.752902 20.004809 23.128614 24.819828 24.24445 27.202998 25.461403 22.494703 24.362685 26.697343 24.169392 22.238716 25.631537 26.565767 23.677721 23.447135 20.933909 18.450672 18.512681 18.167783 14.67178 13.86032 15.333842 13.506879 10.150232 11.780316 13.178026 10.332817 8.934738 12.435094 14.809637 17.882017 19.959727 17.8924 17.686046 21.257373 22.183488 21.583604 25.064206 26.124269 23.231542 23.315325 27.016843 26.622976 24.142875 26.743087 29.302008 27.517536 27.761135 24.855833 25.647892 26.578982 23.518037 21.242498 23.4454 23.299188 19.521479 19.332599 21.712265 19.426851 18.079042 14.587195 15.306642 17.160599 14.574234 11.49346 13.606595 11.769108 8.900563 11.832495 14.107974 12.367235 12.525045 15.974853 17.18996 16.292196 18.502209 21.035511 21.704347 20.813785 19.717147 16.721699 17.87452 14.998546 12.775143 15.821548 15.812372 12.193863 
15.857614 15.321942 13.602641 11.191618 10.135856 10.065694 7.831876 5.341535 5.800512 6.074858 3.779812 0.0 3.857195 6.580718 10.112259 11.995361 12.853771 11.349257 12.312721 10.811077 12.241809 15.238091 16.042154 15.139455 14.348678 11.140259 9.892281 7.777286 5.710758 7.152179 10.411652 12.829445 15.460961 18.111385 19.20604 21.770509 22.157136 22.7772 20.608847 23.218969 22.74252 18.971314 19.8762 22.462524 20.302337 17.981339 21.073728 22.305407 19.20777 19.225524 23.026407 23.131902 23.366642 20.017232 20.570294 17.026955 15.76453 14.627715 14.560345 12.099121 14.639514 14.574586 10.838163 11.810604 14.97832 13.531142 11.312906 14.587988 16.420117 14.411505 14.632269 18.28337 19.120156 17.828224 20.069961 23.004334 22.724735 23.171071 26.069503 27.833257 27.551244 30.625771 29.032041 25.963528 27.599426 29.984665 27.50315 25.335913 28.560371 29.55743 26.508395 25.873224 23.068258 20.586336 21.192932 20.896773 17.208753 16.839597 18.650397 16.600547 13.439485 15.443991 16.719886 13.639908 12.585874 16.092114 18.295751 21.396749 23.548201 21.59485 21.441312 24.981841 25.955228 25.346253 28.819522 29.803794 26.825133 26.924276 30.592667 30.053755 27.467376 30.070955 32.570026 30.566115 30.859779 27.783746 28.511084 29.724218 26.804603 24.317464 26.53171 26.677082 22.955625 22.503672 25.0008 22.827377 21.33265 17.974182 18.404436 19.932582 17.222024 14.098837 16.026388 13.66311 11.479086 14.867352 16.614224 14.627848 15.43753 18.903775 19.580842 18.70579 21.339892 23.671007 23.909203 23.026806 21.384372 18.003853 18.933208 16.244732 13.493288 15.902895 15.341878 11.49775 
17.487436 16.653961 15.012375 11.898711 11.401001 12.37104 9.97385 6.983056 8.833127 9.625007 6.796866 3.857195 0.0 3.79747 6.640726 9.243342 10.901029 10.466116 12.458808 11.955231 14.282947 16.95495 17.024211 15.530559 13.831755 10.439778 7.988112 5.119768 4.801087 7.623479 9.710839 12.557067 14.440839 17.551857 19.311321 21.449218 21.842057 21.827239 19.246713 21.473171 21.253558 17.407092 17.644318 20.263364 18.38388 15.574784 18.294329 19.87285 16.866468 16.289995 20.023736 19.832179 20.089904 16.697476 17.536999 14.215923 12.433577 10.992384 10.723918 8.404307 11.226385 11.217744 7.725202 9.302179 12.523084 11.482276 10.046046 13.380733 15.236478 13.987301 14.771147 18.069363 19.03174 18.509944 20.777908 23.343195 23.3936 24.368064 26.999298 28.562029 28.701174 32.03085 30.822711 27.752162 29.123053 31.810449 29.654916 27.226353 30.293313 31.674348 28.751527 28.060498 24.988068 22.912897 23.760149 22.987794 19.301674 19.483926 21.001167 18.427274 15.735051 17.915555 18.513448 15.038109 14.542701 18.007943 19.675597 22.818322 25.070968 23.563271 23.665163 27.01281 28.231801 28.006696 31.415163 32.70285 29.82934 29.606535 33.333045 33.053456 30.328634 32.670767 35.382371 33.488743 34.042052 31.066446 32.019437 33.177788 30.122916 27.831216 30.134161 30.088597 26.311065 26.065057 28.419872 26.034205 24.357838 21.07704 21.877755 23.318904 20.361695 17.530112 19.728706 17.495826 15.242367 18.494845 20.396009 18.299918 18.837496 22.416094 23.125438 21.927589 24.501306 27.040623 27.137683 25.930894 24.242888 20.809517 22.037809 19.651327 16.595462 18.647173 18.151487 14.32782 
21.276923 20.342045 18.468266 15.388968 15.168278 15.953699 13.245336 10.628788 12.22104 12.387229 9.062329 6.580718 3.79747 0.0 3.813086 5.57328 7.510081 7.414997 10.12809 10.725097 13.558194 16.019667 15.276069 13.733818 11.546039 8.670061 6.002068 4.700293 6.614051 8.453491 9.71355 11.807504 12.894431 15.833751 17.697181 19.2771 19.264128 18.911877 16.048824 18.309357 18.542989 14.733074 14.70714 17.693338 16.350546 13.449961 16.155133 18.226671 15.751509 15.093527 18.688335 17.978311 17.611708 14.046091 14.332615 10.888722 9.389991 8.906202 9.648556 8.681242 11.848133 11.119259 8.199346 11.016855 13.645856 12.236359 11.907291 15.449035 16.653014 15.506469 17.058466 20.153366 20.607141 20.432413 23.090495 25.294502 25.068645 26.417521 29.154617 30.316374 30.396044 33.80499 32.652825 29.832506 31.405711 34.24385 32.190334 29.93517 33.111799 34.589405 31.829491 31.393555 28.413988 26.369405 26.951013 26.086324 22.502764 22.451906 23.622812 21.068833 18.357017 20.031002 20.380522 16.861813 15.975554 19.074838 20.733718 24.146632 26.012404 24.544589 25.200014 28.490147 29.448512 29.560871 33.072273 34.540545 31.909047 31.794598 35.571681 35.47694 32.957799 35.315849 38.086199 36.39264 36.788115 33.896131 34.672555 35.588529 32.517134 30.239729 32.248911 31.990302 28.218926 27.781526 29.789307 27.139034 25.005612 22.076696 23.17639 24.111176 20.787831 18.483061 21.122574 19.298449 17.341996 20.482932 22.670937 21.027999 21.561679 24.99723 26.004532 25.065478 27.461529 29.99097 30.364439 29.297085 27.75302 24.36769 25.437738 22.813895 19.970602 22.105039 21.306493 17.469238 
23.578534 22.429143 20.624759 17.261986 17.440764 18.742023 16.017216 13.345366 15.469351 15.874307 12.485008 10.112259 6.640726 3.813086 0.0 3.775753 6.985959 8.626413 11.957627 13.333873 16.562143 18.584759 17.296937 15.297901 12.389364 9.845479 6.419866 5.427375 8.713197 10.84514 10.860647 12.947191 13.033453 16.195084 18.635359 19.662884 19.665663 18.588788 15.370746 17.005044 17.578946 13.906252 12.934353 15.872549 15.038145 11.662839 13.693565 16.239831 14.122331 12.721023 16.039768 14.832117 14.349078 10.721753 11.330321 8.346486 5.981539 5.37424 6.429632 6.781086 9.903859 8.95663 7.237586 10.608336 12.692181 11.772709 12.489846 15.702431 16.695969 16.319932 18.288447 20.901556 21.378215 21.869258 24.476563 26.27869 26.311514 28.079508 30.546187 31.48526 31.915808 35.488298 34.678256 31.906301 33.250928 36.307081 34.54428 32.119569 35.140327 36.916493 34.293146 33.84323 30.705347 28.986659 29.711726 28.501647 24.984187 25.302538 26.242537 23.369489 21.046689 22.806304 22.663418 19.000711 18.55611 21.505889 22.681851 26.020886 27.916442 26.854401 27.693096 30.769203 31.916182 32.338407 35.758943 37.467786 34.939068 34.565944 38.36392 38.487249 35.874007 38.00853 40.940934 39.356018 39.956067 37.157995 38.117096 38.978269 35.800065 33.689311 35.774474 35.35901 31.558679 31.303369 33.20269 30.413601 28.19594 25.343641 26.694312 27.611116 24.186918 22.083084 24.84385 23.093303 21.027296 24.069309 26.355107 24.609884 24.939985 28.453073 29.49356 28.316982 30.649168 33.337567 33.623668 32.315555 30.773375 27.384093 28.676871 26.252279 23.228849 25.17099 24.474313 20.678918 
26.594086 25.372244 23.249006 20.129296 20.408178 21.227434 18.21868 15.937295 17.716922 17.471481 13.874112 11.995361 9.243342 5.57328 3.775753 0.0 3.88309 6.089039 9.677457 11.960086 15.320497 16.978515 15.042357 13.164069 10.074497 8.575717 6.07776 7.335626 10.696198 11.672509 11.346786 12.317188 11.744798 14.330842 16.576447 17.059869 16.603521 15.346518 11.969161 13.813931 14.828505 11.311931 10.373859 13.763389 13.491004 10.486908 12.714591 15.534844 14.109216 13.200466 16.243611 14.728 13.400821 9.758687 9.156897 5.719904 4.901155 6.602298 9.087846 10.343639 13.134375 11.456681 10.030728 13.709058 15.264853 13.688972 14.82849 18.22571 18.583548 17.887854 20.298379 22.88436 22.779591 23.266654 26.239428 27.826864 27.419384 29.344044 32.019168 32.611744 32.795755 36.325859 35.436959 32.951529 34.601087 37.689847 35.930151 33.793519 36.983289 38.720051 36.2418 36.102958 33.164643 31.347498 31.70039 30.535175 27.131314 27.054431 27.712596 25.04146 22.585786 23.792383 23.595343 20.081126 19.130622 21.650081 22.940796 26.479214 27.911594 26.774167 28.086968 31.11732 31.910668 32.573988 36.077063 37.882709 35.605365 35.42443 39.231264 39.487185 37.144314 39.35461 42.278892 40.896961 41.262479 38.557849 39.293653 39.885681 36.730102 34.634626 36.392968 35.775575 32.034412 31.587096 33.128895 30.149259 27.569298 25.107221 26.685762 27.143854 23.502859 21.939779 25.016614 23.723937 21.906054 24.749527 27.283563 26.013113 26.319347 29.635184 30.99618 30.129439 32.25128 34.890491 35.525335 34.430006 33.101447 29.80618 30.922712 28.194542 25.4741 27.671056 26.785398 22.959652 
27.71841 26.212576 23.630007 20.896731 21.537624 21.7766 18.41508 16.83264 18.520888 17.470283 13.741339 12.853771 10.901029 7.510081 6.985959 3.88309 0.0 3.736545 6.82497 9.504575 13.078602 14.051847 11.798169 9.63012 6.361939 5.796704 4.938394 8.046167 10.983427 10.675259 9.896299 9.702541 8.735247 10.777701 12.840678 13.201738 12.782127 11.729097 8.610419 10.874667 11.53213 7.952611 7.99554 11.445911 11.005973 8.816033 11.724581 14.106516 12.978691 13.113624 16.086999 15.031933 13.551863 10.360763 9.155335 5.422124 6.885202 8.879772 11.978525 13.181766 15.484884 13.079525 11.436765 15.138228 16.191687 13.793219 15.094012 18.617001 18.292167 17.121683 19.889765 22.421286 21.688801 22.090661 25.390931 26.754539 25.874228 27.905137 30.765132 31.019673 30.936426 34.386158 33.446102 31.264274 33.183273 36.288967 34.595069 32.766392 36.089902 37.813867 35.571941 35.837352 33.162795 31.364119 31.257709 30.032769 26.85798 26.434344 26.659096 24.186341 21.757445 22.377552 21.996247 18.714654 17.411303 19.424708 20.692393 24.327284 25.348065 24.228636 25.946948 28.847282 29.389284 30.33161 33.82923 35.791905 33.803008 33.684906 37.469805 37.947952 35.857521 38.03482 40.989152 39.900113 40.123771 37.624584 38.277005 38.520789 35.324655 33.421364 34.939353 33.995574 30.32234 29.923958 31.08794 27.902953 25.119812 22.964723 24.921935 25.176855 21.43043 20.399497 23.788213 23.077522 21.200414 23.614688 26.509749 25.660265 25.641124 28.751138 30.54585 29.830553 31.57488 34.271142 35.308362 34.30602 33.373415 30.32039 31.466283 28.521017 26.155688 28.748312 28.015143 24.1799 
26.832791 25.599629 23.009116 20.59586 20.83441 20.556814 17.299107 15.907352 16.895056 15.461107 11.962439 11.349257 10.466116 7.414997 8.626413 6.089039 3.736545 0.0 3.61825 6.435118 9.692663 11.131117 9.046218 7.78591 5.70589 5.432121 6.091014 8.932282 10.819436 9.820211 10.208044 9.633561 9.77994 11.196668 12.251102 13.113323 12.318408 12.296131 9.754053 12.835298 13.292296 9.890354 10.996127 14.318986 13.525386 11.896569 15.1431 17.1323 15.731408 16.290706 19.456608 18.665594 17.274258 14.091448 12.742003 9.067707 10.293183 11.963349 14.564609 15.006569 17.637654 15.579692 13.183726 16.557422 18.095283 15.468608 15.956217 19.692146 19.572193 17.750489 20.143709 23.075861 22.290227 22.047406 25.413576 27.129391 25.942188 27.557152 30.706587 31.133076 30.64427 33.895275 32.567845 30.411242 32.625553 35.488776 33.487944 31.906847 35.397362 36.787138 34.429866 34.738293 32.267943 30.131471 29.830387 29.00429 25.815074 24.929608 25.343657 23.291754 20.461267 20.800445 20.961591 17.931089 15.974364 17.950726 19.829448 23.585282 24.41833 22.786524 24.457881 27.582601 27.772396 28.421698 32.05284 33.747254 31.72033 31.977154 35.723452 35.97122 34.073603 36.518054 39.266182 38.091809 38.014405 35.429718 35.781426 36.027665 32.996288 30.886315 32.17723 31.3807 27.783374 27.047191 28.195707 25.108522 22.224781 20.185986 21.909567 21.898819 18.127057 17.17184 20.556497 19.979304 18.462222 20.878558 23.693713 23.171084 23.424711 26.32526 28.132292 27.807095 29.570949 32.022394 33.212864 32.551643 31.628581 28.617377 29.425702 26.248053 24.196232 26.917022 25.96598 22.210003 
27.367308 26.09068 23.256766 21.347219 21.640685 20.731821 17.428781 16.711977 17.266235 15.118294 11.95156 12.312721 12.458808 10.12809 11.957627 9.677457 6.82497 3.61825 0.0 3.716344 6.682008 7.643503 5.475708 4.934382 4.684451 5.676015 8.128764 11.098885 12.048049 9.947449 10.646872 9.058292 9.736134 10.120161 10.092296 11.338506 10.475535 11.518859 9.982217 13.424767 13.348482 10.384889 12.544397 15.463466 14.350331 13.583786 17.10214 18.532829 17.175521 18.432682 21.562507 21.180606 19.870955 16.981117 15.512642 11.993844 13.665844 15.214236 17.830679 17.988921 20.433748 18.225035 15.555787 18.63412 20.04847 17.009352 17.172494 20.894895 20.478022 18.108126 20.413179 23.412576 22.222676 21.5637 25.083565 26.804212 25.156928 26.563954 29.941515 30.235157 29.339259 32.37194 30.800838 28.900914 31.435732 34.13608 32.037247 30.831824 34.454785 35.639854 33.419135 34.032631 31.890075 29.63799 28.910617 28.263433 25.304661 23.946789 24.129248 22.512201 19.577909 19.29155 19.630185 17.05307 14.517379 15.963608 18.159402 21.950385 22.351902 20.436908 22.349728 25.460897 25.253425 25.924909 29.590995 31.233418 29.416351 29.923006 33.593076 33.875938 32.284511 34.820155 37.454764 36.458745 36.12594 33.676805 33.815431 33.797219 30.846548 28.803357 29.782074 28.814797 25.347204 24.484033 25.314327 22.142437 19.066887 17.373726 19.264259 18.950123 15.122069 14.721217 18.301376 18.325987 16.982265 18.942396 21.952233 21.948729 22.066125 24.627867 26.750662 26.737581 28.188243 30.523727 32.077239 31.658265 31.050774 28.299448 28.964492 25.588914 24.008829 27.013454 26.124549 22.51092 
24.878454 23.591412 20.65084 19.189462 19.474796 18.065988 14.817963 14.698979 14.941452 12.271357 9.486878 10.811077 11.955231 10.725097 13.333873 11.960086 9.504575 6.435118 3.716344 0.0 3.791653 5.310099 5.253759 5.058152 6.330616 6.082481 8.882899 11.125513 10.854743 8.054624 9.622159 8.14878 10.166907 10.600975 10.082212 12.421903 12.306523 14.009021 13.045517 16.311031 15.542911 12.568886 15.098505 17.594622 15.766412 15.174761 18.907556 19.799602 17.918516 19.503727 22.854461 22.993354 22.202059 19.345525 18.395187 14.784421 16.034212 16.871349 19.072938 18.551323 20.812907 18.775109 15.634576 18.147391 19.702366 16.523485 15.981841 19.624272 19.308735 16.451855 18.320992 21.511542 20.323731 19.124587 22.579905 24.556627 22.755288 23.778165 27.295902 27.790445 26.657018 29.538863 27.737113 25.779423 28.431553 30.952848 28.689287 27.615069 31.298835 32.293943 30.052302 30.746297 28.788202 26.437848 25.515286 25.037454 22.183215 20.557218 20.75217 19.42672 16.350013 15.847264 16.516803 14.211594 11.305086 12.785632 15.383636 19.141232 19.618174 17.386883 19.047837 22.316887 22.076727 22.485579 26.195551 27.701174 25.784505 26.378766 30.036189 30.217959 28.655676 31.273896 33.831955 32.814636 32.42381 29.986119 30.121638 30.089062 27.133171 25.099233 26.122095 25.163734 21.661164 20.86788 21.818753 18.688668 15.797259 13.812229 15.704692 15.70893 11.948824 11.307666 14.94447 15.127066 13.565006 15.308958 18.443152 18.549449 18.509682 20.97875 23.224537 23.271402 24.590574 26.904037 28.57937 28.2353 27.804765 25.239204 25.907661 22.492644 21.181224 24.394831 23.7444 20.256594 
25.312236 24.344068 21.518403 20.568223 20.470397 18.500236 15.679695 15.95526 15.334017 12.295739 10.527177 12.241809 14.282947 13.558194 16.562143 15.320497 13.078602 9.692663 6.682008 3.791653 0.0 3.806321 5.558144 7.338886 9.704539 9.81575 12.547454 14.367285 13.455075 10.563449 12.718494 11.21628 13.532751 13.405904 11.979501 14.437845 14.062921 16.403898 15.914507 19.334231 18.556129 15.927686 18.657027 21.083685 19.247464 18.896637 22.643972 23.395591 21.490535 23.203148 26.569666 26.780763 25.967127 23.095417 22.014361 18.410408 19.632956 20.469362 22.463429 21.635122 23.999768 22.205252 18.864918 21.046579 22.807815 19.665431 18.638393 22.159941 21.986716 18.80906 20.189212 23.512713 22.301936 20.534865 23.850987 26.056958 23.987097 24.497079 28.190983 28.81463 27.249207 29.777591 27.566694 25.759278 28.695293 30.84529 28.29051 27.604969 31.375384 31.946 29.66922 30.458006 28.848424 26.19873 24.988133 25.017343 22.341851 20.156588 20.503483 19.859418 16.542845 15.54303 16.896311 15.253612 11.802845 12.842936 16.020492 19.590903 19.73095 16.934165 18.46371 21.841747 21.079978 21.079413 24.855468 25.969429 24.095609 25.207769 28.708304 28.615895 27.394097 30.284816 32.528323 31.473622 30.676186 28.21539 27.928108 27.82367 25.141854 22.904239 23.52129 22.719227 19.424245 18.130318 18.950455 15.990265 12.953753 11.322726 12.823965 12.295977 8.478641 8.287281 11.943931 12.681348 11.825332 13.203898 16.18525 16.953017 17.210849 19.166787 21.47033 22.095237 23.291113 25.20897 27.134849 27.256448 26.939527 24.587187 24.819084 21.205661 20.485806 23.775957 22.955974 19.794732 
27.655719 26.302641 23.143656 22.431756 22.863766 20.760877 17.708013 18.472961 18.25192 14.945361 13.088747 15.238091 16.95495 16.019667 18.584759 16.978515 14.051847 11.131117 7.643503 5.310099 3.806321 0.0 3.75816 5.722303 9.100133 10.202986 13.630415 16.031424 15.297004 11.899961 13.161887 10.666455 12.603161 11.49183 9.225275 11.773894 11.709949 14.583537 14.933226 18.151025 16.908304 14.871371 18.103285 20.045136 18.154657 18.556934 22.284288 22.607102 21.056002 23.297146 26.392897 26.865803 26.036076 23.557726 22.359341 19.009051 20.788316 21.7839 24.163062 23.661286 25.678382 23.425607 20.340338 22.590552 23.804128 20.338181 19.705958 23.060032 22.264242 19.001504 20.728135 23.696651 21.906373 20.274514 23.786148 25.549965 23.075622 23.795942 27.518151 27.671096 25.908039 28.327186 26.19634 24.837771 27.961458 30.171492 27.871585 27.503706 31.281835 31.964211 30.081014 31.314075 29.947838 27.569605 25.955857 25.71875 23.429144 21.14622 20.808407 20.29258 17.388185 15.718273 16.530341 15.314024 11.828148 11.810065 14.681244 18.187025 17.70665 15.072135 17.263696 20.28227 19.216588 19.772863 23.440002 24.889914 23.50972 24.532389 27.953761 28.282676 27.351648 30.015855 32.353064 31.745328 30.9246 28.843449 28.612223 28.014769 25.251778 23.480765 23.838626 22.459628 19.333949 18.363909 18.490065 15.158434 11.806734 10.895821 13.26038 12.523031 8.83381 9.938903 13.670797 15.19455 14.105184 14.620401 17.964745 19.059484 18.682417 20.340054 23.121815 23.682959 24.323338 26.380833 28.669345 28.708881 28.856819 26.828562 27.287004 23.738756 23.234094 26.69229 26.177039 23.076464 
29.806005 28.414125 25.286278 24.089903 24.567492 22.922835 19.673148 19.875665 19.997541 17.072076 14.597117 16.042154 17.024211 15.276069 17.296937 15.042357 11.798169 9.046218 5.475708 5.253759 5.558144 3.75816 0.0 3.769685 6.906454 9.146774 12.591493 15.607323 15.77839 12.72175 13.355245 10.591471 11.479459 10.102412 8.055513 9.562593 8.653026 11.334633 11.561038 14.944467 14.182144 12.318458 15.439734 17.624421 16.324938 16.74042 20.309532 21.019614 19.953591 22.010617 24.901033 24.972128 23.703008 21.280618 19.641567 16.467075 18.656338 20.202038 22.944162 22.998403 25.146473 22.692385 19.961594 22.716753 23.796461 20.362969 20.345138 23.854827 22.929702 20.048668 22.262311 25.10911 23.288058 22.202495 25.849921 27.37275 25.052847 26.222567 29.819679 29.763704 28.279046 30.90899 29.058131 27.718704 30.699766 33.14584 31.031185 30.467551 34.200722 35.122888 33.241899 34.380047 32.775084 30.49062 29.103602 28.643129 26.176266 24.203382 23.87602 22.948295 20.121279 18.792046 19.211741 17.534971 14.396472 14.608517 17.01933 20.646359 20.170134 17.964488 20.402139 23.265722 22.339086 23.212607 26.816463 28.449608 27.144464 28.002419 31.464672 31.917999 30.895394 33.456154 35.912818 35.315156 34.60305 32.49101 32.315052 31.76607 28.97371 27.188837 27.579809 26.211017 23.082803 22.095363 22.177151 18.840353 15.402184 14.653387 16.946142 15.996088 12.260188 13.251892 16.967238 18.139406 17.123504 18.077545 21.330657 22.185758 21.96895 23.861382 26.499586 26.927261 27.760897 29.904528 32.036386 31.947468 31.891602 29.620421 30.124929 26.58099 25.725267 29.040479 28.305827 24.992065 
28.69007 26.930655 23.64549 22.244902 23.19749 21.873628 18.33576 18.550441 19.378742 16.602628 13.647201 15.139455 15.530559 13.733818 15.297901 13.164069 9.63012 7.78591 4.934382 5.058152 7.338886 5.722303 3.769685 0.0 3.681984 6.145057 9.84161 13.135787 13.6092 10.54246 10.304463 7.199369 7.721907 6.539973 5.378816 7.381832 7.602765 9.636297 9.645263 12.660216 11.368713 9.15079 12.431586 14.357057 12.714717 13.220227 16.843162 17.344924 16.238646 18.457145 21.297603 21.592684 20.578357 18.337472 17.054013 13.953899 16.199892 17.502773 20.384276 20.61694 22.402957 19.660325 17.170383 19.976227 20.664938 17.132337 17.523099 20.936709 19.720424 17.063897 19.650842 22.248833 20.329463 19.69907 23.426334 24.677079 22.5286 24.111647 27.53196 27.330448 26.198488 29.103467 27.628655 26.184372 28.908317 31.654432 29.833429 28.981281 32.610709 33.901077 32.127345 33.268681 31.457017 29.504962 28.259642 27.332732 24.855059 23.320013 22.735691 21.314149 18.830227 17.77978 17.554398 15.507922 12.908405 13.292584 15.091034 18.786429 18.619423 16.976055 19.466702 22.184695 21.797314 23.022885 26.527128 28.53237 27.182997 27.521812 31.107629 31.845054 30.519445 32.786711 35.535758 35.025464 34.711327 32.680932 32.94592 32.419316 29.340469 27.819173 28.626878 27.064557 23.728225 23.305875 23.566703 20.081911 16.936753 15.663862 18.332661 18.090526 14.407499 14.834102 18.616456 19.451925 17.723199 18.776772 22.25073 22.599211 21.956325 24.222245 26.907496 26.802081 27.604513 30.130622 32.110122 31.584846 31.575689 29.263983 30.219024 26.882431 25.65698 28.98577 28.58565 25.087626 
