0.0 4.070156 6.505966 10.090119 12.078235 13.241299 11.000004 11.714932 10.371508 10.344757 7.901055 10.15631 13.11616 12.571233 12.780545 10.449947 11.753634 11.782357 15.382048 17.660926 20.959229 22.063154 22.316693 20.597694 16.943426 14.015846 10.738022 8.476577 6.17325 5.237395 7.721106 10.197668 12.228231 12.856014 11.656457 9.739965 11.05294 12.3726 14.620907 16.894724 19.870182 22.879856 21.53067 23.843493 21.836831 18.190829 16.645767 13.431375 13.592561 12.821886 15.790573 17.631419 18.657917 22.116978 24.270573 26.860796 29.714758 30.259395 31.63816 30.038372 32.995262 32.183767 28.520897 30.075533 29.64205 26.317312 25.620823 22.713001 22.775243 20.643802 20.613253 19.23238 20.135577 20.922781 22.032597 22.939964 25.21611 27.044371 26.366928 23.505663 23.290226 21.706558 22.326627 22.008765 21.820442 22.149668 24.574187 27.481503 29.108884 32.870546 33.144905 30.090866 29.347171 26.470071 26.699726 25.954669 26.75467 26.598054 26.779196 26.297585 26.486113 27.095308 30.471107 31.333219 31.841974 31.076588 32.23201 35.621332 37.691189 40.524973 39.525836 40.470874 40.616432 38.979414 37.252439 37.480606 34.713682 32.534103 34.961033 34.629255 36.401141 34.636037 36.272383 35.648864 35.433529 35.22176 34.422006 34.207352 31.794175 33.799074 32.297179 28.763093 25.302572 24.517622 22.598454 25.750239 26.461335 28.775449 30.661217 32.99102 31.997836 32.559167 30.276916 31.130567 30.690788 31.361167 31.209563 31.967655 35.020097 33.570442 29.998749 27.982666 24.368069 24.301171 26.157784 26.481614 26.717181 28.936091 27.604161 30.342451 33.05859 32.012168 32.127013 35.635668 36.795219 35.62977 37.368203 40.345963 40.576038 40.499489 36.942115 36.352586 33.106803 32.063635 29.910263 26.509236 23.548392 21.056447 20.969218 18.147104 17.816315 17.328755 17.580618 19.616889 20.977937 24.023778 25.689184 24.282468 21.770654 20.25702 17.548882 16.677001 15.247351 15.036036 15.740013 17.376601 17.041588 18.7912 20.19715 23.383763 25.306041 28.857959 27.971225 25.278319 21.673306 18.929832 17.406223 
4.070156 0.0 3.781286 6.589592 9.36137 11.485835 10.38568 12.26866 12.174274 13.058472 11.148156 13.717572 16.394884 15.114019 14.748341 11.632275 11.735385 10.451307 13.681146 15.216433 18.348678 18.997661 18.833544 16.889935 13.19053 10.498916 7.18597 6.076606 4.906713 6.534146 9.542679 12.858512 14.96804 14.799844 12.944124 10.004337 9.930295 10.190884 11.60032 13.565202 16.225493 19.248184 18.180299 20.780928 19.228327 15.747068 14.949702 12.198035 13.501981 13.861057 17.28379 19.471879 20.265804 23.913392 26.093662 28.296866 31.446771 32.009044 33.104574 31.486428 34.67618 34.169106 30.568863 32.124237 31.500381 27.983261 27.141952 24.027551 24.047481 21.453805 20.938107 18.869944 19.155787 19.436704 19.912909 20.485004 22.333845 24.236451 23.841787 21.352362 21.747702 20.70286 21.85243 22.123572 21.765001 22.395883 24.848565 28.042741 29.655557 33.40013 33.407109 30.099215 29.210854 26.104224 26.447189 25.529621 26.546079 25.933813 26.20324 25.191314 24.845939 24.960724 28.106132 29.171626 30.111522 29.469589 30.683704 33.851713 36.204489 39.247295 38.58407 39.83967 40.211645 38.706154 37.321414 37.691024 35.204529 33.131017 35.306305 34.599895 36.162365 34.251046 35.63089 35.139262 34.649975 34.435157 33.280854 32.996169 30.400624 32.28209 30.771894 27.154159 23.871316 23.671468 22.323017 25.510805 25.676021 27.567469 29.678259 31.962685 31.247803 31.858112 29.523902 30.682042 30.123505 30.972684 30.462227 31.336655 34.153788 32.639951 29.01948 27.392053 23.87039 24.428202 26.727805 27.387174 27.454837 29.988782 28.529935 31.496795 33.97311 32.524208 32.807781 36.446596 37.230941 35.857957 37.866164 40.804512 40.657649 40.634431 36.971719 36.65916 33.654625 32.818487 31.054158 27.723749 24.593474 22.066134 21.960604 18.896717 18.179158 16.886152 16.309183 17.843125 18.544667 21.361369 22.593362 21.121068 18.505546 17.342872 15.048896 14.984751 14.298241 14.938115 16.268318 18.444626 18.369439 20.707282 22.129088 25.597792 27.593134 31.247851 30.397327 28.024367 24.374175 21.74929 20.714496 
6.505966 3.781286 0.0 3.798711 5.838196 7.764736 7.162944 9.64295 10.609527 12.387122 11.48959 14.684295 16.625018 14.691151 13.44048 9.991441 9.005723 7.099022 10.048929 11.595975 14.711862 15.593359 15.841065 14.354861 10.841488 8.214703 5.881509 5.066307 6.304715 7.72963 11.391018 14.62939 15.955379 15.000982 13.586719 10.494921 10.370162 9.498828 10.755223 11.828885 14.480124 17.041105 15.417327 17.653107 15.968951 12.579142 11.964052 9.74928 11.542164 12.632385 16.017945 18.039342 18.322614 21.982616 24.030561 25.917256 29.275806 29.977645 30.970194 29.553369 32.945519 32.528398 29.081406 30.859612 30.371384 26.833765 26.29143 23.342248 23.860871 21.332555 21.094291 18.876654 19.350338 18.942553 19.361514 19.279897 21.049518 22.44245 21.652395 19.242886 19.715246 19.133451 20.091392 20.32556 19.433083 19.840789 22.039878 25.27997 26.718504 30.40521 30.3312 26.9081 26.123748 23.05841 23.731958 23.090079 24.546365 24.047003 24.807678 23.812351 23.151341 23.336327 26.339709 27.047635 27.985158 27.000053 27.976393 31.098808 33.366206 36.516406 36.036764 37.246511 37.893364 36.672488 35.520436 36.235531 33.975983 32.252991 34.515711 33.479443 34.68556 32.459315 33.514445 32.779503 31.984262 31.506134 30.139581 29.629404 26.892393 28.635442 27.036987 23.442744 20.149447 20.096787 18.941292 22.084491 22.049286 23.837298 26.018534 28.354274 27.809113 28.600458 26.438247 27.892116 27.591881 28.805665 28.437713 29.711605 32.571872 31.40003 27.927493 26.670499 23.387909 24.26336 26.477711 26.886395 26.443604 28.873567 27.020198 29.907893 32.398495 30.646125 30.724051 34.455015 35.14819 33.476092 35.455336 38.496973 38.144116 37.935451 34.211472 33.874359 30.986176 30.115059 28.570374 25.405359 22.10219 19.786968 20.028734 17.165924 16.785342 14.994291 14.403645 15.332289 16.037014 18.580701 19.920173 18.943451 16.831731 16.219633 14.443621 14.599822 14.721491 15.124913 17.217416 19.046736 18.409193 20.749677 21.633896 25.195032 26.864918 30.625824 30.160391 28.001091 24.500007 21.689957 21.104922 
10.090119 6.589592 3.798711 0.0 3.796178 7.11964 8.37099 11.631727 13.491365 15.724665 15.153082 18.383736 20.153333 17.905235 16.304966 12.688403 10.730675 7.655914 9.346215 9.605784 12.250826 12.475009 12.321304 10.783886 7.327689 5.507236 4.58198 6.222117 8.675396 10.990061 14.499388 17.964663 19.298792 17.945767 16.271925 12.843162 11.738713 9.693784 9.611458 9.621256 11.587471 13.853092 12.391128 14.83102 13.799237 10.880793 11.448337 10.308547 13.082337 15.038787 18.46612 20.564556 20.558452 24.189741 26.126579 27.623178 31.170142 31.93376 32.696166 31.357898 34.904747 34.71614 31.407705 33.211328 32.635439 29.032587 28.458045 25.468938 26.016731 23.247947 22.697725 20.016839 19.97559 18.976816 18.715905 18.07224 19.240338 20.507088 19.934856 18.075962 19.229376 19.352382 20.704809 21.428052 20.289243 20.860057 22.897328 26.269245 27.574353 31.135586 30.830043 27.227418 26.397918 23.243951 24.120834 23.436128 25.162869 24.301112 25.24169 23.792255 22.537986 22.213214 24.843147 25.646136 27.023054 26.076371 27.011196 29.832949 32.327257 35.679577 35.586058 37.051584 37.974939 36.964871 36.183291 37.087184 35.141674 33.602907 35.642149 34.247284 35.175653 32.784306 33.505664 32.833589 31.706708 31.143482 29.380761 28.711971 25.769778 27.268397 25.613988 22.02743 19.004997 19.658864 19.175123 22.163076 21.497484 22.777361 25.206117 27.499941 27.330086 28.240889 26.153745 27.963785 27.648377 29.103233 28.457269 29.91311 32.512842 31.385862 27.978586 27.185568 24.133196 25.553366 28.038661 28.651979 28.003084 30.595192 28.607091 31.583347 33.849302 31.741646 31.898084 35.688087 36.04829 34.149123 36.3063 39.304152 38.584064 38.362389 34.584669 34.470873 31.867353 31.153323 29.999275 27.023074 23.641181 21.473164 21.792768 18.944465 18.365363 15.90918 14.565748 14.6556 14.506866 16.520441 17.281378 16.471182 14.501627 14.627771 13.671952 14.754352 15.723731 16.735332 19.236062 21.312651 20.815022 23.446875 24.249924 27.91376 29.544613 33.327125 32.952915 31.045681 27.588486 24.873172 24.583145 
12.078235 9.36137 5.838196 3.796178 0.0 3.812888 6.15254 9.831213 12.470454 15.396693 15.756818 19.329412 20.507361 18.104125 15.779922 12.433364 9.70269 6.633886 7.190931 7.476405 9.70841 10.222173 11.149996 10.818183 8.218681 7.293206 7.816266 8.842379 11.585294 13.094312 16.841006 19.970954 20.718501 19.121346 18.106912 14.997936 14.417721 12.169628 12.254279 11.417301 13.076398 14.455157 12.19562 13.781506 12.588242 10.103364 10.838312 10.548904 13.18713 15.322156 18.320639 19.878714 19.192513 22.592079 24.133147 25.428285 29.079356 30.156562 31.01933 30.064897 33.725109 33.413903 30.32398 32.455406 32.213778 28.748699 28.637195 25.985752 27.062276 24.602016 24.508958 22.010669 22.345639 20.980453 20.870406 19.714958 20.829388 21.456755 20.349274 18.586424 19.60716 20.089085 20.948342 21.321251 19.543035 19.539721 21.029432 24.215039 25.100108 28.522808 28.307791 24.663623 24.224286 21.35753 22.779934 22.653764 24.875328 24.388335 25.869144 24.673596 23.270779 23.181162 25.629606 25.917344 27.146127 25.700334 26.239074 29.021698 31.25845 34.674239 34.726637 35.973401 37.191991 36.524141 35.893777 37.157628 35.363882 34.186565 36.4214 34.842108 35.441024 32.749304 33.149662 32.083111 30.631065 29.636914 27.672357 26.581869 23.412619 24.573406 22.590566 19.156105 15.977183 16.741929 16.285542 18.967387 18.065467 19.43233 22.077614 24.63075 24.761266 26.071574 24.388998 26.553877 26.726757 28.612939 28.330564 30.22299 32.936288 32.238235 29.05372 28.507893 25.692797 27.137808 29.330252 29.534739 28.424867 30.702076 28.314523 31.015008 33.424761 31.155768 30.913411 34.728484 35.178812 32.964403 34.892149 38.062693 37.247798 36.686389 32.888347 32.539095 29.986944 29.020373 27.948035 25.26572 21.708585 20.045385 20.966722 18.634612 18.712974 16.134038 15.20564 14.648682 14.692837 16.174701 17.079979 17.098858 15.913808 16.60917 16.083209 17.04168 18.299433 18.806951 21.581374 23.180305 22.104477 24.415908 24.646339 28.195989 29.370105 33.176787 33.238055 31.370941 28.140942 25.176242 25.022005 
13.241299 11.485835 7.764736 7.11964 3.812888 0.0 3.78057 7.096539 10.426839 13.711739 14.921389 18.620622 19.102128 16.496239 13.601839 10.672168 7.4201 5.096878 4.845392 6.449764 8.76415 10.464391 12.440687 12.860892 10.840402 9.674112 10.414333 10.366146 13.143115 13.72556 17.493039 20.157978 20.204868 18.333135 18.043996 15.442562 15.563089 13.487133 14.239791 13.316505 15.267603 16.214957 13.267552 13.92478 11.987275 9.615113 9.626658 9.729247 11.744371 13.822245 16.27768 17.333143 16.144159 19.344208 20.684911 21.815779 25.507927 26.717792 27.638181 26.933502 30.635373 30.234407 27.311598 29.657822 29.683932 26.376188 26.679341 24.39063 25.960239 23.90154 24.353811 22.222745 23.117363 21.620071 21.987999 20.655499 22.10207 22.211745 20.475614 18.463561 18.939866 19.410998 19.611912 19.469479 17.217848 16.653443 17.742693 20.7495 21.427026 24.818231 24.713152 21.108142 20.92596 18.316277 20.074312 20.449588 22.971976 22.992597 24.884544 24.155449 22.936846 23.370601 25.861717 25.606357 26.399616 24.500605 24.717277 27.641462 29.497361 32.815913 32.7597 33.683373 34.998955 34.525408 33.871238 35.373933 33.619208 32.73059 35.20587 33.593691 33.993024 31.119157 31.388242 29.957319 28.413309 27.127335 25.253096 23.967292 20.805609 21.949852 19.872163 16.51213 13.041174 13.347713 12.578082 15.245836 14.606697 16.330002 18.849436 21.538618 21.592907 23.087941 21.664441 23.910233 24.493395 26.623289 26.799746 28.988213 31.908489 31.601877 28.634185 28.136396 25.51223 26.780616 28.564953 28.307843 26.819336 28.736096 26.048417 28.464679 31.033024 28.749308 28.151744 31.948598 32.578039 30.205006 31.884173 35.190615 34.449901 33.644746 29.86296 29.261414 26.65159 25.485052 24.392485 21.8743 18.241567 16.925627 18.306453 16.489818 17.235922 14.817271 14.617549 13.882708 14.6387 16.017088 17.535193 18.085888 17.48879 18.161965 17.598045 18.010824 19.26957 19.076527 22.005283 23.003373 21.331681 23.246205 22.921955 26.302989 27.065553 30.849342 31.283153 29.498622 26.526803 23.421053 23.510647 
11.000004 10.38568 7.162944 8.37099 6.15254 3.78057 0.0 3.782949 6.73261 10.122957 11.58981 15.353813 15.747865 13.485654 10.600086 8.044417 5.656926 5.281215 6.87504 9.674475 12.308465 14.237749 16.144373 16.237828 13.764468 11.864364 11.472336 10.276192 12.169517 11.77684 15.472215 17.68861 17.533911 16.063196 16.256706 14.150903 15.125159 13.934387 15.532772 15.461617 17.94224 19.360089 16.525381 17.299255 14.944034 12.114816 10.990259 9.954943 10.824562 11.898272 14.117305 14.844411 13.726928 16.955865 18.309267 19.985248 23.50141 24.76323 26.045596 25.342085 28.896453 28.155837 25.088814 27.519175 27.743918 24.539009 24.986585 22.816265 24.442024 22.699159 23.507285 21.841757 23.179955 22.211194 23.112007 22.290585 24.204617 24.537314 22.719195 20.233546 20.11111 19.896772 19.684786 18.970912 16.920514 16.035317 17.214068 20.001407 20.741213 24.277591 24.51138 21.13911 21.106372 18.676002 20.250496 20.735842 22.987875 23.418316 25.134854 24.849459 24.190282 25.046483 27.875653 27.599 28.006442 26.103614 26.371952 29.572969 31.198943 34.298684 33.85158 34.491432 35.527166 34.85196 33.811581 35.136993 33.058789 32.005871 34.727164 33.480018 34.15061 31.440937 32.043977 30.530969 29.330584 28.115981 26.67507 25.547174 22.637985 23.99853 21.978351 18.720258 15.038547 14.425099 12.666521 15.436611 15.648007 18.032257 20.241106 22.988469 22.642323 24.03669 22.582619 24.435048 25.074331 26.961091 27.447688 29.453727 32.627988 32.274223 29.245202 28.304188 25.470897 26.208757 27.692084 27.179073 25.861431 27.547296 24.949323 27.211488 30.07437 28.178918 27.426314 31.16061 32.193057 30.041786 31.475509 34.860343 34.53004 33.694189 29.978581 29.068386 26.110987 24.672017 23.060639 20.34706 16.708364 15.341888 16.834016 15.139632 16.279749 14.598047 15.187115 15.291269 16.765581 18.673455 20.592182 20.836299 19.92957 19.98048 18.748006 18.488652 19.044055 18.313693 20.840869 21.526277 19.629434 21.127524 20.746736 23.970236 24.655404 28.433647 28.864515 26.775695 23.814471 20.506874 20.259446 
11.714932 12.26866 9.64295 11.631727 9.831213 7.096539 3.782949 0.0 3.798921 7.251086 9.645788 13.265059 12.908737 10.65977 7.367618 5.852446 4.501754 6.638369 8.451044 11.956416 14.694017 17.184084 19.292352 19.405171 16.966628 14.674059 14.00154 11.922302 13.273025 11.801583 15.086939 16.560489 15.681221 14.223573 15.270491 13.997993 15.811939 15.244816 17.518819 17.819817 20.657149 22.124434 19.123664 19.577007 16.70927 13.81884 11.748265 10.338248 9.825147 9.972952 11.40241 11.503164 10.177602 13.341015 14.756233 16.699113 20.078378 21.306945 22.790327 22.147639 25.593829 24.640092 21.558032 24.103085 24.566251 21.542704 22.318597 20.499767 22.455348 21.226539 22.594517 21.505388 23.416338 22.690336 24.160561 23.560704 25.896522 26.08235 23.93411 21.087463 20.277188 19.606046 18.736343 17.344275 15.276029 13.896054 14.957092 17.446792 18.257525 21.871905 22.347343 19.253753 19.334832 17.192401 18.65938 19.433625 21.556919 22.539815 24.313839 24.601096 24.43829 25.837832 28.850164 28.283745 28.182503 26.105561 26.26478 29.677247 30.933954 33.766034 32.967816 33.249615 34.092699 33.361036 32.047303 33.353624 31.108344 30.128363 33.106735 32.092057 32.824136 30.176099 30.945598 29.232758 28.28536 27.052426 26.045744 25.053462 22.479011 24.071767 22.249456 19.150194 15.431157 13.886187 11.329464 14.188242 15.317118 18.148614 19.829324 22.467405 21.671312 22.925004 21.532776 23.024451 23.851548 25.618184 26.546472 28.534028 31.935377 31.771179 28.886347 27.713734 24.946226 25.233516 26.233297 25.277189 23.856048 25.147664 22.485957 24.461214 27.561484 25.953745 24.944146 28.578809 29.9578 27.937564 29.086067 32.535676 32.542411 31.626063 28.014116 26.818877 23.61706 21.977359 20.009072 17.198815 13.622825 12.337313 14.093448 12.891514 14.708225 13.773616 15.296903 15.853406 18.064332 20.199856 22.626531 22.891865 22.115285 21.787113 20.220212 19.281796 19.447204 17.980316 20.291591 20.330634 17.932779 18.845323 18.032271 20.991684 21.367764 25.100788 25.747789 23.590449 20.847228 17.398994 17.236579 
10.371508 12.174274 10.609527 13.491365 12.470454 10.426839 6.73261 3.798921 0.0 3.753851 6.576352 10.065829 9.718568 8.302652 5.674193 5.451948 6.601838 9.351489 11.895219 15.448199 18.37473 20.753451 22.628603 22.391944 19.604525 16.957215 15.511203 12.852281 13.115695 10.740743 13.508775 14.308 13.306397 12.629342 14.114462 13.511035 15.999314 16.321015 19.052815 20.018246 23.113931 24.986532 22.223821 22.970304 20.04142 16.883115 14.435321 12.226742 10.85897 9.635528 10.688331 10.484523 9.76499 12.788015 14.301964 16.939562 19.882969 21.014572 22.846143 22.082755 25.215817 23.917856 20.643032 23.107479 23.681687 20.806519 21.562217 19.815468 21.591316 20.666242 22.239591 21.618702 23.783815 23.653327 25.465492 25.387446 27.99584 28.497981 26.484458 23.377473 22.243555 20.966327 19.946801 18.216135 16.700534 15.35105 16.625965 18.801856 19.767378 23.382768 24.123992 21.378702 21.457575 19.465487 20.524477 21.156288 22.795587 23.970664 25.36587 25.938549 26.255122 27.851683 31.102799 30.687037 30.3788 28.485948 28.801695 32.362032 33.532965 36.160933 35.035811 35.159611 35.665537 34.659591 32.969464 33.967577 31.39128 30.13723 33.249486 32.665215 33.746336 31.387267 32.533522 30.912168 30.361608 29.343257 28.72291 27.973205 25.656561 27.41617 25.711419 22.684524 18.9995 17.110606 14.183091 16.903138 18.509356 21.55363 23.001617 25.550507 24.454303 25.489722 23.99304 25.030109 25.714143 27.090012 28.132974 29.78448 33.306237 32.965938 30.004916 28.387054 25.415223 25.165129 25.921851 24.848777 23.812591 24.932435 22.58942 24.440225 27.731616 26.615664 25.620422 29.092802 30.809107 29.147471 30.117578 33.515949 33.930083 33.111522 29.640461 28.276319 24.830482 23.068863 20.608501 17.61057 14.363795 12.922078 14.393338 13.226424 15.098495 15.013926 16.941532 18.219811 20.688013 23.19511 25.725327 25.628585 24.490845 23.674313 21.595118 20.198652 19.642528 17.832002 19.504366 19.310106 16.909663 17.340784 16.688628 19.395036 19.837273 23.492089 23.959957 21.391908 18.604482 14.98624 14.202188 
10.344757 13.058472 12.387122 15.724665 15.396693 13.711739 10.122957 7.251086 3.753851 0.0 3.816878 6.6532 6.001335 5.332195 4.283034 5.61007 8.518884 11.632323 14.587386 18.228997 21.421523 23.905478 25.522274 24.913591 21.921195 18.891762 16.952451 13.747395 13.154422 9.957092 11.790119 11.679431 10.238569 10.181189 12.227838 12.547782 15.664271 16.811869 19.996981 21.54133 24.916296 27.10906 24.53802 25.465177 22.364967 18.9963 16.105241 13.322626 11.121719 8.677391 9.207812 8.998065 9.412994 12.309959 14.288027 17.256422 19.73246 20.416992 22.285765 21.175776 23.969854 22.584577 19.092186 21.231704 21.690222 18.908459 19.493221 17.792827 19.352333 18.764961 20.573989 20.500343 22.976256 23.378909 25.600314 26.012053 28.938029 29.652735 27.710805 24.34072 22.802567 20.928782 19.737034 17.742028 16.892598 15.799553 17.457664 19.466715 20.844328 24.466022 25.259238 22.835954 22.638599 20.657314 21.137744 21.485055 22.550065 23.865692 24.85052 25.742255 26.580751 28.440095 31.90213 31.585357 31.000055 29.330662 29.832809 33.52946 34.616727 36.992794 35.512256 35.529945 35.642211 34.317469 32.270514 32.919973 30.054229 28.53369 31.719799 31.548411 32.966634 30.939592 32.477151 31.028017 30.935108 30.248876 30.069402 29.710016 27.755494 29.837524 28.452158 25.404047 21.845792 19.650572 16.621341 19.450327 21.469651 24.506331 25.577049 27.839361 26.317952 26.944391 25.206623 25.699659 26.110115 27.012107 28.112748 29.380126 32.977199 32.477737 29.508339 27.485687 24.416736 23.636229 24.101517 22.924329 22.276395 23.271146 21.332541 23.139691 26.485451 25.840245 25.012597 28.298114 30.22801 28.9974 29.914484 33.156527 33.93498 33.35535 30.044216 28.697372 25.107607 23.492878 20.756859 17.509907 14.802574 12.942129 13.760625 12.540794 14.302907 15.089045 17.413298 19.368452 22.148157 25.016668 27.755239 27.308392 25.937418 24.601939 22.081097 20.137361 18.948705 16.690355 17.749 17.15993 14.724032 14.65954 14.19637 16.674951 17.33179 20.891425 21.067219 18.237795 15.365936 11.727022 10.560601 
7.901055 11.148156 11.48959 15.153082 15.756818 14.921389 11.58981 9.645788 6.576352 3.816878 0.0 3.784551 5.394597 5.342658 6.431449 6.502747 9.831815 12.294069 15.788934 19.183283 22.645009 24.864924 25.956195 24.802611 21.507261 18.216029 15.666622 12.237456 10.706698 7.122923 8.324629 8.118908 7.453221 8.241013 9.633077 10.079891 13.34345 15.169116 18.489991 20.618338 24.107999 26.729271 24.590183 26.020611 23.080824 19.446905 16.612624 13.260424 11.241709 8.561557 9.941477 10.867661 12.303593 15.373988 17.723001 20.614136 22.980813 23.277431 24.886234 23.321464 25.961569 24.828959 21.151545 22.766058 22.713935 19.743898 19.633424 17.426255 18.23939 17.287075 18.656511 18.56169 20.836415 21.735969 23.960117 24.856171 27.844459 29.013902 27.473988 24.050206 22.630656 20.420967 19.724257 18.165602 18.014614 17.672245 19.908681 22.219451 23.981077 27.674606 28.261744 25.767502 25.153768 22.800999 22.810658 22.546611 23.135159 24.010374 24.438894 25.094429 26.091836 27.762615 31.36229 31.470667 31.039257 29.811808 30.664235 34.367224 35.73888 38.112678 36.559536 36.846735 36.708232 35.051424 32.883755 33.144116 30.116012 28.161238 31.130648 31.176151 32.953626 31.237062 33.078256 32.044152 32.211268 31.922275 31.807025 31.762905 29.872932 32.166686 30.953484 27.680414 24.192463 22.279128 19.577576 22.673904 24.474639 27.271572 28.397858 30.505746 28.887198 29.217038 27.099685 27.375876 27.28106 27.784114 28.469495 29.30269 32.778154 31.847164 28.657257 26.343214 23.000322 22.073778 22.828047 22.126431 22.082497 23.496289 22.075654 24.257587 27.366221 26.862192 26.538149 29.793316 31.540631 30.619154 31.842174 34.868636 35.663935 35.447003 32.140018 31.122501 27.592814 26.340136 23.723689 20.265934 17.790027 15.373389 15.341473 13.346882 14.164635 15.083132 17.017864 19.487648 22.084561 25.277372 27.874854 26.917569 25.082374 23.327202 20.434316 18.34785 16.613581 14.540069 15.052443 14.860943 13.094812 13.427232 13.955434 16.645958 18.06698 21.556125 21.047467 18.124181 14.805435 11.583134 10.008917 
10.15631 13.717572 14.684295 18.383736 19.329412 18.620622 15.353813 13.265059 10.065829 6.6532 3.784551 0.0 3.812805 5.738725 8.538274 9.441553 13.08764 15.634487 19.157872 22.545927 26.10071 28.381438 29.310816 27.927146 24.563371 21.112188 18.323853 14.741539 12.583929 8.796486 8.270462 6.339923 5.200083 7.553455 9.356444 10.984351 14.545417 17.062209 20.577367 23.104823 26.706605 29.52054 27.564667 29.087007 26.068612 22.390051 19.348244 15.816923 13.368803 10.088779 10.779841 11.671939 13.85614 16.505817 19.022625 22.030863 23.921251 23.828537 25.414777 23.584728 25.785755 24.610893 20.876341 22.038242 21.823341 19.088704 18.711164 16.621089 17.000843 16.471677 17.992253 18.550093 21.039717 22.510494 25.058278 26.412936 29.609495 30.951999 29.513119 25.953432 24.227329 21.551568 20.745061 19.041337 19.512887 19.392155 21.798634 23.883131 25.888469 29.500702 30.131808 27.937589 27.149843 24.882412 24.44514 23.95341 23.991585 24.953938 24.942964 25.881819 27.355096 29.219211 32.935562 33.139054 32.46763 31.469757 32.467728 36.228458 37.506233 39.626328 37.772345 37.959308 37.453699 35.511305 33.028543 32.911524 29.634402 27.405105 30.370568 30.876612 32.988322 31.653964 33.845843 33.001098 33.582764 33.58588 33.843216 34.106042 32.51764 35.020633 34.037489 30.78843 27.407565 25.287348 22.522882 25.615585 27.689657 30.496734 31.354699 33.252084 31.338979 31.362002 29.104808 28.928276 28.601039 28.654138 29.366397 29.792024 33.260895 32.168866 29.030896 26.338057 22.977351 21.471127 21.889352 21.147891 21.616458 22.872839 21.984659 24.053527 27.100969 27.094807 26.95872 29.940457 31.851086 31.364968 32.5135 35.332741 36.45804 36.462654 33.35553 32.366175 28.788063 27.681068 24.907593 21.391126 19.458917 16.902859 16.3262 14.441928 15.004697 16.6633 18.80173 21.710412 24.465055 27.854025 30.567052 29.350667 27.363455 25.204319 22.009136 19.494132 17.153232 14.749454 14.351257 13.713281 12.190874 11.873807 12.852893 15.06208 16.788874 19.961815 19.006948 15.832333 12.471256 9.63979 7.37557 
13.11616 16.394884 16.625018 20.153333 20.507361 19.102128 15.747865 12.908737 9.718568 6.001335 5.394597 3.812805 0.0 3.823474 6.757422 9.116042 12.836858 16.028602 19.158186 22.793637 26.228389 28.885613 30.189383 29.150607 26.033866 22.625442 20.290098 16.634898 15.15137 11.372181 11.222017 9.206495 6.536695 7.79127 10.802846 12.8325 16.541915 18.721853 22.346918 24.5416 28.188913 30.697574 28.388509 29.453424 26.155651 22.671015 19.328354 16.13257 13.082044 9.459579 8.809035 8.717164 10.939545 13.148322 15.695318 18.724001 20.36195 20.175093 21.870813 20.167782 22.258767 20.902913 17.210806 18.543758 18.672016 16.183874 16.378876 14.900679 15.998032 16.173225 18.398354 19.357985 22.292635 23.473099 26.285598 27.374524 30.703138 31.630059 29.78238 26.136956 24.011434 21.33783 19.8812 17.581795 17.842899 17.245554 19.344519 21.024776 22.989988 26.479468 27.252319 25.360963 24.713595 22.813511 22.400665 22.293857 22.398444 23.901702 24.211916 25.633924 27.277699 29.531938 33.202372 32.981781 31.941767 30.634078 31.384986 35.196409 36.110389 38.037908 36.027566 35.876791 35.358783 33.553411 30.980254 31.042574 27.774773 25.863695 29.102148 29.624786 31.545696 30.110884 32.228469 31.088742 31.720322 31.573733 32.073537 32.319369 30.953672 33.476595 32.602052 29.56837 26.272846 23.73926 20.742532 23.656656 26.134714 29.0618 29.573201 31.351064 29.241616 29.225971 27.172865 26.821715 26.787695 26.907742 28.07942 28.702344 32.324179 31.624054 28.769277 26.173527 23.125525 21.455694 21.3102 19.934005 19.976781 20.685839 19.562493 21.219082 24.490284 24.653312 24.166655 27.021936 29.21079 28.724601 29.56266 32.443121 33.769614 33.612763 30.637619 29.40755 25.75069 24.508275 21.568639 18.133218 16.502494 14.184471 13.80825 12.695546 14.056277 16.150581 18.908449 21.659149 24.786324 28.030471 31.038656 30.161672 28.587643 26.573825 23.564836 20.861957 18.832728 15.914484 15.860722 14.402571 11.988248 10.775201 10.690255 12.483229 13.606597 16.816567 16.367132 13.150435 10.157289 6.727513 4.737259 
12.571233 15.114019 14.691151 17.905235 18.104125 16.496239 13.485654 10.65977 8.302652 5.332195 5.342658 5.738725 3.823474 0.0 3.811927 5.941957 9.640082 12.914971 15.88956 19.516709 22.983178 25.809097 27.113291 26.128986 23.195635 19.783859 17.822864 14.158981 13.37565 9.875015 10.40578 9.37619 6.566496 5.765462 8.912364 10.58499 14.180208 15.920932 19.549433 21.489901 25.148342 27.479843 25.052594 25.958152 22.566555 19.146285 15.684826 12.608734 9.366374 5.737364 5.267285 6.059266 8.580972 11.549414 14.581119 17.115833 19.248009 18.921469 20.178712 18.288283 20.832688 19.959406 16.199132 17.580679 17.397595 14.412526 14.511931 12.687176 14.144973 13.930667 16.172353 16.787466 19.77232 20.505773 23.294759 24.098134 27.425471 28.130891 26.132086 22.491124 20.338069 17.820752 16.318122 14.087288 14.181157 13.770358 16.15382 18.245897 20.466872 24.105306 24.581166 22.443122 21.516622 19.343113 18.88544 18.67919 18.972228 20.38893 20.936331 22.268013 23.73923 26.026453 29.643193 29.29907 28.279033 26.888724 27.61983 31.423142 32.402502 34.429261 32.545171 32.542368 32.180809 30.473539 28.117325 28.396842 25.321569 23.577997 26.782606 26.916614 28.616847 26.946379 28.893397 27.739402 28.212575 28.065268 28.445031 28.740118 27.373086 30.002473 29.279494 26.152279 22.965026 20.507429 17.773492 20.96503 23.321872 26.008296 26.442208 28.07338 25.927337 25.809715 23.610701 23.360584 23.261655 23.532954 24.618704 25.444002 29.075214 28.486103 25.631236 23.294385 20.327648 19.0618 19.139809 17.813637 17.436776 18.454681 16.976981 18.991291 22.168628 21.876697 21.500345 24.626582 26.51812 25.808532 26.928412 29.854836 30.880307 30.779518 27.641376 26.64888 23.095712 22.108902 19.524223 15.902906 14.021669 11.229534 10.636585 9.096887 10.529548 12.424861 15.288536 17.932856 21.153139 24.351108 27.456636 26.695051 25.342374 23.458007 20.650489 17.982264 16.420605 13.417744 14.150909 12.731456 9.881622 9.371824 8.980409 11.653018 12.912317 16.529398 16.257552 13.67537 10.517687 7.18593 7.205898 
12.780545 14.748341 13.44048 16.304966 15.779922 13.601839 10.600086 7.367618 5.674193 4.283034 6.431449 8.538274 6.757422 3.811927 0.0 3.80164 6.817213 10.48704 13.022881 16.788533 20.032714 22.982031 24.665258 24.129917 21.447098 18.327607 16.912911 13.582359 13.708352 10.724241 12.430421 12.354784 10.075716 8.572819 11.134394 11.763294 14.881809 15.743908 19.072062 20.393691 23.869391 25.818547 23.048428 23.600465 20.175471 16.961799 13.622279 11.104893 8.151975 5.558785 5.246 5.16017 6.061905 9.540814 12.309555 14.694203 17.343435 17.530896 18.900051 17.489475 20.485034 19.550478 16.004171 18.015102 18.228389 15.234482 15.906706 14.312205 16.353556 15.941777 18.113278 18.193444 20.995368 21.064609 23.546033 23.759321 26.860411 27.205088 24.938087 21.460731 19.514214 17.606825 15.969197 13.682198 12.761742 11.676387 13.603236 15.790453 17.645811 21.358187 21.877502 19.490537 18.897601 16.818574 17.01468 17.355282 18.404275 19.954416 21.150483 22.332531 23.312625 25.512276 28.94002 28.314062 27.417005 25.622342 26.051055 29.798168 30.710692 32.945172 31.349437 31.300794 31.371087 30.07221 28.059065 28.834869 26.082402 24.78955 28.034656 27.696175 28.936804 26.816342 28.304325 26.792106 26.778973 26.183518 26.21911 26.106316 24.463328 26.845909 25.875818 22.824263 19.51674 17.026344 14.154235 17.297629 19.592381 22.380495 22.962555 24.825179 22.936621 23.213474 21.313758 21.568803 21.937933 22.808663 24.070579 25.446183 29.10242 28.847982 26.083197 24.220508 21.442966 20.737319 20.975134 19.536312 18.476419 19.405198 17.238609 19.122471 22.411759 21.612019 20.819013 24.177954 25.996961 24.75697 25.791546 28.990302 29.717959 29.254381 25.940462 24.767112 21.226215 19.940995 17.455059 13.975092 11.416252 8.980863 9.502241 8.394516 10.627359 11.667831 14.520718 16.467705 19.64588 22.496511 25.584716 25.286786 24.300292 22.944388 20.587357 18.371733 17.543704 14.856064 16.400462 15.293494 12.281557 12.19683 11.106311 13.83342 14.399415 18.136408 18.520882 16.245857 13.497486 10.058533 10.379224 
10.449947 11.632275 9.991441 12.688403 12.433364 10.672168 8.044417 5.852446 5.451948 5.61007 6.502747 9.441553 9.116042 5.941957 3.80164 0.0 3.798888 7.028467 10.066233 13.687346 17.151775 19.888271 21.273672 20.510377 17.720838 14.545671 13.140011 9.897721 10.497843 8.134067 10.647316 11.728495 10.413065 8.448025 9.739623 9.214699 11.826176 12.257555 15.43205 16.700731 20.160145 22.216959 19.585249 20.449902 17.203167 13.76382 10.637863 7.804956 5.637694 4.362577 6.502222 8.049808 8.800685 12.572674 15.265782 17.23978 20.263965 20.480989 21.491526 19.935659 23.164297 22.630661 19.118359 20.931984 20.712369 17.372062 17.480579 15.234607 16.824786 15.554261 17.036693 16.362283 18.698259 18.51148 20.619668 20.706913 23.632732 24.147867 22.115191 18.747617 17.292622 15.677581 14.750856 13.281785 12.329075 11.956686 14.291738 17.124677 19.05332 22.857813 23.03176 20.190238 19.312968 16.67682 16.919475 16.812775 18.033179 18.913298 20.049515 20.611489 21.155888 22.941707 26.346849 26.011382 25.55413 23.952364 24.577444 28.240468 29.57708 32.108498 30.819478 31.2099 31.453688 30.150138 28.429738 29.216378 26.64181 25.221624 28.164303 27.512078 28.717919 26.500935 27.865147 26.610944 26.362776 25.864143 25.488046 25.357413 23.418229 25.792312 24.766786 21.41601 18.072152 16.200332 13.898768 17.371335 19.010169 21.454576 22.414835 24.328423 22.714712 23.025665 20.870639 21.479046 21.542948 22.527837 23.252013 24.644308 28.126953 27.62025 24.60671 22.937776 19.977325 19.83032 20.744471 19.913771 18.95067 20.53658 18.410359 20.817402 23.767173 22.51593 22.121842 25.695067 27.029852 25.624104 27.109913 30.243566 30.550797 30.249459 26.739515 25.967089 22.66794 21.690862 19.684243 16.220865 13.342267 10.631549 10.813886 8.592132 9.819081 9.789049 11.906239 13.760359 16.601567 19.539446 22.40902 21.948403 20.781429 19.521208 17.252868 15.401242 14.91446 12.798581 14.856444 14.557244 12.104081 13.159939 12.812851 16.10002 17.203339 21.000199 21.045488 18.998097 15.903408 12.8174 13.12566 
11.753634 11.735385 9.005723 10.730675 9.70269 7.4201 5.656926 4.501754 6.601838 8.518884 9.831815 13.08764 12.836858 9.640082 6.817213 3.798888 0.0 3.79375 6.329559 10.038297 13.401765 16.235337 17.851307 17.459846 15.009203 12.229811 11.706477 9.258989 11.144181 9.987768 13.11912 14.905465 13.957692 11.633104 12.275628 10.821152 12.410736 11.647244 14.177534 14.621255 17.782728 19.403486 16.478129 17.062588 13.862198 10.607894 7.85744 6.011056 5.464509 6.646057 8.863785 10.231625 9.931417 13.619827 15.943366 17.353877 20.780893 21.27203 22.06684 20.789955 24.319812 24.003535 20.762736 22.781761 22.602882 19.228261 19.472398 17.262813 19.034592 17.455044 18.622714 17.340599 19.258748 18.347893 19.951917 19.382173 21.943507 22.11961 19.93971 16.881309 15.907108 15.123703 14.446275 13.443635 11.694292 11.216059 13.211728 16.34575 17.984759 21.749558 21.703371 18.487488 17.691524 14.893346 15.703232 15.820104 17.705373 18.340381 19.967927 20.127951 20.018458 21.507788 24.637154 24.149347 23.996574 22.151014 22.583227 26.08626 27.549173 30.359757 29.477947 30.042529 30.71079 29.755468 28.480808 29.644554 27.458466 26.372567 29.1583 28.016581 28.804416 26.231833 27.126903 25.733515 24.975272 24.174584 23.300335 22.833727 20.538103 22.69261 21.485178 18.041245 14.641395 13.203032 11.362765 14.926387 16.017472 18.212462 19.467357 21.522324 20.293577 20.914884 18.909875 20.118696 20.402273 21.908734 22.502466 24.328164 27.66619 27.361826 24.419631 23.297272 20.570738 21.086066 22.295776 21.60681 20.208651 21.923103 19.417414 21.86588 24.630999 22.833738 22.346707 26.081519 27.080065 25.22902 26.85501 30.079348 29.936068 29.460797 25.790672 25.14051 22.099706 21.153917 19.617866 16.450681 13.181658 10.860874 11.588096 9.526992 10.69657 9.367673 10.818891 11.665429 14.177101 16.705071 19.443624 19.406288 18.619893 17.988643 16.354914 15.186441 15.609305 14.092951 16.813028 16.898426 14.598081 16.08008 15.526889 18.883483 19.755638 23.555233 23.870865 22.151563 19.21796 16.236435 16.811047 
11.782357 10.451307 7.099022 7.655914 6.633886 5.096878 5.281215 6.638369 9.351489 11.632323 12.294069 15.634487 16.028602 12.914971 10.48704 7.028467 3.79375 0.0 3.810001 6.91298 10.509718 12.976208 14.248496 13.696717 11.234551 8.632536 8.713059 7.252394 10.154485 10.367706 13.838009 16.407031 16.185374 13.829733 13.471738 11.040998 11.450165 9.675607 11.417282 11.322754 14.24878 15.819705 12.974206 13.907834 11.09378 7.687095 5.978206 4.826535 6.756649 9.194845 12.028197 13.843847 13.564539 17.181944 19.361997 20.478796 24.050707 24.58102 25.135466 23.827643 27.448282 27.388303 24.224412 26.11714 25.691437 22.18676 22.091643 19.567365 20.966546 18.821828 19.310053 17.316822 18.5348 17.203506 18.131693 17.20536 19.331995 19.601549 17.724968 15.049802 14.917143 14.788256 14.956636 14.870183 13.154098 13.283969 15.292695 18.680946 20.224229 23.8764 23.542215 20.055002 19.099889 16.002357 16.910746 16.672589 18.707434 18.646854 20.232357 19.686916 18.94067 19.805875 22.72939 22.539075 22.961489 21.317491 21.885262 25.143656 27.03178 30.131281 29.650222 30.632496 31.519816 30.647432 29.725333 30.92932 28.996041 27.885485 30.335127 28.886468 29.552184 26.905204 27.572313 26.422711 25.372184 24.619371 23.268208 22.70902 20.101609 22.085152 20.793438 17.146837 13.887974 13.446955 12.535268 16.012633 16.22717 17.859284 19.542748 21.603806 20.80516 21.511676 19.414627 21.017006 21.062259 22.706116 22.763017 24.623549 27.663448 27.173854 24.105015 23.327686 20.606008 21.722462 23.481228 23.305345 21.986654 24.11794 21.696803 24.413792 26.846564 24.706855 24.517712 28.318753 28.885596 26.889948 28.837809 31.952603 31.409292 31.043623 27.286144 26.989242 24.269452 23.576906 22.467593 19.468615 16.172532 13.937312 14.441096 12.01344 12.295128 9.938276 9.995404 10.134883 11.779629 14.134448 16.434063 16.353979 15.483815 15.279387 14.098649 13.751983 14.830688 14.228798 17.289084 18.09417 16.402126 18.522657 18.400542 21.950801 23.089915 26.877976 27.003212 25.433739 22.351355 19.576139 20.109266 
15.382048 13.681146 10.048929 9.346215 7.190931 4.845392 6.87504 8.451044 11.895219 14.587386 15.788934 19.157872 19.158186 15.88956 13.022881 10.066233 6.329559 3.810001 0.0 3.807558 7.095639 10.109658 11.983358 12.278338 10.783159 9.222849 10.713074 10.283822 13.607423 14.138045 17.548571 20.093446 19.647882 17.002228 16.785362 14.398024 14.380369 11.924434 12.844773 11.600341 13.848906 14.498409 11.115212 11.174334 8.289305 5.736741 5.199834 6.597536 8.906629 11.888801 14.167183 15.597504 14.664806 17.922588 19.755361 20.255789 23.994112 24.677968 24.992592 23.98753 27.757068 27.887251 25.057909 27.098325 26.782353 23.396145 23.568041 21.325136 23.047564 20.989194 21.512931 19.37275 20.430731 18.464605 19.03073 17.366504 19.056521 18.666426 16.442124 14.264189 14.480333 15.252263 15.327028 15.42404 13.031686 12.90267 14.292874 17.66031 18.862942 22.287081 21.727646 18.054166 17.21954 14.211423 15.696825 15.855298 18.487382 18.413267 20.548513 19.872488 18.585516 19.304897 21.779617 21.185926 21.742391 19.716505 19.91906 22.937048 24.771351 28.050798 27.953961 28.974212 30.28251 29.831138 29.336304 30.94425 29.417573 28.747074 31.106327 29.250802 29.432337 26.460119 26.605315 25.222067 23.670345 22.547964 20.748327 19.806012 16.902941 18.612997 17.200286 13.530581 10.355279 10.53273 10.471847 13.731479 13.325189 14.484654 16.331369 18.416068 18.017752 19.025439 17.235274 19.398989 19.78885 21.951869 22.061762 24.38611 27.26573 27.162082 24.384165 24.17623 21.902579 23.428709 25.141831 24.855068 23.066377 25.063028 22.307895 24.855542 27.114187 24.570492 24.193177 28.008249 28.314638 25.92561 27.879439 31.032158 30.106048 29.527517 25.725976 25.511251 23.126847 22.494425 21.884089 19.307798 15.967105 14.273749 15.199788 13.332144 13.866424 10.993907 10.716719 9.453699 10.635932 12.085534 14.312163 15.052873 15.02345 15.648419 15.342977 15.506849 17.29046 16.850732 20.218447 20.901256 19.055237 21.129016 20.593733 24.028307 24.823369 28.540726 29.006714 27.747289 24.925323 22.205325 23.070589 
