0.0 3.782336 6.505715 10.24244 12.383632 15.523564 17.23232 17.540065 16.127864 18.300939 16.844657 13.266201 13.58321 16.153002 16.793312 15.998559 13.393741 10.314297 8.016054 5.15901 5.5133 6.301919 5.591613 9.360993 9.625929 7.690109 9.748546 12.942089 13.325088 11.657958 11.86278 15.027379 16.680622 15.827378 14.470693 11.466565 10.495089 7.859195 8.25779 10.277178 13.755125 15.541428 13.995041 14.760115 18.231911 18.885383 17.830552 20.055146 22.82425 22.655649 22.642613 
3.782336 0.0 3.839801 7.135137 9.823859 13.080338 15.130688 15.609331 14.957774 17.348872 16.263422 12.514928 11.804755 13.741651 14.027761 12.681985 10.110328 6.738603 5.174453 4.14977 6.299634 8.792555 8.769197 12.211592 11.490917 8.952219 11.610006 14.736899 14.265129 11.686557 11.968803 15.578247 16.559937 14.964782 13.258878 9.854273 8.876485 6.4617 5.440059 8.278853 11.370077 13.473286 11.652365 11.683232 15.315844 16.258271 14.872735 16.743081 19.770341 19.759988 19.439936 
6.505715 3.839801 0.0 3.771905 6.31985 9.320688 11.569952 12.574914 12.321025 15.241113 14.953743 11.181935 9.85207 11.217425 10.88243 9.899286 8.12377 5.547097 5.597623 6.247732 7.186019 9.936175 9.771051 12.426008 10.86312 7.753326 10.603948 13.401607 12.216908 9.005464 9.284304 13.025062 13.459456 11.472286 9.688875 6.14492 5.560667 4.624098 4.548959 8.229197 11.276254 12.56575 9.828108 10.004507 13.730353 13.991873 12.100292 14.361858 17.275457 16.721553 16.347221 
10.24244 7.135137 3.771905 0.0 3.818512 6.394777 9.15047 10.667887 11.53375 14.679867 15.12631 11.621392 9.180036 9.214571 7.902244 6.469695 5.799136 4.460797 6.714519 8.972782 10.117309 13.195697 13.290076 15.533754 13.420951 10.353641 13.152947 15.506144 13.60951 9.919045 10.263422 13.876414 13.410766 10.709038 8.671119 5.329262 5.437809 6.332291 5.522335 9.115305 11.219248 12.176943 8.918803 8.254306 11.893682 11.979434 9.339954 11.357416 14.43815 13.665438 12.832558 
12.383632 9.823859 6.31985 3.818512 0.0 3.820987 5.51183 6.907891 8.075468 11.382515 12.480791 9.394734 6.651001 6.185194 4.838527 5.377035 5.492398 6.451077 8.165795 10.438366 10.598922 13.607344 14.212519 15.680841 12.831712 10.373136 13.395803 14.853161 12.159123 8.494613 9.881039 12.917608 11.511389 9.149129 6.159124 4.305159 6.810122 9.066301 9.223681 12.775881 14.880786 15.434451 11.872529 11.331765 14.659899 14.130373 10.949312 12.993114 15.870612 14.28065 12.926842 
15.523564 13.080338 9.320688 6.394777 3.820987 0.0 3.792501 7.065142 9.119777 12.657129 14.665318 12.129935 9.409045 7.836794 4.918685 6.203247 8.2547 9.698366 11.910699 14.160588 14.069198 16.724666 16.885353 17.887448 15.012507 12.440229 14.789519 15.861119 12.956894 9.372111 10.107503 12.555919 10.470412 7.501296 5.277666 4.991359 7.392306 10.635811 11.266295 14.255491 15.958567 15.685536 11.922004 11.660381 14.325671 12.972098 9.596882 11.879317 14.116871 11.793755 10.52631 
17.23232 15.130688 11.569952 9.15047 5.51183 3.792501 0.0 3.83204 6.328313 9.619119 12.259612 10.533596 8.077131 6.25034 4.328978 7.605555 9.317234 11.595398 13.167466 15.271182 14.594525 17.104004 17.831212 18.271808 14.921153 13.20691 15.750242 15.991288 12.536547 9.528594 11.381118 13.07369 10.231207 8.409922 5.361251 7.005662 10.343614 13.568752 14.391888 17.658714 19.558779 19.434237 15.666884 15.345773 18.046224 16.686277 13.242735 15.232769 17.427741 14.829279 13.124715 
17.540065 15.609331 12.574914 10.667887 6.907891 7.065142 3.83204 0.0 3.778185 6.194347 8.943203 7.952353 5.663995 3.993615 4.76835 8.469004 9.098835 11.849345 12.686144 14.709958 13.857628 16.443752 17.95689 18.29897 14.669192 13.788339 16.805776 16.720018 13.099985 10.610452 13.39917 14.981655 12.210507 11.306503 7.738012 9.237759 12.827885 15.542902 16.072365 19.673197 21.724705 22.13243 18.456897 17.807782 20.80045 19.894125 16.363564 17.990219 20.569205 18.229798 16.116515 
16.127864 14.957774 12.321025 11.53375 8.075468 9.119777 6.328313 3.778185 0.0 3.799179 6.265081 5.395989 5.081415 6.075731 7.911707 11.156235 10.728836 12.692032 12.465155 13.557743 11.832941 13.841512 15.584587 15.443785 11.689677 11.615253 14.634401 14.079103 10.465402 8.744694 12.208253 13.429677 11.018633 11.182776 7.582336 9.287795 12.994753 15.379715 16.430229 20.100138 22.680834 23.178449 19.565229 19.393374 22.661466 21.747192 18.498296 20.539702 23.140961 20.856204 19.162565 
18.300939 17.348872 15.241113 14.679867 11.382515 12.657129 9.619119 6.194347 3.799179 0.0 3.767948 5.472415 6.368048 7.640609 10.447319 13.630075 12.786992 14.980537 14.250869 15.157129 13.345048 15.140224 17.523905 17.170239 13.435825 14.226979 17.304619 16.374986 12.914657 11.936811 15.618368 16.554993 14.203738 14.8344 11.335021 12.974515 16.60875 18.701302 19.508141 23.271933 25.840644 26.623245 23.082091 22.668252 26.003572 25.305358 21.961592 23.723033 26.478696 24.254896 22.254922 
16.844657 16.263422 14.953743 15.12631 12.480791 14.665318 12.259612 8.943203 6.265081 3.767948 0.0 3.796473 6.342892 8.958774 12.335953 14.830232 13.016723 14.628085 13.028365 13.357416 11.478638 13.118123 16.08508 15.958699 12.486753 13.81371 17.116407 16.435335 13.493094 12.778549 16.539086 17.780365 16.113343 16.82468 13.291728 14.132417 17.420384 18.813243 19.380913 23.16255 25.882035 27.102988 23.801791 23.318528 26.878877 26.592298 23.404244 25.098727 28.134512 26.287256 24.336058 
13.266201 12.514928 11.181935 11.621392 9.394734 12.129935 10.533596 7.952353 5.395989 5.472415 3.796473 0.0 3.755722 7.337317 10.377488 12.352201 10.196239 11.244663 9.542463 9.861168 8.095897 10.291886 13.046841 13.506317 10.069523 10.690368 14.271631 14.287443 11.510299 10.114869 13.65678 15.495961 14.240187 14.446592 10.896291 10.968128 13.983699 15.116926 15.629251 19.394981 22.180339 23.451615 20.241547 19.846745 23.483277 23.311258 20.29783 22.12106 25.207917 23.589973 21.898053 
13.58321 11.804755 9.85207 9.180036 6.651001 9.409045 8.077131 5.663995 5.081415 6.368048 6.342892 3.755722 0.0 3.790249 6.874915 8.695969 6.799722 8.674783 8.12016 9.838313 9.285874 12.31381 14.575823 15.606413 12.222205 11.675549 15.348341 15.899934 12.898836 10.475246 13.556182 15.885779 14.263535 13.517715 9.766138 9.46453 12.496765 13.940932 13.90135 17.736516 20.080238 21.343554 18.044425 17.183552 20.698671 20.62664 17.376715 18.869549 22.048246 20.507542 18.525786 
16.153002 13.741651 11.217425 9.214571 6.185194 7.836794 6.25034 3.993615 6.075731 7.640609 8.958774 7.337317 3.790249 0.0 3.775411 6.191722 5.792837 8.971697 9.893922 12.511823 12.572817 15.767689 17.641724 18.737375 15.325538 14.230303 17.695662 18.298885 15.035068 12.179011 14.815961 17.143082 14.95892 13.56387 9.89212 9.884496 12.934311 14.926206 14.545714 18.257398 20.045654 21.080864 17.660859 16.360937 19.534669 19.354369 15.783291 16.850519 19.955124 18.264017 15.821638 
16.793312 14.027761 10.88243 7.902244 4.838527 4.918685 4.328978 4.76835 7.911707 10.447319 12.335953 10.377488 6.874915 3.775411 0.0 3.836275 5.77488 8.889481 10.998646 13.907102 14.234899 17.418354 18.585931 19.779814 16.539819 14.68477 17.764733 18.634758 15.41567 12.096408 13.927805 16.358659 14.030686 11.830556 8.661224 8.541993 11.258321 13.74067 13.376335 16.785587 18.208033 18.770233 15.241747 13.921364 16.745712 16.235164 12.538391 13.622904 16.488336 14.595315 12.143281 
15.998559 12.681985 9.899286 6.469695 5.377035 6.203247 7.605555 8.469004 11.156235 13.630075 14.830232 12.352201 8.695969 6.191722 3.836275 0.0 3.802982 6.625066 9.691488 13.110267 14.419107 17.908294 18.879745 20.740646 17.917317 15.564541 18.654852 20.228693 17.454292 13.83448 15.028873 18.028908 16.275967 13.526118 10.803799 9.349183 10.914963 12.683506 11.338577 14.49891 15.362224 16.317082 13.125756 11.075378 13.871836 14.05099 10.423434 10.853583 14.185671 13.085029 10.527755 
13.393741 10.110328 8.12377 5.799136 5.492398 8.2547 9.317234 9.098835 10.728836 12.786992 13.016723 10.196239 6.799722 5.792837 5.77488 3.802982 0.0 3.775376 6.21618 9.798129 11.494437 15.18549 16.600244 18.779113 16.102931 14.060496 17.510374 19.275562 16.766894 13.344795 14.938581 18.176738 16.910655 14.631818 11.556646 9.551244 11.049271 11.933962 10.257406 13.770567 15.081937 16.738216 13.804227 11.830134 15.152346 15.868452 12.628045 13.213911 16.803556 16.130741 13.929459 
10.314297 6.738603 5.547097 4.460797 6.451077 9.698366 11.595398 11.849345 12.692032 14.980537 14.628085 11.244663 8.674783 8.971697 8.889481 6.625066 3.775376 0.0 3.745971 7.234401 9.693001 13.32685 14.336291 17.067167 15.008662 12.600434 15.885933 18.267722 16.416928 13.030242 14.053309 17.649287 17.177587 14.85596 12.261227 9.302235 9.669822 9.398592 7.140324 10.628247 12.209814 14.307971 11.776981 10.023802 13.647479 14.785992 12.190785 13.064221 16.6682 16.526617 15.039028 
8.016054 5.174453 5.597623 6.714519 8.165795 11.910699 13.167466 12.686144 12.465155 14.250869 13.028365 9.542463 8.12016 9.893922 10.998646 9.691488 6.21618 3.745971 0.0 3.766392 6.592492 10.291547 11.900999 14.761629 12.900099 11.14416 14.649965 16.955732 15.425365 12.595554 14.097054 17.552761 17.470551 15.862081 13.099256 10.304429 10.903469 10.032322 8.387354 11.874452 14.113807 16.428884 14.109489 12.961291 16.689794 17.795067 15.461965 16.651369 20.164331 19.937824 18.619983 
5.15901 4.14977 6.247732 8.972782 10.438366 14.160588 15.271182 14.709958 13.557743 15.157129 13.357416 9.861168 9.838313 12.511823 13.907102 13.110267 9.798129 7.234401 3.766392 0.0 3.816371 7.05974 8.827939 11.944232 10.725825 9.467439 12.767512 15.17572 14.338936 12.204715 13.662026 16.915077 17.497529 16.49783 14.050307 11.320461 11.625961 10.072028 9.264565 12.357191 15.202992 17.471174 15.43031 15.03523 18.770428 19.735194 17.830845 19.457336 22.755631 22.495086 21.605802 
5.5133 6.299634 7.186019 10.117309 10.598922 14.069198 14.594525 13.857628 11.832941 13.345048 11.478638 8.095897 9.285874 12.572817 14.234899 14.419107 11.494437 9.693001 6.592492 3.816371 0.0 3.786429 6.276563 8.661477 7.1011 6.726191 10.136494 11.96946 11.196008 9.779345 11.756502 14.484369 15.190598 14.974351 12.585831 10.560037 11.481541 10.532145 11.07916 14.220539 17.522477 19.201429 16.818569 17.063751 20.81112 21.156316 19.177739 21.321845 24.371748 23.586881 22.853642 
6.301919 8.792555 9.936175 13.195697 13.607344 16.724666 17.104004 16.443752 13.841512 15.140224 13.118123 10.291886 12.31381 15.767689 17.418354 17.908294 15.18549 13.32685 10.291547 7.05974 3.786429 0.0 3.812594 5.631068 5.332704 6.367733 8.758376 10.258586 10.526005 10.358204 12.082553 14.140349 15.519459 16.050115 14.221192 12.608241 13.280458 12.13327 13.443077 16.070227 19.654034 21.064316 18.89013 19.721275 23.355687 23.461076 21.815944 24.281872 27.082982 26.192135 25.810581 
5.591613 8.769197 9.771051 13.290076 14.212519 16.885353 17.831212 17.95689 15.584587 17.523905 16.08508 13.046841 14.575823 17.641724 18.585931 18.879745 16.600244 14.336291 11.900999 8.827939 6.276563 3.812594 0.0 3.844643 5.416488 5.14361 6.084813 8.512109 9.864531 9.837929 10.358227 12.358453 14.547894 14.999899 14.048264 12.1861 11.978093 10.430518 12.465148 14.442548 18.219084 19.185376 17.273598 18.764164 22.155832 22.009494 20.886692 23.679232 26.106147 25.271996 25.453946 
9.360993 12.211592 12.426008 15.533754 15.680841 17.887448 18.271808 18.29897 15.443785 17.170239 15.958699 13.506317 15.606413 18.737375 19.779814 20.740646 18.779113 17.067167 14.761629 11.944232 8.661477 5.631068 3.844643 0.0 3.784676 5.519212 5.129861 5.820044 7.899047 9.348537 10.160349 10.95924 13.291238 14.714003 14.069643 13.179623 13.551026 12.847768 15.46094 17.496945 21.323994 21.833811 19.660234 21.434104 24.747806 24.117242 22.889435 25.94624 28.149796 26.873897 27.120297 
9.625929 11.490917 10.86312 13.420951 12.831712 15.012507 14.921153 14.669192 11.689677 13.435825 12.486753 10.069523 12.222205 15.325538 16.539819 17.917317 16.102931 15.008662 12.900099 10.725825 7.1011 5.332704 5.416488 3.784676 0.0 3.842218 5.532144 5.427799 5.419366 6.551929 8.63527 9.626356 10.978009 12.433844 11.112874 10.700861 12.022572 12.176192 14.643211 17.329437 21.038497 21.561105 18.878364 20.270586 23.723801 22.980711 21.224159 24.186565 26.538109 24.97923 24.830708 
7.690109 8.952219 7.753326 10.353641 10.373136 12.440229 13.20691 13.788339 11.615253 14.226979 13.81371 10.690368 11.675549 14.230303 14.68477 15.564541 14.060496 12.600434 11.14416 9.467439 6.726191 6.367733 5.14361 5.519212 3.842218 0.0 3.832539 5.90239 5.656478 4.719398 5.728687 8.009279 9.607744 9.995887 9.005871 7.673738 8.327819 8.411218 11.164104 13.74683 17.439481 17.774214 15.068426 16.631944 19.998351 19.213216 17.637466 20.695344 22.93726 21.529529 21.632695 
9.748546 11.610006 10.603948 13.152947 13.395803 14.789519 15.750242 16.805776 14.634401 17.304619 17.116407 14.271631 15.348341 17.695662 17.764733 18.654852 17.510374 15.885933 14.649965 12.767512 10.136494 8.758376 6.084813 5.129861 5.532144 3.832539 0.0 3.849459 5.888562 6.448944 5.581468 6.61034 9.541068 10.479654 10.825284 9.892054 9.708413 9.632515 13.033235 14.790951 18.542736 18.30324 15.928167 18.207946 21.204358 20.036705 19.037633 22.408379 24.161813 22.692771 23.37899 
12.942089 14.736899 13.401607 15.506144 14.853161 15.861119 15.991288 16.720018 14.079103 16.374986 16.435335 14.287443 15.899934 18.298885 18.634758 20.228693 19.275562 18.267722 16.955732 15.17572 11.96946 10.258586 8.512109 5.820044 5.427799 5.90239 3.849459 0.0 3.818995 6.595427 6.845034 5.83535 8.402396 10.706021 11.074799 11.427021 12.224334 12.96912 16.353846 18.384741 22.074223 21.669439 19.024546 21.224788 24.20641 22.722226 21.428158 24.859056 26.516319 24.605451 25.125601 
13.325088 14.265129 12.216908 13.60951 12.159123 12.956894 12.536547 13.099985 10.465402 12.914657 13.493094 11.510299 12.898836 15.035068 15.41567 17.454292 16.766894 16.416928 15.425365 14.338936 11.196008 10.526005 9.864531 7.899047 5.419366 5.656478 5.888562 3.818995 0.0 3.810051 5.847135 5.169872 5.904891 8.380356 7.953927 9.115273 10.990977 12.620045 15.706958 18.305819 21.805594 21.475481 18.370766 20.113889 23.201594 21.65055 19.798661 23.082399 24.894087 22.704462 22.78367 
11.657958 11.686557 9.005464 9.919045 8.494613 9.372111 9.528594 10.610452 8.744694 11.936811 12.778549 10.114869 10.475246 12.179011 12.096408 13.83448 13.344795 13.030242 12.595554 12.204715 9.779345 10.358204 9.837929 9.348537 6.551929 4.719398 6.448944 6.595427 3.810051 0.0 3.842736 5.537616 5.412822 6.004893 4.788507 5.318723 7.564548 9.657569 12.485713 15.328017 18.630382 18.386383 15.078207 16.534222 19.679973 18.250062 16.178259 19.360693 21.331416 19.251816 19.181711 
11.86278 11.968803 9.284304 10.263422 9.881039 10.107503 11.381118 13.39917 12.208253 15.618368 16.539086 13.65678 13.556182 14.815961 13.927805 15.028873 14.938581 14.053309 14.097054 13.662026 11.756502 12.082553 10.358227 10.160349 8.63527 5.728687 5.581468 6.845034 5.847135 3.842736 0.0 3.825119 5.460428 5.028272 6.140004 5.679772 5.971508 7.999647 11.50251 13.563018 16.844278 15.999096 12.919078 15.122661 17.885183 16.113621 14.715764 18.243527 19.724487 17.768572 18.45134 
15.027379 15.578247 13.025062 13.876414 12.917608 12.555919 13.07369 14.981655 13.429677 16.554993 17.780365 15.495961 15.885779 17.143082 16.358659 18.028908 18.176738 17.649287 17.552761 16.915077 14.484369 14.140349 12.358453 10.95924 9.626356 8.009279 6.61034 5.83535 5.169872 5.537616 3.825119 0.0 3.802327 5.749511 7.785597 8.872835 9.603151 11.708465 15.298032 17.147253 20.378674 19.18072 16.192625 18.601411 21.098388 18.922567 17.639323 21.260414 22.356877 20.01918 20.861791 
16.680622 16.559937 13.459456 13.410766 11.511389 10.470412 10.231207 12.210507 11.018633 14.203738 16.113343 14.240187 14.263535 14.95892 14.030686 16.275967 16.910655 17.177587 17.470551 17.497529 15.190598 15.519459 14.547894 13.291238 10.978009 9.607744 9.541068 8.402396 5.904891 5.412822 5.460428 3.802327 0.0 3.860534 5.494654 8.08221 10.011378 12.978335 16.106444 18.424877 21.365362 20.216285 16.824583 18.699828 21.191636 18.883177 16.992375 20.411242 21.559784 18.806034 19.167337 
15.827378 14.964782 11.472286 10.709038 9.149129 7.501296 8.409922 11.306503 11.182776 14.8344 16.82468 14.446592 13.517715 13.56387 11.830556 13.526118 14.631818 14.85596 15.862081 16.49783 14.974351 16.050115 14.999899 14.714003 12.433844 9.995887 10.479654 10.706021 8.380356 6.004893 5.028272 5.749511 3.860534 0.0 3.80422 5.625891 7.175665 10.654358 13.466172 15.67267 18.250651 16.961005 13.436769 15.184072 17.512086 15.135761 13.166404 16.600706 17.701351 14.998838 15.458443 
14.470693 13.258878 9.688875 8.671119 6.159124 5.277666 5.361251 7.738012 7.582336 11.335021 13.291728 10.896291 9.766138 9.89212 8.661224 10.803799 11.556646 12.261227 13.099256 14.050307 12.585831 14.221192 14.048264 14.069643 11.112874 9.005871 10.825284 11.074799 7.953927 4.788507 6.140004 7.785597 5.494654 3.80422 0.0 3.780644 7.098212 10.474314 12.619484 15.568502 18.187658 17.644312 13.942774 14.87152 17.707296 15.951693 13.306188 16.298466 18.125868 15.605285 15.168885 
11.466565 9.854273 6.14492 5.329262 4.305159 4.991359 7.005662 9.237759 9.287795 12.974515 14.132417 10.968128 9.46453 9.884496 8.541993 9.349183 9.551244 9.302235 10.304429 11.320461 10.560037 12.608241 12.1861 13.179623 10.700861 7.673738 9.892054 11.427021 9.115273 5.318723 5.679772 8.872835 8.08221 5.625891 3.780644 0.0 3.778702 6.915548 8.842696 11.889073 14.603937 14.402037 10.785072 11.661949 14.805234 13.546795 11.090499 14.101264 16.291071 14.431542 14.168087 
10.495089 8.876485 5.560667 5.437809 6.810122 7.392306 10.343614 12.827885 12.994753 16.60875 17.420384 13.983699 12.496765 12.934311 11.258321 10.914963 11.049271 9.669822 10.903469 11.625961 11.481541 13.280458 11.978093 13.551026 12.022572 8.327819 9.708413 12.224334 10.990977 7.564548 5.971508 9.603151 10.011378 7.175665 7.098212 3.778702 0.0 3.785397 6.335498 8.63323 11.464635 10.951601 7.523025 9.213192 12.219807 11.006984 9.412683 12.726917 14.658849 13.375283 13.918941 
7.859195 6.4617 4.624098 6.332291 9.066301 10.635811 13.568752 15.542902 15.379715 18.701302 18.813243 15.116926 13.940932 14.926206 13.74067 12.683506 11.933962 9.398592 10.032322 10.072028 10.532145 12.13327 10.430518 12.847768 12.176192 8.411218 9.632515 12.96912 12.620045 9.657569 7.999647 11.708465 12.978335 10.654358 10.474314 6.915548 3.785397 0.0 3.844945 5.708636 9.217523 9.418102 6.89919 8.742261 11.907197 11.591133 10.797265 13.718669 15.839954 15.401892 16.113888 
8.25779 5.440059 4.548959 5.522335 9.223681 11.266295 14.391888 16.072365 16.430229 19.508141 19.380913 15.629251 13.90135 14.545714 13.376335 11.338577 10.257406 7.140324 8.387354 9.264565 11.07916 13.443077 12.465148 15.46094 14.643211 11.164104 13.033235 16.353846 15.706958 12.485713 11.50251 15.298032 16.106444 13.466172 12.619484 8.842696 6.335498 3.844945 0.0 3.837748 6.743355 8.306198 6.269515 6.507935 10.033366 10.892257 9.964376 11.995606 14.685978 14.978107 15.230551 
10.277178 8.278853 8.229197 9.115305 12.775881 14.255491 17.658714 19.673197 20.100138 23.271933 23.16255 19.394981 17.736516 18.257398 16.785587 14.49891 13.770567 10.628247 11.874452 12.357191 14.220539 16.070227 14.442548 17.496945 17.329437 13.74683 14.790951 18.384741 18.305819 15.328017 13.563018 17.147253 18.424877 15.67267 15.568502 11.889073 8.63323 5.708636 3.837748 0.0 3.839117 5.401358 5.176606 6.288615 8.75468 9.967207 10.434728 12.293944 14.346945 15.307193 16.304908 
13.755125 11.370077 11.276254 11.219248 14.880786 15.958567 19.558779 21.724705 22.680834 25.840644 25.882035 22.180339 20.080238 20.045654 18.208033 15.362224 15.081937 12.209814 14.113807 15.202992 17.522477 19.654034 18.219084 21.323994 21.038497 17.439481 18.542736 22.074223 21.805594 18.630382 16.844278 20.378674 21.365362 18.250651 18.187658 14.603937 11.464635 9.217523 6.743355 3.839117 0.0 3.813094 5.486938 5.240881 6.342049 8.704151 9.893472 10.735586 12.550434 14.404401 15.506449 
15.541428 13.473286 12.56575 12.176943 15.434451 15.685536 19.434237 22.13243 23.178449 26.623245 27.102988 23.451615 21.343554 21.080864 18.770233 16.317082 16.738216 14.307971 16.428884 17.471174 19.201429 21.064316 19.185376 21.833811 21.561105 17.774214 18.30324 21.669439 21.475481 18.386383 15.999096 19.18072 20.216285 16.961005 17.644312 14.402037 10.951601 9.418102 8.306198 5.401358 3.813094 0.0 3.799466 5.546277 5.317908 6.250667 8.566285 10.109998 10.865842 12.482799 14.447758 
13.995041 11.652365 9.828108 8.918803 11.872529 11.922004 15.666884 18.456897 19.565229 23.082091 23.801791 20.241547 18.044425 17.660859 15.241747 13.125756 13.804227 11.776981 14.109489 15.43031 16.818569 18.89013 17.273598 19.660234 18.878364 15.068426 15.928167 19.024546 18.370766 15.078207 12.919078 16.192625 16.824583 13.436769 13.942774 10.785072 7.523025 6.89919 6.269515 5.176606 5.486938 3.799466 0.0 3.7772 5.406229 5.076457 5.886404 8.453028 9.79444 10.401571 12.00423 
14.760115 11.683232 10.004507 8.254306 11.331765 11.660381 15.345773 17.807782 19.393374 22.668252 23.318528 19.846745 17.183552 16.360937 13.921364 11.075378 11.830134 10.023802 12.961291 15.03523 17.063751 19.721275 18.764164 21.434104 20.270586 16.631944 18.207946 21.224788 20.113889 16.534222 15.122661 18.601411 18.699828 15.184072 14.87152 11.661949 9.213192 8.742261 6.507935 6.288615 5.240881 5.546277 3.7772 0.0 3.790913 5.472171 5.010202 6.031644 8.540428 9.809564 10.415339 
18.231911 15.315844 13.730353 11.893682 14.659899 14.325671 18.046224 20.80045 22.661466 26.003572 26.878877 23.483277 20.698671 19.534669 16.745712 13.871836 15.152346 13.647479 16.689794 18.770428 20.81112 23.355687 22.155832 24.747806 23.723801 19.998351 21.204358 24.20641 23.201594 19.679973 17.885183 21.098388 21.191636 17.512086 17.707296 14.805234 12.219807 11.907197 10.033366 8.75468 6.342049 5.317908 5.406229 3.790913 0.0 3.760676 5.42005 5.238949 6.28019 8.729902 10.156567 
18.885383 16.258271 13.991873 11.979434 14.130373 12.972098 16.686277 19.894125 21.747192 25.305358 26.592298 23.311258 20.62664 19.354369 16.235164 14.05099 15.868452 14.785992 17.795067 19.735194 21.156316 23.461076 22.009494 24.117242 22.980711 19.213216 20.036705 22.722226 21.65055 18.250062 16.113621 18.922567 18.883177 15.135761 15.951693 13.546795 11.006984 11.591133 10.892257 9.967207 8.704151 6.250667 5.076457 5.472171 3.760676 0.0 3.811717 5.545886 5.130336 6.302411 8.820239 
17.830552 14.872735 12.100292 9.339954 10.949312 9.596882 13.242735 16.363564 18.498296 21.961592 23.404244 20.29783 17.376715 15.783291 12.538391 10.423434 12.628045 12.190785 15.461965 17.830845 19.177739 21.815944 20.886692 22.889435 21.224159 17.637466 19.037633 21.428158 19.798661 16.178259 14.715764 17.639323 16.992375 13.166404 13.306188 11.090499 9.412683 10.797265 9.964376 10.434728 9.893472 8.566285 5.886404 5.010202 5.42005 3.811717 0.0 3.786468 5.328947 5.056139 6.120853 
20.055146 16.743081 14.361858 11.357416 12.993114 11.879317 15.232769 17.990219 20.539702 23.723033 25.098727 22.12106 18.869549 16.850519 13.622904 10.853583 13.213911 13.064221 16.651369 19.457336 21.321845 24.281872 23.679232 25.94624 24.186565 20.695344 22.408379 24.859056 23.082399 19.360693 18.243527 21.260414 20.411242 16.600706 16.298466 14.101264 12.726917 13.718669 11.995606 12.293944 10.735586 10.109998 8.453028 6.031644 5.238949 5.545886 3.786468 0.0 3.842636 5.455265 5.282258 
22.82425 19.770341 17.275457 14.43815 15.870612 14.116871 17.427741 20.569205 23.140961 26.478696 28.134512 25.207917 22.048246 19.955124 16.488336 14.185671 16.803556 16.6682 20.164331 22.755631 24.371748 27.082982 26.106147 28.149796 26.538109 22.93726 24.161813 26.516319 24.894087 21.331416 19.724487 22.356877 21.559784 17.701351 18.125868 16.291071 14.658849 15.839954 14.685978 14.346945 12.550434 10.865842 9.79444 8.540428 6.28019 5.130336 5.328947 3.842636 0.0 3.790539 5.759689 
22.655649 19.759988 16.721553 13.665438 14.28065 11.793755 14.829279 18.229798 20.856204 24.254896 26.287256 23.589973 20.507542 18.264017 14.595315 13.085029 16.130741 16.526617 19.937824 22.495086 23.586881 26.192135 25.271996 26.873897 24.97923 21.529529 22.692771 24.605451 22.704462 19.251816 17.768572 20.01918 18.806034 14.998838 15.605285 14.431542 13.375283 15.401892 14.978107 15.307193 14.404401 12.482799 10.401571 9.809564 8.729902 6.302411 5.056139 5.455265 3.790539 0.0 3.851539 
22.642613 19.439936 16.347221 12.832558 12.926842 10.52631 13.124715 16.116515 19.162565 22.254922 24.336058 21.898053 18.525786 15.821638 12.143281 10.527755 13.929459 15.039028 18.619983 21.605802 22.853642 25.810581 25.453946 27.120297 24.830708 21.632695 23.37899 25.125601 22.78367 19.181711 18.45134 20.861791 19.167337 15.458443 15.168885 14.168087 13.918941 16.113888 15.230551 16.304908 15.506449 14.447758 12.00423 10.415339 10.156567 8.820239 6.120853 5.282258 5.759689 3.851539 0.0 

